"gameid","sClicked_2","sClicked_1","lClickedIndex","sClicked_0","sClickedIndex","roundNum","lClicked_2","time","outcome","lClicked_0","lClicked_1","condition"
"0002-7",0,1,0,0,1,42,0,1476997003273,"true",1,0,"close"
"0002-7",0,1,1,0,1,48,0,1476997152523,"true",0,1,"split"
"0002-7",0,0,2,1,0,43,1,1476997015127,"true",0,0,"split"
"0002-7",1,0,2,0,2,49,1,1476997163646,"true",0,0,"far"
"0002-7",0,1,2,0,1,24,1,1476996794380,"false",0,0,"split"
"0002-7",0,0,1,1,0,25,0,1476996805013,"true",0,1,"close"
"0002-7",0,1,0,0,1,26,0,1476996814077,"true",1,0,"split"
"0002-7",1,0,1,0,2,27,0,1476996833560,"true",0,1,"far"
"0002-7",1,0,2,0,2,20,1,1476996696787,"true",0,0,"split"
"0002-7",0,0,2,1,0,21,1,1476996704056,"true",0,0,"far"
"0002-7",0,1,2,0,1,22,1,1476996726358,"true",0,0,"split"
"0002-7",1,0,0,0,2,23,0,1476996771761,"true",1,0,"close"
"0002-7",0,0,2,1,0,46,1,1476997085700,"false",0,0,"close"
"0002-7",0,1,0,0,1,47,0,1476997095850,"true",1,0,"split"
"0002-7",0,1,1,0,1,44,0,1476997025431,"true",0,1,"far"
"0002-7",0,1,1,0,1,45,0,1476997061847,"true",0,1,"far"
"0002-7",0,1,1,0,1,28,0,1476996842031,"true",0,1,"split"
"0002-7",1,0,1,0,2,29,0,1476996849706,"true",0,1,"far"
"0002-7",1,0,1,0,2,40,0,1476996983887,"true",0,1,"split"
"0002-7",0,0,0,1,0,41,0,1476996990478,"true",1,0,"far"
"0002-7",0,0,1,1,0,1,0,1476996267239,"false",0,1,"close"
"0002-7",0,0,1,1,0,3,0,1476996358342,"true",0,1,"close"
"0002-7",0,0,2,1,0,2,1,1476996310029,"true",0,0,"split"
"0002-7",0,0,2,1,0,5,1,1476996400496,"true",0,0,"close"
"0002-7",0,0,2,1,0,4,1,1476996378409,"false",0,0,"close"
"0002-7",0,0,2,1,0,7,1,1476996461727,"true",0,0,"far"
"0002-7",0,1,1,0,1,6,0,1476996447376,"true",0,1,"close"
"0002-7",1,0,1,0,2,9,0,1476996496978,"true",0,1,"close"
"0002-7",0,0,0,1,0,8,0,1476996477973,"true",1,0,"close"
"0002-7",0,1,2,0,1,39,1,1476996975660,"true",0,0,"far"
"0002-7",0,1,1,0,1,38,0,1476996967486,"true",0,1,"close"
"0002-7",1,0,0,0,2,11,0,1476996559467,"true",1,0,"close"
"0002-7",0,1,2,0,1,10,1,1476996505887,"true",0,0,"far"
"0002-7",1,0,2,0,2,13,1,1476996600397,"true",0,0,"split"
"0002-7",0,0,2,1,0,12,1,1476996569955,"true",0,0,"far"
"0002-7",1,0,2,0,2,15,1,1476996640159,"true",0,0,"far"
"0002-7",0,0,0,1,0,14,0,1476996632954,"true",1,0,"close"
"0002-7",1,0,1,0,2,17,0,1476996669187,"true",0,1,"far"
"0002-7",1,0,2,0,2,16,1,1476996654850,"true",0,0,"split"
"0002-7",1,0,0,0,2,19,0,1476996689402,"true",1,0,"split"
"0002-7",1,0,1,0,2,18,0,1476996677566,"true",0,1,"far"
"0002-7",1,0,2,0,2,31,1,1476996873275,"true",0,0,"split"
"0002-7",1,0,1,0,2,30,0,1476996866490,"true",0,1,"split"
"0002-7",0,0,2,1,0,37,1,1476996954537,"true",0,0,"far"
"0002-7",0,0,1,1,0,36,0,1476996947958,"false",0,1,"close"
"0002-7",0,1,0,0,1,35,0,1476996932232,"true",1,0,"close"
"0002-7",0,1,2,0,1,34,1,1476996900187,"true",0,0,"split"
"0002-7",0,1,0,0,1,33,0,1476996886713,"true",1,0,"far"
"0002-7",0,0,1,1,0,32,0,1476996880058,"true",0,1,"split"
"0002-7",1,0,0,0,2,50,0,1476997184185,"true",1,0,"close"
