"gameid","sClicked_2","sClicked_1","lClickedIndex","sClicked_0","sClickedIndex","roundNum","lClicked_2","time","outcome","lClicked_0","lClicked_1","condition"
"0022-7",0,0,1,1,0,42,0,1476504020326,"false",0,1,"close"
"0022-7",0,0,1,1,0,48,0,1476504209316,"true",0,1,"split"
"0022-7",0,1,1,0,1,43,0,1476504055846,"true",0,1,"close"
"0022-7",0,1,0,0,1,49,0,1476504231103,"true",1,0,"far"
"0022-7",0,1,2,0,1,24,1,1476503506594,"true",0,0,"close"
"0022-7",0,0,0,1,0,25,0,1476503516282,"true",1,0,"far"
"0022-7",0,1,1,0,1,26,0,1476503536917,"true",0,1,"far"
"0022-7",0,1,0,0,1,27,0,1476503576109,"true",1,0,"close"
"0022-7",0,0,2,1,0,20,1,1476503407077,"true",0,0,"split"
"0022-7",0,1,0,0,1,21,0,1476503434507,"true",1,0,"close"
"0022-7",1,0,2,0,2,22,1,1476503448341,"true",0,0,"far"
"0022-7",0,1,2,0,1,23,1,1476503467513,"true",0,0,"split"
"0022-7",1,0,2,0,2,46,1,1476504126042,"true",0,0,"split"
"0022-7",1,0,0,0,2,47,0,1476504177179,"true",1,0,"close"
"0022-7",0,1,1,0,1,44,0,1476504067771,"true",0,1,"far"
"0022-7",1,0,1,0,2,45,0,1476504096730,"true",0,1,"far"
"0022-7",0,1,2,0,1,28,1,1476503588703,"true",0,0,"close"
"0022-7",0,1,1,0,1,29,0,1476503601413,"true",0,1,"close"
"0022-7",0,0,0,1,0,40,0,1476503960064,"true",1,0,"far"
"0022-7",1,0,1,0,2,41,0,1476504004160,"true",0,1,"split"
"0022-7",0,1,0,0,1,1,0,1476502973738,"true",1,0,"close"
"0022-7",0,0,2,1,0,3,1,1476503009343,"true",0,0,"split"
"0022-7",0,0,0,1,0,2,0,1476502993363,"true",1,0,"close"
"0022-7",0,0,0,1,0,5,0,1476503050949,"true",1,0,"far"
"0022-7",0,0,2,1,0,4,1,1476503034677,"true",0,0,"split"
"0022-7",0,0,0,1,0,7,0,1476503098685,"false",1,0,"split"
"0022-7",0,0,0,1,0,6,0,1476503080546,"true",1,0,"far"
"0022-7",1,0,1,0,2,9,0,1476503152135,"true",0,1,"far"
"0022-7",0,1,1,0,1,8,0,1476503140287,"true",0,1,"split"
"0022-7",1,0,2,0,2,39,1,1476503947042,"true",0,0,"close"
"0022-7",0,1,2,0,1,38,1,1476503918543,"true",0,0,"close"
"0022-7",1,0,1,0,2,11,0,1476503201057,"true",0,1,"far"
"0022-7",1,0,0,0,2,10,0,1476503169934,"true",1,0,"split"
"0022-7",1,0,0,0,2,13,0,1476503236720,"true",1,0,"split"
"0022-7",0,1,2,0,1,12,1,1476503213582,"true",0,0,"far"
"0022-7",0,0,1,1,0,15,0,1476503298579,"true",0,1,"split"
"0022-7",1,0,1,0,2,14,0,1476503255390,"true",0,1,"close"
"0022-7",0,0,1,1,0,17,0,1476503343047,"true",0,1,"far"
"0022-7",0,1,2,0,1,16,1,1476503331018,"true",0,0,"close"
"0022-7",1,0,1,0,2,19,0,1476503383228,"true",0,1,"far"
"0022-7",1,0,0,0,2,18,0,1476503369375,"true",1,0,"far"
"0022-7",0,0,2,1,0,31,1,1476503645114,"true",0,0,"split"
"0022-7",0,0,2,1,0,30,1,1476503612955,"true",0,0,"close"
"0022-7",1,0,0,0,2,36,0,1476503817987,"true",1,0,"split"
"0022-7",0,0,0,1,0,35,0,1476503797126,"true",1,0,"split"
"0022-7",0,1,2,0,1,34,1,1476503762287,"true",0,0,"split"
"0022-7",0,0,1,1,0,33,0,1476503733000,"true",0,1,"far"
"0022-7",1,0,2,0,2,32,1,1476503704104,"false",0,0,"split"
"0022-7",0,0,1,1,0,50,0,1476504244384,"true",0,1,"far"
