"gameid","sClicked_2","sClicked_1","lClickedIndex","sClicked_0","sClickedIndex","roundNum","lClicked_2","time","outcome","lClicked_0","lClicked_1","condition"
"0069-8",0,1,0,0,1,42,0,1476498402516,"true",1,0,"far"
"0069-8",0,1,0,0,1,48,0,1476498505209,"true",1,0,"split"
"0069-8",0,0,0,1,0,43,0,1476498416957,"true",1,0,"far"
"0069-8",0,1,1,0,1,49,0,1476498533512,"true",0,1,"close"
"0069-8",0,1,1,0,1,24,0,1476498165523,"true",0,1,"far"
"0069-8",1,0,1,0,2,25,0,1476498174243,"true",0,1,"close"
"0069-8",1,0,0,0,2,26,0,1476498186787,"true",1,0,"split"
"0069-8",0,1,2,0,1,27,1,1476498197229,"true",0,0,"far"
"0069-8",1,0,1,0,2,20,0,1476498131042,"true",0,1,"split"
"0069-8",0,1,0,0,1,21,0,1476498138146,"true",1,0,"far"
"0069-8",0,1,1,0,1,22,0,1476498146964,"true",0,1,"close"
"0069-8",0,0,0,1,0,23,0,1476498158678,"true",1,0,"split"
"0069-8",1,0,0,0,2,46,0,1476498460993,"true",1,0,"far"
"0069-8",0,1,0,0,1,47,0,1476498487442,"true",1,0,"close"
"0069-8",0,1,0,0,1,44,0,1476498436105,"true",1,0,"close"
"0069-8",0,1,1,0,1,45,0,1476498444473,"true",0,1,"far"
"0069-8",0,1,0,0,1,28,0,1476498204426,"true",1,0,"far"
"0069-8",0,0,1,1,0,29,0,1476498226968,"false",0,1,"split"
"0069-8",0,1,1,0,1,40,0,1476498359305,"true",0,1,"close"
"0069-8",1,0,1,0,2,41,0,1476498367659,"true",0,1,"split"
"0069-8",1,0,0,0,2,1,0,1476497918591,"true",1,0,"split"
"0069-8",0,1,2,0,1,3,1,1476497936464,"true",0,0,"far"
"0069-8",1,0,1,0,2,2,0,1476497927732,"true",0,1,"split"
"0069-8",0,1,2,0,1,5,1,1476497957501,"true",0,0,"split"
"0069-8",1,0,2,0,2,4,1,1476497946620,"true",0,0,"far"
"0069-8",1,0,2,0,2,7,1,1476497976062,"true",0,0,"split"
"0069-8",0,0,1,1,0,6,0,1476497965821,"true",0,1,"close"
"0069-8",1,0,0,0,2,9,0,1476497996570,"true",1,0,"split"
"0069-8",1,0,1,0,2,8,0,1476497984967,"true",0,1,"close"
"0069-8",1,0,2,0,2,39,1,1476498351376,"true",0,0,"far"
"0069-8",0,1,0,0,1,38,0,1476498329057,"true",1,0,"split"
"0069-8",0,0,2,1,0,11,1,1476498016628,"true",0,0,"split"
"0069-8",0,1,1,0,1,10,0,1476498003998,"true",0,1,"close"
"0069-8",1,0,0,0,2,13,0,1476498039389,"true",1,0,"close"
"0069-8",1,0,1,0,2,12,0,1476498031003,"true",0,1,"split"
"0069-8",0,1,2,0,1,15,1,1476498062376,"true",0,0,"close"
"0069-8",0,1,0,0,1,14,0,1476498048547,"true",1,0,"split"
"0069-8",1,0,2,0,2,17,1,1476498093805,"true",0,0,"close"
"0069-8",0,0,2,1,0,16,1,1476498077341,"true",0,0,"split"
"0069-8",0,0,1,1,0,19,0,1476498119305,"true",0,1,"close"
"0069-8",0,0,0,1,0,18,0,1476498108499,"true",1,0,"close"
"0069-8",0,1,0,0,1,31,0,1476498248117,"true",1,0,"close"
"0069-8",1,0,1,0,2,30,0,1476498240973,"true",0,1,"far"
"0069-8",0,1,0,0,1,37,0,1476498311357,"true",1,0,"far"
"0069-8",0,1,0,0,1,36,0,1476498300877,"false",1,0,"split"
"0069-8",0,0,1,1,0,35,0,1476498291903,"true",0,1,"close"
"0069-8",1,0,2,0,2,34,1,1476498279133,"true",0,0,"far"
"0069-8",1,0,1,0,2,33,0,1476498270271,"true",0,1,"far"
"0069-8",1,0,2,0,2,32,1,1476498262380,"true",0,0,"far"
"0069-8",1,0,1,0,2,50,0,1476498551324,"true",0,1,"far"
