"gameid","sClicked_2","sClicked_1","lClickedIndex","sClicked_0","sClickedIndex","roundNum","lClicked_2","time","outcome","lClicked_0","lClicked_1","condition"
"0070-1",0,1,2,0,1,42,1,1476492906663,"true",0,0,"close"
"0070-1",0,1,2,0,1,48,1,1476493004974,"true",0,0,"split"
"0070-1",0,1,0,0,1,43,0,1476492914191,"true",1,0,"split"
"0070-1",1,0,0,0,2,49,0,1476493020198,"true",1,0,"far"
"0070-1",0,1,0,0,1,24,0,1476492624479,"false",1,0,"split"
"0070-1",0,0,0,1,0,25,0,1476492633095,"true",1,0,"split"
"0070-1",0,1,0,0,1,26,0,1476492646480,"true",1,0,"far"
"0070-1",0,0,2,1,0,27,1,1476492662522,"true",0,0,"far"
"0070-1",0,1,2,0,1,20,1,1476492563496,"false",0,0,"split"
"0070-1",0,0,1,1,0,21,0,1476492577575,"true",0,1,"far"
"0070-1",0,1,2,0,1,22,1,1476492593631,"true",0,0,"close"
"0070-1",0,1,2,0,1,23,1,1476492610560,"true",0,0,"split"
"0070-1",1,0,1,0,2,46,0,1476492974221,"true",0,1,"close"
"0070-1",0,1,2,0,1,47,1,1476492984733,"true",0,0,"far"
"0070-1",0,1,0,0,1,44,0,1476492930980,"false",1,0,"close"
"0070-1",0,0,1,1,0,45,0,1476492938780,"true",0,1,"far"
"0070-1",0,0,0,1,0,28,0,1476492684755,"true",1,0,"close"
"0070-1",0,1,1,0,1,29,0,1476492706216,"true",0,1,"split"
"0070-1",0,0,1,1,0,40,0,1476492871491,"true",0,1,"far"
"0070-1",0,0,1,1,0,41,0,1476492886725,"true",0,1,"far"
"0070-1",0,1,0,0,1,1,0,1476492168512,"false",1,0,"far"
"0070-1",0,0,0,1,0,3,0,1476492213208,"true",1,0,"far"
"0070-1",0,1,2,0,1,2,1,1476492205343,"false",0,0,"close"
"0070-1",0,0,1,1,0,5,0,1476492254330,"false",0,1,"close"
"0070-1",0,0,0,1,0,4,0,1476492229568,"true",1,0,"split"
"0070-1",1,0,2,0,2,7,1,1476492330866,"false",0,0,"close"
"0070-1",0,1,2,0,1,6,1,1476492266319,"false",0,0,"split"
"0070-1",0,0,2,1,0,9,1,1476492376444,"true",0,0,"close"
"0070-1",0,0,0,1,0,8,0,1476492355498,"true",1,0,"close"
"0070-1",0,1,2,0,1,39,1,1476492864139,"true",0,0,"close"
"0070-1",0,0,0,1,0,38,0,1476492850339,"true",1,0,"close"
"0070-1",0,0,1,1,0,11,0,1476492405787,"true",0,1,"split"
"0070-1",0,0,1,1,0,10,0,1476492394891,"true",0,1,"split"
"0070-1",0,0,0,1,0,13,0,1476492427714,"true",1,0,"far"
"0070-1",0,1,2,0,1,12,1,1476492419366,"true",0,0,"split"
"0070-1",0,0,1,1,0,15,0,1476492462646,"true",0,1,"far"
"0070-1",1,0,2,0,2,14,1,1476492447644,"true",0,0,"far"
"0070-1",0,0,1,1,0,17,0,1476492521935,"true",0,1,"close"
"0070-1",0,1,2,0,1,16,1,1476492486183,"false",0,0,"split"
"0070-1",0,1,1,0,1,19,0,1476492549979,"true",0,1,"far"
"0070-1",0,0,1,1,0,18,0,1476492539414,"true",0,1,"split"
"0070-1",1,0,1,0,2,31,0,1476492734329,"false",0,1,"close"
"0070-1",0,0,0,1,0,30,0,1476492716097,"true",1,0,"far"
"0070-1",1,0,1,0,2,37,0,1476492836851,"true",0,1,"far"
"0070-1",0,0,0,1,0,36,0,1476492815698,"true",1,0,"close"
"0070-1",0,0,2,1,0,35,1,1476492800651,"true",0,0,"split"
"0070-1",0,0,1,1,0,34,0,1476492791697,"true",0,1,"split"
"0070-1",0,0,0,1,0,33,0,1476492774995,"true",1,0,"far"
"0070-1",0,1,1,0,1,32,0,1476492752042,"true",0,1,"close"
"0070-1",1,0,1,0,2,50,0,1476493036421,"false",0,1,"split"
