"gameid","sClicked_2","sClicked_1","lClickedIndex","sClicked_0","sClickedIndex","roundNum","lClicked_2","time","outcome","lClicked_0","lClicked_1","condition"
"0082-f",0,1,1,0,1,42,0,1476997484643,"false",0,1,"close"
"0082-f",0,1,2,0,1,43,1,1476997495054,"true",0,0,"split"
"0082-f",0,0,1,1,0,49,0,1476997573231,"true",0,1,"close"
"0082-f",0,1,2,0,1,24,1,1476997198225,"true",0,0,"far"
"0082-f",0,1,1,0,1,25,0,1476997209445,"false",0,1,"split"
"0082-f",1,0,0,0,2,26,0,1476997221534,"true",1,0,"far"
"0082-f",1,0,2,0,2,27,1,1476997257896,"false",0,0,"close"
"0082-f",1,0,0,0,2,20,0,1476997111443,"true",1,0,"far"
"0082-f",0,1,0,0,1,21,0,1476997128761,"true",1,0,"split"
"0082-f",0,1,0,0,1,22,0,1476997153276,"false",1,0,"close"
"0082-f",1,0,1,0,2,23,0,1476997188705,"true",0,1,"close"
"0082-f",1,0,0,0,2,46,0,1476997535766,"true",1,0,"close"
"0082-f",1,0,1,0,2,47,0,1476997545901,"true",0,1,"far"
"0082-f",1,0,1,0,2,44,0,1476997507194,"true",0,1,"close"
"0082-f",0,0,2,1,0,45,1,1476997519620,"true",0,0,"far"
"0082-f",0,0,0,1,0,28,0,1476997286121,"false",1,0,"split"
"0082-f",0,0,1,1,0,29,0,1476997305999,"true",0,1,"close"
"0082-f",0,1,0,0,1,40,0,1476997457635,"true",1,0,"split"
"0082-f",0,1,1,0,1,41,0,1476997469131,"true",0,1,"far"
"0082-f",1,0,1,0,2,1,0,1476996755104,"true",0,1,"close"
"0082-f",1,0,1,0,2,3,0,1476996794247,"true",0,1,"far"
"0082-f",1,0,0,0,2,2,0,1476996777431,"true",1,0,"close"
"0082-f",1,0,0,0,2,5,0,1476996831601,"true",1,0,"split"
"0082-f",0,0,2,1,0,4,1,1476996817500,"true",0,0,"far"
"0082-f",0,0,0,1,0,7,0,1476996899742,"true",1,0,"close"
"0082-f",0,0,2,1,0,6,1,1476996868277,"true",0,0,"far"
"0082-f",0,1,2,0,1,9,1,1476996943870,"true",0,0,"split"
"0082-f",0,0,1,1,0,8,0,1476996927025,"true",0,1,"far"
"0082-f",0,1,0,0,1,39,0,1476997445139,"true",1,0,"far"
"0082-f",1,0,0,0,2,38,0,1476997432396,"true",1,0,"close"
"0082-f",1,0,1,0,2,11,0,1476996979802,"true",0,1,"close"
"0082-f",1,0,0,0,2,10,0,1476996963300,"true",1,0,"split"
"0082-f",0,1,0,0,1,13,0,1476997009447,"true",1,0,"split"
"0082-f",0,0,1,1,0,12,0,1476996993520,"true",0,1,"split"
"0082-f",0,1,1,0,1,15,0,1476997060022,"true",0,1,"close"
"0082-f",0,1,0,0,1,48,0,1476997559962,"false",1,0,"split"
"0082-f",0,1,0,0,1,17,0,1476997082444,"true",1,0,"close"
"0082-f",0,1,0,0,1,16,0,1476997072966,"true",1,0,"split"
"0082-f",0,0,2,1,0,19,1,1476997102942,"true",0,0,"split"
"0082-f",0,1,0,0,1,18,0,1476997091849,"true",1,0,"far"
"0082-f",0,1,1,0,1,31,0,1476997335365,"true",0,1,"far"
"0082-f",0,0,1,1,0,30,0,1476997321384,"true",0,1,"close"
"0082-f",0,1,2,0,1,37,1,1476997418189,"true",0,0,"split"
"0082-f",0,1,1,0,1,36,0,1476997404351,"false",0,1,"split"
"0082-f",0,0,1,1,0,35,0,1476997384200,"true",0,1,"far"
"0082-f",0,0,2,1,0,34,1,1476997373580,"true",0,0,"far"
"0082-f",0,0,2,1,0,33,1,1476997360848,"true",0,0,"far"
"0082-f",0,0,2,1,0,32,1,1476997349000,"true",0,0,"split"
"0082-f",0,1,0,0,1,50,0,1476997588892,"true",1,0,"split"
