"gameid","sClicked_2","sClicked_1","lClickedIndex","sClicked_0","sClickedIndex","roundNum","lClicked_2","time","outcome","lClicked_0","lClicked_1","condition"
"0082-c",1,0,2,0,2,42,1,1476479233898,"true",0,0,"far"
"0082-c",1,0,1,0,2,48,0,1476479289631,"true",0,1,"far"
"0082-c",1,0,2,0,2,43,1,1476479242386,"true",0,0,"split"
"0082-c",0,0,0,1,0,49,0,1476479298198,"true",1,0,"close"
"0082-c",1,0,1,0,2,24,0,1476478975875,"true",0,1,"close"
"0082-c",1,0,0,0,2,25,0,1476478991069,"true",1,0,"close"
"0082-c",0,1,0,0,1,26,0,1476479017054,"true",1,0,"split"
"0082-c",0,0,1,1,0,27,0,1476479045448,"true",0,1,"split"
"0082-c",0,0,2,1,0,20,1,1476478893183,"true",0,0,"far"
"0082-c",0,0,1,1,0,21,0,1476478912168,"true",0,1,"close"
"0082-c",0,0,1,1,0,22,0,1476478933286,"true",0,1,"split"
"0082-c",1,0,0,0,2,23,0,1476478944379,"true",1,0,"split"
"0082-c",0,1,1,0,1,46,0,1476479275652,"false",0,1,"close"
"0082-c",0,1,0,0,1,47,0,1476479282669,"true",1,0,"far"
"0082-c",1,0,2,0,2,44,1,1476479250758,"false",0,0,"far"
"0082-c",0,0,2,1,0,45,1,1476479263058,"false",0,0,"split"
"0082-c",0,1,2,0,1,28,1,1476479054336,"true",0,0,"close"
"0082-c",0,0,2,1,0,29,1,1476479062301,"true",0,0,"far"
"0082-c",0,1,2,0,1,40,1,1476479202228,"true",0,0,"split"
"0082-c",0,0,2,1,0,41,1,1476479219644,"false",0,0,"split"
"0082-c",1,0,0,0,2,1,0,1476478554018,"true",1,0,"split"
"0082-c",0,0,2,1,0,3,1,1476478611770,"true",0,0,"far"
"0082-c",0,0,2,1,0,2,1,1476478598484,"true",0,0,"split"
"0082-c",1,0,1,0,2,5,0,1476478638116,"true",0,1,"close"
"0082-c",0,0,0,1,0,4,0,1476478629779,"true",1,0,"far"
"0082-c",0,1,2,0,1,7,1,1476478663793,"true",0,0,"far"
"0082-c",0,1,2,0,1,6,1,1476478652819,"true",0,0,"far"
"0082-c",0,0,2,1,0,9,1,1476478700968,"true",0,0,"close"
"0082-c",0,0,2,1,0,8,1,1476478674269,"true",0,0,"split"
"0082-c",0,1,1,0,1,39,0,1476479192795,"true",0,1,"close"
"0082-c",0,0,1,1,0,38,0,1476479180880,"false",0,1,"close"
"0082-c",0,1,2,0,1,11,1,1476478730488,"true",0,0,"split"
"0082-c",0,0,1,1,0,10,0,1476478721599,"true",0,1,"close"
"0082-c",1,0,1,0,2,13,0,1476478761686,"true",0,1,"split"
"0082-c",0,1,2,0,1,12,1,1476478745069,"true",0,0,"far"
"0082-c",1,0,1,0,2,15,0,1476478814584,"true",0,1,"split"
"0082-c",0,1,1,0,1,14,0,1476478785809,"true",0,1,"far"
"0082-c",0,0,0,1,0,17,0,1476478853298,"true",1,0,"split"
"0082-c",0,0,1,1,0,16,0,1476478843183,"true",0,1,"close"
"0082-c",0,0,0,1,0,19,0,1476478884404,"true",1,0,"far"
"0082-c",1,0,1,0,2,18,0,1476478875338,"false",0,1,"close"
"0082-c",0,1,0,0,1,31,0,1476479083998,"true",1,0,"far"
"0082-c",0,0,2,1,0,30,1,1476479077338,"true",0,0,"close"
"0082-c",0,1,0,0,1,37,0,1476479148578,"true",1,0,"split"
"0082-c",1,0,0,0,2,36,0,1476479141597,"true",1,0,"split"
"0082-c",0,0,1,1,0,35,0,1476479134014,"true",0,1,"far"
"0082-c",0,0,2,1,0,34,1,1476479123873,"true",0,0,"far"
"0082-c",0,0,0,1,0,33,0,1476479114745,"true",1,0,"far"
"0082-c",0,0,2,1,0,32,1,1476479099618,"false",0,0,"close"
"0082-c",0,0,0,1,0,50,0,1476479316753,"true",1,0,"close"
