"gameid","sClicked_2","sClicked_1","lClickedIndex","sClicked_0","sClickedIndex","roundNum","lClicked_2","time","outcome","lClicked_0","lClicked_1","condition"
"0084-6",1,0,1,0,2,42,0,1476993973172,"true",0,1,"split"
"0084-6",0,1,1,0,1,48,0,1476994045820,"true",0,1,"far"
"0084-6",0,0,0,1,0,43,0,1476993984838,"true",1,0,"close"
"0084-6",1,0,0,0,2,49,0,1476994061572,"true",1,0,"close"
"0084-6",0,1,2,0,1,24,1,1476993693049,"true",0,0,"far"
"0084-6",0,0,0,1,0,25,0,1476993714461,"true",1,0,"close"
"0084-6",0,0,1,1,0,26,0,1476993722497,"true",0,1,"split"
"0084-6",0,0,0,1,0,27,0,1476993737221,"true",1,0,"close"
"0084-6",0,0,2,1,0,20,1,1476993657836,"true",0,0,"split"
"0084-6",0,1,2,0,1,21,1,1476993667108,"true",0,0,"split"
"0084-6",0,0,1,1,0,22,0,1476993676794,"true",0,1,"far"
"0084-6",1,0,0,0,2,23,0,1476993685530,"true",1,0,"far"
"0084-6",0,1,1,0,1,46,0,1476994024161,"true",0,1,"close"
"0084-6",1,0,1,0,2,47,0,1476994038707,"true",0,1,"far"
"0084-6",1,0,1,0,2,44,0,1476993993596,"true",0,1,"far"
"0084-6",0,0,0,1,0,45,0,1476994008129,"true",1,0,"split"
"0084-6",1,0,1,0,2,28,0,1476993751666,"true",0,1,"close"
"0084-6",0,1,1,0,1,29,0,1476993781262,"true",0,1,"close"
"0084-6",0,0,1,1,0,40,0,1476993949993,"true",0,1,"split"
"0084-6",1,0,2,0,2,41,1,1476993964362,"true",0,0,"far"
"0084-6",0,1,1,0,1,1,0,1476993291972,"true",0,1,"split"
"0084-6",0,0,1,1,0,3,0,1476993361595,"true",0,1,"close"
"0084-6",0,1,2,0,1,2,1,1476993324298,"false",0,0,"close"
"0084-6",1,0,1,0,2,5,0,1476993390156,"true",0,1,"far"
"0084-6",1,0,2,0,2,4,1,1476993379754,"true",0,0,"split"
"0084-6",0,1,0,0,1,7,0,1476993449032,"true",1,0,"split"
"0084-6",0,1,1,0,1,9,0,1476993484117,"true",0,1,"close"
"0084-6",0,0,2,1,0,8,1,1476993469230,"true",0,0,"far"
"0084-6",0,0,2,1,0,39,1,1476993929698,"true",0,0,"far"
"0084-6",0,1,1,0,1,38,0,1476993918961,"true",0,1,"split"
"0084-6",0,0,1,1,0,11,0,1476993525854,"true",0,1,"split"
"0084-6",1,0,0,0,2,10,0,1476993503070,"true",1,0,"close"
"0084-6",1,0,1,0,2,13,0,1476993561068,"true",0,1,"close"
"0084-6",0,1,1,0,1,12,0,1476993541658,"true",0,1,"split"
"0084-6",0,0,2,1,0,15,1,1476993576350,"true",0,0,"far"
"0084-6",1,0,0,0,2,14,0,1476993568129,"true",1,0,"far"
"0084-6",0,0,0,1,0,17,0,1476993609783,"true",1,0,"split"
"0084-6",0,1,0,0,1,16,0,1476993590865,"true",1,0,"close"
"0084-6",0,1,0,0,1,19,0,1476993648498,"true",1,0,"close"
"0084-6",0,0,0,1,0,18,0,1476993618539,"true",1,0,"split"
"0084-6",0,1,1,0,1,31,0,1476993810618,"true",0,1,"far"
"0084-6",1,0,0,0,2,30,0,1476993802619,"true",1,0,"close"
"0084-6",1,0,1,0,2,37,0,1476993907195,"true",0,1,"far"
"0084-6",0,1,2,0,1,36,1,1476993898775,"true",0,0,"split"
"0084-6",1,0,0,0,2,35,0,1476993883275,"true",1,0,"close"
"0084-6",0,0,2,1,0,34,1,1476993864859,"true",0,0,"far"
"0084-6",0,0,1,1,0,33,0,1476993852841,"true",0,1,"close"
"0084-6",0,0,1,1,0,32,0,1476993828207,"false",0,1,"far"
"0084-6",0,1,0,0,1,50,0,1476994069823,"true",1,0,"split"
