"gameid","sClicked_2","sClicked_1","lClickedIndex","sClicked_0","sClickedIndex","roundNum","lClicked_2","time","outcome","lClicked_0","lClicked_1","condition"
"0106-1",1,0,2,0,2,42,1,1476990089013,"true",0,0,"far"
"0106-1",0,1,2,0,1,48,1,1476990160668,"true",0,0,"split"
"0106-1",0,1,2,0,1,43,1,1476990099318,"true",0,0,"close"
"0106-1",0,0,1,1,0,49,0,1476990167088,"true",0,1,"close"
"0106-1",0,0,0,1,0,24,0,1476989896724,"true",1,0,"close"
"0106-1",0,0,0,1,0,25,0,1476989903548,"true",1,0,"close"
"0106-1",0,0,0,1,0,26,0,1476989912752,"true",1,0,"far"
"0106-1",1,0,0,0,2,27,0,1476989922433,"true",1,0,"split"
"0106-1",1,0,1,0,2,20,0,1476989847435,"true",0,1,"close"
"0106-1",0,1,0,0,1,21,0,1476989857648,"true",1,0,"far"
"0106-1",0,0,1,1,0,22,0,1476989868608,"true",0,1,"split"
"0106-1",0,1,0,0,1,23,0,1476989879683,"true",1,0,"split"
"0106-1",0,0,0,1,0,46,0,1476990143643,"false",1,0,"split"
"0106-1",1,0,2,0,2,47,1,1476990152044,"true",0,0,"far"
"0106-1",1,0,0,0,2,44,0,1476990108618,"true",1,0,"split"
"0106-1",1,0,1,0,2,45,0,1476990120883,"true",0,1,"far"
"0106-1",0,1,0,0,1,28,0,1476989929582,"true",1,0,"close"
"0106-1",0,0,1,1,0,29,0,1476989941264,"true",0,1,"split"
"0106-1",1,0,0,0,2,40,0,1476990071323,"true",1,0,"split"
"0106-1",0,0,1,1,0,41,0,1476990079410,"true",0,1,"close"
"0106-1",0,1,0,0,1,1,0,1476989541977,"true",1,0,"split"
"0106-1",1,0,2,0,2,3,1,1476989580049,"true",0,0,"far"
"0106-1",1,0,1,0,2,2,0,1476989560347,"true",0,1,"far"
"0106-1",0,0,0,1,0,5,0,1476989608485,"true",1,0,"close"
"0106-1",1,0,2,0,2,4,1,1476989592855,"true",0,0,"far"
"0106-1",0,1,0,0,1,7,0,1476989641247,"false",1,0,"far"
"0106-1",0,0,2,1,0,6,1,1476989628419,"true",0,0,"close"
"0106-1",0,0,2,1,0,9,1,1476989665779,"true",0,0,"far"
"0106-1",1,0,2,0,2,8,1,1476989651889,"true",0,0,"far"
"0106-1",0,1,2,0,1,39,1,1476990057182,"true",0,0,"split"
"0106-1",0,1,2,0,1,38,1,1476990049835,"false",0,0,"split"
"0106-1",1,0,0,0,2,11,0,1476989734119,"true",1,0,"close"
"0106-1",0,0,2,1,0,10,1,1476989692440,"false",0,0,"split"
"0106-1",1,0,1,0,2,13,0,1476989763854,"true",0,1,"close"
"0106-1",0,0,0,1,0,12,0,1476989755639,"true",1,0,"close"
"0106-1",0,1,1,0,1,15,0,1476989786399,"false",0,1,"close"
"0106-1",0,0,0,1,0,14,0,1476989770089,"true",1,0,"far"
"0106-1",0,0,0,1,0,17,0,1476989805467,"false",1,0,"split"
"0106-1",0,0,0,1,0,16,0,1476989792899,"true",1,0,"split"
"0106-1",0,0,1,1,0,19,0,1476989831804,"true",0,1,"far"
"0106-1",0,1,0,0,1,18,0,1476989821922,"true",1,0,"split"
"0106-1",0,0,2,1,0,31,1,1476989958394,"true",0,0,"far"
"0106-1",0,0,2,1,0,30,1,1476989951438,"true",0,0,"close"
"0106-1",1,0,0,0,2,37,0,1476990038938,"true",1,0,"far"
"0106-1",1,0,2,0,2,36,1,1476990028832,"true",0,0,"split"
"0106-1",0,0,0,1,0,35,0,1476990018150,"true",1,0,"far"
"0106-1",0,0,1,1,0,34,0,1476990005687,"true",0,1,"close"
"0106-1",0,0,0,1,0,33,0,1476989988550,"true",1,0,"close"
"0106-1",0,0,0,1,0,32,0,1476989972992,"true",1,0,"far"
"0106-1",1,0,2,0,2,50,1,1476990176378,"true",0,0,"split"
