"gameid","sClicked_2","sClicked_1","lClickedIndex","sClicked_0","sClickedIndex","roundNum","lClicked_2","time","outcome","lClicked_0","lClicked_1","condition"
"0109-c",0,0,0,1,0,42,0,1476495751234,"true",1,0,"split"
"0109-c",1,0,1,0,2,48,0,1476495909184,"true",0,1,"close"
"0109-c",0,1,2,0,1,43,1,1476495773666,"true",0,0,"split"
"0109-c",0,0,2,1,0,49,1,1476495937328,"true",0,0,"far"
"0109-c",0,1,2,0,1,24,1,1476495338068,"true",0,0,"split"
"0109-c",1,0,0,0,2,25,0,1476495356473,"true",1,0,"close"
"0109-c",0,1,2,0,1,26,1,1476495374897,"true",0,0,"close"
"0109-c",0,1,1,0,1,27,0,1476495390330,"true",0,1,"close"
"0109-c",0,1,0,0,1,20,0,1476495255844,"true",1,0,"close"
"0109-c",0,0,0,1,0,21,0,1476495286289,"true",1,0,"split"
"0109-c",1,0,1,0,2,22,0,1476495296412,"true",0,1,"far"
"0109-c",1,0,0,0,2,23,0,1476495317190,"true",1,0,"close"
"0109-c",1,0,1,0,2,46,0,1476495882164,"true",0,1,"close"
"0109-c",1,0,0,0,2,47,0,1476495894728,"true",1,0,"split"
"0109-c",1,0,2,0,2,44,1,1476495846603,"false",0,0,"close"
"0109-c",0,1,0,0,1,45,0,1476495871324,"true",1,0,"close"
"0109-c",1,0,0,0,2,28,0,1476495417733,"true",1,0,"split"
"0109-c",0,1,0,0,1,29,0,1476495426767,"true",1,0,"far"
"0109-c",1,0,1,0,2,40,0,1476495703547,"true",0,1,"close"
"0109-c",0,1,1,0,1,41,0,1476495711211,"true",0,1,"far"
"0109-c",1,0,0,0,2,1,0,1476494961786,"true",1,0,"far"
"0109-c",0,0,1,1,0,3,0,1476495002449,"true",0,1,"far"
"0109-c",0,0,1,1,0,2,0,1476494975777,"true",0,1,"close"
"0109-c",1,0,2,0,2,5,1,1476495047308,"false",0,0,"close"
"0109-c",0,1,0,0,1,4,0,1476495017072,"true",1,0,"split"
"0109-c",1,0,1,0,2,7,0,1476495071863,"true",0,1,"far"
"0109-c",1,0,2,0,2,6,1,1476495059002,"true",0,0,"split"
"0109-c",0,0,1,1,0,9,0,1476495091832,"true",0,1,"far"
"0109-c",1,0,2,0,2,8,1,1476495081942,"true",0,0,"split"
"0109-c",0,0,0,1,0,39,0,1476495654792,"true",1,0,"far"
"0109-c",0,1,0,0,1,38,0,1476495645003,"true",1,0,"close"
"0109-c",1,0,2,0,2,11,1,1476495108838,"true",0,0,"far"
"0109-c",0,1,1,0,1,10,0,1476495100211,"true",0,1,"far"
"0109-c",0,0,2,1,0,13,1,1476495126324,"true",0,0,"close"
"0109-c",1,0,1,0,2,12,0,1476495117948,"true",0,1,"far"
"0109-c",0,1,2,0,1,15,1,1476495147038,"true",0,0,"split"
"0109-c",1,0,1,0,2,14,0,1476495138432,"true",0,1,"close"
"0109-c",0,1,1,0,1,17,0,1476495203254,"true",0,1,"close"
"0109-c",0,0,1,1,0,16,0,1476495179086,"true",0,1,"split"
"0109-c",0,1,0,0,1,19,0,1476495220681,"true",1,0,"split"
"0109-c",0,0,1,1,0,18,0,1476495212017,"true",0,1,"far"
"0109-c",0,0,0,1,0,31,0,1476495456097,"true",1,0,"split"
"0109-c",0,0,0,1,0,30,0,1476495434862,"true",1,0,"far"
"0109-c",0,1,2,0,1,37,1,1476495631935,"true",0,0,"split"
"0109-c",1,0,2,0,2,36,1,1476495617653,"true",0,0,"close"
"0109-c",0,1,1,0,1,35,0,1476495578577,"true",0,1,"far"
"0109-c",0,0,1,1,0,34,0,1476495568780,"true",0,1,"far"
"0109-c",0,1,1,0,1,33,0,1476495549982,"true",0,1,"split"
"0109-c",0,0,1,1,0,32,0,1476495517144,"true",0,1,"split"
"0109-c",0,1,2,0,1,50,1,1476495967287,"true",0,0,"far"
