"gameid","sClicked_2","sClicked_1","lClickedIndex","sClicked_0","sClickedIndex","roundNum","lClicked_2","time","outcome","lClicked_0","lClicked_1","condition"
"0119-4",1,0,1,0,2,42,0,1477000669024,"true",0,1,"far"
"0119-4",1,0,1,0,2,48,0,1477000752584,"true",0,1,"close"
"0119-4",1,0,0,0,2,43,0,1477000693240,"true",1,0,"close"
"0119-4",0,1,2,0,1,49,1,1477000765230,"true",0,0,"far"
"0119-4",1,0,0,0,2,24,0,1477000451685,"true",1,0,"far"
"0119-4",1,0,2,0,2,25,1,1477000459415,"true",0,0,"split"
"0119-4",1,0,1,0,2,26,0,1477000465788,"true",0,1,"far"
"0119-4",1,0,0,0,2,27,0,1477000493936,"true",1,0,"close"
"0119-4",1,0,1,0,2,20,0,1477000411579,"true",0,1,"split"
"0119-4",0,0,2,1,0,21,1,1477000423563,"true",0,0,"close"
"0119-4",1,0,2,0,2,22,1,1477000438372,"true",0,0,"close"
"0119-4",0,0,0,1,0,23,0,1477000446016,"true",1,0,"far"
"0119-4",0,0,2,1,0,46,1,1477000721094,"true",0,0,"split"
"0119-4",0,0,2,1,0,47,1,1477000745588,"true",0,0,"close"
"0119-4",1,0,2,0,2,44,1,1477000701511,"true",0,0,"split"
"0119-4",0,0,2,1,0,45,1,1477000714308,"true",0,0,"close"
"0119-4",0,1,0,0,1,28,0,1477000500041,"true",1,0,"far"
"0119-4",0,1,2,0,1,29,1,1477000509956,"true",0,0,"split"
"0119-4",0,0,0,1,0,40,0,1477000646936,"true",1,0,"close"
"0119-4",0,1,1,0,1,41,0,1477000658979,"true",0,1,"far"
"0119-4",0,1,1,0,1,1,0,1477000125806,"true",0,1,"split"
"0119-4",1,0,2,0,2,3,1,1477000162021,"true",0,0,"close"
"0119-4",0,0,0,1,0,2,0,1477000145116,"true",1,0,"close"
"0119-4",0,1,1,0,1,5,0,1477000180830,"true",0,1,"split"
"0119-4",0,1,0,0,1,4,0,1477000173114,"true",1,0,"split"
"0119-4",0,0,1,1,0,7,0,1477000232362,"true",0,1,"far"
"0119-4",0,0,0,1,0,6,0,1477000190897,"true",1,0,"split"
"0119-4",1,0,1,0,2,9,0,1477000250683,"true",0,1,"far"
"0119-4",0,1,2,0,1,8,1,1477000244033,"true",0,0,"split"
"0119-4",0,1,0,0,1,39,0,1477000639709,"true",1,0,"split"
"0119-4",0,1,2,0,1,38,1,1477000627194,"true",0,0,"split"
"0119-4",0,1,2,0,1,11,1,1477000312879,"true",0,0,"split"
"0119-4",0,1,2,0,1,10,1,1477000300458,"false",0,0,"close"
"0119-4",0,1,1,0,1,13,0,1477000340701,"true",0,1,"far"
"0119-4",1,0,0,0,2,12,0,1477000331274,"true",1,0,"close"
"0119-4",1,0,2,0,2,15,1,1477000361858,"true",0,0,"far"
"0119-4",0,0,0,1,0,14,0,1477000355211,"true",1,0,"close"
"0119-4",0,1,0,0,1,17,0,1477000375923,"true",1,0,"split"
"0119-4",1,0,0,0,2,16,0,1477000368480,"true",1,0,"far"
"0119-4",1,0,2,0,2,19,1,1477000400235,"true",0,0,"close"
"0119-4",0,0,2,1,0,18,1,1477000382878,"true",0,0,"split"
"0119-4",0,0,1,1,0,31,0,1477000530171,"true",0,1,"far"
"0119-4",0,1,1,0,1,30,0,1477000523238,"true",0,1,"split"
"0119-4",0,0,2,1,0,37,1,1477000609092,"true",0,0,"close"
"0119-4",1,0,1,0,2,36,0,1477000590665,"true",0,1,"close"
"0119-4",1,0,2,0,2,35,1,1477000581294,"true",0,0,"far"
"0119-4",0,1,2,0,1,34,1,1477000569432,"true",0,0,"close"
"0119-4",0,1,1,0,1,33,0,1477000543052,"true",0,1,"far"
"0119-4",0,1,0,0,1,32,0,1477000536698,"true",1,0,"far"
"0119-4",1,0,1,0,2,50,0,1477000772765,"true",0,1,"far"
