"gameid","sClicked_2","sClicked_1","lClickedIndex","sClicked_0","sClickedIndex","roundNum","lClicked_2","time","outcome","lClicked_0","lClicked_1","condition"
"0133-f",1,0,2,0,2,42,1,1476996586338,"true",0,0,"close"
"0133-f",0,1,1,0,1,48,0,1476996663182,"true",0,1,"close"
"0133-f",0,1,1,0,1,43,0,1476996596370,"true",0,1,"split"
"0133-f",0,0,0,1,0,49,0,1476996692673,"true",1,0,"close"
"0133-f",0,0,2,1,0,24,1,1476996275330,"true",0,0,"split"
"0133-f",0,0,2,1,0,26,1,1476996337842,"true",0,0,"far"
"0133-f",0,1,0,0,1,27,0,1476996347561,"true",1,0,"close"
"0133-f",0,1,0,0,1,20,0,1476996178975,"false",1,0,"split"
"0133-f",0,0,2,1,0,21,1,1476996196525,"true",0,0,"close"
"0133-f",1,0,0,0,2,22,0,1476996218849,"false",1,0,"split"
"0133-f",0,0,1,1,0,23,0,1476996259520,"true",0,1,"close"
"0133-f",0,0,1,1,0,46,0,1476996637072,"true",0,1,"far"
"0133-f",0,0,2,1,0,47,1,1476996655150,"true",0,0,"split"
"0133-f",0,0,0,1,0,44,0,1476996621601,"true",1,0,"split"
"0133-f",1,0,2,0,2,45,1,1476996629709,"true",0,0,"far"
"0133-f",0,1,0,0,1,28,0,1476996372321,"true",1,0,"close"
"0133-f",1,0,1,0,2,29,0,1476996380572,"true",0,1,"split"
"0133-f",0,0,0,1,0,40,0,1476996556338,"true",1,0,"close"
"0133-f",0,0,0,1,0,41,0,1476996565782,"true",1,0,"far"
"0133-f",0,0,0,1,0,1,0,1476995791644,"true",1,0,"close"
"0133-f",0,1,2,0,1,3,1,1476995858057,"false",0,0,"split"
"0133-f",0,1,2,0,1,2,1,1476995817963,"true",0,0,"split"
"0133-f",1,0,2,0,2,5,1,1476995888626,"true",0,0,"far"
"0133-f",1,0,2,0,2,4,1,1476995877218,"true",0,0,"far"
"0133-f",0,1,2,0,1,7,1,1476995937000,"true",0,0,"split"
"0133-f",1,0,1,0,2,6,0,1476995915680,"false",0,1,"close"
"0133-f",0,1,1,0,1,9,0,1476995981470,"true",0,1,"close"
"0133-f",1,0,2,0,2,8,1,1476995960538,"true",0,0,"far"
"0133-f",0,1,1,0,1,39,0,1476996540361,"true",0,1,"split"
"0133-f",0,0,2,1,0,38,1,1476996528786,"false",0,0,"split"
"0133-f",1,0,0,0,2,11,0,1476996010810,"true",1,0,"split"
"0133-f",0,1,0,0,1,10,0,1476995998151,"true",1,0,"split"
"0133-f",1,0,1,0,2,13,0,1476996073283,"true",0,1,"split"
"0133-f",1,0,1,0,2,12,0,1476996049064,"true",0,1,"split"
"0133-f",1,0,2,0,2,15,1,1476996099465,"true",0,0,"far"
"0133-f",1,0,1,0,2,14,0,1476996089899,"true",0,1,"far"
"0133-f",1,0,0,0,2,17,0,1476996135535,"true",1,0,"far"
"0133-f",0,0,2,1,0,16,1,1476996125035,"true",0,0,"close"
"0133-f",1,0,0,0,2,19,0,1476996157966,"true",1,0,"split"
"0133-f",0,0,0,1,0,18,0,1476996142955,"true",1,0,"far"
"0133-f",1,0,2,0,2,31,1,1476996414353,"true",0,0,"close"
"0133-f",0,0,0,1,0,30,0,1476996398279,"true",1,0,"far"
"0133-f",1,0,2,0,2,37,1,1476996521576,"true",0,0,"far"
"0133-f",0,0,0,1,0,36,0,1476996506425,"true",1,0,"far"
"0133-f",0,0,0,1,0,35,0,1476996493639,"true",1,0,"far"
"0133-f",1,0,2,0,2,34,1,1476996484818,"true",0,0,"close"
"0133-f",0,1,1,0,1,33,0,1476996455769,"true",0,1,"close"
"0133-f",0,0,1,1,0,32,0,1476996444277,"true",0,1,"close"
"0133-f",1,0,1,0,2,50,0,1476996703001,"false",0,1,"far"
