"gameid","sClicked_2","sClicked_1","lClickedIndex","sClicked_0","sClickedIndex","roundNum","lClicked_2","time","outcome","lClicked_0","lClicked_1","condition"
"0137-f",0,0,1,1,0,42,0,1476499165479,"true",0,1,"far"
"0137-f",1,0,2,0,2,48,1,1476499391531,"true",0,0,"close"
"0137-f",0,1,1,0,1,43,0,1476499248871,"true",0,1,"close"
"0137-f",0,0,0,1,0,49,0,1476499399822,"true",1,0,"far"
"0137-f",0,1,1,0,1,24,0,1476498726787,"true",0,1,"far"
"0137-f",0,1,1,0,1,25,0,1476498753233,"false",0,1,"close"
"0137-f",1,0,1,0,2,26,0,1476498820849,"false",0,1,"close"
"0137-f",0,1,2,0,1,27,1,1476498845108,"true",0,0,"split"
"0137-f",0,1,0,0,1,20,0,1476498618873,"true",1,0,"close"
"0137-f",0,1,0,0,1,21,0,1476498671249,"true",1,0,"split"
"0137-f",0,1,0,0,1,22,0,1476498687923,"true",1,0,"close"
"0137-f",0,0,0,1,0,23,0,1476498712492,"true",1,0,"far"
"0137-f",0,0,0,1,0,46,0,1476499304746,"true",1,0,"far"
"0137-f",1,0,2,0,2,47,1,1476499353216,"true",0,0,"split"
"0137-f",0,0,1,1,0,44,0,1476499270265,"true",0,1,"far"
"0137-f",0,0,1,1,0,45,0,1476499285634,"true",0,1,"far"
"0137-f",0,0,1,1,0,28,0,1476498857588,"true",0,1,"far"
"0137-f",1,0,0,0,2,29,0,1476498882687,"true",1,0,"split"
"0137-f",0,1,0,0,1,40,0,1476499131266,"false",1,0,"split"
"0137-f",1,0,1,0,2,41,0,1476499154695,"true",0,1,"split"
"0137-f",1,0,2,0,2,1,1,1476498160186,"true",0,0,"far"
"0137-f",0,0,0,1,0,3,0,1476498228446,"true",1,0,"close"
"0137-f",0,1,0,0,1,2,0,1476498178039,"true",1,0,"far"
"0137-f",1,0,0,0,2,5,0,1476498354659,"true",1,0,"close"
"0137-f",0,0,2,1,0,4,1,1476498311377,"true",0,0,"close"
"0137-f",0,0,2,1,0,7,1,1476498378275,"true",0,0,"far"
"0137-f",0,0,0,1,0,6,0,1476498365943,"true",1,0,"far"
"0137-f",0,0,1,1,0,9,0,1476498427307,"true",0,1,"split"
"0137-f",1,0,1,0,2,8,0,1476498418236,"true",0,1,"close"
"0137-f",0,0,1,1,0,39,0,1476499116480,"true",0,1,"split"
"0137-f",0,1,1,0,1,38,0,1476499097212,"true",0,1,"close"
"0137-f",0,1,2,0,1,11,1,1476498451327,"true",0,0,"split"
"0137-f",0,0,0,1,0,10,0,1476498440127,"true",1,0,"split"
"0137-f",0,1,0,0,1,13,0,1476498497674,"true",1,0,"split"
"0137-f",1,0,1,0,2,12,0,1476498485304,"true",0,1,"close"
"0137-f",0,0,0,1,0,15,0,1476498515646,"true",1,0,"far"
"0137-f",0,1,0,0,1,14,0,1476498506342,"true",1,0,"far"
"0137-f",1,0,0,0,2,17,0,1476498545809,"true",1,0,"close"
"0137-f",1,0,1,0,2,16,0,1476498525437,"false",0,1,"far"
"0137-f",0,1,0,0,1,19,0,1476498608366,"true",1,0,"split"
"0137-f",0,1,1,0,1,18,0,1476498592220,"true",0,1,"close"
"0137-f",0,1,0,0,1,31,0,1476498978895,"true",1,0,"split"
"0137-f",0,1,0,0,1,30,0,1476498929038,"true",1,0,"close"
"0137-f",0,1,1,0,1,37,0,1476499089421,"true",0,1,"far"
"0137-f",0,1,2,0,1,36,1,1476499080749,"true",0,0,"split"
"0137-f",0,0,0,1,0,35,0,1476499061685,"true",1,0,"close"
"0137-f",0,1,1,0,1,34,0,1476499049646,"true",0,1,"split"
"0137-f",1,0,2,0,2,33,1,1476499039285,"true",0,0,"close"
"0137-f",1,0,2,0,2,32,1,1476499018433,"true",0,0,"far"
"0137-f",1,0,0,0,2,50,0,1476499414423,"true",1,0,"split"
