"gameid","sClicked_2","sClicked_1","lClickedIndex","sClicked_0","sClickedIndex","roundNum","lClicked_2","time","outcome","lClicked_0","lClicked_1","condition"
"0144-d",0,0,1,1,0,42,0,1476998338167,"true",0,1,"far"
"0144-d",0,0,2,1,0,48,1,1476998478342,"true",0,0,"split"
"0144-d",0,0,2,1,0,43,1,1476998361028,"true",0,0,"split"
"0144-d",0,0,1,1,0,49,0,1476998498541,"true",0,1,"split"
"0144-d",0,0,0,1,0,24,0,1476998066405,"true",1,0,"close"
"0144-d",0,0,1,1,0,25,0,1476998076670,"true",0,1,"split"
"0144-d",0,1,1,0,1,26,0,1476998094410,"true",0,1,"far"
"0144-d",1,0,0,0,2,27,0,1476998118546,"true",1,0,"close"
"0144-d",0,0,0,1,0,20,0,1476998002474,"false",1,0,"close"
"0144-d",1,0,2,0,2,21,1,1476998013751,"true",0,0,"split"
"0144-d",0,0,1,1,0,22,0,1476998028931,"true",0,1,"far"
"0144-d",0,0,2,1,0,23,1,1476998058098,"true",0,0,"split"
"0144-d",0,0,0,1,0,46,0,1476998423980,"true",1,0,"far"
"0144-d",0,0,1,1,0,47,0,1476998450247,"true",0,1,"close"
"0144-d",1,0,1,0,2,44,0,1476998380510,"true",0,1,"split"
"0144-d",0,1,0,0,1,45,0,1476998416023,"false",1,0,"close"
"0144-d",0,1,1,0,1,28,0,1476998127545,"true",0,1,"far"
"0144-d",0,0,1,1,0,29,0,1476998135686,"true",0,1,"far"
"0144-d",0,0,2,1,0,40,1,1476998305593,"true",0,0,"far"
"0144-d",0,0,0,1,0,41,0,1476998323915,"true",1,0,"far"
"0144-d",1,0,1,0,2,1,0,1476997654143,"true",0,1,"split"
"0144-d",0,0,2,1,0,3,1,1476997677402,"true",0,0,"close"
"0144-d",0,1,1,0,1,2,0,1476997666257,"true",0,1,"split"
"0144-d",0,1,1,0,1,5,0,1476997701619,"true",0,1,"far"
"0144-d",0,0,1,1,0,4,0,1476997689976,"false",0,1,"far"
"0144-d",0,1,1,0,1,7,0,1476997732163,"false",0,1,"split"
"0144-d",0,0,2,1,0,6,1,1476997714754,"true",0,0,"close"
"0144-d",0,1,1,0,1,9,0,1476997770441,"true",0,1,"split"
"0144-d",0,1,2,0,1,8,1,1476997745981,"true",0,0,"split"
"0144-d",0,1,2,0,1,39,1,1476998296579,"true",0,0,"split"
"0144-d",0,1,1,0,1,38,0,1476998270200,"true",0,1,"close"
"0144-d",0,1,2,0,1,11,1,1476997814368,"true",0,0,"close"
"0144-d",1,0,1,0,2,10,0,1476997805944,"true",0,1,"close"
"0144-d",1,0,0,0,2,13,0,1476997882422,"true",1,0,"close"
"0144-d",0,1,0,0,1,12,0,1476997821966,"true",1,0,"far"
"0144-d",0,0,0,1,0,15,0,1476997899770,"true",1,0,"close"
"0144-d",1,0,0,0,2,14,0,1476997891329,"true",1,0,"far"
"0144-d",1,0,2,0,2,17,1,1476997919797,"true",0,0,"far"
"0144-d",0,1,2,0,1,16,1,1476997908885,"true",0,0,"far"
"0144-d",1,0,0,0,2,19,0,1476997976401,"true",1,0,"split"
"0144-d",0,0,1,1,0,18,0,1476997962044,"false",0,1,"split"
"0144-d",0,1,1,0,1,31,0,1476998161297,"true",0,1,"far"
"0144-d",0,1,0,0,1,30,0,1476998152066,"true",1,0,"close"
"0144-d",1,0,0,0,2,37,0,1476998254905,"true",1,0,"far"
"0144-d",1,0,1,0,2,36,0,1476998245925,"true",0,1,"close"
"0144-d",0,1,0,0,1,35,0,1476998236471,"true",1,0,"close"
"0144-d",1,0,0,0,2,34,0,1476998227431,"true",1,0,"close"
"0144-d",0,1,0,0,1,33,0,1476998202980,"true",1,0,"split"
"0144-d",0,0,1,1,0,32,0,1476998170666,"true",0,1,"far"
"0144-d",0,0,0,1,0,50,0,1476998506760,"true",1,0,"split"
