"gameid","sClicked_2","sClicked_1","lClickedIndex","sClicked_0","sClickedIndex","roundNum","lClicked_2","time","outcome","lClicked_0","lClicked_1","condition"
"0147-d",0,0,0,1,0,42,0,1476995371582,"true",1,0,"close"
"0147-d",1,0,1,0,2,48,0,1476995427142,"true",0,1,"close"
"0147-d",0,1,0,0,1,43,0,1476995379936,"true",1,0,"split"
"0147-d",0,1,0,0,1,49,0,1476995437312,"true",1,0,"close"
"0147-d",0,1,1,0,1,24,0,1476995182967,"false",0,1,"close"
"0147-d",0,0,1,1,0,25,0,1476995193183,"true",0,1,"far"
"0147-d",0,0,1,1,0,26,0,1476995203486,"true",0,1,"far"
"0147-d",0,0,0,1,0,27,0,1476995214724,"true",1,0,"close"
"0147-d",1,0,0,0,2,20,0,1476995132428,"true",1,0,"split"
"0147-d",0,0,2,1,0,21,1,1476995147069,"true",0,0,"far"
"0147-d",0,1,1,0,1,22,0,1476995162915,"true",0,1,"close"
"0147-d",0,1,2,0,1,23,1,1476995170807,"true",0,0,"far"
"0147-d",0,0,1,1,0,46,0,1476995408023,"true",0,1,"far"
"0147-d",0,0,1,1,0,47,0,1476995417590,"true",0,1,"close"
"0147-d",0,0,0,1,0,44,0,1476995386501,"true",1,0,"close"
"0147-d",0,0,0,1,0,45,0,1476995399700,"true",1,0,"split"
"0147-d",0,0,0,1,0,28,0,1476995225837,"true",1,0,"far"
"0147-d",0,1,1,0,1,29,0,1476995233223,"true",0,1,"far"
"0147-d",0,1,1,0,1,40,0,1476995350543,"true",0,1,"split"
"0147-d",0,1,1,0,1,41,0,1476995360533,"true",0,1,"close"
"0147-d",1,0,2,0,2,1,1,1476994884711,"true",0,0,"close"
"0147-d",0,1,1,0,1,3,0,1476994916519,"true",0,1,"close"
"0147-d",1,0,1,0,2,2,0,1476994905060,"true",0,1,"close"
"0147-d",1,0,2,0,2,5,1,1476994945384,"false",0,0,"split"
"0147-d",0,1,0,0,1,4,0,1476994932686,"true",1,0,"split"
"0147-d",0,0,1,1,0,7,0,1476994968246,"true",0,1,"split"
"0147-d",0,0,2,1,0,6,1,1476994953786,"true",0,0,"split"
"0147-d",0,1,0,0,1,9,0,1476994991018,"false",1,0,"split"
"0147-d",1,0,2,0,2,8,1,1476994979900,"true",0,0,"split"
"0147-d",0,0,0,1,0,39,0,1476995334347,"true",1,0,"far"
"0147-d",1,0,1,0,2,38,0,1476995324036,"true",0,1,"split"
"0147-d",1,0,2,0,2,11,1,1476995013003,"false",0,0,"split"
"0147-d",0,0,2,1,0,10,1,1476995000467,"true",0,0,"far"
"0147-d",0,0,2,1,0,13,1,1476995038838,"true",0,0,"far"
"0147-d",1,0,0,0,2,12,0,1476995030436,"false",1,0,"split"
"0147-d",1,0,1,0,2,15,0,1476995063094,"true",0,1,"close"
"0147-d",0,1,0,0,1,14,0,1476995048169,"true",1,0,"far"
"0147-d",0,0,1,1,0,17,0,1476995088966,"true",0,1,"far"
"0147-d",0,0,0,1,0,16,0,1476995074441,"true",1,0,"close"
"0147-d",0,1,2,0,1,19,1,1476995115296,"true",0,0,"split"
"0147-d",1,0,1,0,2,18,0,1476995096520,"true",0,1,"split"
"0147-d",1,0,1,0,2,31,0,1476995259127,"true",0,1,"far"
"0147-d",1,0,2,0,2,30,1,1476995248951,"false",0,0,"split"
"0147-d",0,1,1,0,1,37,0,1476995316544,"true",0,1,"close"
"0147-d",0,1,1,0,1,36,0,1476995308337,"true",0,1,"close"
"0147-d",0,0,1,1,0,35,0,1476995296393,"true",0,1,"far"
"0147-d",0,1,0,0,1,34,0,1476995286354,"false",1,0,"far"
"0147-d",0,1,0,0,1,33,0,1476995277082,"true",1,0,"close"
"0147-d",0,1,2,0,1,32,1,1476995267021,"true",0,0,"far"
"0147-d",0,1,1,0,1,50,0,1476995449669,"true",0,1,"split"
