"gameid","sClicked_2","sClicked_1","lClickedIndex","sClicked_0","sClickedIndex","roundNum","lClicked_2","time","outcome","lClicked_0","lClicked_1","condition"
"0197-6",0,0,0,1,0,42,0,1476991066153,"true",1,0,"close"
"0197-6",1,0,2,0,2,48,1,1476991188276,"true",0,0,"far"
"0197-6",1,0,1,0,2,43,0,1476991101485,"true",0,1,"close"
"0197-6",0,1,1,0,1,49,0,1476991205324,"true",0,1,"split"
"0197-6",0,0,2,1,0,24,1,1476990370110,"true",0,0,"far"
"0197-6",0,1,1,0,1,25,0,1476990378647,"true",0,1,"far"
"0197-6",0,1,1,0,1,26,0,1476990434943,"true",0,1,"far"
"0197-6",0,1,0,0,1,27,0,1476990453857,"true",1,0,"split"
"0197-6",0,0,1,1,0,20,0,1476990255709,"true",0,1,"split"
"0197-6",1,0,2,0,2,21,1,1476990286630,"true",0,0,"close"
"0197-6",1,0,0,0,2,22,0,1476990304172,"false",1,0,"close"
"0197-6",0,1,1,0,1,23,0,1476990345895,"true",0,1,"close"
"0197-6",0,0,1,1,0,46,0,1476991159784,"true",0,1,"split"
"0197-6",0,1,0,0,1,47,0,1476991177201,"true",1,0,"close"
"0197-6",0,0,2,1,0,44,1,1476991116832,"true",0,0,"close"
"0197-6",0,1,1,0,1,45,0,1476991127434,"true",0,1,"far"
"0197-6",0,0,1,1,0,28,0,1476990505250,"true",0,1,"split"
"0197-6",0,1,0,0,1,29,0,1476990552672,"true",1,0,"split"
"0197-6",0,1,0,0,1,40,0,1476990883737,"true",1,0,"close"
"0197-6",0,0,0,1,0,41,0,1476990910936,"false",1,0,"split"
"0197-6",0,1,1,0,1,1,0,1476989924579,"false",0,1,"close"
"0197-6",0,1,1,0,1,3,0,1476989945017,"true",0,1,"far"
"0197-6",0,0,0,1,0,2,0,1476989935519,"true",1,0,"close"
"0197-6",1,0,0,0,2,5,0,1476989979728,"false",1,0,"split"
"0197-6",0,0,1,1,0,4,0,1476989955186,"true",0,1,"far"
"0197-6",0,0,0,1,0,7,0,1476989992931,"true",1,0,"far"
"0197-6",0,0,2,1,0,6,1,1476989986650,"true",0,0,"split"
"0197-6",1,0,0,0,2,9,0,1476990010687,"true",1,0,"far"
"0197-6",1,0,1,0,2,8,0,1476990002344,"true",0,1,"far"
"0197-6",0,1,2,0,1,39,1,1476990826397,"true",0,0,"split"
"0197-6",0,0,2,1,0,38,1,1476990799475,"true",0,0,"split"
"0197-6",1,0,0,0,2,11,0,1476990081852,"true",1,0,"close"
"0197-6",0,1,1,0,1,10,0,1476990048482,"true",0,1,"close"
"0197-6",0,1,0,0,1,13,0,1476990103992,"true",1,0,"far"
"0197-6",0,1,2,0,1,12,1,1476990089545,"true",0,0,"far"
"0197-6",1,0,1,0,2,15,0,1476990149316,"true",0,1,"close"
"0197-6",0,0,0,1,0,14,0,1476990113530,"true",1,0,"far"
"0197-6",0,0,2,1,0,17,1,1476990175832,"true",0,0,"far"
"0197-6",0,0,1,1,0,16,0,1476990161249,"true",0,1,"close"
"0197-6",0,1,0,0,1,19,0,1476990230164,"true",1,0,"split"
"0197-6",0,0,0,1,0,18,0,1476990189942,"true",1,0,"split"
"0197-6",0,0,0,1,0,31,0,1476990623944,"true",1,0,"close"
"0197-6",0,0,2,1,0,30,1,1476990586812,"true",0,0,"close"
"0197-6",0,0,2,1,0,37,1,1476990776464,"true",0,0,"far"
"0197-6",0,1,1,0,1,36,0,1476990767093,"true",0,1,"split"
"0197-6",1,0,2,0,2,35,1,1476990736459,"true",0,0,"split"
"0197-6",0,0,1,1,0,34,0,1476990703260,"true",0,1,"far"
"0197-6",1,0,0,0,2,33,0,1476990683003,"true",1,0,"split"
"0197-6",0,0,1,1,0,32,0,1476990664877,"true",0,1,"split"
"0197-6",0,0,0,1,0,50,0,1476991218689,"true",1,0,"far"
