"gameid","sClicked_2","sClicked_1","lClickedIndex","sClicked_0","sClickedIndex","roundNum","lClicked_2","time","outcome","lClicked_0","lClicked_1","condition"
"0215-2",1,0,0,0,2,42,0,1476994591579,"true",1,0,"split"
"0215-2",0,1,1,0,1,48,0,1476994702602,"true",0,1,"close"
"0215-2",0,1,2,0,1,43,1,1476994617849,"true",0,0,"close"
"0215-2",1,0,2,0,2,49,1,1476994727593,"true",0,0,"far"
"0215-2",0,1,0,0,1,24,0,1476994262573,"true",1,0,"split"
"0215-2",0,1,0,0,1,25,0,1476994276726,"true",1,0,"split"
"0215-2",1,0,2,0,2,26,1,1476994286623,"true",0,0,"split"
"0215-2",1,0,2,0,2,27,1,1476994308825,"true",0,0,"close"
"0215-2",1,0,0,0,2,20,0,1476994222610,"true",1,0,"far"
"0215-2",1,0,0,0,2,21,0,1476994233664,"true",1,0,"split"
"0215-2",0,0,2,1,0,22,1,1476994240576,"true",0,0,"far"
"0215-2",0,0,2,1,0,23,1,1476994246917,"true",0,0,"far"
"0215-2",1,0,0,0,2,46,0,1476994666005,"true",1,0,"split"
"0215-2",0,0,0,1,0,47,0,1476994686143,"true",1,0,"close"
"0215-2",1,0,2,0,2,44,1,1476994628541,"true",0,0,"split"
"0215-2",1,0,0,0,2,45,0,1476994647347,"true",1,0,"split"
"0215-2",1,0,2,0,2,28,1,1476994324240,"true",0,0,"close"
"0215-2",1,0,0,0,2,29,0,1476994334573,"true",1,0,"far"
"0215-2",0,0,0,1,0,40,0,1476994502648,"true",1,0,"far"
"0215-2",0,0,0,1,0,41,0,1476994533762,"true",1,0,"far"
"0215-2",0,1,0,0,1,1,0,1476993882570,"true",1,0,"close"
"0215-2",0,0,0,1,0,3,0,1476993938744,"true",1,0,"close"
"0215-2",0,0,0,1,0,5,0,1476993958635,"true",1,0,"split"
"0215-2",0,0,2,1,0,4,1,1476993950848,"true",0,0,"split"
"0215-2",0,1,2,0,1,7,1,1476993995951,"true",0,0,"split"
"0215-2",0,0,0,1,0,6,0,1476993980100,"true",1,0,"close"
"0215-2",0,0,2,1,0,9,1,1476994009969,"true",0,0,"far"
"0215-2",0,0,2,1,0,8,1,1476994003567,"true",0,0,"far"
"0215-2",0,1,0,0,1,39,0,1476994494755,"false",1,0,"close"
"0215-2",0,0,0,1,0,38,0,1476994468699,"true",1,0,"split"
"0215-2",0,0,1,1,0,11,0,1476994062639,"true",0,1,"close"
"0215-2",0,1,0,0,1,10,0,1476994015732,"true",1,0,"far"
"0215-2",1,0,2,0,2,13,1,1476994110449,"true",0,0,"far"
"0215-2",0,1,0,0,1,12,0,1476994103535,"true",1,0,"close"
"0215-2",0,1,0,0,1,15,0,1476994143101,"true",1,0,"far"
"0215-2",0,1,0,0,1,14,0,1476994136395,"true",1,0,"close"
"0215-2",0,1,2,0,1,17,1,1476994180753,"true",0,0,"close"
"0215-2",1,0,1,0,2,16,0,1476994149380,"true",0,1,"far"
"0215-2",0,0,1,1,0,19,0,1476994216380,"true",0,1,"split"
"0215-2",0,1,0,0,1,18,0,1476994204150,"true",1,0,"split"
"0215-2",0,1,2,0,1,31,1,1476994358291,"true",0,0,"far"
"0215-2",1,0,2,0,2,30,1,1476994342129,"true",0,0,"split"
"0215-2",0,1,0,0,1,37,0,1476994460626,"true",1,0,"far"
"0215-2",0,0,0,1,0,36,0,1476994454514,"true",1,0,"far"
"0215-2",1,0,1,0,2,35,0,1476994436456,"true",0,1,"split"
"0215-2",0,1,1,0,1,34,0,1476994417211,"false",0,1,"close"
"0215-2",0,1,0,0,1,33,0,1476994386562,"true",1,0,"close"
"0215-2",0,0,1,1,0,32,0,1476994367155,"true",0,1,"far"
"0215-2",0,0,1,1,0,50,0,1476994747487,"true",0,1,"close"
