"gameid","sClicked_2","sClicked_1","lClickedIndex","sClicked_0","sClickedIndex","roundNum","lClicked_2","time","outcome","lClicked_0","lClicked_1","condition"
"0217-e",1,0,0,0,2,42,0,1476492657232,"true",1,0,"far"
"0217-e",1,0,1,0,2,48,0,1476492772883,"true",0,1,"split"
"0217-e",1,0,1,0,2,43,0,1476492670116,"true",0,1,"close"
"0217-e",0,1,0,0,1,49,0,1476492787219,"true",1,0,"close"
"0217-e",0,0,2,1,0,24,1,1476492385018,"true",0,0,"far"
"0217-e",0,1,0,0,1,25,0,1476492392070,"true",1,0,"far"
"0217-e",0,0,2,1,0,26,1,1476492417607,"true",0,0,"close"
"0217-e",1,0,2,0,2,27,1,1476492427633,"true",0,0,"close"
"0217-e",1,0,1,0,2,20,0,1476492332214,"true",0,1,"close"
"0217-e",0,1,2,0,1,21,1,1476492339264,"true",0,0,"far"
"0217-e",1,0,1,0,2,22,0,1476492366391,"true",0,1,"split"
"0217-e",1,0,2,0,2,23,1,1476492377007,"true",0,0,"split"
"0217-e",0,1,1,0,1,46,0,1476492714398,"true",0,1,"close"
"0217-e",0,1,0,0,1,47,0,1476492747017,"true",1,0,"split"
"0217-e",0,0,2,1,0,44,1,1476492688369,"true",0,0,"close"
"0217-e",0,0,2,1,0,45,1,1476492695969,"true",0,0,"far"
"0217-e",0,0,1,1,0,28,0,1476492436464,"true",0,1,"far"
"0217-e",0,0,2,1,0,29,1,1476492444215,"true",0,0,"far"
"0217-e",1,0,2,0,2,40,1,1476492642625,"true",0,0,"far"
"0217-e",0,0,1,1,0,41,0,1476492649089,"true",0,1,"far"
"0217-e",0,1,0,0,1,1,0,1476492016996,"true",1,0,"far"
"0217-e",0,0,1,1,0,3,0,1476492033119,"true",0,1,"far"
"0217-e",0,1,2,0,1,2,1,1476492026468,"true",0,0,"far"
"0217-e",0,1,1,0,1,5,0,1476492054998,"true",0,1,"close"
"0217-e",1,0,2,0,2,4,1,1476492042186,"true",0,0,"far"
"0217-e",0,0,0,1,0,7,0,1476492089227,"true",1,0,"split"
"0217-e",0,1,1,0,1,6,0,1476492065723,"true",0,1,"far"
"0217-e",1,0,2,0,2,9,1,1476492133780,"true",0,0,"split"
"0217-e",0,0,0,1,0,8,0,1476492106005,"true",1,0,"close"
"0217-e",0,0,0,1,0,39,0,1476492630546,"true",1,0,"split"
"0217-e",0,1,0,0,1,38,0,1476492616088,"true",1,0,"split"
"0217-e",0,1,0,0,1,11,0,1476492182679,"true",1,0,"split"
"0217-e",0,0,0,1,0,10,0,1476492164478,"true",1,0,"close"
"0217-e",0,1,1,0,1,13,0,1476492223758,"true",0,1,"close"
"0217-e",0,0,0,1,0,12,0,1476492197173,"true",1,0,"far"
"0217-e",0,0,1,1,0,15,0,1476492242158,"true",0,1,"split"
"0217-e",1,0,0,0,2,14,0,1476492234516,"true",1,0,"close"
"0217-e",0,0,0,1,0,17,0,1476492258605,"true",1,0,"split"
"0217-e",1,0,1,0,2,16,0,1476492251441,"true",0,1,"far"
"0217-e",0,1,2,0,1,19,1,1476492284543,"true",0,0,"split"
"0217-e",0,1,0,0,1,18,0,1476492266317,"true",1,0,"split"
"0217-e",0,1,2,0,1,31,1,1476492468656,"true",0,0,"split"
"0217-e",0,1,0,0,1,30,0,1476492460872,"true",1,0,"split"
"0217-e",0,1,1,0,1,37,0,1476492603313,"true",0,1,"close"
"0217-e",1,0,1,0,2,36,0,1476492553567,"true",0,1,"split"
"0217-e",0,1,1,0,1,35,0,1476492547432,"true",0,1,"close"
"0217-e",1,0,2,0,2,34,1,1476492526258,"true",0,0,"far"
"0217-e",0,0,1,1,0,33,0,1476492510371,"true",0,1,"close"
"0217-e",1,0,0,0,2,32,0,1476492483881,"true",1,0,"split"
"0217-e",1,0,1,0,2,50,0,1476492808228,"true",0,1,"close"
