"gameid","sClicked_2","sClicked_1","lClickedIndex","sClicked_0","sClickedIndex","roundNum","lClicked_2","time","outcome","lClicked_0","lClicked_1","condition"
"0219-7",0,1,0,0,1,42,0,1476990433491,"true",1,0,"far"
"0219-7",0,1,2,0,1,48,1,1476990516220,"true",0,0,"far"
"0219-7",1,0,0,0,2,43,0,1476990449540,"true",1,0,"split"
"0219-7",0,0,2,1,0,49,1,1476990528257,"true",0,0,"split"
"0219-7",0,1,1,0,1,24,0,1476990172426,"true",0,1,"close"
"0219-7",0,0,0,1,0,25,0,1476990180795,"true",1,0,"split"
"0219-7",0,0,1,1,0,26,0,1476990189051,"true",0,1,"far"
"0219-7",0,0,0,1,0,27,0,1476990203922,"true",1,0,"close"
"0219-7",0,1,0,0,1,20,0,1476990123351,"true",1,0,"split"
"0219-7",1,0,2,0,2,21,1,1476990131907,"true",0,0,"far"
"0219-7",0,1,2,0,1,22,1,1476990140450,"true",0,0,"far"
"0219-7",1,0,0,0,2,23,0,1476990153746,"true",1,0,"split"
"0219-7",0,1,2,0,1,46,1,1476990495523,"true",0,0,"far"
"0219-7",0,1,1,0,1,47,0,1476990506264,"true",0,1,"split"
"0219-7",1,0,2,0,2,44,1,1476990471831,"false",0,0,"close"
"0219-7",0,0,2,1,0,45,1,1476990488122,"true",0,0,"split"
"0219-7",0,0,0,1,0,28,0,1476990218010,"true",1,0,"close"
"0219-7",1,0,2,0,2,29,1,1476990226272,"true",0,0,"split"
"0219-7",1,0,0,0,2,40,0,1476990404834,"false",1,0,"close"
"0219-7",0,0,2,1,0,41,1,1476990423305,"false",0,0,"close"
"0219-7",0,1,2,0,1,1,1,1476989834870,"true",0,0,"far"
"0219-7",1,0,0,0,2,3,0,1476989881853,"true",1,0,"close"
"0219-7",0,1,1,0,1,2,0,1476989860241,"true",0,1,"split"
"0219-7",1,0,0,0,2,5,0,1476989916683,"true",1,0,"close"
"0219-7",0,1,2,0,1,4,1,1476989896185,"true",0,0,"split"
"0219-7",0,1,0,0,1,7,0,1476989948662,"true",1,0,"close"
"0219-7",0,1,1,0,1,6,0,1476989939775,"false",0,1,"split"
"0219-7",1,0,1,0,2,9,0,1476989986117,"false",0,1,"close"
"0219-7",0,1,0,0,1,8,0,1476989966664,"true",1,0,"split"
"0219-7",1,0,1,0,2,39,0,1476990384561,"true",0,1,"far"
"0219-7",0,0,2,1,0,38,1,1476990350695,"true",0,0,"split"
"0219-7",0,1,2,0,1,11,1,1476990007056,"true",0,0,"far"
"0219-7",1,0,1,0,2,10,0,1476989996812,"true",0,1,"far"
"0219-7",0,1,2,0,1,13,1,1476990024450,"true",0,0,"split"
"0219-7",0,0,2,1,0,12,1,1476990015394,"true",0,0,"far"
"0219-7",1,0,2,0,2,15,1,1476990050551,"true",0,0,"far"
"0219-7",1,0,0,0,2,14,0,1476990036131,"true",1,0,"close"
"0219-7",1,0,2,0,2,17,1,1476990085594,"true",0,0,"close"
"0219-7",0,0,0,1,0,16,0,1476990075515,"false",1,0,"close"
"0219-7",0,0,0,1,0,19,0,1476990112997,"false",1,0,"close"
"0219-7",1,0,2,0,2,18,1,1476990099153,"true",0,0,"close"
"0219-7",1,0,1,0,2,31,0,1476990247262,"true",0,1,"close"
"0219-7",1,0,0,0,2,30,0,1476990236216,"true",1,0,"far"
"0219-7",0,1,2,0,1,37,1,1476990341878,"true",0,0,"split"
"0219-7",0,1,1,0,1,36,0,1476990320301,"true",0,1,"far"
"0219-7",0,0,1,1,0,35,0,1476990306543,"true",0,1,"split"
"0219-7",0,0,0,1,0,34,0,1476990293109,"true",1,0,"far"
"0219-7",0,1,1,0,1,33,0,1476990281005,"true",0,1,"close"
"0219-7",0,1,0,0,1,32,0,1476990255174,"true",1,0,"far"
"0219-7",0,0,2,1,0,50,1,1476990536160,"true",0,0,"split"
