"gameid","sClicked_2","sClicked_1","lClickedIndex","sClicked_0","sClickedIndex","roundNum","lClicked_2","time","outcome","lClicked_0","lClicked_1","condition"
"0219-2",1,0,0,0,2,42,0,1476991092718,"true",1,0,"split"
"0219-2",1,0,1,0,2,48,0,1476991206917,"true",0,1,"far"
"0219-2",0,1,2,0,1,43,1,1476991103722,"true",0,0,"far"
"0219-2",0,0,2,1,0,49,1,1476991216852,"true",0,0,"far"
"0219-2",0,0,2,1,0,24,1,1476990761393,"true",0,0,"split"
"0219-2",1,0,2,0,2,25,1,1476990786660,"true",0,0,"close"
"0219-2",1,0,2,0,2,26,1,1476990805716,"true",0,0,"far"
"0219-2",1,0,0,0,2,27,0,1476990831732,"false",1,0,"close"
"0219-2",0,0,0,1,0,20,0,1476990686257,"true",1,0,"close"
"0219-2",1,0,1,0,2,21,0,1476990700823,"true",0,1,"close"
"0219-2",0,0,2,1,0,22,1,1476990722199,"true",0,0,"split"
"0219-2",0,1,0,0,1,23,0,1476990748153,"true",1,0,"split"
"0219-2",0,1,0,0,1,46,0,1476991153642,"true",1,0,"close"
"0219-2",1,0,1,0,2,47,0,1476991180616,"true",0,1,"far"
"0219-2",1,0,2,0,2,44,1,1476991110913,"true",0,0,"far"
"0219-2",0,1,0,0,1,45,0,1476991123057,"true",1,0,"split"
"0219-2",0,0,2,1,0,28,1,1476990847693,"true",0,0,"close"
"0219-2",0,1,1,0,1,29,0,1476990872375,"true",0,1,"far"
"0219-2",1,0,0,0,2,40,0,1476991073502,"false",1,0,"far"
"0219-2",1,0,1,0,2,41,0,1476991082328,"true",0,1,"split"
"0219-2",0,1,2,0,1,1,1,1476990325424,"true",0,0,"far"
"0219-2",0,1,1,0,1,3,0,1476990355117,"false",0,1,"close"
"0219-2",1,0,0,0,2,2,0,1476990340058,"true",1,0,"far"
"0219-2",0,0,0,1,0,5,0,1476990390717,"false",1,0,"split"
"0219-2",1,0,1,0,2,4,0,1476990373450,"false",0,1,"split"
"0219-2",1,0,1,0,2,7,0,1476990482081,"true",0,1,"close"
"0219-2",0,0,0,1,0,6,0,1476990464407,"false",1,0,"close"
"0219-2",0,1,1,0,1,9,0,1476990510112,"true",0,1,"close"
"0219-2",0,0,2,1,0,8,1,1476990498967,"true",0,0,"close"
"0219-2",0,0,1,1,0,39,0,1476991061031,"true",0,1,"split"
"0219-2",1,0,0,0,2,38,0,1476991029655,"true",1,0,"far"
"0219-2",0,0,0,1,0,11,0,1476990542171,"true",1,0,"close"
"0219-2",0,1,0,0,1,10,0,1476990525287,"true",1,0,"close"
"0219-2",0,0,1,1,0,13,0,1476990562026,"true",0,1,"split"
"0219-2",1,0,1,0,2,12,0,1476990549818,"true",0,1,"split"
"0219-2",0,0,1,1,0,15,0,1476990624954,"true",0,1,"far"
"0219-2",1,0,1,0,2,14,0,1476990569245,"true",0,1,"far"
"0219-2",0,1,2,0,1,17,1,1476990655105,"true",0,0,"split"
"0219-2",1,0,0,0,2,16,0,1476990643233,"true",1,0,"split"
"0219-2",0,0,0,1,0,19,0,1476990674269,"true",1,0,"far"
"0219-2",0,0,0,1,0,18,0,1476990665415,"true",1,0,"far"
"0219-2",0,1,0,0,1,31,0,1476990905246,"true",1,0,"split"
"0219-2",0,0,0,1,0,30,0,1476990881799,"true",1,0,"close"
"0219-2",0,0,2,1,0,37,1,1476991019376,"true",0,0,"split"
"0219-2",1,0,1,0,2,36,0,1476991001441,"true",0,1,"far"
"0219-2",1,0,0,0,2,35,0,1476990987975,"true",1,0,"close"
"0219-2",0,0,2,1,0,34,1,1476990965773,"true",0,0,"split"
"0219-2",0,1,0,0,1,33,0,1476990947210,"true",1,0,"close"
"0219-2",1,0,1,0,2,32,0,1476990934068,"true",0,1,"split"
"0219-2",1,0,2,0,2,50,1,1476991234305,"true",0,0,"far"
