"gameid","sClicked_2","sClicked_1","lClickedIndex","sClicked_0","sClickedIndex","roundNum","lClicked_2","time","outcome","lClicked_0","lClicked_1","condition"
"0235-d",1,0,2,0,2,42,1,1476992731246,"true",0,0,"close"
"0235-d",1,0,0,0,2,48,0,1476992888029,"true",1,0,"split"
"0235-d",1,0,0,0,2,43,0,1476992742542,"true",1,0,"far"
"0235-d",0,1,0,0,1,49,0,1476992896688,"true",1,0,"close"
"0235-d",0,0,1,1,0,24,0,1476992356721,"true",0,1,"split"
"0235-d",0,0,0,1,0,25,0,1476992364753,"true",1,0,"far"
"0235-d",0,1,0,0,1,26,0,1476992374171,"true",1,0,"far"
"0235-d",0,0,0,1,0,27,0,1476992395411,"true",1,0,"split"
"0235-d",1,0,1,0,2,20,0,1476992262381,"true",0,1,"far"
"0235-d",0,0,0,1,0,21,0,1476992305281,"true",1,0,"close"
"0235-d",0,0,0,1,0,22,0,1476992329116,"true",1,0,"close"
"0235-d",0,1,0,0,1,23,0,1476992341688,"true",1,0,"split"
"0235-d",0,1,1,0,1,46,0,1476992845613,"true",0,1,"far"
"0235-d",1,0,0,0,2,47,0,1476992872542,"false",1,0,"close"
"0235-d",1,0,2,0,2,44,1,1476992822926,"true",0,0,"close"
"0235-d",0,0,0,1,0,45,0,1476992832626,"true",1,0,"close"
"0235-d",1,0,2,0,2,28,1,1476992408776,"true",0,0,"far"
"0235-d",1,0,2,0,2,29,1,1476992423868,"false",0,0,"split"
"0235-d",0,0,2,1,0,40,1,1476992688738,"true",0,0,"far"
"0235-d",0,0,1,1,0,41,0,1476992703947,"true",0,1,"split"
"0235-d",0,1,1,0,1,1,0,1476991909856,"true",0,1,"split"
"0235-d",0,0,2,1,0,3,1,1476991937007,"true",0,0,"far"
"0235-d",1,0,0,0,2,2,0,1476991920262,"true",1,0,"split"
"0235-d",0,1,0,0,1,5,0,1476991987137,"true",1,0,"close"
"0235-d",0,1,0,0,1,4,0,1476991965592,"true",1,0,"split"
"0235-d",1,0,2,0,2,7,1,1476992021782,"true",0,0,"split"
"0235-d",1,0,2,0,2,6,1,1476991995957,"true",0,0,"split"
"0235-d",0,1,1,0,1,9,0,1476992046896,"true",0,1,"split"
"0235-d",1,0,2,0,2,8,1,1476992031272,"true",0,0,"far"
"0235-d",1,0,0,0,2,39,0,1476992679866,"true",1,0,"split"
"0235-d",0,1,2,0,1,38,1,1476992669821,"false",0,0,"split"
"0235-d",0,0,0,1,0,11,0,1476992075137,"true",1,0,"split"
"0235-d",1,0,1,0,2,10,0,1476992055648,"true",0,1,"far"
"0235-d",1,0,2,0,2,13,1,1476992099455,"false",0,0,"close"
"0235-d",1,0,0,0,2,12,0,1476992087457,"true",1,0,"far"
"0235-d",0,1,0,0,1,15,0,1476992149128,"false",1,0,"close"
"0235-d",0,1,0,0,1,14,0,1476992112236,"true",1,0,"far"
"0235-d",1,0,1,0,2,17,0,1476992166691,"true",0,1,"far"
"0235-d",0,1,2,0,1,16,1,1476992157141,"true",0,0,"split"
"0235-d",0,1,2,0,1,19,1,1476992244748,"false",0,0,"close"
"0235-d",0,0,2,1,0,18,1,1476992212218,"true",0,0,"close"
"0235-d",0,0,0,1,0,31,0,1476992464011,"true",1,0,"close"
"0235-d",0,1,2,0,1,30,1,1476992451578,"true",0,0,"close"
"0235-d",1,0,0,0,2,37,0,1476992660821,"true",1,0,"split"
"0235-d",1,0,1,0,2,36,0,1476992645364,"true",0,1,"close"
"0235-d",0,1,0,0,1,35,0,1476992637756,"true",1,0,"far"
"0235-d",1,0,1,0,2,34,0,1476992629396,"true",0,1,"far"
"0235-d",0,0,1,1,0,33,0,1476992589308,"true",0,1,"close"
"0235-d",0,1,1,0,1,32,0,1476992472876,"true",0,1,"far"
"0235-d",0,0,1,1,0,50,0,1476992912032,"true",0,1,"far"
