"gameid","sClicked_2","sClicked_1","lClickedIndex","sClicked_0","sClickedIndex","roundNum","lClicked_2","time","outcome","lClicked_0","lClicked_1","condition"
"0237-1",1,0,0,0,2,48,0,1476996678278,"true",1,0,"split"
"0237-1",1,0,0,0,2,43,0,1476996608253,"true",1,0,"close"
"0237-1",0,1,0,0,1,49,0,1476996686500,"true",1,0,"far"
"0237-1",0,1,2,0,1,24,1,1476996122468,"true",0,0,"close"
"0237-1",1,0,0,0,2,25,0,1476996182694,"true",1,0,"split"
"0237-1",1,0,0,0,2,26,0,1476996190989,"true",1,0,"far"
"0237-1",0,0,2,1,0,27,1,1476996220424,"true",0,0,"split"
"0237-1",1,0,1,0,2,20,0,1476996042052,"true",0,1,"close"
"0237-1",0,0,1,1,0,21,0,1476996056219,"true",0,1,"split"
"0237-1",0,0,0,1,0,22,0,1476996073475,"false",1,0,"split"
"0237-1",0,1,1,0,1,23,0,1476996106019,"false",0,1,"split"
"0237-1",0,0,0,1,0,46,0,1476996649071,"true",1,0,"far"
"0237-1",0,0,0,1,0,47,0,1476996656094,"true",1,0,"far"
"0237-1",1,0,1,0,2,44,0,1476996616956,"true",0,1,"far"
"0237-1",0,0,1,1,0,45,0,1476996640824,"true",0,1,"close"
"0237-1",1,0,2,0,2,28,1,1476996231518,"true",0,0,"far"
"0237-1",0,1,0,0,1,29,0,1476996275459,"false",1,0,"split"
"0237-1",0,1,1,0,1,40,0,1476996508074,"true",0,1,"far"
"0237-1",0,1,0,0,1,41,0,1476996518621,"true",1,0,"far"
"0237-1",0,1,0,0,1,1,0,1476995741223,"true",1,0,"close"
"0237-1",0,1,2,0,1,3,1,1476995774644,"true",0,0,"close"
"0237-1",0,0,1,1,0,2,0,1476995762238,"true",0,1,"split"
"0237-1",0,0,1,1,0,5,0,1476995796484,"true",0,1,"split"
"0237-1",0,1,0,0,1,4,0,1476995780841,"true",1,0,"close"
"0237-1",1,0,1,0,2,7,0,1476995825743,"true",0,1,"close"
"0237-1",1,0,2,0,2,6,1,1476995817883,"false",0,0,"split"
"0237-1",1,0,0,0,2,9,0,1476995850638,"true",1,0,"far"
"0237-1",0,1,1,0,1,8,0,1476995842832,"true",0,1,"close"
"0237-1",0,0,1,1,0,39,0,1476996501392,"true",0,1,"close"
"0237-1",0,0,1,1,0,38,0,1476996486292,"true",0,1,"close"
"0237-1",1,0,1,0,2,11,0,1476995866195,"true",0,1,"split"
"0237-1",0,0,1,1,0,10,0,1476995859714,"true",0,1,"split"
"0237-1",0,0,2,1,0,13,1,1476995892249,"true",0,0,"far"
"0237-1",1,0,0,0,2,12,0,1476995882834,"false",1,0,"close"
"0237-1",0,1,1,0,1,15,0,1476995928213,"true",0,1,"far"
"0237-1",0,1,2,0,1,14,1,1476995918636,"true",0,0,"close"
"0237-1",0,1,2,0,1,17,1,1476995984809,"true",0,0,"split"
"0237-1",1,0,0,0,2,16,0,1476995945813,"true",1,0,"close"
"0237-1",0,0,2,1,0,19,1,1476996025812,"true",0,0,"close"
"0237-1",1,0,2,0,2,18,1,1476995993078,"true",0,0,"far"
"0237-1",0,0,0,1,0,31,0,1476996339738,"true",1,0,"far"
"0237-1",1,0,1,0,2,30,0,1476996333043,"true",0,1,"split"
"0237-1",0,1,1,0,1,37,0,1476996477130,"true",0,1,"far"
"0237-1",0,1,0,0,1,36,0,1476996469073,"true",1,0,"split"
"0237-1",0,1,1,0,1,35,0,1476996453739,"true",0,1,"split"
"0237-1",0,0,1,1,0,34,0,1476996409639,"true",0,1,"split"
"0237-1",1,0,1,0,2,32,0,1476996348531,"true",0,1,"far"
"0237-1",0,0,1,1,0,50,0,1476996700945,"true",0,1,"far"
