"gameid","sClicked_2","sClicked_1","lClickedIndex","sClicked_0","sClickedIndex","roundNum","lClicked_2","time","outcome","lClicked_0","lClicked_1","condition"
"0239-7",0,0,0,1,0,42,0,1476988860431,"true",1,0,"close"
"0239-7",0,1,2,0,1,48,1,1476988945329,"true",0,0,"far"
"0239-7",1,0,0,0,2,43,0,1476988878581,"true",1,0,"split"
"0239-7",0,0,1,1,0,49,0,1476988973203,"true",0,1,"far"
"0239-7",0,0,2,1,0,24,1,1476988581514,"true",0,0,"far"
"0239-7",1,0,0,0,2,25,0,1476988597366,"true",1,0,"close"
"0239-7",0,0,2,1,0,26,1,1476988608982,"true",0,0,"split"
"0239-7",0,1,1,0,1,27,0,1476988621264,"true",0,1,"close"
"0239-7",0,0,0,1,0,20,0,1476988485773,"true",1,0,"close"
"0239-7",0,0,1,1,0,21,0,1476988510573,"true",0,1,"far"
"0239-7",0,1,1,0,1,22,0,1476988557228,"true",0,1,"split"
"0239-7",1,0,2,0,2,23,1,1476988566581,"true",0,0,"close"
"0239-7",0,0,1,1,0,46,0,1476988925567,"true",0,1,"far"
"0239-7",0,0,2,1,0,47,1,1476988938570,"true",0,0,"split"
"0239-7",0,1,1,0,1,44,0,1476988910952,"true",0,1,"split"
"0239-7",0,0,1,1,0,45,0,1476988918397,"true",0,1,"far"
"0239-7",1,0,2,0,2,28,1,1476988629067,"true",0,0,"far"
"0239-7",0,1,0,0,1,29,0,1476988640364,"true",1,0,"far"
"0239-7",0,1,1,0,1,40,0,1476988815176,"true",0,1,"close"
"0239-7",0,0,0,1,0,41,0,1476988834006,"true",1,0,"split"
"0239-7",0,1,0,0,1,1,0,1476988093984,"true",1,0,"close"
"0239-7",0,0,0,1,0,3,0,1476988149364,"true",1,0,"far"
"0239-7",0,1,2,0,1,2,1,1476988118849,"true",0,0,"split"
"0239-7",1,0,1,0,2,5,0,1476988166815,"true",0,1,"close"
"0239-7",1,0,1,0,2,4,0,1476988156497,"true",0,1,"close"
"0239-7",0,1,1,0,1,7,0,1476988230272,"true",0,1,"close"
"0239-7",0,0,0,1,0,6,0,1476988191430,"true",1,0,"close"
"0239-7",1,0,1,0,2,9,0,1476988251278,"true",0,1,"close"
"0239-7",1,0,0,0,2,8,0,1476988239288,"true",1,0,"split"
"0239-7",1,0,2,0,2,39,1,1476988787748,"true",0,0,"split"
"0239-7",1,0,1,0,2,38,0,1476988767923,"true",0,1,"far"
"0239-7",1,0,0,0,2,11,0,1476988264759,"true",1,0,"far"
"0239-7",1,0,1,0,2,10,0,1476988258008,"true",0,1,"far"
"0239-7",1,0,2,0,2,13,1,1476988354719,"true",0,0,"close"
"0239-7",1,0,0,0,2,12,0,1476988271575,"true",1,0,"far"
"0239-7",0,0,0,1,0,15,0,1476988379817,"false",1,0,"close"
"0239-7",0,0,1,1,0,14,0,1476988362594,"true",0,1,"far"
"0239-7",1,0,2,0,2,17,1,1476988417930,"true",0,0,"close"
"0239-7",0,0,2,1,0,16,1,1476988390254,"true",0,0,"split"
"0239-7",0,0,1,1,0,19,0,1476988442055,"true",0,1,"far"
"0239-7",0,1,0,0,1,18,0,1476988433985,"true",1,0,"far"
"0239-7",0,0,2,1,0,31,1,1476988684232,"true",0,0,"split"
"0239-7",0,0,1,1,0,30,0,1476988660455,"true",0,1,"split"
"0239-7",0,0,1,1,0,37,0,1476988761570,"true",0,1,"split"
"0239-7",0,1,1,0,1,36,0,1476988751328,"true",0,1,"close"
"0239-7",1,0,2,0,2,35,1,1476988737482,"true",0,0,"far"
"0239-7",1,0,2,0,2,34,1,1476988730463,"true",0,0,"close"
"0239-7",0,0,1,1,0,33,0,1476988720380,"true",0,1,"split"
"0239-7",0,0,1,1,0,32,0,1476988704483,"true",0,1,"split"
"0239-7",0,0,2,1,0,50,1,1476988984095,"true",0,0,"split"
