"gameid","sClicked_2","sClicked_1","lClickedIndex","sClicked_0","sClickedIndex","roundNum","lClicked_2","time","outcome","lClicked_0","lClicked_1","condition"
"0249-2",1,0,2,0,2,42,1,1476991361714,"true",0,0,"split"
"0249-2",1,0,1,0,2,48,0,1476991423333,"true",0,1,"close"
"0249-2",0,1,0,0,1,43,0,1476991375517,"false",1,0,"close"
"0249-2",0,0,0,1,0,49,0,1476991461581,"false",1,0,"close"
"0249-2",0,1,0,0,1,24,0,1476990942742,"true",1,0,"close"
"0249-2",0,0,2,1,0,25,1,1476990970734,"true",0,0,"close"
"0249-2",0,0,2,1,0,26,1,1476990986020,"true",0,0,"split"
"0249-2",1,0,1,0,2,27,0,1476991001204,"true",0,1,"far"
"0249-2",0,1,1,0,1,20,0,1476990878835,"true",0,1,"far"
"0249-2",0,1,0,0,1,21,0,1476990886971,"true",1,0,"far"
"0249-2",0,0,1,1,0,22,0,1476990897739,"false",0,1,"split"
"0249-2",0,0,0,1,0,23,0,1476990906087,"true",1,0,"far"
"0249-2",0,0,2,1,0,46,1,1476991403819,"true",0,0,"far"
"0249-2",0,0,1,1,0,47,0,1476991412872,"true",0,1,"far"
"0249-2",0,0,1,1,0,44,0,1476991382974,"true",0,1,"far"
"0249-2",0,0,2,1,0,45,1,1476991396127,"true",0,0,"far"
"0249-2",0,0,0,1,0,28,0,1476991029837,"false",1,0,"close"
"0249-2",0,0,1,1,0,29,0,1476991043090,"true",0,1,"split"
"0249-2",0,0,2,1,0,40,1,1476991298299,"true",0,0,"split"
"0249-2",0,0,2,1,0,41,1,1476991347635,"false",0,0,"close"
"0249-2",0,0,2,1,0,1,1,1476990595302,"true",0,0,"close"
"0249-2",0,1,2,0,1,3,1,1476990616839,"true",0,0,"far"
"0249-2",0,0,2,1,0,2,1,1476990608454,"true",0,0,"close"
"0249-2",0,0,2,1,0,5,1,1476990638606,"true",0,0,"far"
"0249-2",0,1,0,0,1,4,0,1476990627940,"true",1,0,"close"
"0249-2",1,0,1,0,2,7,0,1476990674236,"true",0,1,"split"
"0249-2",0,0,2,1,0,6,1,1476990652964,"true",0,0,"far"
"0249-2",0,0,2,1,0,9,1,1476990716039,"true",0,0,"close"
"0249-2",0,1,2,0,1,8,1,1476990701456,"false",0,0,"close"
"0249-2",1,0,0,0,2,39,0,1476991261031,"true",1,0,"split"
"0249-2",1,0,1,0,2,38,0,1476991250529,"true",0,1,"far"
"0249-2",1,0,0,0,2,11,0,1476990772344,"false",1,0,"close"
"0249-2",0,1,2,0,1,10,1,1476990726816,"true",0,0,"split"
"0249-2",0,1,1,0,1,13,0,1476990791244,"true",0,1,"far"
"0249-2",0,1,2,0,1,12,1,1476990782481,"true",0,0,"split"
"0249-2",0,1,0,0,1,15,0,1476990805674,"true",1,0,"far"
"0249-2",0,1,1,0,1,14,0,1476990797963,"true",0,1,"split"
"0249-2",0,0,2,1,0,17,1,1476990830065,"true",0,0,"far"
"0249-2",0,0,2,1,0,16,1,1476990818632,"true",0,0,"close"
"0249-2",0,1,0,0,1,19,0,1476990864407,"false",1,0,"close"
"0249-2",0,0,0,1,0,18,0,1476990838155,"true",1,0,"split"
"0249-2",1,0,1,0,2,31,0,1476991059435,"true",0,1,"far"
"0249-2",1,0,2,0,2,30,1,1476991051187,"true",0,0,"split"
"0249-2",0,0,1,1,0,37,0,1476991221548,"true",0,1,"close"
"0249-2",0,1,0,0,1,36,0,1476991179251,"true",1,0,"split"
"0249-2",0,1,1,0,1,35,0,1476991170117,"true",0,1,"split"
"0249-2",0,0,1,1,0,34,0,1476991113645,"true",0,1,"far"
"0249-2",1,0,0,0,2,33,0,1476991095518,"true",1,0,"close"
"0249-2",0,1,0,0,1,32,0,1476991083093,"true",1,0,"split"
"0249-2",0,1,2,0,1,50,1,1476991487083,"true",0,0,"split"
