"gameid","sClicked_2","sClicked_1","lClickedIndex","sClicked_0","sClickedIndex","roundNum","lClicked_2","time","outcome","lClicked_0","lClicked_1","condition"
"0255-b",0,1,1,0,1,42,0,1476499844724,"true",0,1,"far"
"0255-b",0,0,2,1,0,48,1,1476499934986,"true",0,0,"far"
"0255-b",0,0,1,1,0,43,0,1476499858158,"true",0,1,"far"
"0255-b",1,0,0,0,2,49,0,1476499954809,"true",1,0,"split"
"0255-b",0,0,1,1,0,24,0,1476499570959,"true",0,1,"far"
"0255-b",0,0,2,1,0,25,1,1476499583171,"true",0,0,"close"
"0255-b",0,0,2,1,0,26,1,1476499591794,"true",0,0,"far"
"0255-b",0,0,0,1,0,27,0,1476499608472,"true",1,0,"split"
"0255-b",0,1,2,0,1,20,1,1476499514160,"true",0,0,"far"
"0255-b",1,0,1,0,2,21,0,1476499538197,"true",0,1,"far"
"0255-b",0,0,2,1,0,22,1,1476499554637,"true",0,0,"split"
"0255-b",0,0,0,1,0,23,0,1476499562436,"true",1,0,"far"
"0255-b",0,0,1,1,0,46,0,1476499898847,"true",0,1,"split"
"0255-b",0,0,0,1,0,47,0,1476499926518,"true",1,0,"close"
"0255-b",1,0,0,0,2,44,0,1476499870077,"true",1,0,"far"
"0255-b",0,1,2,0,1,45,1,1476499885104,"true",0,0,"close"
"0255-b",1,0,0,0,2,28,0,1476499617889,"true",1,0,"split"
"0255-b",0,1,1,0,1,29,0,1476499632107,"true",0,1,"close"
"0255-b",0,1,2,0,1,40,1,1476499824530,"true",0,0,"far"
"0255-b",0,0,1,1,0,41,0,1476499835669,"false",0,1,"close"
"0255-b",0,1,1,0,1,1,0,1476499219895,"true",0,1,"close"
"0255-b",1,0,0,0,2,3,0,1476499250047,"true",1,0,"close"
"0255-b",0,0,2,1,0,2,1,1476499237754,"false",0,0,"split"
"0255-b",1,0,2,0,2,5,1,1476499300801,"true",0,0,"close"
"0255-b",1,0,0,0,2,4,0,1476499257921,"true",1,0,"far"
"0255-b",0,1,2,0,1,7,1,1476499328705,"true",0,0,"split"
"0255-b",0,0,1,1,0,6,0,1476499309820,"true",0,1,"close"
"0255-b",0,1,0,0,1,9,0,1476499364160,"false",1,0,"close"
"0255-b",0,1,0,0,1,8,0,1476499337574,"true",1,0,"split"
"0255-b",1,0,0,0,2,39,0,1476499816350,"true",1,0,"close"
"0255-b",0,0,2,1,0,38,1,1476499808369,"true",0,0,"split"
"0255-b",0,0,1,1,0,11,0,1476499386876,"true",0,1,"far"
"0255-b",0,0,0,1,0,10,0,1476499374787,"true",1,0,"far"
"0255-b",0,0,2,1,0,13,1,1476499419419,"true",0,0,"split"
"0255-b",1,0,0,0,2,12,0,1476499400458,"true",1,0,"split"
"0255-b",0,0,1,1,0,15,0,1476499435315,"true",0,1,"far"
"0255-b",1,0,0,0,2,14,0,1476499427328,"true",1,0,"split"
"0255-b",1,0,2,0,2,17,1,1476499473007,"true",0,0,"close"
"0255-b",0,1,0,0,1,16,0,1476499450071,"true",1,0,"split"
"0255-b",0,1,0,0,1,19,0,1476499506725,"true",1,0,"far"
"0255-b",0,1,0,0,1,18,0,1476499480777,"true",1,0,"far"
"0255-b",1,0,1,0,2,31,0,1476499659899,"true",0,1,"far"
"0255-b",1,0,0,0,2,30,0,1476499646902,"true",1,0,"close"
"0255-b",0,1,2,0,1,37,1,1476499799807,"false",0,0,"split"
"0255-b",1,0,2,0,2,36,1,1476499771747,"true",0,0,"close"
"0255-b",0,1,2,0,1,35,1,1476499741990,"true",0,0,"close"
"0255-b",0,0,2,1,0,34,1,1476499729007,"true",0,0,"close"
"0255-b",0,0,0,1,0,33,0,1476499704486,"true",1,0,"split"
"0255-b",0,0,0,1,0,32,0,1476499669814,"true",1,0,"close"
"0255-b",0,0,0,1,0,50,0,1476499962647,"true",1,0,"split"
