"gameid","sClicked_2","sClicked_1","lClickedIndex","sClicked_0","sClickedIndex","roundNum","lClicked_2","time","outcome","lClicked_0","lClicked_1","condition"
"0261-d",0,0,1,1,0,42,0,1476489867475,"false",0,1,"split"
"0261-d",1,0,0,0,2,48,0,1476489932898,"true",1,0,"far"
"0261-d",1,0,1,0,2,43,0,1476489877879,"true",0,1,"close"
"0261-d",0,1,2,0,1,49,1,1476489953090,"true",0,0,"split"
"0261-d",0,1,2,0,1,24,1,1476489644903,"true",0,0,"far"
"0261-d",0,0,0,1,0,25,0,1476489651730,"true",1,0,"far"
"0261-d",0,1,1,0,1,26,0,1476489662470,"true",0,1,"split"
"0261-d",0,0,1,1,0,27,0,1476489674494,"true",0,1,"close"
"0261-d",1,0,0,0,2,20,0,1476489608493,"true",1,0,"split"
"0261-d",0,1,1,0,1,21,0,1476489620600,"true",0,1,"far"
"0261-d",1,0,0,0,2,22,0,1476489631162,"true",1,0,"far"
"0261-d",1,0,0,0,2,23,0,1476489637791,"true",1,0,"far"
"0261-d",0,1,0,0,1,46,0,1476489904755,"true",1,0,"far"
"0261-d",1,0,0,0,2,47,0,1476489926724,"true",1,0,"split"
"0261-d",0,0,0,1,0,44,0,1476489887129,"true",1,0,"close"
"0261-d",0,1,0,0,1,45,0,1476489896313,"true",1,0,"far"
"0261-d",1,0,1,0,2,28,0,1476489681275,"true",0,1,"far"
"0261-d",0,1,0,0,1,29,0,1476489694410,"true",1,0,"split"
"0261-d",0,0,1,1,0,40,0,1476489842639,"true",0,1,"split"
"0261-d",0,0,1,1,0,41,0,1476489852103,"true",0,1,"far"
"0261-d",1,0,2,0,2,1,1,1476489365704,"true",0,0,"split"
"0261-d",0,0,0,1,0,3,0,1476489384286,"true",1,0,"close"
"0261-d",0,0,0,1,0,2,0,1476489376391,"true",1,0,"far"
"0261-d",0,0,0,1,0,5,0,1476489433149,"false",1,0,"close"
"0261-d",0,1,1,0,1,4,0,1476489398063,"true",0,1,"close"
"0261-d",0,0,0,1,0,7,0,1476489453788,"true",1,0,"far"
"0261-d",0,1,2,0,1,6,1,1476489445763,"true",0,0,"close"
"0261-d",0,1,1,0,1,9,0,1476489475060,"true",0,1,"close"
"0261-d",1,0,0,0,2,8,0,1476489464867,"true",1,0,"far"
"0261-d",1,0,1,0,2,39,0,1476489828986,"true",0,1,"close"
"0261-d",0,0,0,1,0,38,0,1476489811052,"true",1,0,"close"
"0261-d",0,1,2,0,1,11,1,1476489496005,"true",0,0,"split"
"0261-d",1,0,2,0,2,10,1,1476489484356,"true",0,0,"split"
"0261-d",0,0,0,1,0,13,0,1476489515575,"false",1,0,"close"
"0261-d",1,0,1,0,2,12,0,1476489504264,"true",0,1,"split"
"0261-d",0,0,2,1,0,15,1,1476489551808,"true",0,0,"split"
"0261-d",0,1,0,0,1,14,0,1476489541679,"true",1,0,"close"
"0261-d",0,1,1,0,1,17,0,1476489572514,"true",0,1,"close"
"0261-d",1,0,1,0,2,16,0,1476489564590,"true",0,1,"split"
"0261-d",0,0,2,1,0,19,1,1476489593347,"true",0,0,"far"
"0261-d",1,0,0,0,2,18,0,1476489585574,"false",1,0,"close"
"0261-d",1,0,0,0,2,31,0,1476489712733,"true",1,0,"split"
"0261-d",1,0,0,0,2,30,0,1476489703508,"true",1,0,"split"
"0261-d",0,1,2,0,1,37,1,1476489794648,"true",0,0,"close"
"0261-d",0,0,2,1,0,36,1,1476489777654,"true",0,0,"far"
"0261-d",0,0,2,1,0,35,1,1476489763234,"true",0,0,"close"
"0261-d",0,0,0,1,0,34,0,1476489742239,"false",1,0,"split"
"0261-d",0,0,1,1,0,33,0,1476489731134,"true",0,1,"split"
"0261-d",0,0,0,1,0,32,0,1476489721299,"true",1,0,"far"
"0261-d",0,0,0,1,0,50,0,1476489981827,"true",1,0,"far"
