"gameid","sClicked_2","sClicked_1","lClickedIndex","sClicked_0","sClickedIndex","roundNum","lClicked_2","time","outcome","lClicked_0","lClicked_1","condition"
"0265-e",1,0,0,0,2,42,0,1476990851052,"true",1,0,"far"
"0265-e",1,0,0,0,2,48,0,1476990970859,"true",1,0,"split"
"0265-e",0,1,2,0,1,43,1,1476990870139,"true",0,0,"far"
"0265-e",0,1,2,0,1,49,1,1476990992572,"true",0,0,"close"
"0265-e",0,0,0,1,0,24,0,1476990357752,"true",1,0,"close"
"0265-e",0,1,0,0,1,25,0,1476990394804,"true",1,0,"close"
"0265-e",1,0,0,0,2,26,0,1476990456645,"false",1,0,"split"
"0265-e",1,0,0,0,2,27,0,1476990476258,"true",1,0,"far"
"0265-e",0,1,1,0,1,20,0,1476990191400,"true",0,1,"far"
"0265-e",0,1,2,0,1,21,1,1476990215299,"true",0,0,"far"
"0265-e",0,0,2,1,0,22,1,1476990286514,"true",0,0,"close"
"0265-e",0,1,2,0,1,23,1,1476990332572,"false",0,0,"split"
"0265-e",1,0,1,0,2,46,0,1476990919322,"true",0,1,"far"
"0265-e",0,0,0,1,0,47,0,1476990943313,"false",1,0,"close"
"0265-e",1,0,0,0,2,44,0,1476990888896,"true",1,0,"close"
"0265-e",0,1,2,0,1,45,1,1476990904861,"true",0,0,"split"
"0265-e",1,0,2,0,2,28,1,1476990507182,"true",0,0,"split"
"0265-e",1,0,2,0,2,29,1,1476990536886,"true",0,0,"close"
"0265-e",0,1,2,0,1,40,1,1476990798664,"true",0,0,"split"
"0265-e",0,0,2,1,0,41,1,1476990819577,"true",0,0,"split"
"0265-e",1,0,0,0,2,1,0,1476989703967,"false",1,0,"close"
"0265-e",0,1,0,0,1,3,0,1476989751765,"false",1,0,"close"
"0265-e",1,0,1,0,2,2,0,1476989721890,"false",0,1,"far"
"0265-e",0,1,1,0,1,5,0,1476989796897,"true",0,1,"split"
"0265-e",0,1,2,0,1,4,1,1476989768858,"true",0,0,"split"
"0265-e",0,1,1,0,1,7,0,1476989839626,"true",0,1,"split"
"0265-e",0,1,1,0,1,6,0,1476989817858,"true",0,1,"far"
"0265-e",0,0,2,1,0,9,1,1476989906620,"true",0,0,"close"
"0265-e",0,0,1,1,0,8,0,1476989883082,"true",0,1,"split"
"0265-e",0,1,1,0,1,39,0,1476990770130,"true",0,1,"split"
"0265-e",0,0,1,1,0,38,0,1476990754039,"true",0,1,"split"
"0265-e",0,1,0,0,1,11,0,1476989972217,"true",1,0,"far"
"0265-e",0,1,0,0,1,10,0,1476989934848,"true",1,0,"far"
"0265-e",0,1,0,0,1,13,0,1476990014643,"true",1,0,"close"
"0265-e",0,0,2,1,0,12,1,1476990000014,"true",0,0,"close"
"0265-e",1,0,1,0,2,15,0,1476990039445,"true",0,1,"split"
"0265-e",1,0,1,0,2,14,0,1476990025603,"true",0,1,"far"
"0265-e",0,0,0,1,0,17,0,1476990102254,"true",1,0,"far"
"0265-e",1,0,2,0,2,16,1,1476990067653,"false",0,0,"close"
"0265-e",0,1,1,0,1,19,0,1476990168113,"true",0,1,"split"
"0265-e",0,1,0,0,1,18,0,1476990142016,"true",1,0,"far"
"0265-e",0,0,2,1,0,31,1,1476990581785,"true",0,0,"far"
"0265-e",0,1,1,0,1,30,0,1476990560414,"true",0,1,"close"
"0265-e",0,0,1,1,0,37,0,1476990736005,"true",0,1,"far"
"0265-e",0,0,0,1,0,36,0,1476990697590,"true",1,0,"far"
"0265-e",0,1,0,0,1,35,0,1476990674337,"true",1,0,"split"
"0265-e",0,0,2,1,0,34,1,1476990656362,"false",0,0,"split"
"0265-e",0,1,2,0,1,33,1,1476990635072,"true",0,0,"far"
"0265-e",0,1,0,0,1,32,0,1476990612434,"true",1,0,"close"
"0265-e",0,1,2,0,1,50,1,1476991017406,"true",0,0,"close"
