"gameid","sClicked_2","sClicked_1","lClickedIndex","sClicked_0","sClickedIndex","roundNum","lClicked_2","time","outcome","lClicked_0","lClicked_1","condition"
"0283-7",1,0,2,0,2,42,1,1476501554945,"true",0,0,"split"
"0283-7",1,0,1,0,2,48,0,1476501614374,"true",0,1,"far"
"0283-7",0,1,1,0,1,43,0,1476501562158,"true",0,1,"split"
"0283-7",1,0,0,0,2,49,0,1476501627781,"true",1,0,"split"
"0283-7",1,0,2,0,2,24,1,1476501324023,"true",0,0,"close"
"0283-7",0,1,0,0,1,25,0,1476501348516,"true",1,0,"far"
"0283-7",0,1,1,0,1,26,0,1476501360460,"true",0,1,"close"
"0283-7",1,0,0,0,2,27,0,1476501373784,"true",1,0,"far"
"0283-7",1,0,2,0,2,20,1,1476501292266,"true",0,0,"far"
"0283-7",0,0,0,1,0,21,0,1476501300272,"true",1,0,"far"
"0283-7",0,1,2,0,1,22,1,1476501308033,"true",0,0,"far"
"0283-7",1,0,0,0,2,23,0,1476501315554,"true",1,0,"far"
"0283-7",0,1,1,0,1,46,0,1476501596911,"false",0,1,"close"
"0283-7",1,0,0,0,2,47,0,1476501606507,"true",1,0,"split"
"0283-7",1,0,2,0,2,44,1,1476501570031,"true",0,0,"far"
"0283-7",0,1,1,0,1,45,0,1476501578485,"true",0,1,"far"
"0283-7",0,1,0,0,1,28,0,1476501390572,"true",1,0,"close"
"0283-7",1,0,2,0,2,29,1,1476501412845,"true",0,0,"close"
"0283-7",0,0,1,1,0,40,0,1476501537119,"false",0,1,"close"
"0283-7",1,0,1,0,2,41,0,1476501546734,"true",0,1,"split"
"0283-7",0,1,2,0,1,1,1,1476500984567,"true",0,0,"far"
"0283-7",0,0,1,1,0,3,0,1476501026497,"true",0,1,"split"
"0283-7",0,1,1,0,1,2,0,1476501016257,"false",0,1,"split"
"0283-7",0,1,2,0,1,5,1,1476501066055,"true",0,0,"split"
"0283-7",0,0,1,1,0,4,0,1476501047911,"true",0,1,"close"
"0283-7",0,0,0,1,0,7,0,1476501088903,"true",1,0,"far"
"0283-7",1,0,2,0,2,6,1,1476501081814,"true",0,0,"far"
"0283-7",0,0,2,1,0,9,1,1476501121616,"true",0,0,"split"
"0283-7",1,0,1,0,2,8,0,1476501102206,"true",0,1,"split"
"0283-7",0,1,0,0,1,39,0,1476501528151,"true",1,0,"close"
"0283-7",0,0,0,1,0,38,0,1476501518950,"true",1,0,"close"
"0283-7",0,0,2,1,0,11,1,1476501162265,"true",0,0,"split"
"0283-7",0,0,0,1,0,10,0,1476501138092,"true",1,0,"far"
"0283-7",1,0,2,0,2,13,1,1476501189732,"true",0,0,"far"
"0283-7",1,0,0,0,2,12,0,1476501172974,"true",1,0,"split"
"0283-7",0,0,0,1,0,15,0,1476501214820,"true",1,0,"close"
"0283-7",0,1,2,0,1,14,1,1476501202824,"false",0,0,"close"
"0283-7",0,1,0,0,1,17,0,1476501249698,"true",1,0,"close"
"0283-7",0,1,1,0,1,16,0,1476501236066,"false",0,1,"close"
"0283-7",0,0,0,1,0,19,0,1476501283635,"true",1,0,"split"
"0283-7",0,1,0,0,1,18,0,1476501261166,"true",1,0,"split"
"0283-7",1,0,0,0,2,31,0,1476501437869,"true",1,0,"far"
"0283-7",1,0,2,0,2,30,1,1476501429894,"true",0,0,"close"
"0283-7",0,1,0,0,1,37,0,1476501504183,"true",1,0,"close"
"0283-7",0,0,1,1,0,36,0,1476501489243,"true",0,1,"far"
"0283-7",1,0,2,0,2,35,1,1476501481434,"true",0,0,"close"
"0283-7",0,1,0,0,1,34,0,1476501473242,"true",1,0,"split"
"0283-7",0,0,1,1,0,33,0,1476501465642,"true",0,1,"split"
"0283-7",1,0,0,0,2,32,0,1476501446917,"true",1,0,"split"
"0283-7",0,1,0,0,1,50,0,1476501652936,"true",1,0,"far"
