"gameid","sClicked_2","sClicked_1","lClickedIndex","sClicked_0","sClickedIndex","roundNum","lClicked_2","time","outcome","lClicked_0","lClicked_1","condition"
"0312-7",0,0,2,1,0,42,1,1476468631668,"true",0,0,"far"
"0312-7",0,0,2,1,0,48,1,1476468839918,"true",0,0,"close"
"0312-7",0,1,0,0,1,50,0,1476468902456,"true",1,0,"split"
"0312-7",0,0,1,1,0,49,0,1476468864588,"true",0,1,"split"
"0312-7",0,1,2,0,1,24,1,1476468273570,"true",0,0,"split"
"0312-7",0,1,0,0,1,25,0,1476468284660,"true",1,0,"far"
"0312-7",1,0,1,0,2,27,0,1476468326072,"true",0,1,"far"
"0312-7",1,0,1,0,2,20,0,1476468169204,"true",0,1,"close"
"0312-7",0,0,2,1,0,21,1,1476468213329,"true",0,0,"close"
"0312-7",0,1,0,0,1,22,0,1476468226450,"true",1,0,"close"
"0312-7",0,0,1,1,0,23,0,1476468235628,"true",0,1,"split"
"0312-7",0,0,2,1,0,46,1,1476468795030,"true",0,0,"close"
"0312-7",0,1,2,0,1,47,1,1476468809354,"true",0,0,"far"
"0312-7",0,0,1,1,0,45,0,1476468771723,"true",0,1,"far"
"0312-7",0,0,1,1,0,28,0,1476468340557,"true",0,1,"far"
"0312-7",0,0,1,1,0,29,0,1476468375476,"true",0,1,"split"
"0312-7",0,1,0,0,1,40,0,1476468598365,"true",1,0,"far"
"0312-7",1,0,0,0,2,41,0,1476468621354,"true",1,0,"far"
"0312-7",0,0,0,1,0,1,0,1476467698550,"true",1,0,"far"
"0312-7",0,1,1,0,1,3,0,1476467727156,"true",0,1,"split"
"0312-7",0,1,0,0,1,2,0,1476467716807,"false",1,0,"close"
"0312-7",0,1,2,0,1,5,1,1476467761554,"true",0,0,"far"
"0312-7",1,0,1,0,2,4,0,1476467752112,"true",0,1,"split"
"0312-7",0,0,2,1,0,7,1,1476467808400,"true",0,0,"close"
"0312-7",0,0,0,1,0,6,0,1476467792223,"true",1,0,"far"
"0312-7",0,0,1,1,0,9,0,1476467859872,"true",0,1,"close"
"0312-7",0,0,2,1,0,39,1,1476468588758,"true",0,0,"split"
"0312-7",0,0,2,1,0,38,1,1476468575646,"true",0,0,"far"
"0312-7",0,1,1,0,1,10,0,1476467914218,"true",0,1,"close"
"0312-7",1,0,0,0,2,13,0,1476468008633,"true",1,0,"split"
"0312-7",0,1,2,0,1,12,1,1476467990324,"true",0,0,"close"
"0312-7",0,1,1,0,1,15,0,1476468051578,"true",0,1,"close"
"0312-7",0,0,0,1,0,14,0,1476468019095,"true",1,0,"far"
"0312-7",0,0,1,1,0,16,0,1476468062103,"true",0,1,"far"
"0312-7",0,0,2,1,0,19,1,1476468119203,"true",0,0,"split"
"0312-7",1,0,0,0,2,18,0,1476468109933,"true",1,0,"close"
"0312-7",0,1,0,0,1,31,0,1476468423960,"true",1,0,"split"
"0312-7",1,0,0,0,2,30,0,1476468411836,"true",1,0,"close"
"0312-7",1,0,0,0,2,37,0,1476468566721,"true",1,0,"split"
"0312-7",0,0,2,1,0,36,1,1476468513709,"true",0,0,"split"
"0312-7",1,0,2,0,2,35,1,1476468486858,"true",0,0,"split"
"0312-7",0,0,1,1,0,34,0,1476468468648,"true",0,1,"far"
"0312-7",1,0,1,0,2,33,0,1476468457611,"true",0,1,"split"
"0312-7",0,0,1,1,0,32,0,1476468436046,"true",0,1,"far"
