"gameid","sClicked_2","sClicked_1","lClickedIndex","sClicked_0","sClickedIndex","roundNum","lClicked_2","time","outcome","lClicked_0","lClicked_1","condition"
"0315-b",1,0,2,0,2,42,1,1476500820941,"true",0,0,"far"
"0315-b",0,0,0,1,0,48,0,1476500981434,"true",1,0,"far"
"0315-b",0,0,2,1,0,43,1,1476500875994,"true",0,0,"close"
"0315-b",0,0,0,1,0,49,0,1476500998792,"false",1,0,"far"
"0315-b",1,0,1,0,2,24,0,1476500088512,"false",0,1,"close"
"0315-b",1,0,0,0,2,25,0,1476500099233,"true",1,0,"far"
"0315-b",0,1,0,0,1,26,0,1476500152286,"false",1,0,"split"
"0315-b",1,0,2,0,2,27,1,1476500178996,"true",0,0,"split"
"0315-b",0,0,1,1,0,20,0,1476499997546,"false",0,1,"close"
"0315-b",0,0,0,1,0,21,0,1476500010432,"true",1,0,"far"
"0315-b",1,0,2,0,2,22,1,1476500020597,"true",0,0,"far"
"0315-b",0,0,0,1,0,23,0,1476500039841,"true",1,0,"far"
"0315-b",1,0,2,0,2,46,1,1476500962631,"true",0,0,"split"
"0315-b",0,1,2,0,1,47,1,1476500972997,"true",0,0,"split"
"0315-b",1,0,1,0,2,44,0,1476500887451,"true",0,1,"split"
"0315-b",1,0,1,0,2,45,0,1476500943337,"true",0,1,"close"
"0315-b",1,0,2,0,2,28,1,1476500203528,"true",0,0,"far"
"0315-b",1,0,0,0,2,29,0,1476500284064,"true",1,0,"far"
"0315-b",0,1,2,0,1,40,1,1476500731785,"true",0,0,"far"
"0315-b",1,0,2,0,2,41,1,1476500791937,"true",0,0,"split"
"0315-b",0,0,1,1,0,1,0,1476499384514,"true",0,1,"close"
"0315-b",1,0,2,0,2,3,1,1476499434873,"true",0,0,"close"
"0315-b",1,0,1,0,2,2,0,1476499402419,"true",0,1,"split"
"0315-b",0,1,2,0,1,5,1,1476499500930,"false",0,0,"split"
"0315-b",0,0,2,1,0,4,1,1476499484081,"true",0,0,"close"
"0315-b",0,1,0,0,1,7,0,1476499546447,"true",1,0,"close"
"0315-b",1,0,1,0,2,6,0,1476499522998,"true",0,1,"far"
"0315-b",1,0,1,0,2,9,0,1476499582300,"true",0,1,"close"
"0315-b",0,0,1,1,0,8,0,1476499567483,"true",0,1,"far"
"0315-b",0,0,2,1,0,39,1,1476500720256,"true",0,0,"split"
"0315-b",0,0,0,1,0,38,0,1476500689781,"false",1,0,"split"
"0315-b",0,1,0,0,1,11,0,1476499652428,"true",1,0,"close"
"0315-b",0,1,2,0,1,10,1,1476499633763,"true",0,0,"split"
"0315-b",0,0,2,1,0,13,1,1476499725332,"true",0,0,"close"
"0315-b",0,0,0,1,0,12,0,1476499686237,"false",1,0,"split"
"0315-b",1,0,0,0,2,15,0,1476499790869,"true",1,0,"far"
"0315-b",1,0,2,0,2,14,1,1476499770423,"true",0,0,"split"
"0315-b",0,1,2,0,1,17,1,1476499827044,"true",0,0,"far"
"0315-b",0,0,0,1,0,16,0,1476499812184,"true",1,0,"close"
"0315-b",0,0,2,1,0,19,1,1476499919093,"false",0,0,"far"
"0315-b",1,0,1,0,2,18,0,1476499852600,"true",0,1,"far"
"0315-b",0,0,0,1,0,31,0,1476500455101,"true",1,0,"close"
"0315-b",1,0,1,0,2,30,0,1476500402983,"true",0,1,"close"
"0315-b",1,0,2,0,2,37,1,1476500643344,"true",0,0,"far"
"0315-b",1,0,2,0,2,36,1,1476500606534,"true",0,0,"split"
"0315-b",0,1,1,0,1,35,0,1476500590097,"true",0,1,"close"
"0315-b",1,0,2,0,2,34,1,1476500563788,"true",0,0,"split"
"0315-b",0,0,1,1,0,33,0,1476500533904,"true",0,1,"close"
"0315-b",1,0,1,0,2,32,0,1476500485111,"true",0,1,"close"
"0315-b",1,0,0,0,2,50,0,1476501025173,"true",1,0,"split"
