"gameid","sClicked_2","sClicked_1","lClickedIndex","sClicked_0","sClickedIndex","roundNum","lClicked_2","time","outcome","lClicked_0","lClicked_1","condition"
"0322-8",1,0,2,0,2,42,1,1476989637284,"true",0,0,"close"
"0322-8",0,1,2,0,1,48,1,1476989716333,"true",0,0,"split"
"0322-8",1,0,1,0,2,43,0,1476989647525,"true",0,1,"far"
"0322-8",0,0,1,1,0,49,0,1476989726797,"true",0,1,"far"
"0322-8",0,1,0,0,1,24,0,1476989410979,"true",1,0,"split"
"0322-8",0,1,2,0,1,25,1,1476989423855,"true",0,0,"close"
"0322-8",1,0,1,0,2,26,0,1476989433762,"false",0,1,"far"
"0322-8",0,1,1,0,1,27,0,1476989444023,"true",0,1,"far"
"0322-8",1,0,0,0,2,20,0,1476989379663,"true",1,0,"close"
"0322-8",0,1,0,0,1,21,0,1476989388883,"true",1,0,"close"
"0322-8",0,1,1,0,1,22,0,1476989395982,"true",0,1,"far"
"0322-8",0,1,1,0,1,23,0,1476989401767,"true",0,1,"close"
"0322-8",0,1,0,0,1,46,0,1476989699622,"true",1,0,"close"
"0322-8",0,1,1,0,1,47,0,1476989706882,"true",0,1,"split"
"0322-8",0,1,0,0,1,44,0,1476989658931,"true",1,0,"close"
"0322-8",0,0,0,1,0,45,0,1476989670751,"true",1,0,"split"
"0322-8",0,1,0,0,1,28,0,1476989450173,"true",1,0,"split"
"0322-8",1,0,0,0,2,29,0,1476989461054,"true",1,0,"close"
"0322-8",0,1,0,0,1,40,0,1476989591759,"true",1,0,"far"
"0322-8",0,1,0,0,1,41,0,1476989619740,"true",1,0,"close"
"0322-8",1,0,0,0,2,1,0,1476989162515,"true",1,0,"close"
"0322-8",0,0,0,1,0,3,0,1476989181076,"true",1,0,"far"
"0322-8",1,0,0,0,2,2,0,1476989174004,"true",1,0,"split"
"0322-8",0,0,2,1,0,5,1,1476989199838,"true",0,0,"split"
"0322-8",1,0,0,0,2,4,0,1476989192001,"true",1,0,"far"
"0322-8",1,0,1,0,2,7,0,1476989216864,"true",0,1,"split"
"0322-8",1,0,1,0,2,6,0,1476989208968,"true",0,1,"far"
"0322-8",0,1,1,0,1,9,0,1476989240174,"false",0,1,"split"
"0322-8",1,0,1,0,2,8,0,1476989229636,"true",0,1,"close"
"0322-8",0,0,1,1,0,39,0,1476989585583,"true",0,1,"split"
"0322-8",0,0,0,1,0,38,0,1476989573510,"true",1,0,"far"
"0322-8",1,0,0,0,2,11,0,1476989261931,"true",1,0,"close"
"0322-8",0,0,0,1,0,10,0,1476989252545,"true",1,0,"close"
"0322-8",0,1,2,0,1,13,1,1476989277062,"true",0,0,"far"
"0322-8",0,1,1,0,1,12,0,1476989270648,"true",0,1,"far"
"0322-8",0,1,1,0,1,15,0,1476989307005,"true",0,1,"split"
"0322-8",1,0,0,0,2,14,0,1476989293126,"true",1,0,"close"
"0322-8",1,0,0,0,2,17,0,1476989341165,"true",1,0,"close"
"0322-8",0,1,0,0,1,16,0,1476989322327,"true",1,0,"close"
"0322-8",0,1,1,0,1,19,0,1476989367184,"true",0,1,"split"
"0322-8",0,1,0,0,1,18,0,1476989352497,"true",1,0,"close"
"0322-8",0,0,2,1,0,31,1,1476989480123,"true",0,0,"far"
"0322-8",0,0,0,1,0,30,0,1476989473662,"true",1,0,"split"
"0322-8",0,0,0,1,0,37,0,1476989567613,"true",1,0,"far"
"0322-8",0,0,1,1,0,36,0,1476989545660,"true",0,1,"split"
"0322-8",1,0,2,0,2,35,1,1476989539182,"true",0,0,"far"
"0322-8",0,1,0,0,1,34,0,1476989532566,"true",1,0,"split"
"0322-8",1,0,1,0,2,33,0,1476989516301,"false",0,1,"far"
"0322-8",1,0,2,0,2,32,1,1476989499244,"true",0,0,"split"
"0322-8",0,1,0,0,1,50,0,1476989734109,"true",1,0,"far"
