"gameid","sClicked_2","sClicked_1","lClickedIndex","sClicked_0","sClickedIndex","roundNum","lClicked_2","time","outcome","lClicked_0","lClicked_1","condition"
"0331-f",0,1,2,0,1,42,1,1476991007115,"true",0,0,"close"
"0331-f",0,1,2,0,1,48,1,1476991087338,"true",0,0,"far"
"0331-f",0,1,0,0,1,43,0,1476991026898,"true",1,0,"close"
"0331-f",0,1,2,0,1,49,1,1476991099195,"false",0,0,"far"
"0331-f",1,0,2,0,2,24,1,1476990737711,"true",0,0,"close"
"0331-f",0,1,0,0,1,25,0,1476990768343,"true",1,0,"close"
"0331-f",0,1,2,0,1,26,1,1476990783066,"true",0,0,"close"
"0331-f",0,0,2,1,0,27,1,1476990811935,"true",0,0,"close"
"0331-f",1,0,2,0,2,20,1,1476990653838,"true",0,0,"far"
"0331-f",0,1,1,0,1,21,0,1476990668749,"true",0,1,"split"
"0331-f",0,1,0,0,1,22,0,1476990677431,"true",1,0,"close"
"0331-f",0,0,1,1,0,23,0,1476990712740,"true",0,1,"close"
"0331-f",0,0,2,1,0,46,1,1476991061708,"true",0,0,"split"
"0331-f",0,0,0,1,0,47,0,1476991079470,"true",1,0,"close"
"0331-f",0,0,2,1,0,44,1,1476991037816,"true",0,0,"far"
"0331-f",0,0,0,1,0,45,0,1476991050961,"true",1,0,"close"
"0331-f",0,1,2,0,1,28,1,1476990822565,"true",0,0,"far"
"0331-f",1,0,1,0,2,29,0,1476990829503,"true",0,1,"far"
"0331-f",0,0,0,1,0,40,0,1476990985839,"true",1,0,"close"
"0331-f",0,1,0,0,1,41,0,1476990992493,"true",1,0,"far"
"0331-f",0,1,2,0,1,1,1,1476990328980,"true",0,0,"close"
"0331-f",0,0,2,1,0,3,1,1476990354633,"true",0,0,"split"
"0331-f",0,0,0,1,0,2,0,1476990342808,"true",1,0,"split"
"0331-f",0,1,1,0,1,5,0,1476990417964,"true",0,1,"far"
"0331-f",0,1,2,0,1,4,1,1476990392185,"true",0,0,"close"
"0331-f",0,1,2,0,1,7,1,1476990445465,"true",0,0,"far"
"0331-f",0,1,2,0,1,6,1,1476990437354,"true",0,0,"split"
"0331-f",0,1,0,0,1,9,0,1476990482236,"true",1,0,"close"
"0331-f",0,1,1,0,1,8,0,1476990457819,"true",0,1,"far"
"0331-f",0,1,2,0,1,39,1,1476990943780,"true",0,0,"far"
"0331-f",0,1,0,0,1,38,0,1476990936985,"true",1,0,"far"
"0331-f",1,0,2,0,2,11,1,1476990500586,"true",0,0,"far"
"0331-f",0,0,1,1,0,10,0,1476990492415,"true",0,1,"split"
"0331-f",0,0,1,1,0,13,0,1476990552063,"true",0,1,"split"
"0331-f",1,0,0,0,2,12,0,1476990540924,"true",1,0,"close"
"0331-f",1,0,1,0,2,15,0,1476990590074,"true",0,1,"split"
"0331-f",0,0,2,1,0,14,1,1476990569220,"true",0,0,"split"
"0331-f",0,0,2,1,0,17,1,1476990610529,"true",0,0,"far"
"0331-f",0,1,2,0,1,16,1,1476990602999,"true",0,0,"far"
"0331-f",1,0,0,0,2,19,0,1476990646890,"true",1,0,"split"
"0331-f",1,0,2,0,2,18,1,1476990638615,"true",0,0,"close"
"0331-f",0,1,2,0,1,31,1,1476990866859,"true",0,0,"close"
"0331-f",0,1,1,0,1,30,0,1476990836683,"true",0,1,"split"
"0331-f",1,0,1,0,2,37,0,1476990930640,"false",0,1,"split"
"0331-f",0,0,2,1,0,36,1,1476990921924,"true",0,0,"split"
"0331-f",1,0,1,0,2,35,0,1476990909290,"true",0,1,"far"
"0331-f",0,1,2,0,1,34,1,1476990901364,"false",0,0,"split"
"0331-f",1,0,1,0,2,33,0,1476990880050,"false",0,1,"split"
"0331-f",1,0,1,0,2,32,0,1476990873574,"true",0,1,"split"
"0331-f",1,0,2,0,2,50,1,1476991125523,"true",0,0,"split"
