"gameid","sClicked_2","sClicked_1","lClickedIndex","sClicked_0","sClickedIndex","roundNum","lClicked_2","time","outcome","lClicked_0","lClicked_1","condition"
"0365-1",0,0,0,1,0,42,0,1476468278566,"true",1,0,"split"
"0365-1",0,0,0,1,0,48,0,1476468349696,"false",1,0,"split"
"0365-1",0,1,2,0,1,43,1,1476468285214,"true",0,0,"far"
"0365-1",1,0,0,0,2,49,0,1476468359656,"true",1,0,"close"
"0365-1",0,0,2,1,0,24,1,1476468078898,"true",0,0,"far"
"0365-1",0,1,2,0,1,25,1,1476468087795,"true",0,0,"split"
"0365-1",0,1,2,0,1,26,1,1476468096364,"true",0,0,"close"
"0365-1",0,0,1,1,0,27,0,1476468110555,"false",0,1,"close"
"0365-1",0,0,0,1,0,20,0,1476468039937,"true",1,0,"split"
"0365-1",1,0,2,0,2,21,1,1476468047641,"true",0,0,"far"
"0365-1",0,1,0,0,1,22,0,1476468062955,"true",1,0,"far"
"0365-1",1,0,2,0,2,23,1,1476468071842,"true",0,0,"split"
"0365-1",1,0,1,0,2,46,0,1476468319431,"false",0,1,"close"
"0365-1",1,0,2,0,2,47,1,1476468335119,"true",0,0,"far"
"0365-1",0,1,1,0,1,44,0,1476468296046,"true",0,1,"split"
"0365-1",0,1,2,0,1,45,1,1476468309863,"false",0,0,"close"
"0365-1",1,0,2,0,2,28,1,1476468119947,"true",0,0,"split"
"0365-1",0,0,0,1,0,29,0,1476468130475,"true",1,0,"close"
"0365-1",0,1,0,0,1,40,0,1476468262254,"true",1,0,"split"
"0365-1",0,1,2,0,1,41,1,1476468270414,"true",0,0,"far"
"0365-1",0,1,2,0,1,1,1,1476467791558,"true",0,0,"close"
"0365-1",0,1,1,0,1,3,0,1476467805733,"true",0,1,"close"
"0365-1",0,1,2,0,1,2,1,1476467799045,"true",0,0,"far"
"0365-1",0,0,1,1,0,5,0,1476467853510,"true",0,1,"close"
"0365-1",1,0,0,0,2,4,0,1476467843318,"false",1,0,"split"
"0365-1",0,1,0,0,1,7,0,1476467875215,"true",1,0,"far"
"0365-1",0,0,0,1,0,6,0,1476467868359,"true",1,0,"far"
"0365-1",1,0,1,0,2,9,0,1476467906071,"true",0,1,"far"
"0365-1",0,1,0,0,1,8,0,1476467897000,"false",1,0,"far"
"0365-1",1,0,1,0,2,39,0,1476468251285,"true",0,1,"far"
"0365-1",1,0,2,0,2,38,1,1476468243445,"true",0,0,"far"
"0365-1",0,1,2,0,1,11,1,1476467934248,"true",0,0,"split"
"0365-1",0,0,0,1,0,10,0,1476467920632,"false",1,0,"close"
"0365-1",0,1,1,0,1,13,0,1476467957488,"true",0,1,"split"
"0365-1",0,0,1,1,0,12,0,1476467945880,"true",0,1,"split"
"0365-1",0,0,1,1,0,15,0,1476467971904,"true",0,1,"far"
"0365-1",1,0,1,0,2,14,0,1476467965376,"true",0,1,"close"
"0365-1",0,0,1,1,0,17,0,1476467989105,"true",0,1,"split"
"0365-1",0,1,0,0,1,16,0,1476467981584,"true",1,0,"split"
"0365-1",0,0,2,1,0,19,1,1476468013913,"false",0,0,"close"
"0365-1",1,0,1,0,2,18,0,1476467999881,"true",0,1,"far"
"0365-1",0,0,1,1,0,31,0,1476468154300,"true",0,1,"close"
"0365-1",1,0,0,0,2,30,0,1476468139371,"true",1,0,"far"
"0365-1",1,0,2,0,2,37,1,1476468232005,"true",0,0,"far"
"0365-1",0,0,0,1,0,36,0,1476468222573,"true",1,0,"close"
"0365-1",1,0,0,0,2,35,0,1476468207716,"true",1,0,"split"
"0365-1",0,1,0,0,1,34,0,1476468190228,"true",1,0,"close"
"0365-1",1,0,0,0,2,33,0,1476468177844,"true",1,0,"close"
"0365-1",1,0,1,0,2,32,0,1476468164251,"false",0,1,"split"
"0365-1",1,0,2,0,2,50,1,1476468376040,"true",0,0,"split"
