"gameid","sClicked_2","sClicked_1","lClickedIndex","sClicked_0","sClickedIndex","roundNum","lClicked_2","time","outcome","lClicked_0","lClicked_1","condition"
"0373-5",0,0,2,1,0,42,1,1476992066803,"true",0,0,"far"
"0373-5",1,0,1,0,2,48,0,1476992118396,"true",0,1,"far"
"0373-5",0,1,1,0,1,43,0,1476992072957,"true",0,1,"split"
"0373-5",1,0,1,0,2,49,0,1476992124573,"true",0,1,"far"
"0373-5",0,0,1,1,0,24,0,1476991813055,"false",0,1,"close"
"0373-5",0,0,0,1,0,25,0,1476991821726,"true",1,0,"far"
"0373-5",0,1,0,0,1,26,0,1476991828550,"true",1,0,"far"
"0373-5",0,1,1,0,1,27,0,1476991839904,"true",0,1,"close"
"0373-5",0,1,2,0,1,20,1,1476991766862,"true",0,0,"split"
"0373-5",0,0,2,1,0,21,1,1476991775328,"true",0,0,"split"
"0373-5",0,0,2,1,0,22,1,1476991782465,"true",0,0,"split"
"0373-5",1,0,1,0,2,23,0,1476991793951,"true",0,1,"close"
"0373-5",0,0,2,1,0,46,1,1476992099149,"true",0,0,"far"
"0373-5",1,0,2,0,2,47,1,1476992110364,"true",0,0,"far"
"0373-5",1,0,2,0,2,44,1,1476992081214,"true",0,0,"split"
"0373-5",0,0,2,1,0,45,1,1476992088722,"true",0,0,"far"
"0373-5",0,0,0,1,0,28,0,1476991851861,"true",1,0,"close"
"0373-5",0,0,2,1,0,29,1,1476991865861,"true",0,0,"split"
"0373-5",0,0,2,1,0,40,1,1476992052716,"false",0,0,"close"
"0373-5",0,1,2,0,1,41,1,1476992060028,"true",0,0,"split"
"0373-5",1,0,2,0,2,1,1,1476991518869,"true",0,0,"split"
"0373-5",0,1,2,0,1,3,1,1476991575431,"true",0,0,"close"
"0373-5",1,0,2,0,2,2,1,1476991562900,"false",0,0,"split"
"0373-5",0,0,2,1,0,5,1,1476991600115,"true",0,0,"far"
"0373-5",1,0,0,0,2,4,0,1476991590840,"true",1,0,"split"
"0373-5",0,1,2,0,1,7,1,1476991619039,"true",0,0,"far"
"0373-5",0,1,2,0,1,6,1,1476991610977,"true",0,0,"split"
"0373-5",0,1,1,0,1,9,0,1476991638719,"true",0,1,"far"
"0373-5",1,0,2,0,2,8,1,1476991625976,"true",0,0,"far"
"0373-5",0,0,0,1,0,39,0,1476992026677,"false",1,0,"split"
"0373-5",0,1,1,0,1,38,0,1476992014077,"true",0,1,"close"
"0373-5",0,1,2,0,1,11,1,1476991654903,"true",0,0,"close"
"0373-5",0,0,2,1,0,10,1,1476991646136,"true",0,0,"far"
"0373-5",0,1,1,0,1,13,0,1476991673913,"true",0,1,"far"
"0373-5",0,1,2,0,1,12,1,1476991662410,"true",0,0,"close"
"0373-5",0,0,0,1,0,15,0,1476991701827,"true",1,0,"split"
"0373-5",0,0,2,1,0,14,1,1476991692454,"true",0,0,"close"
"0373-5",1,0,1,0,2,17,0,1476991732559,"true",0,1,"split"
"0373-5",0,1,2,0,1,16,1,1476991718329,"false",0,0,"close"
"0373-5",0,1,2,0,1,19,1,1476991752319,"true",0,0,"close"
"0373-5",0,0,0,1,0,18,0,1476991741190,"true",1,0,"split"
"0373-5",1,0,2,0,2,31,1,1476991910030,"true",0,0,"close"
"0373-5",0,0,0,1,0,30,0,1476991889134,"false",1,0,"close"
"0373-5",1,0,2,0,2,37,1,1476992004053,"true",0,0,"close"
"0373-5",0,0,1,1,0,36,0,1476991996045,"false",0,1,"split"
"0373-5",1,0,1,0,2,35,0,1476991981957,"true",0,1,"split"
"0373-5",1,0,1,0,2,34,0,1476991960878,"false",0,1,"far"
"0373-5",0,1,2,0,1,33,1,1476991950197,"true",0,0,"close"
"0373-5",0,1,1,0,1,32,0,1476991918460,"true",0,1,"far"
"0373-5",0,1,1,0,1,50,0,1476992132173,"true",0,1,"close"
