"gameid","sClicked_2","sClicked_1","lClickedIndex","sClicked_0","sClickedIndex","roundNum","lClicked_2","time","outcome","lClicked_0","lClicked_1","condition"
"0375-6",0,1,0,0,1,42,0,1476492911923,"true",1,0,"split"
"0375-6",0,0,1,1,0,48,0,1476492986771,"true",0,1,"close"
"0375-6",0,0,0,1,0,43,0,1476492929817,"true",1,0,"far"
"0375-6",0,0,1,1,0,49,0,1476493000319,"true",0,1,"split"
"0375-6",0,1,0,0,1,24,0,1476492653504,"true",1,0,"split"
"0375-6",1,0,0,0,2,25,0,1476492661027,"true",1,0,"far"
"0375-6",0,1,0,0,1,26,0,1476492672793,"true",1,0,"close"
"0375-6",0,0,1,1,0,27,0,1476492686291,"true",0,1,"split"
"0375-6",0,0,1,1,0,20,0,1476492598288,"true",0,1,"close"
"0375-6",0,0,0,1,0,21,0,1476492608816,"true",1,0,"split"
"0375-6",0,1,0,0,1,22,0,1476492624314,"true",1,0,"close"
"0375-6",1,0,2,0,2,23,1,1476492639856,"true",0,0,"far"
"0375-6",1,0,2,0,2,46,1,1476492965763,"true",0,0,"split"
"0375-6",0,0,2,1,0,47,1,1476492975862,"true",0,0,"far"
"0375-6",0,1,0,0,1,44,0,1476492949670,"true",1,0,"close"
"0375-6",1,0,0,0,2,45,0,1476492956249,"true",1,0,"far"
"0375-6",0,1,0,0,1,28,0,1476492692768,"true",1,0,"far"
"0375-6",0,0,1,1,0,29,0,1476492706220,"true",0,1,"close"
"0375-6",0,1,1,0,1,40,0,1476492874115,"true",0,1,"far"
"0375-6",0,1,1,0,1,41,0,1476492895040,"true",0,1,"close"
"0375-6",0,1,0,0,1,1,0,1476492307491,"true",1,0,"split"
"0375-6",0,0,2,1,0,3,1,1476492347786,"true",0,0,"far"
"0375-6",0,0,0,1,0,2,0,1476492331308,"true",1,0,"split"
"0375-6",0,1,0,0,1,5,0,1476492373638,"true",1,0,"far"
"0375-6",0,0,1,1,0,4,0,1476492358598,"true",0,1,"far"
"0375-6",0,0,1,1,0,7,0,1476492411718,"true",0,1,"close"
"0375-6",0,0,2,1,0,6,1,1476492396413,"true",0,0,"close"
"0375-6",0,0,1,1,0,9,0,1476492431353,"true",0,1,"split"
"0375-6",1,0,2,0,2,8,1,1476492418759,"true",0,0,"far"
"0375-6",0,1,1,0,1,39,0,1476492864643,"true",0,1,"split"
"0375-6",1,0,2,0,2,38,1,1476492844745,"true",0,0,"close"
"0375-6",0,1,0,0,1,11,0,1476492506807,"false",1,0,"close"
"0375-6",0,1,0,0,1,10,0,1476492469440,"true",1,0,"close"
"0375-6",1,0,1,0,2,13,0,1476492537133,"true",0,1,"far"
"0375-6",1,0,1,0,2,12,0,1476492517347,"true",0,1,"split"
"0375-6",0,0,1,1,0,15,0,1476492556806,"true",0,1,"split"
"0375-6",0,0,0,1,0,14,0,1476492547974,"true",1,0,"split"
"0375-6",1,0,1,0,2,17,0,1476492572566,"true",0,1,"split"
"0375-6",0,1,0,0,1,16,0,1476492564006,"true",1,0,"close"
"0375-6",0,1,0,0,1,19,0,1476492589562,"true",1,0,"far"
"0375-6",1,0,1,0,2,18,0,1476492581325,"true",0,1,"far"
"0375-6",1,0,0,0,2,31,0,1476492734966,"true",1,0,"close"
"0375-6",1,0,1,0,2,30,0,1476492722304,"true",0,1,"far"
"0375-6",1,0,1,0,2,37,0,1476492821683,"true",0,1,"split"
"0375-6",0,1,1,0,1,36,0,1476492806638,"true",0,1,"far"
"0375-6",0,0,1,1,0,35,0,1476492796774,"true",0,1,"split"
"0375-6",1,0,1,0,2,34,0,1476492779210,"true",0,1,"close"
"0375-6",1,0,2,0,2,33,1,1476492764080,"true",0,0,"close"
"0375-6",0,1,2,0,1,32,1,1476492745712,"true",0,0,"split"
"0375-6",1,0,2,0,2,50,1,1476493034758,"true",0,0,"close"
