"gameid","sClicked_2","sClicked_1","lClickedIndex","sClicked_0","sClickedIndex","roundNum","lClicked_2","time","outcome","lClicked_0","lClicked_1","condition"
"0377-b",1,0,2,0,2,42,1,1476474768955,"true",0,0,"far"
"0377-b",1,0,1,0,2,48,0,1476474899183,"true",0,1,"far"
"0377-b",0,0,2,1,0,43,1,1476474787768,"true",0,0,"far"
"0377-b",1,0,2,0,2,49,1,1476474925532,"true",0,0,"split"
"0377-b",0,0,1,1,0,24,0,1476474401189,"true",0,1,"close"
"0377-b",1,0,2,0,2,26,1,1476474467019,"true",0,0,"far"
"0377-b",1,0,1,0,2,27,0,1476474487067,"true",0,1,"far"
"0377-b",0,0,1,1,0,20,0,1476474343231,"true",0,1,"far"
"0377-b",1,0,1,0,2,21,0,1476474366475,"true",0,1,"split"
"0377-b",1,0,2,0,2,22,1,1476474378987,"true",0,0,"split"
"0377-b",1,0,1,0,2,23,0,1476474394901,"true",0,1,"close"
"0377-b",0,1,1,0,1,46,0,1476474839598,"true",0,1,"split"
"0377-b",1,0,2,0,2,47,1,1476474889250,"true",0,0,"close"
"0377-b",0,0,0,1,0,44,0,1476474821691,"true",1,0,"close"
"0377-b",0,1,1,0,1,45,0,1476474828576,"true",0,1,"split"
"0377-b",0,0,0,1,0,28,0,1476474493445,"true",1,0,"far"
"0377-b",0,1,2,0,1,29,1,1476474499944,"true",0,0,"split"
"0377-b",1,0,0,0,2,40,0,1476474730912,"true",1,0,"split"
"0377-b",0,0,1,1,0,41,0,1476474759199,"true",0,1,"split"
"0377-b",0,1,2,0,1,1,1,1476473985442,"true",0,0,"split"
"0377-b",0,1,1,0,1,3,0,1476474024689,"true",0,1,"far"
"0377-b",0,0,0,1,0,2,0,1476474009545,"true",1,0,"split"
"0377-b",0,0,0,1,0,5,0,1476474049329,"true",1,0,"far"
"0377-b",0,0,1,1,0,4,0,1476474041467,"true",0,1,"close"
"0377-b",0,0,0,1,0,7,0,1476474087714,"true",1,0,"close"
"0377-b",0,1,2,0,1,6,1,1476474060390,"true",0,0,"split"
"0377-b",0,1,0,0,1,9,0,1476474113637,"true",1,0,"far"
"0377-b",0,1,0,0,1,8,0,1476474104927,"true",1,0,"close"
"0377-b",0,1,2,0,1,39,1,1476474724581,"true",0,0,"far"
"0377-b",0,0,2,1,0,38,1,1476474717086,"true",0,0,"split"
"0377-b",0,0,2,1,0,11,1,1476474149020,"true",0,0,"split"
"0377-b",0,0,1,1,0,10,0,1476474138565,"true",0,1,"close"
"0377-b",0,1,1,0,1,13,0,1476474170601,"true",0,1,"close"
"0377-b",0,1,0,0,1,12,0,1476474162178,"false",1,0,"split"
"0377-b",1,0,2,0,2,15,1,1476474244965,"true",0,0,"close"
"0377-b",0,0,2,1,0,14,1,1476474189861,"true",0,0,"close"
"0377-b",0,1,0,0,1,17,0,1476474271253,"true",1,0,"split"
"0377-b",0,0,2,1,0,16,1,1476474259880,"true",0,0,"close"
"0377-b",0,1,2,0,1,19,1,1476474326687,"true",0,0,"close"
"0377-b",1,0,1,0,2,18,0,1476474282043,"true",0,1,"split"
"0377-b",1,0,0,0,2,31,0,1476474549029,"true",1,0,"close"
"0377-b",0,0,0,1,0,30,0,1476474508575,"true",1,0,"far"
"0377-b",0,0,2,1,0,37,1,1476474652622,"true",0,0,"far"
"0377-b",1,0,0,0,2,36,0,1476474644494,"true",1,0,"far"
"0377-b",1,0,2,0,2,35,1,1476474632485,"true",0,0,"close"
"0377-b",0,0,0,1,0,34,0,1476474609759,"true",1,0,"split"
"0377-b",0,0,1,1,0,33,0,1476474579851,"true",0,1,"far"
"0377-b",1,0,0,0,2,32,0,1476474572959,"true",1,0,"far"
"0377-b",0,1,1,0,1,50,0,1476474965721,"true",0,1,"close"
