"gameid","sClicked_2","sClicked_1","lClickedIndex","sClicked_0","sClickedIndex","roundNum","lClicked_2","time","outcome","lClicked_0","lClicked_1","condition"
"0389-5",1,0,2,0,2,42,1,1476989851886,"true",0,0,"split"
"0389-5",1,0,0,0,2,48,0,1476989971573,"true",1,0,"close"
"0389-5",1,0,2,0,2,43,1,1476989875170,"true",0,0,"split"
"0389-5",1,0,1,0,2,49,0,1476989991342,"true",0,1,"close"
"0389-5",1,0,0,0,2,24,0,1476989471426,"true",1,0,"far"
"0389-5",1,0,2,0,2,25,1,1476989482607,"true",0,0,"split"
"0389-5",0,1,1,0,1,26,0,1476989503601,"true",0,1,"close"
"0389-5",0,0,1,1,0,27,0,1476989523009,"true",0,1,"split"
"0389-5",1,0,0,0,2,20,0,1476989418958,"true",1,0,"far"
"0389-5",1,0,1,0,2,21,0,1476989430906,"true",0,1,"split"
"0389-5",1,0,0,0,2,22,0,1476989438671,"true",1,0,"far"
"0389-5",0,0,0,1,0,23,0,1476989462505,"true",1,0,"close"
"0389-5",1,0,2,0,2,46,1,1476989933202,"true",0,0,"split"
"0389-5",0,1,2,0,1,47,1,1476989951639,"true",0,0,"split"
"0389-5",0,0,1,1,0,44,0,1476989893122,"true",0,1,"split"
"0389-5",1,0,0,0,2,45,0,1476989909064,"true",1,0,"close"
"0389-5",0,0,0,1,0,28,0,1476989537010,"false",1,0,"split"
"0389-5",0,0,1,1,0,29,0,1476989587641,"false",0,1,"close"
"0389-5",1,0,1,0,2,40,0,1476989808445,"true",0,1,"split"
"0389-5",0,1,2,0,1,41,1,1476989827449,"true",0,0,"far"
"0389-5",0,1,0,0,1,1,0,1476989082268,"false",1,0,"far"
"0389-5",1,0,0,0,2,3,0,1476989131056,"true",1,0,"far"
"0389-5",0,1,1,0,1,2,0,1476989104119,"true",0,1,"far"
"0389-5",1,0,1,0,2,5,0,1476989180368,"true",0,1,"close"
"0389-5",0,1,2,0,1,4,1,1476989148801,"false",0,0,"close"
"0389-5",0,1,1,0,1,7,0,1476989213459,"true",0,1,"close"
"0389-5",0,0,1,1,0,6,0,1476989191402,"true",0,1,"far"
"0389-5",1,0,0,0,2,9,0,1476989234944,"true",1,0,"far"
"0389-5",1,0,1,0,2,8,0,1476989221890,"true",0,1,"far"
"0389-5",1,0,2,0,2,39,1,1476989794323,"true",0,0,"split"
"0389-5",0,1,1,0,1,38,0,1476989778938,"true",0,1,"close"
"0389-5",1,0,0,0,2,11,0,1476989270112,"true",1,0,"close"
"0389-5",0,0,0,1,0,10,0,1476989245811,"true",1,0,"far"
"0389-5",1,0,2,0,2,13,1,1476989298173,"true",0,0,"far"
"0389-5",0,0,0,1,0,12,0,1476989289820,"true",1,0,"far"
"0389-5",0,1,2,0,1,15,1,1476989335612,"true",0,0,"split"
"0389-5",1,0,1,0,2,14,0,1476989311148,"true",0,1,"far"
"0389-5",0,1,1,0,1,17,0,1476989362607,"true",0,1,"split"
"0389-5",0,1,0,0,1,16,0,1476989345660,"true",1,0,"close"
"0389-5",0,1,2,0,1,19,1,1476989407547,"true",0,0,"close"
"0389-5",0,1,1,0,1,18,0,1476989390719,"true",0,1,"split"
"0389-5",0,1,0,0,1,31,0,1476989615739,"true",1,0,"split"
"0389-5",1,0,2,0,2,30,1,1476989601457,"true",0,0,"far"
"0389-5",0,0,2,1,0,37,1,1476989752071,"true",0,0,"close"
"0389-5",0,1,0,0,1,36,0,1476989722270,"false",1,0,"close"
"0389-5",0,1,2,0,1,35,1,1476989697215,"true",0,0,"far"
"0389-5",0,1,0,0,1,33,0,1476989637043,"true",1,0,"close"
"0389-5",0,0,0,1,0,32,0,1476989626334,"true",1,0,"split"
"0389-5",0,1,1,0,1,50,0,1476990010900,"true",0,1,"split"
