"gameid","sClicked_2","sClicked_1","lClickedIndex","sClicked_0","sClickedIndex","roundNum","lClicked_2","time","outcome","lClicked_0","lClicked_1","condition"
"0392-6",0,0,2,1,0,42,1,1476496380614,"true",0,0,"close"
"0392-6",0,0,1,1,0,48,0,1476496623875,"true",0,1,"close"
"0392-6",0,1,0,0,1,43,0,1476496451612,"true",1,0,"split"
"0392-6",0,1,0,0,1,49,0,1476496635223,"true",1,0,"split"
"0392-6",1,0,0,0,2,24,0,1476496065055,"true",1,0,"split"
"0392-6",0,0,0,1,0,25,0,1476496081243,"true",1,0,"split"
"0392-6",0,0,1,1,0,26,0,1476496095665,"true",0,1,"far"
"0392-6",0,1,0,0,1,27,0,1476496106577,"true",1,0,"far"
"0392-6",0,0,1,1,0,20,0,1476495988416,"true",0,1,"far"
"0392-6",0,1,2,0,1,21,1,1476495997907,"true",0,0,"split"
"0392-6",1,0,2,0,2,22,1,1476496006300,"true",0,0,"far"
"0392-6",0,0,1,1,0,23,0,1476496015354,"true",0,1,"far"
"0392-6",0,0,2,1,0,46,1,1476496586249,"true",0,0,"close"
"0392-6",1,0,0,0,2,47,0,1476496608850,"true",1,0,"far"
"0392-6",0,0,1,1,0,44,0,1476496497120,"true",0,1,"close"
"0392-6",1,0,2,0,2,45,1,1476496538792,"true",0,0,"split"
"0392-6",0,0,0,1,0,28,0,1476496124203,"true",1,0,"close"
"0392-6",0,0,0,1,0,29,0,1476496163447,"true",1,0,"split"
"0392-6",0,0,2,1,0,40,1,1476496341297,"true",0,0,"close"
"0392-6",1,0,1,0,2,41,0,1476496364510,"false",0,1,"close"
"0392-6",0,0,0,1,0,1,0,1476495486797,"true",1,0,"far"
"0392-6",1,0,0,0,2,3,0,1476495549015,"true",1,0,"far"
"0392-6",1,0,1,0,2,2,0,1476495529652,"true",0,1,"split"
"0392-6",0,0,1,1,0,5,0,1476495626698,"true",0,1,"far"
"0392-6",0,0,1,1,0,4,0,1476495589112,"false",0,1,"close"
"0392-6",0,1,1,0,1,7,0,1476495712961,"true",0,1,"split"
"0392-6",0,1,2,0,1,6,1,1476495684502,"true",0,0,"close"
"0392-6",0,1,2,0,1,9,1,1476495773850,"true",0,0,"split"
"0392-6",0,0,1,1,0,8,0,1476495744937,"true",0,1,"split"
"0392-6",1,0,0,0,2,39,0,1476496303706,"true",1,0,"close"
"0392-6",1,0,1,0,2,38,0,1476496291680,"true",0,1,"far"
"0392-6",0,1,2,0,1,11,1,1476495812248,"true",0,0,"split"
"0392-6",1,0,2,0,2,10,1,1476495790844,"true",0,0,"close"
"0392-6",1,0,2,0,2,13,1,1476495858532,"true",0,0,"close"
"0392-6",0,0,0,1,0,12,0,1476495838724,"false",1,0,"split"
"0392-6",0,1,0,0,1,15,0,1476495910643,"false",1,0,"split"
"0392-6",0,1,1,0,1,14,0,1476495871655,"true",0,1,"far"
"0392-6",0,0,0,1,0,17,0,1476495951110,"true",1,0,"close"
"0392-6",0,1,1,0,1,16,0,1476495937175,"true",0,1,"close"
"0392-6",0,1,2,0,1,19,1,1476495976019,"true",0,0,"split"
"0392-6",1,0,0,0,2,18,0,1476495961411,"true",1,0,"far"
"0392-6",0,0,1,1,0,31,0,1476496192879,"true",0,1,"close"
"0392-6",1,0,0,0,2,30,0,1476496178320,"true",1,0,"split"
"0392-6",0,1,1,0,1,37,0,1476496281884,"true",0,1,"close"
"0392-6",1,0,2,0,2,36,1,1476496268446,"true",0,0,"far"
"0392-6",1,0,2,0,2,35,1,1476496258217,"true",0,0,"split"
"0392-6",0,0,2,1,0,34,1,1476496230006,"true",0,0,"far"
"0392-6",0,0,2,1,0,33,1,1476496219742,"true",0,0,"far"
"0392-6",0,0,1,1,0,32,0,1476496202557,"true",0,1,"far"
"0392-6",0,1,0,0,1,50,0,1476496648849,"true",1,0,"close"
