"gameid","sClicked_2","sClicked_1","lClickedIndex","sClicked_0","sClickedIndex","roundNum","lClicked_2","time","outcome","lClicked_0","lClicked_1","condition"
"0398-f",0,0,0,1,0,42,0,1476490909005,"true",1,0,"far"
"0398-f",1,0,2,0,2,48,1,1476490998759,"true",0,0,"close"
"0398-f",1,0,1,0,2,43,0,1476490925534,"true",0,1,"far"
"0398-f",0,1,2,0,1,49,1,1476491005925,"true",0,0,"far"
"0398-f",0,1,0,0,1,24,0,1476490580678,"true",1,0,"close"
"0398-f",1,0,1,0,2,25,0,1476490589674,"true",0,1,"close"
"0398-f",0,0,2,1,0,26,1,1476490612773,"true",0,0,"far"
"0398-f",1,0,2,0,2,27,1,1476490632495,"true",0,0,"split"
"0398-f",0,1,2,0,1,20,1,1476490498276,"true",0,0,"close"
"0398-f",1,0,1,0,2,21,0,1476490505601,"true",0,1,"far"
"0398-f",0,0,0,1,0,22,0,1476490512883,"true",1,0,"close"
"0398-f",0,0,2,1,0,23,1,1476490560554,"false",0,0,"close"
"0398-f",0,1,0,0,1,46,0,1476490980011,"true",1,0,"far"
"0398-f",0,1,1,0,1,47,0,1476490989279,"true",0,1,"far"
"0398-f",0,0,1,1,0,44,0,1476490953414,"true",0,1,"split"
"0398-f",0,0,0,1,0,45,0,1476490963001,"true",1,0,"split"
"0398-f",0,0,2,1,0,28,1,1476490645826,"false",0,0,"split"
"0398-f",1,0,1,0,2,29,0,1476490663346,"false",0,1,"split"
"0398-f",1,0,0,0,2,40,0,1476490891711,"false",1,0,"split"
"0398-f",0,1,1,0,1,41,0,1476490900506,"true",0,1,"close"
"0398-f",1,0,0,0,2,1,0,1476490185482,"true",1,0,"split"
"0398-f",1,0,0,0,2,3,0,1476490232623,"true",1,0,"close"
"0398-f",0,1,1,0,1,2,0,1476490213139,"true",0,1,"far"
"0398-f",1,0,1,0,2,5,0,1476490264565,"true",0,1,"far"
"0398-f",0,0,0,1,0,4,0,1476490253803,"true",1,0,"split"
"0398-f",0,0,0,1,0,7,0,1476490287458,"true",1,0,"far"
"0398-f",0,1,1,0,1,6,0,1476490280659,"true",0,1,"split"
"0398-f",1,0,1,0,2,9,0,1476490319188,"true",0,1,"split"
"0398-f",1,0,0,0,2,8,0,1476490300345,"true",1,0,"split"
"0398-f",1,0,2,0,2,39,1,1476490880526,"true",0,0,"far"
"0398-f",0,1,1,0,1,38,0,1476490870370,"true",0,1,"close"
"0398-f",0,0,1,1,0,11,0,1476490360108,"true",0,1,"split"
"0398-f",0,1,0,0,1,10,0,1476490336280,"false",1,0,"split"
"0398-f",1,0,0,0,2,13,0,1476490384109,"true",1,0,"far"
"0398-f",0,1,1,0,1,12,0,1476490375446,"true",0,1,"split"
"0398-f",1,0,1,0,2,15,0,1476490415028,"true",0,1,"split"
"0398-f",0,1,1,0,1,14,0,1476490401640,"true",0,1,"close"
"0398-f",0,1,1,0,1,17,0,1476490442123,"true",0,1,"far"
"0398-f",0,0,1,1,0,16,0,1476490429315,"true",0,1,"far"
"0398-f",1,0,2,0,2,19,1,1476490482510,"true",0,0,"far"
"0398-f",1,0,1,0,2,18,0,1476490464544,"false",0,1,"close"
"0398-f",0,0,0,1,0,31,0,1476490707348,"true",1,0,"split"
"0398-f",0,1,2,0,1,30,1,1476490674780,"true",0,0,"far"
"0398-f",1,0,2,0,2,37,1,1476490847166,"false",0,0,"close"
"0398-f",0,0,1,1,0,36,0,1476490824280,"false",0,1,"split"
"0398-f",1,0,0,0,2,35,0,1476490810849,"true",1,0,"close"
"0398-f",0,0,1,1,0,34,0,1476490779844,"true",0,1,"far"
"0398-f",1,0,0,0,2,33,0,1476490764731,"true",1,0,"close"
"0398-f",1,0,0,0,2,32,0,1476490749830,"true",1,0,"close"
"0398-f",1,0,1,0,2,50,0,1476491015491,"false",0,1,"close"
