"gameid","sClicked_2","sClicked_1","lClickedIndex","sClicked_0","sClickedIndex","roundNum","lClicked_2","time","outcome","lClicked_0","lClicked_1","condition"
"0415-a",0,1,0,0,1,42,0,1476502382747,"true",1,0,"close"
"0415-a",0,0,1,1,0,48,0,1476502469311,"true",0,1,"far"
"0415-a",0,1,2,0,1,43,1,1476502391422,"true",0,0,"split"
"0415-a",1,0,1,0,2,49,0,1476502513634,"true",0,1,"close"
"0415-a",0,1,0,0,1,24,0,1476502115168,"true",1,0,"far"
"0415-a",0,0,2,1,0,25,1,1476502127056,"true",0,0,"split"
"0415-a",0,0,0,1,0,26,0,1476502134496,"true",1,0,"split"
"0415-a",1,0,2,0,2,27,1,1476502154101,"true",0,0,"close"
"0415-a",0,1,0,0,1,20,0,1476502008728,"true",1,0,"far"
"0415-a",0,0,2,1,0,21,1,1476502020631,"false",0,0,"far"
"0415-a",1,0,1,0,2,22,0,1476502056053,"true",0,1,"split"
"0415-a",0,0,2,1,0,23,1,1476502095141,"true",0,0,"split"
"0415-a",0,1,2,0,1,46,1,1476502426325,"true",0,0,"far"
"0415-a",0,1,1,0,1,47,0,1476502444821,"true",0,1,"close"
"0415-a",0,0,2,1,0,44,1,1476502399894,"true",0,0,"far"
"0415-a",1,0,2,0,2,45,1,1476502417779,"false",0,0,"close"
"0415-a",1,0,2,0,2,28,1,1476502169568,"true",0,0,"split"
"0415-a",0,0,0,1,0,29,0,1476502195354,"true",1,0,"far"
"0415-a",0,1,2,0,1,40,1,1476502359513,"true",0,0,"far"
"0415-a",0,1,2,0,1,41,1,1476502371114,"true",0,0,"split"
"0415-a",0,1,0,0,1,1,0,1476501608736,"true",1,0,"far"
"0415-a",0,0,0,1,0,3,0,1476501653139,"true",1,0,"split"
"0415-a",0,0,2,1,0,2,1,1476501628273,"true",0,0,"close"
"0415-a",1,0,1,0,2,5,0,1476501704876,"true",0,1,"split"
"0415-a",1,0,1,0,2,4,0,1476501662248,"true",0,1,"close"
"0415-a",0,0,2,1,0,7,1,1476501779458,"false",0,0,"close"
"0415-a",0,1,0,0,1,6,0,1476501749891,"true",1,0,"close"
"0415-a",0,1,1,0,1,9,0,1476501822213,"true",0,1,"close"
"0415-a",0,1,1,0,1,8,0,1476501800939,"true",0,1,"far"
"0415-a",0,1,1,0,1,39,0,1476502351388,"true",0,1,"far"
"0415-a",1,0,0,0,2,38,0,1476502333844,"false",1,0,"close"
"0415-a",1,0,2,0,2,11,1,1476501862486,"true",0,0,"split"
"0415-a",0,0,1,1,0,10,0,1476501849439,"true",0,1,"far"
"0415-a",0,1,2,0,1,13,1,1476501895364,"true",0,0,"far"
"0415-a",0,0,0,1,0,12,0,1476501880091,"true",1,0,"split"
"0415-a",0,0,1,1,0,15,0,1476501917693,"true",0,1,"split"
"0415-a",1,0,1,0,2,14,0,1476501906999,"true",0,1,"far"
"0415-a",0,1,2,0,1,17,1,1476501960501,"false",0,0,"close"
"0415-a",1,0,0,0,2,16,0,1476501931828,"true",1,0,"far"
"0415-a",0,0,1,1,0,19,0,1476501998956,"true",0,1,"close"
"0415-a",1,0,1,0,2,18,0,1476501974756,"true",0,1,"close"
"0415-a",1,0,0,0,2,31,0,1476502239968,"true",1,0,"close"
"0415-a",1,0,1,0,2,30,0,1476502215136,"false",0,1,"split"
"0415-a",0,1,1,0,1,37,0,1476502316835,"false",0,1,"close"
"0415-a",0,0,1,1,0,36,0,1476502303202,"true",0,1,"split"
"0415-a",1,0,0,0,2,35,0,1476502286956,"true",1,0,"far"
"0415-a",0,0,1,1,0,34,0,1476502278337,"true",0,1,"far"
"0415-a",1,0,0,0,2,33,0,1476502259146,"true",1,0,"split"
"0415-a",1,0,2,0,2,32,1,1476502252024,"true",0,0,"close"
"0415-a",0,1,1,0,1,50,0,1476502523011,"true",0,1,"split"
