"gameid","sClicked_2","sClicked_1","lClickedIndex","sClicked_0","sClickedIndex","roundNum","lClicked_2","time","outcome","lClicked_0","lClicked_1","condition"
"0424-8",0,0,1,1,0,42,0,1476994693065,"true",0,1,"close"
"0424-8",0,0,1,1,0,48,0,1476994815504,"true",0,1,"close"
"0424-8",0,1,1,0,1,43,0,1476994755736,"true",0,1,"close"
"0424-8",0,1,2,0,1,49,1,1476994831681,"false",0,0,"close"
"0424-8",0,1,1,0,1,24,0,1476994423021,"true",0,1,"far"
"0424-8",0,0,1,1,0,25,0,1476994433039,"true",0,1,"far"
"0424-8",0,1,2,0,1,26,1,1476994464018,"true",0,0,"close"
"0424-8",0,1,0,0,1,27,0,1476994473437,"true",1,0,"split"
"0424-8",1,0,2,0,2,20,1,1476994379677,"true",0,0,"split"
"0424-8",0,0,1,1,0,21,0,1476994388368,"true",0,1,"far"
"0424-8",0,0,1,1,0,22,0,1476994398296,"true",0,1,"split"
"0424-8",0,1,2,0,1,23,1,1476994413532,"true",0,0,"far"
"0424-8",0,1,1,0,1,46,0,1476994786838,"false",0,1,"far"
"0424-8",1,0,2,0,2,47,1,1476994805482,"true",0,0,"far"
"0424-8",1,0,1,0,2,44,0,1476994765047,"true",0,1,"far"
"0424-8",1,0,0,0,2,45,0,1476994774950,"true",1,0,"far"
"0424-8",0,1,1,0,1,28,0,1476994485122,"true",0,1,"far"
"0424-8",0,1,2,0,1,29,1,1476994493678,"true",0,0,"split"
"0424-8",1,0,2,0,2,40,1,1476994678759,"true",0,0,"split"
"0424-8",1,0,2,0,2,41,1,1476994685152,"true",0,0,"split"
"0424-8",1,0,2,0,2,1,1,1476994118961,"true",0,0,"close"
"0424-8",1,0,2,0,2,3,1,1476994145124,"true",0,0,"split"
"0424-8",0,0,0,1,0,2,0,1476994132183,"true",1,0,"split"
"0424-8",0,1,1,0,1,5,0,1476994166558,"true",0,1,"close"
"0424-8",0,0,0,1,0,4,0,1476994156731,"true",1,0,"close"
"0424-8",0,0,1,1,0,7,0,1476994212582,"true",0,1,"split"
"0424-8",0,1,0,0,1,6,0,1476994184570,"false",1,0,"close"
"0424-8",1,0,1,0,2,9,0,1476994235991,"true",0,1,"split"
"0424-8",0,1,0,0,1,8,0,1476994222703,"true",1,0,"split"
"0424-8",0,0,2,1,0,39,1,1476994666657,"true",0,0,"far"
"0424-8",1,0,0,0,2,38,0,1476994657541,"true",1,0,"far"
"0424-8",0,1,2,0,1,11,1,1476994262835,"true",0,0,"split"
"0424-8",1,0,0,0,2,10,0,1476994244207,"true",1,0,"far"
"0424-8",0,1,0,0,1,13,0,1476994280887,"true",1,0,"split"
"0424-8",0,0,0,1,0,12,0,1476994271328,"true",1,0,"far"
"0424-8",1,0,1,0,2,15,0,1476994328564,"true",0,1,"far"
"0424-8",0,0,0,1,0,14,0,1476994320206,"true",1,0,"split"
"0424-8",0,0,0,1,0,17,0,1476994346267,"true",1,0,"split"
"0424-8",0,1,0,0,1,16,0,1476994338053,"true",1,0,"far"
"0424-8",0,1,2,0,1,19,1,1476994365554,"true",0,0,"close"
"0424-8",0,1,1,0,1,18,0,1476994356704,"true",0,1,"close"
"0424-8",0,1,0,0,1,31,0,1476994535143,"true",1,0,"close"
"0424-8",1,0,0,0,2,30,0,1476994507008,"true",1,0,"close"
"0424-8",0,1,1,0,1,37,0,1476994646885,"true",0,1,"close"
"0424-8",0,0,1,1,0,36,0,1476994633196,"true",0,1,"close"
"0424-8",0,0,1,1,0,35,0,1476994600427,"true",0,1,"close"
"0424-8",1,0,1,0,2,34,0,1476994566318,"true",0,1,"close"
"0424-8",0,0,2,1,0,33,1,1476994551351,"true",0,0,"split"
"0424-8",0,0,1,1,0,32,0,1476994542216,"true",0,1,"split"
"0424-8",0,1,0,0,1,50,0,1476994840535,"true",1,0,"far"
