"gameid","sClicked_2","sClicked_1","lClickedIndex","sClicked_0","sClickedIndex","roundNum","lClicked_2","time","outcome","lClicked_0","lClicked_1","condition"
"0426-b",1,0,2,0,2,42,1,1476997930375,"true",0,0,"split"
"0426-b",1,0,2,0,2,48,1,1476998092836,"true",0,0,"far"
"0426-b",0,1,1,0,1,43,0,1476997941134,"true",0,1,"split"
"0426-b",1,0,1,0,2,49,0,1476998105067,"true",0,1,"close"
"0426-b",0,1,2,0,1,24,1,1476997468496,"true",0,0,"split"
"0426-b",0,1,0,0,1,25,0,1476997488857,"true",1,0,"split"
"0426-b",0,0,1,1,0,26,0,1476997510959,"false",0,1,"split"
"0426-b",1,0,0,0,2,27,0,1476997600416,"true",1,0,"split"
"0426-b",0,1,2,0,1,20,1,1476997409699,"true",0,0,"far"
"0426-b",0,0,0,1,0,21,0,1476997440710,"true",1,0,"split"
"0426-b",0,0,2,1,0,22,1,1476997453574,"true",0,0,"close"
"0426-b",1,0,0,0,2,23,0,1476997461977,"true",1,0,"split"
"0426-b",0,0,0,1,0,46,0,1476998023198,"true",1,0,"split"
"0426-b",1,0,2,0,2,47,1,1476998079753,"true",0,0,"split"
"0426-b",1,0,2,0,2,44,1,1476997955085,"true",0,0,"far"
"0426-b",1,0,2,0,2,45,1,1476997983985,"true",0,0,"split"
"0426-b",1,0,1,0,2,28,0,1476997623393,"true",0,1,"close"
"0426-b",1,0,1,0,2,29,0,1476997631049,"true",0,1,"far"
"0426-b",1,0,2,0,2,40,1,1476997912932,"true",0,0,"close"
"0426-b",0,1,1,0,1,41,0,1476997920125,"true",0,1,"far"
"0426-b",1,0,0,0,2,1,0,1476997085215,"true",1,0,"far"
"0426-b",0,1,1,0,1,3,0,1476997147948,"true",0,1,"split"
"0426-b",1,0,1,0,2,2,0,1476997134780,"true",0,1,"split"
"0426-b",0,1,0,0,1,5,0,1476997173378,"true",1,0,"close"
"0426-b",0,0,0,1,0,4,0,1476997157094,"true",1,0,"split"
"0426-b",1,0,2,0,2,7,1,1476997204008,"true",0,0,"far"
"0426-b",0,0,0,1,0,6,0,1476997194232,"true",1,0,"close"
"0426-b",1,0,1,0,2,9,0,1476997220633,"true",0,1,"close"
"0426-b",1,0,0,0,2,8,0,1476997212210,"true",1,0,"far"
"0426-b",1,0,1,0,2,39,0,1476997833539,"true",0,1,"close"
"0426-b",0,0,0,1,0,38,0,1476997781037,"true",1,0,"far"
"0426-b",0,1,0,0,1,11,0,1476997241045,"true",1,0,"close"
"0426-b",0,0,1,1,0,10,0,1476997227244,"false",0,1,"far"
"0426-b",0,1,2,0,1,13,1,1476997261183,"true",0,0,"far"
"0426-b",0,1,2,0,1,12,1,1476997250178,"true",0,0,"far"
"0426-b",1,0,0,0,2,15,0,1476997307938,"false",1,0,"close"
"0426-b",0,1,0,0,1,14,0,1476997280095,"true",1,0,"far"
"0426-b",0,0,0,1,0,17,0,1476997370255,"true",1,0,"close"
"0426-b",1,0,1,0,2,16,0,1476997361353,"true",0,1,"close"
"0426-b",0,1,0,0,1,19,0,1476997400969,"true",1,0,"split"
"0426-b",1,0,0,0,2,18,0,1476997379253,"true",1,0,"split"
"0426-b",0,1,0,0,1,31,0,1476997651968,"true",1,0,"far"
"0426-b",0,1,2,0,1,30,1,1476997645115,"true",0,0,"close"
"0426-b",1,0,2,0,2,37,1,1476997773958,"true",0,0,"close"
"0426-b",0,0,0,1,0,36,0,1476997753356,"true",1,0,"close"
"0426-b",0,0,2,1,0,35,1,1476997700460,"true",0,0,"far"
"0426-b",0,1,2,0,1,34,1,1476997691382,"false",0,0,"close"
"0426-b",0,0,0,1,0,33,0,1476997684118,"true",1,0,"close"
"0426-b",0,0,2,1,0,32,1,1476997670947,"true",0,0,"far"
"0426-b",0,1,1,0,1,50,0,1476998135464,"true",0,1,"far"
