"gameid","sClicked_2","sClicked_1","lClickedIndex","sClicked_0","sClickedIndex","roundNum","lClicked_2","time","outcome","lClicked_0","lClicked_1","condition"
"0429-9",1,0,0,0,2,42,0,1459892876798,"true",1,0,"split"
"0429-9",0,0,1,1,0,48,0,1459893022944,"true",0,1,"far"
"0429-9",0,0,2,1,0,43,1,1459892914131,"true",0,0,"close"
"0429-9",0,0,1,1,0,49,0,1459893043972,"true",0,1,"close"
"0429-9",0,0,1,1,0,24,0,1459892137497,"true",0,1,"close"
"0429-9",0,0,2,1,0,25,1,1459892165237,"true",0,0,"far"
"0429-9",0,1,1,0,1,26,0,1459892178622,"true",0,1,"split"
"0429-9",1,0,2,0,2,27,1,1459892208643,"true",0,0,"split"
"0429-9",0,0,0,1,0,20,0,1459891998484,"false",1,0,"split"
"0429-9",0,0,1,1,0,21,0,1459892038210,"false",0,1,"close"
"0429-9",1,0,0,0,2,22,0,1459892060944,"true",1,0,"split"
"0429-9",1,0,0,0,2,23,0,1459892106682,"true",1,0,"split"
"0429-9",0,1,0,0,1,46,0,1459892996006,"true",1,0,"far"
"0429-9",0,1,2,0,1,47,1,1459893010810,"true",0,0,"far"
"0429-9",0,1,2,0,1,44,1,1459892955411,"true",0,0,"split"
"0429-9",0,0,2,1,0,45,1,1459892965102,"true",0,0,"far"
"0429-9",0,1,0,0,1,28,0,1459892252572,"true",1,0,"close"
"0429-9",0,0,2,1,0,29,1,1459892274483,"true",0,0,"far"
"0429-9",0,1,2,0,1,40,1,1459892808508,"true",0,0,"far"
"0429-9",0,0,1,1,0,41,0,1459892848618,"true",0,1,"split"
"0429-9",0,1,2,0,1,1,1,1459891357600,"true",0,0,"split"
"0429-9",0,0,2,1,0,3,1,1459891440415,"true",0,0,"close"
"0429-9",0,1,0,0,1,2,0,1459891410763,"true",1,0,"far"
"0429-9",0,0,0,1,0,5,0,1459891491864,"true",1,0,"far"
"0429-9",1,0,0,0,2,4,0,1459891471791,"true",1,0,"split"
"0429-9",0,0,0,1,0,7,0,1459891565424,"true",1,0,"far"
"0429-9",0,0,1,1,0,6,0,1459891541087,"true",0,1,"far"
"0429-9",1,0,1,0,2,9,0,1459891637236,"true",0,1,"close"
"0429-9",0,1,1,0,1,8,0,1459891590923,"true",0,1,"split"
"0429-9",0,0,1,1,0,39,0,1459892796059,"true",0,1,"far"
"0429-9",1,0,2,0,2,38,1,1459892767050,"true",0,0,"close"
"0429-9",0,0,1,1,0,11,0,1459891687876,"true",0,1,"split"
"0429-9",1,0,1,0,2,10,0,1459891665863,"true",0,1,"split"
"0429-9",1,0,2,0,2,13,1,1459891723081,"false",0,0,"split"
"0429-9",0,0,0,1,0,12,0,1459891703617,"true",1,0,"far"
"0429-9",1,0,1,0,2,15,0,1459891779241,"false",0,1,"split"
"0429-9",0,0,0,1,0,14,0,1459891750351,"true",1,0,"far"
"0429-9",0,0,1,1,0,17,0,1459891871803,"false",0,1,"close"
"0429-9",1,0,2,0,2,16,1,1459891831704,"true",0,0,"far"
"0429-9",1,0,2,0,2,18,1,1459891890972,"true",0,0,"far"
"0429-9",1,0,2,0,2,31,1,1459892327660,"false",0,0,"close"
"0429-9",0,0,2,1,0,30,1,1459892288245,"true",0,0,"far"
"0429-9",0,1,0,0,1,37,0,1459892695091,"true",1,0,"close"
"0429-9",0,0,0,1,0,50,0,1459893084122,"true",1,0,"split"
"0429-9",1,0,1,0,2,35,0,1459892544423,"true",0,1,"split"
"0429-9",1,0,0,0,2,32,0,1459892356326,"true",1,0,"close"
