"gameid","sClicked_2","sClicked_1","lClickedIndex","sClicked_0","sClickedIndex","roundNum","lClicked_2","time","outcome","lClicked_0","lClicked_1","condition"
"0433-7",0,1,0,0,1,26,0,1476497003108,"true",1,0,"far"
"0433-7",1,0,1,0,2,20,0,1476496693611,"true",0,1,"close"
"0433-7",0,0,2,1,0,43,1,1476498032320,"true",0,0,"split"
"0433-7",1,0,2,0,2,49,1,1476498256211,"true",0,0,"far"
"0433-7",0,1,0,0,1,19,0,1476496387190,"true",1,0,"close"
"0433-7",0,0,0,1,0,42,0,1476497795970,"true",1,0,"close"
"0433-7",0,1,0,0,1,44,0,1476498054379,"true",1,0,"far"
"0433-7",0,0,2,1,0,28,1,1476497174298,"true",0,0,"split"
"0433-7",0,1,2,0,1,36,1,1476497564723,"true",0,0,"far"
"0433-7",0,1,2,0,1,41,1,1476497745861,"true",0,0,"far"
"0433-7",0,0,0,1,0,33,0,1476497459662,"true",1,0,"close"
"0433-7",0,0,2,1,0,7,1,1476495901479,"true",0,0,"far"
"0433-7",1,0,2,0,2,47,1,1476498175628,"true",0,0,"far"
