"gameid","sClicked_2","sClicked_1","lClickedIndex","sClicked_0","sClickedIndex","roundNum","lClicked_2","time","outcome","lClicked_0","lClicked_1","condition"
"0437-f",1,0,0,0,2,42,0,1476468577288,"true",1,0,"split"
"0437-f",0,0,2,1,0,48,1,1476468688424,"true",0,0,"split"
"0437-f",1,0,0,0,2,43,0,1476468589931,"true",1,0,"split"
"0437-f",0,0,2,1,0,49,1,1476468699255,"true",0,0,"close"
"0437-f",1,0,0,0,2,24,0,1476468308906,"true",1,0,"close"
"0437-f",0,0,0,1,0,25,0,1476468318809,"true",1,0,"close"
"0437-f",0,0,1,1,0,26,0,1476468329012,"true",0,1,"close"
"0437-f",1,0,1,0,2,27,0,1476468347244,"true",0,1,"close"
"0437-f",0,1,1,0,1,20,0,1476468249000,"true",0,1,"split"
"0437-f",0,1,2,0,1,21,1,1476468260719,"true",0,0,"close"
"0437-f",1,0,0,0,2,22,0,1476468270772,"true",1,0,"close"
"0437-f",1,0,1,0,2,23,0,1476468278993,"true",0,1,"far"
"0437-f",0,0,2,1,0,46,1,1476468658171,"true",0,0,"split"
"0437-f",0,1,2,0,1,47,1,1476468677170,"true",0,0,"close"
"0437-f",1,0,2,0,2,44,1,1476468601409,"true",0,0,"far"
"0437-f",0,1,1,0,1,45,0,1476468622867,"true",0,1,"split"
"0437-f",1,0,2,0,2,28,1,1476468361512,"true",0,0,"far"
"0437-f",0,0,0,1,0,29,0,1476468375534,"true",1,0,"close"
"0437-f",1,0,0,0,2,40,0,1476468552570,"true",1,0,"split"
"0437-f",0,0,2,1,0,41,1,1476468567629,"true",0,0,"split"
"0437-f",0,1,0,0,1,1,0,1476467950098,"true",1,0,"far"
"0437-f",0,1,1,0,1,3,0,1476467994470,"true",0,1,"close"
"0437-f",0,1,0,0,1,2,0,1476467963131,"true",1,0,"split"
"0437-f",0,0,1,1,0,5,0,1476468028528,"true",0,1,"close"
"0437-f",0,0,0,1,0,4,0,1476468008660,"true",1,0,"split"
"0437-f",0,0,1,1,0,7,0,1476468054248,"true",0,1,"split"
"0437-f",1,0,0,0,2,6,0,1476468040105,"true",1,0,"close"
"0437-f",0,1,1,0,1,9,0,1476468076629,"true",0,1,"far"
"0437-f",0,0,1,1,0,8,0,1476468065390,"true",0,1,"far"
"0437-f",0,0,0,1,0,39,0,1476468536245,"true",1,0,"far"
"0437-f",1,0,1,0,2,38,0,1476468519741,"true",0,1,"close"
"0437-f",0,1,0,0,1,11,0,1476468109632,"true",1,0,"far"
"0437-f",0,0,2,1,0,10,1,1476468097391,"true",0,0,"split"
"0437-f",1,0,0,0,2,13,0,1476468130801,"true",1,0,"split"
"0437-f",1,0,2,0,2,12,1,1476468118683,"true",0,0,"far"
"0437-f",1,0,0,0,2,15,0,1476468179394,"true",1,0,"far"
"0437-f",0,1,1,0,1,14,0,1476468170529,"true",0,1,"split"
"0437-f",0,0,0,1,0,17,0,1476468211424,"true",1,0,"split"
"0437-f",0,1,1,0,1,16,0,1476468193200,"true",0,1,"far"
"0437-f",0,0,2,1,0,19,1,1476468239812,"true",0,0,"close"
"0437-f",0,1,0,0,1,18,0,1476468222584,"true",1,0,"split"
"0437-f",1,0,1,0,2,31,0,1476468400185,"true",0,1,"split"
"0437-f",0,0,1,1,0,30,0,1476468390126,"true",0,1,"far"
"0437-f",1,0,2,0,2,37,1,1476468502555,"true",0,0,"close"
"0437-f",0,1,0,0,1,36,0,1476468491064,"true",1,0,"far"
"0437-f",1,0,2,0,2,34,1,1476468445681,"true",0,0,"close"
"0437-f",0,1,1,0,1,33,0,1476468424071,"true",0,1,"far"
"0437-f",0,0,1,1,0,32,0,1476468415334,"true",0,1,"far"
"0437-f",1,0,0,0,2,50,0,1476468708938,"true",1,0,"far"
