"gameid","sClicked_2","sClicked_1","lClickedIndex","sClicked_0","sClickedIndex","roundNum","lClicked_2","time","outcome","lClicked_0","lClicked_1","condition"
"0448-f",0,0,1,1,0,42,0,1476992224444,"true",0,1,"far"
"0448-f",1,0,2,0,2,48,1,1476992304169,"true",0,0,"close"
"0448-f",0,0,0,1,0,43,0,1476992235337,"false",1,0,"split"
"0448-f",1,0,1,0,2,49,0,1476992310876,"true",0,1,"far"
"0448-f",0,0,2,1,0,24,1,1476992020809,"true",0,0,"split"
"0448-f",0,1,2,0,1,25,1,1476992028732,"true",0,0,"far"
"0448-f",1,0,1,0,2,26,0,1476992039030,"true",0,1,"split"
"0448-f",0,0,0,1,0,27,0,1476992047132,"true",1,0,"close"
"0448-f",0,0,0,1,0,20,0,1476991979369,"true",1,0,"split"
"0448-f",1,0,1,0,2,21,0,1476991988073,"true",0,1,"close"
"0448-f",0,0,0,1,0,22,0,1476991996293,"true",1,0,"far"
"0448-f",0,1,2,0,1,23,1,1476992011670,"true",0,0,"close"
"0448-f",1,0,2,0,2,46,1,1476992272428,"false",0,0,"close"
"0448-f",1,0,1,0,2,47,0,1476992292150,"true",0,1,"close"
"0448-f",0,1,2,0,1,44,1,1476992244947,"true",0,0,"far"
"0448-f",0,0,2,1,0,45,1,1476992253145,"true",0,0,"split"
"0448-f",0,1,2,0,1,28,1,1476992055119,"true",0,0,"split"
"0448-f",0,0,2,1,0,29,1,1476992065708,"true",0,0,"far"
"0448-f",0,1,0,0,1,40,0,1476992200844,"true",1,0,"far"
"0448-f",0,0,0,1,0,41,0,1476992213891,"true",1,0,"split"
"0448-f",0,1,0,0,1,1,0,1476991723144,"true",1,0,"split"
"0448-f",1,0,1,0,2,3,0,1476991760054,"true",0,1,"far"
"0448-f",0,0,0,1,0,2,0,1476991752908,"false",1,0,"close"
"0448-f",1,0,0,0,2,5,0,1476991777295,"true",1,0,"split"
"0448-f",0,1,1,0,1,4,0,1476991769606,"true",0,1,"far"
"0448-f",1,0,0,0,2,7,0,1476991795474,"true",1,0,"split"
"0448-f",0,1,0,0,1,6,0,1476991788049,"true",1,0,"far"
"0448-f",0,1,0,0,1,9,0,1476991817503,"true",1,0,"close"
"0448-f",0,1,0,0,1,8,0,1476991805306,"true",1,0,"close"
"0448-f",0,0,2,1,0,39,1,1476992191033,"true",0,0,"close"
"0448-f",1,0,0,0,2,38,0,1476992177411,"true",1,0,"far"
"0448-f",0,0,2,1,0,11,1,1476991842271,"true",0,0,"far"
"0448-f",1,0,2,0,2,10,1,1476991835426,"false",0,0,"close"
"0448-f",0,1,0,0,1,13,0,1476991883618,"true",1,0,"close"
"0448-f",0,1,0,0,1,12,0,1476991851640,"true",1,0,"close"
"0448-f",0,0,0,1,0,15,0,1476991908274,"false",1,0,"split"
"0448-f",0,1,0,0,1,14,0,1476991893215,"true",1,0,"split"
"0448-f",0,0,0,1,0,17,0,1476991928911,"true",1,0,"close"
"0448-f",0,1,1,0,1,16,0,1476991918316,"true",0,1,"far"
"0448-f",1,0,0,0,2,19,0,1476991968325,"true",1,0,"close"
"0448-f",0,0,0,1,0,18,0,1476991935932,"true",1,0,"split"
"0448-f",0,0,2,1,0,31,1,1476992085462,"true",0,0,"far"
"0448-f",0,1,0,0,1,30,0,1476992078569,"true",1,0,"close"
"0448-f",1,0,2,0,2,37,1,1476992169721,"true",0,0,"far"
"0448-f",0,0,1,1,0,36,0,1476992160835,"true",0,1,"split"
"0448-f",0,0,0,1,0,35,0,1476992143683,"true",1,0,"close"
"0448-f",1,0,1,0,2,34,0,1476992123727,"true",0,1,"far"
"0448-f",0,1,1,0,1,33,0,1476992114870,"true",0,1,"split"
"0448-f",0,0,2,1,0,32,1,1476992101997,"true",0,0,"split"
"0448-f",0,1,0,0,1,50,0,1476992323881,"true",1,0,"far"
