"gameid","sClicked_2","sClicked_1","lClickedIndex","sClicked_0","sClickedIndex","roundNum","lClicked_2","time","outcome","lClicked_0","lClicked_1","condition"
"0473-c",0,1,1,0,1,42,0,1476993145495,"true",0,1,"far"
"0473-c",1,0,0,0,2,48,0,1476993225621,"true",1,0,"close"
"0473-c",0,0,0,1,0,43,0,1476993161976,"true",1,0,"split"
"0473-c",0,1,0,0,1,49,0,1476993237842,"true",1,0,"split"
"0473-c",1,0,0,0,2,24,0,1476992887337,"true",1,0,"split"
"0473-c",1,0,1,0,2,25,0,1476992906770,"true",0,1,"split"
"0473-c",0,0,1,1,0,26,0,1476992925126,"true",0,1,"split"
"0473-c",0,0,1,1,0,27,0,1476992934772,"true",0,1,"far"
"0473-c",1,0,2,0,2,20,1,1476992823915,"true",0,0,"split"
"0473-c",0,0,1,1,0,21,0,1476992841940,"true",0,1,"close"
"0473-c",0,1,0,0,1,22,0,1476992858848,"true",1,0,"far"
"0473-c",1,0,0,0,2,23,0,1476992876653,"true",1,0,"far"
"0473-c",0,0,0,1,0,46,0,1476993199839,"true",1,0,"close"
"0473-c",1,0,0,0,2,47,0,1476993214664,"true",1,0,"close"
"0473-c",0,0,0,1,0,44,0,1476993169739,"true",1,0,"far"
"0473-c",0,0,2,1,0,45,1,1476993179184,"true",0,0,"split"
"0473-c",1,0,0,0,2,28,0,1476992953586,"true",1,0,"close"
"0473-c",1,0,1,0,2,29,0,1476992967714,"true",0,1,"close"
"0473-c",0,1,2,0,1,40,1,1476993118219,"true",0,0,"close"
"0473-c",0,0,1,1,0,41,0,1476993127474,"true",0,1,"far"
"0473-c",1,0,2,0,2,1,1,1476992379121,"true",0,0,"split"
"0473-c",0,1,2,0,1,3,1,1476992434450,"true",0,0,"split"
"0473-c",0,1,2,0,1,2,1,1476992413038,"true",0,0,"split"
"0473-c",0,1,2,0,1,5,1,1476992493217,"true",0,0,"far"
"0473-c",1,0,2,0,2,4,1,1476992460288,"true",0,0,"far"
"0473-c",0,0,1,1,0,7,0,1476992542753,"true",0,1,"far"
"0473-c",0,1,1,0,1,6,0,1476992510916,"false",0,1,"close"
"0473-c",0,0,2,1,0,9,1,1476992575804,"true",0,0,"split"
"0473-c",0,0,1,1,0,8,0,1476992559394,"true",0,1,"far"
"0473-c",0,0,2,1,0,39,1,1476993104922,"true",0,0,"far"
"0473-c",0,0,1,1,0,38,0,1476993095436,"true",0,1,"close"
"0473-c",0,0,2,1,0,11,1,1476992628489,"true",0,0,"close"
"0473-c",0,0,1,1,0,10,0,1476992608272,"true",0,1,"split"
"0473-c",0,0,2,1,0,13,1,1476992678799,"true",0,0,"close"
"0473-c",1,0,2,0,2,12,1,1476992648953,"true",0,0,"far"
"0473-c",1,0,0,0,2,15,0,1476992714119,"true",1,0,"split"
"0473-c",0,1,1,0,1,14,0,1476992695752,"true",0,1,"close"
"0473-c",0,0,0,1,0,17,0,1476992767598,"true",1,0,"far"
"0473-c",0,1,0,0,1,16,0,1476992750743,"true",1,0,"close"
"0473-c",1,0,1,0,2,19,0,1476992806868,"true",0,1,"split"
"0473-c",0,1,2,0,1,18,1,1476992791832,"true",0,0,"far"
"0473-c",0,0,0,1,0,31,0,1476993010844,"true",1,0,"split"
"0473-c",0,0,0,1,0,30,0,1476992982005,"false",1,0,"close"
"0473-c",0,1,1,0,1,37,0,1476993080872,"true",0,1,"split"
"0473-c",1,0,2,0,2,36,1,1476993072322,"true",0,0,"close"
"0473-c",0,0,1,1,0,35,0,1476993052092,"true",0,1,"close"
"0473-c",1,0,0,0,2,34,0,1476993043732,"true",1,0,"split"
"0473-c",0,0,2,1,0,33,1,1476993030690,"true",0,0,"close"
"0473-c",0,1,2,0,1,32,1,1476993018316,"true",0,0,"far"
"0473-c",0,1,2,0,1,50,1,1476993249306,"true",0,0,"far"
