"gameid","sClicked_2","sClicked_1","lClickedIndex","sClicked_0","sClickedIndex","roundNum","lClicked_2","time","outcome","lClicked_0","lClicked_1","condition"
"0479-6",0,0,2,1,0,42,1,1476989317712,"true",0,0,"split"
"0479-6",0,0,0,1,0,48,0,1476989380923,"true",1,0,"split"
"0479-6",0,1,0,0,1,43,0,1476989325089,"true",1,0,"close"
"0479-6",1,0,1,0,2,49,0,1476989387689,"true",0,1,"far"
"0479-6",0,0,0,1,0,24,0,1476989063232,"false",1,0,"close"
"0479-6",0,1,1,0,1,25,0,1476989072447,"true",0,1,"split"
"0479-6",0,0,0,1,0,26,0,1476989080342,"true",1,0,"split"
"0479-6",0,0,1,1,0,27,0,1476989110039,"true",0,1,"close"
"0479-6",0,0,1,1,0,20,0,1476989003887,"true",0,1,"split"
"0479-6",0,1,2,0,1,21,1,1476989010777,"true",0,0,"far"
"0479-6",1,0,0,0,2,22,0,1476989035189,"false",1,0,"close"
"0479-6",1,0,0,0,2,23,0,1476989046716,"true",1,0,"close"
"0479-6",0,1,1,0,1,46,0,1476989358673,"true",0,1,"far"
"0479-6",0,1,2,0,1,47,1,1476989365664,"true",0,0,"split"
"0479-6",0,1,1,0,1,44,0,1476989339998,"true",0,1,"close"
"0479-6",1,0,0,0,2,45,0,1476989351053,"true",1,0,"close"
"0479-6",0,0,0,1,0,28,0,1476989140302,"false",1,0,"split"
"0479-6",0,0,0,1,0,29,0,1476989152992,"false",1,0,"close"
"0479-6",0,1,2,0,1,40,1,1476989274639,"true",0,0,"split"
"0479-6",0,1,1,0,1,41,0,1476989300322,"false",0,1,"close"
"0479-6",1,0,2,0,2,1,1,1476988808543,"true",0,0,"far"
"0479-6",0,0,1,1,0,3,0,1476988824992,"true",0,1,"far"
"0479-6",0,0,0,1,0,2,0,1476988817015,"true",1,0,"close"
"0479-6",0,0,2,1,0,5,1,1476988847202,"false",0,0,"close"
"0479-6",0,0,2,1,0,4,1,1476988831543,"true",0,0,"far"
"0479-6",1,0,0,0,2,7,0,1476988867147,"true",1,0,"close"
"0479-6",0,0,2,1,0,6,1,1476988860259,"true",0,0,"close"
"0479-6",1,0,0,0,2,9,0,1476988885229,"true",1,0,"split"
"0479-6",0,1,1,0,1,8,0,1476988874242,"true",0,1,"far"
"0479-6",0,1,2,0,1,39,1,1476989263569,"true",0,0,"far"
"0479-6",0,1,2,0,1,38,1,1476989253757,"true",0,0,"split"
"0479-6",1,0,2,0,2,11,1,1476988912679,"true",0,0,"far"
"0479-6",1,0,2,0,2,10,1,1476988905234,"true",0,0,"split"
"0479-6",0,1,0,0,1,13,0,1476988926734,"true",1,0,"far"
"0479-6",0,0,2,1,0,12,1,1476988919747,"true",0,0,"far"
"0479-6",0,1,2,0,1,15,1,1476988960540,"true",0,0,"split"
"0479-6",1,0,2,0,2,14,1,1476988944712,"true",0,0,"close"
"0479-6",0,1,1,0,1,17,0,1476988977022,"true",0,1,"far"
"0479-6",1,0,1,0,2,16,0,1476988968582,"true",0,1,"far"
"0479-6",0,0,0,1,0,19,0,1476988992762,"true",1,0,"close"
"0479-6",0,0,2,1,0,18,1,1476988985147,"true",0,0,"far"
"0479-6",0,0,1,1,0,31,0,1476989182299,"false",0,1,"split"
"0479-6",1,0,0,0,2,30,0,1476989174337,"true",1,0,"split"
"0479-6",1,0,2,0,2,37,1,1476989244203,"true",0,0,"far"
"0479-6",1,0,2,0,2,36,1,1476989237347,"true",0,0,"far"
"0479-6",1,0,0,0,2,35,0,1476989229654,"true",1,0,"close"
"0479-6",1,0,0,0,2,34,0,1476989215502,"true",1,0,"far"
"0479-6",1,0,0,0,2,33,0,1476989208722,"true",1,0,"split"
"0479-6",0,0,1,1,0,32,0,1476989191214,"true",0,1,"split"
"0479-6",1,0,0,0,2,50,0,1476989396697,"true",1,0,"split"
