"gameid","sClicked_2","sClicked_1","lClickedIndex","sClicked_0","sClickedIndex","roundNum","lClicked_2","time","outcome","lClicked_0","lClicked_1","condition"
"0495-0",1,0,0,0,2,42,0,1476472157624,"true",1,0,"split"
"0495-0",0,0,0,1,0,48,0,1476472214218,"true",1,0,"split"
"0495-0",1,0,0,0,2,43,0,1476472165041,"true",1,0,"split"
"0495-0",0,1,2,0,1,49,1,1476472221006,"true",0,0,"close"
"0495-0",0,0,0,1,0,24,0,1476471987569,"true",1,0,"split"
"0495-0",1,0,2,0,2,25,1,1476471998649,"false",0,0,"close"
"0495-0",0,1,2,0,1,26,1,1476472012525,"true",0,0,"close"
"0495-0",0,1,2,0,1,27,1,1476472020509,"true",0,0,"split"
"0495-0",0,0,2,1,0,20,1,1476471956343,"true",0,0,"close"
"0495-0",0,1,1,0,1,21,0,1476471965410,"true",0,1,"close"
"0495-0",1,0,0,0,2,22,0,1476471971751,"true",1,0,"far"
"0495-0",1,0,1,0,2,23,0,1476471977652,"true",0,1,"far"
"0495-0",1,0,0,0,2,46,0,1476472189923,"true",1,0,"close"
"0495-0",0,1,0,0,1,47,0,1476472205827,"false",1,0,"split"
"0495-0",0,1,1,0,1,44,0,1476472176581,"true",0,1,"close"
"0495-0",1,0,2,0,2,45,1,1476472183604,"true",0,0,"split"
"0495-0",0,0,2,1,0,28,1,1476472029009,"false",0,0,"far"
"0495-0",0,0,1,1,0,29,0,1476472038187,"true",0,1,"split"
"0495-0",1,0,2,0,2,40,1,1476472132354,"true",0,0,"close"
"0495-0",0,1,0,0,1,41,0,1476472146474,"true",1,0,"split"
"0495-0",0,0,1,1,0,1,0,1476471746542,"true",0,1,"far"
"0495-0",1,0,1,0,2,3,0,1476471764486,"true",0,1,"close"
"0495-0",1,0,2,0,2,2,1,1476471754037,"true",0,0,"far"
"0495-0",0,0,2,1,0,5,1,1476471783323,"false",0,0,"split"
"0495-0",0,0,1,1,0,4,0,1476471771474,"true",0,1,"split"
"0495-0",1,0,2,0,2,7,1,1476471819955,"true",0,0,"close"
"0495-0",0,0,2,1,0,6,1,1476471799922,"false",0,0,"close"
"0495-0",0,1,1,0,1,9,0,1476471843453,"true",0,1,"far"
"0495-0",0,1,1,0,1,8,0,1476471830940,"false",0,1,"close"
"0495-0",0,1,2,0,1,39,1,1476472115140,"true",0,0,"far"
"0495-0",0,0,1,1,0,38,0,1476472108639,"true",0,1,"close"
"0495-0",0,0,2,1,0,11,1,1476471869654,"false",0,0,"close"
"0495-0",1,0,2,0,2,10,1,1476471849883,"true",0,0,"far"
"0495-0",0,0,2,1,0,13,1,1476471885024,"true",0,0,"far"
"0495-0",0,0,2,1,0,12,1,1476471878065,"true",0,0,"far"
"0495-0",0,1,1,0,1,15,0,1476471912414,"true",0,1,"split"
"0495-0",0,0,1,1,0,14,0,1476471898760,"true",0,1,"close"
"0495-0",1,0,0,0,2,17,0,1476471930843,"true",1,0,"far"
"0495-0",1,0,0,0,2,16,0,1476471923844,"true",1,0,"close"
"0495-0",1,0,2,0,2,19,1,1476471944797,"true",0,0,"split"
"0495-0",0,1,2,0,1,18,1,1476471937489,"true",0,0,"far"
"0495-0",0,0,2,1,0,31,1,1476472050530,"true",0,0,"far"
"0495-0",0,1,1,0,1,30,0,1476472043960,"true",0,1,"far"
"0495-0",1,0,0,0,2,37,0,1476472101590,"false",1,0,"split"
"0495-0",1,0,0,0,2,36,0,1476472090514,"true",1,0,"split"
"0495-0",0,0,0,1,0,35,0,1476472079673,"true",1,0,"split"
"0495-0",1,0,2,0,2,34,1,1476472073656,"true",0,0,"split"
"0495-0",0,0,2,1,0,33,1,1476472067329,"true",0,0,"far"
"0495-0",0,1,2,0,1,32,1,1476472060512,"true",0,0,"far"
"0495-0",1,0,2,0,2,50,1,1476472229713,"true",0,0,"far"
