"gameid","sClicked_2","sClicked_1","lClickedIndex","sClicked_0","sClickedIndex","roundNum","lClicked_2","time","outcome","lClicked_0","lClicked_1","condition"
"0513-8",1,0,2,0,2,42,1,1477000283576,"true",0,0,"far"
"0513-8",0,1,1,0,1,48,0,1477000337803,"false",0,1,"split"
"0513-8",0,0,0,1,0,43,0,1477000290184,"true",1,0,"far"
"0513-8",1,0,0,0,2,49,0,1477000345148,"true",1,0,"close"
"0513-8",0,0,1,1,0,24,0,1477000063668,"true",0,1,"close"
"0513-8",0,1,2,0,1,25,1,1477000080062,"true",0,0,"split"
"0513-8",0,1,0,0,1,26,0,1477000090669,"true",1,0,"far"
"0513-8",0,1,1,0,1,27,0,1477000100167,"false",0,1,"close"
"0513-8",0,0,2,1,0,20,1,1476999982922,"true",0,0,"split"
"0513-8",0,0,1,1,0,21,0,1477000000689,"false",0,1,"split"
"0513-8",1,0,0,0,2,22,0,1477000012829,"true",1,0,"close"
"0513-8",0,1,0,0,1,23,0,1477000049756,"true",1,0,"split"
"0513-8",1,0,0,0,2,46,0,1477000319490,"true",1,0,"close"
"0513-8",0,1,0,0,1,47,0,1477000326227,"true",1,0,"far"
"0513-8",0,0,0,1,0,44,0,1477000296665,"true",1,0,"far"
"0513-8",0,1,1,0,1,45,0,1477000306939,"false",0,1,"split"
"0513-8",1,0,1,0,2,28,0,1477000115648,"true",0,1,"close"
"0513-8",1,0,2,0,2,29,1,1477000128871,"true",0,0,"split"
"0513-8",0,0,1,1,0,40,0,1477000268915,"true",0,1,"far"
"0513-8",0,0,1,1,0,41,0,1477000275452,"true",0,1,"close"
"0513-8",0,1,1,0,1,1,0,1476999769966,"true",0,1,"close"
"0513-8",0,1,1,0,1,3,0,1476999787077,"true",0,1,"far"
"0513-8",0,1,2,0,1,2,1,1476999780286,"true",0,0,"split"
"0513-8",1,0,1,0,2,5,0,1476999800465,"true",0,1,"far"
"0513-8",0,1,0,0,1,4,0,1476999793744,"true",1,0,"close"
"0513-8",1,0,0,0,2,7,0,1476999831043,"true",1,0,"split"
"0513-8",0,1,2,0,1,6,1,1476999811015,"false",0,0,"close"
"0513-8",0,1,2,0,1,9,1,1476999856952,"true",0,0,"split"
"0513-8",0,1,1,0,1,8,0,1476999849296,"false",0,1,"close"
"0513-8",0,1,2,0,1,39,1,1477000261548,"false",0,0,"split"
"0513-8",0,1,2,0,1,38,1,1477000253336,"true",0,0,"far"
"0513-8",0,0,2,1,0,11,1,1476999883512,"true",0,0,"far"
"0513-8",0,0,0,1,0,10,0,1476999873075,"true",1,0,"far"
"0513-8",1,0,0,0,2,13,0,1476999906392,"true",1,0,"split"
"0513-8",1,0,2,0,2,12,1,1476999892344,"true",0,0,"far"
"0513-8",0,0,0,1,0,15,0,1476999924715,"true",1,0,"close"
"0513-8",0,0,1,1,0,14,0,1476999913284,"true",0,1,"far"
"0513-8",0,0,1,1,0,17,0,1476999956815,"false",0,1,"close"
"0513-8",0,1,1,0,1,16,0,1476999938960,"true",0,1,"far"
"0513-8",0,0,2,1,0,19,1,1476999974091,"true",0,0,"split"
"0513-8",1,0,0,0,2,18,0,1476999965617,"true",1,0,"far"
"0513-8",0,1,0,0,1,31,0,1477000162846,"true",1,0,"far"
"0513-8",1,0,2,0,2,30,1,1477000149369,"false",0,0,"split"
"0513-8",1,0,0,0,2,37,0,1477000247480,"true",1,0,"far"
"0513-8",0,1,0,0,1,36,0,1477000241073,"false",1,0,"split"
"0513-8",0,1,2,0,1,35,1,1477000229919,"true",0,0,"close"
"0513-8",0,1,0,0,1,34,0,1477000219152,"true",1,0,"split"
"0513-8",1,0,0,0,2,33,0,1477000202583,"false",1,0,"close"
"0513-8",1,0,2,0,2,32,1,1477000180233,"true",0,0,"close"
"0513-8",0,0,0,1,0,50,0,1477000365813,"false",1,0,"close"
