"gameid","sClicked_2","sClicked_1","lClickedIndex","sClicked_0","sClickedIndex","roundNum","lClicked_2","time","outcome","lClicked_0","lClicked_1","condition"
"0517-a",1,0,0,0,2,42,0,1476482475627,"true",1,0,"split"
"0517-a",0,0,0,1,0,48,0,1476482552590,"true",1,0,"far"
"0517-a",0,0,1,1,0,43,0,1476482487122,"true",0,1,"split"
"0517-a",0,1,1,0,1,49,0,1476482560330,"true",0,1,"far"
"0517-a",0,0,1,1,0,24,0,1476482108438,"false",0,1,"split"
"0517-a",0,0,0,1,0,25,0,1476482123886,"false",1,0,"split"
"0517-a",1,0,0,0,2,26,0,1476482133185,"true",1,0,"far"
"0517-a",0,0,2,1,0,27,1,1476482148402,"true",0,0,"close"
"0517-a",0,1,2,0,1,20,1,1476482035013,"true",0,0,"close"
"0517-a",0,0,1,1,0,21,0,1476482048907,"true",0,1,"close"
"0517-a",0,1,1,0,1,22,0,1476482067362,"true",0,1,"close"
"0517-a",0,0,2,1,0,23,1,1476482083640,"true",0,0,"split"
"0517-a",0,1,2,0,1,46,1,1476482532959,"false",0,0,"close"
"0517-a",0,1,1,0,1,47,0,1476482543092,"true",0,1,"close"
"0517-a",0,0,0,1,0,44,0,1476482508484,"true",1,0,"split"
"0517-a",0,0,2,1,0,45,1,1476482521103,"false",0,0,"close"
"0517-a",0,1,0,0,1,28,0,1476482171621,"true",1,0,"close"
"0517-a",0,0,1,1,0,29,0,1476482186030,"true",0,1,"split"
"0517-a",0,1,1,0,1,40,0,1476482458049,"true",0,1,"split"
"0517-a",0,1,0,0,1,41,0,1476482467926,"true",1,0,"close"
"0517-a",0,0,0,1,0,1,0,1476481748957,"true",1,0,"close"
"0517-a",0,1,1,0,1,3,0,1476481794893,"true",0,1,"close"
"0517-a",0,1,2,0,1,2,1,1476481768786,"true",0,0,"split"
"0517-a",0,1,2,0,1,5,1,1476481832116,"true",0,0,"far"
"0517-a",1,0,1,0,2,4,0,1476481823588,"true",0,1,"split"
"0517-a",1,0,1,0,2,7,0,1476481860223,"true",0,1,"far"
"0517-a",0,0,0,1,0,6,0,1476481848532,"true",1,0,"far"
"0517-a",1,0,2,0,2,9,1,1476481891499,"true",0,0,"split"
"0517-a",0,0,0,1,0,8,0,1476481875528,"true",1,0,"split"
"0517-a",0,0,0,1,0,39,0,1476482440343,"true",1,0,"far"
"0517-a",0,0,0,1,0,38,0,1476482357179,"true",1,0,"close"
"0517-a",1,0,1,0,2,11,0,1476481920700,"true",0,1,"close"
"0517-a",0,0,0,1,0,10,0,1476481900831,"true",1,0,"far"
"0517-a",1,0,2,0,2,13,1,1476481949183,"true",0,0,"split"
"0517-a",0,0,0,1,0,12,0,1476481930236,"true",1,0,"far"
"0517-a",0,0,2,1,0,15,1,1476481978657,"true",0,0,"close"
"0517-a",0,1,1,0,1,14,0,1476481968954,"true",0,1,"split"
"0517-a",1,0,0,0,2,17,0,1476482001316,"true",1,0,"split"
"0517-a",0,1,0,0,1,16,0,1476481986279,"true",1,0,"far"
"0517-a",0,0,0,1,0,19,0,1476482025083,"true",1,0,"far"
"0517-a",1,0,0,0,2,18,0,1476482016932,"true",1,0,"far"
"0517-a",1,0,2,0,2,31,1,1476482220419,"false",0,0,"close"
"0517-a",0,0,1,1,0,30,0,1476482197521,"true",0,1,"far"
"0517-a",1,0,2,0,2,37,1,1476482325401,"true",0,0,"far"
"0517-a",1,0,1,0,2,36,0,1476482311550,"true",0,1,"split"
"0517-a",1,0,1,0,2,35,0,1476482293075,"true",0,1,"far"
"0517-a",1,0,2,0,2,34,1,1476482275380,"false",0,0,"far"
"0517-a",0,0,1,1,0,33,0,1476482245131,"true",0,1,"split"
"0517-a",1,0,1,0,2,32,0,1476482233608,"true",0,1,"close"
"0517-a",0,1,2,0,1,50,1,1476482577203,"true",0,0,"far"
