"gameid","sClicked_2","sClicked_1","lClickedIndex","sClicked_0","sClickedIndex","roundNum","lClicked_2","time","outcome","lClicked_0","lClicked_1","condition"
"0519-9",0,0,1,1,0,42,0,1476501839433,"true",0,1,"split"
"0519-9",0,1,1,0,1,48,0,1476501946605,"true",0,1,"close"
"0519-9",0,0,2,1,0,43,1,1476501857767,"false",0,0,"split"
"0519-9",0,1,1,0,1,49,0,1476501954574,"true",0,1,"far"
"0519-9",0,1,1,0,1,24,0,1476501612253,"true",0,1,"close"
"0519-9",0,0,1,1,0,25,0,1476501623704,"true",0,1,"close"
"0519-9",0,0,2,1,0,26,1,1476501632010,"true",0,0,"far"
"0519-9",0,0,2,1,0,27,1,1476501648541,"true",0,0,"split"
"0519-9",1,0,1,0,2,20,0,1476501569020,"true",0,1,"close"
"0519-9",1,0,0,0,2,21,0,1476501578273,"false",1,0,"split"
"0519-9",0,0,2,1,0,22,1,1476501590909,"true",0,0,"far"
"0519-9",1,0,2,0,2,23,1,1476501603520,"true",0,0,"far"
"0519-9",1,0,0,0,2,46,0,1476501906650,"true",1,0,"close"
"0519-9",1,0,1,0,2,47,0,1476501929247,"false",0,1,"close"
"0519-9",0,0,0,1,0,44,0,1476501877787,"true",1,0,"close"
"0519-9",0,1,1,0,1,45,0,1476501897824,"true",0,1,"split"
"0519-9",0,0,1,1,0,28,0,1476501662810,"true",0,1,"far"
"0519-9",1,0,2,0,2,29,1,1476501672810,"true",0,0,"far"
"0519-9",1,0,0,0,2,40,0,1476501799132,"true",1,0,"split"
"0519-9",1,0,2,0,2,41,1,1476501830066,"true",0,0,"split"
"0519-9",1,0,1,0,2,1,0,1476501088647,"true",0,1,"far"
"0519-9",0,1,2,0,1,3,1,1476501131817,"true",0,0,"split"
"0519-9",1,0,0,0,2,2,0,1476501111663,"true",1,0,"split"
"0519-9",1,0,2,0,2,5,1,1476501155383,"true",0,0,"far"
"0519-9",0,0,0,1,0,4,0,1476501142897,"true",1,0,"split"
"0519-9",0,0,1,1,0,7,0,1476501209189,"true",0,1,"close"
"0519-9",0,1,0,0,1,6,0,1476501182928,"true",1,0,"close"
"0519-9",0,1,0,0,1,9,0,1476501262585,"false",1,0,"far"
"0519-9",0,1,1,0,1,8,0,1476501235109,"true",0,1,"far"
"0519-9",1,0,1,0,2,39,0,1476501782102,"true",0,1,"far"
"0519-9",0,0,0,1,0,38,0,1476501772747,"true",1,0,"split"
"0519-9",1,0,1,0,2,11,0,1476501307689,"true",0,1,"close"
"0519-9",1,0,1,0,2,10,0,1476501275765,"true",0,1,"split"
"0519-9",1,0,0,0,2,13,0,1476501360473,"true",1,0,"far"
"0519-9",0,1,0,0,1,12,0,1476501325036,"true",1,0,"split"
"0519-9",1,0,2,0,2,15,1,1476501388067,"true",0,0,"split"
"0519-9",1,0,2,0,2,14,1,1476501377470,"true",0,0,"close"
"0519-9",0,0,1,1,0,17,0,1476501474292,"true",0,1,"close"
"0519-9",0,1,0,0,1,16,0,1476501422777,"true",1,0,"far"
"0519-9",1,0,2,0,2,19,1,1476501551903,"false",0,0,"close"
"0519-9",0,1,2,0,1,18,1,1476501528382,"false",0,0,"close"
"0519-9",1,0,0,0,2,31,0,1476501687954,"true",1,0,"far"
"0519-9",0,0,2,1,0,30,1,1476501681944,"true",0,0,"far"
"0519-9",0,0,2,1,0,37,1,1476501759426,"true",0,0,"split"
"0519-9",0,0,0,1,0,36,0,1476501742866,"true",1,0,"split"
"0519-9",0,1,1,0,1,35,0,1476501729561,"true",0,1,"far"
"0519-9",0,0,1,1,0,34,0,1476501720525,"true",0,1,"close"
"0519-9",0,1,1,0,1,33,0,1476501707725,"true",0,1,"far"
"0519-9",0,1,1,0,1,32,0,1476501698355,"true",0,1,"close"
"0519-9",1,0,2,0,2,50,1,1476501964008,"true",0,0,"close"
