"gameid","sClicked_2","sClicked_1","lClickedIndex","sClicked_0","sClickedIndex","roundNum","lClicked_2","time","outcome","lClicked_0","lClicked_1","condition"
"0519-6",0,0,0,1,0,42,0,1476472007580,"true",1,0,"far"
"0519-6",0,0,0,1,0,48,0,1476472090360,"true",1,0,"split"
"0519-6",1,0,1,0,2,43,0,1476472016312,"true",0,1,"far"
"0519-6",0,0,1,1,0,49,0,1476472104786,"true",0,1,"close"
"0519-6",1,0,0,0,2,24,0,1476471636702,"true",1,0,"far"
"0519-6",0,0,0,1,0,25,0,1476471648412,"true",1,0,"far"
"0519-6",0,1,2,0,1,26,1,1476471660930,"true",0,0,"far"
"0519-6",0,1,2,0,1,27,1,1476471674162,"true",0,0,"split"
"0519-6",1,0,2,0,2,20,1,1476471553805,"true",0,0,"close"
"0519-6",1,0,2,0,2,21,1,1476471578663,"true",0,0,"split"
"0519-6",1,0,0,0,2,22,0,1476471598693,"true",1,0,"close"
"0519-6",0,0,1,1,0,23,0,1476471620003,"true",0,1,"split"
"0519-6",1,0,0,0,2,46,0,1476472063368,"true",1,0,"split"
"0519-6",0,1,0,0,1,47,0,1476472074618,"true",1,0,"split"
"0519-6",1,0,2,0,2,44,1,1476472026929,"true",0,0,"far"
"0519-6",0,0,1,1,0,45,0,1476472048779,"true",0,1,"close"
"0519-6",0,1,2,0,1,28,1,1476471687170,"true",0,0,"far"
"0519-6",0,1,2,0,1,29,1,1476471766986,"true",0,0,"split"
"0519-6",1,0,2,0,2,40,1,1476471971491,"true",0,0,"split"
"0519-6",1,0,0,0,2,41,0,1476471993008,"true",1,0,"split"
"0519-6",1,0,2,0,2,1,1,1476471086898,"false",0,0,"close"
"0519-6",1,0,0,0,2,3,0,1476471139138,"true",1,0,"split"
"0519-6",0,0,2,1,0,2,1,1476471116418,"true",0,0,"far"
"0519-6",0,0,1,1,0,5,0,1476471264773,"true",0,1,"far"
"0519-6",0,0,1,1,0,4,0,1476471254519,"true",0,1,"close"
"0519-6",0,0,1,1,0,7,0,1476471300847,"true",0,1,"far"
"0519-6",0,1,0,0,1,6,0,1476471291369,"true",1,0,"close"
"0519-6",1,0,0,0,2,9,0,1476471362362,"true",1,0,"close"
"0519-6",0,1,1,0,1,8,0,1476471327510,"true",0,1,"split"
"0519-6",1,0,0,0,2,39,0,1476471962732,"true",1,0,"close"
"0519-6",0,0,1,1,0,38,0,1476471938593,"true",0,1,"far"
"0519-6",0,1,0,0,1,11,0,1476471390770,"true",1,0,"close"
"0519-6",0,0,0,1,0,10,0,1476471381712,"true",1,0,"close"
"0519-6",1,0,0,0,2,13,0,1476471412419,"true",1,0,"far"
"0519-6",0,0,0,1,0,12,0,1476471401898,"true",1,0,"split"
"0519-6",0,1,2,0,1,15,1,1476471452706,"true",0,0,"far"
"0519-6",0,1,2,0,1,14,1,1476471430356,"true",0,0,"close"
"0519-6",0,1,1,0,1,17,0,1476471479401,"true",0,1,"split"
"0519-6",0,0,0,1,0,16,0,1476471463638,"true",1,0,"far"
"0519-6",1,0,2,0,2,19,1,1476471513179,"true",0,0,"close"
"0519-6",0,0,0,1,0,18,0,1476471497490,"true",1,0,"close"
"0519-6",1,0,0,0,2,31,0,1476471804568,"true",1,0,"close"
"0519-6",0,0,0,1,0,30,0,1476471782514,"true",1,0,"close"
"0519-6",1,0,0,0,2,37,0,1476471929299,"true",1,0,"split"
"0519-6",1,0,2,0,2,36,1,1476471913625,"true",0,0,"close"
"0519-6",1,0,0,0,2,35,0,1476471875843,"true",1,0,"far"
"0519-6",1,0,1,0,2,34,0,1476471853490,"true",0,1,"far"
"0519-6",0,0,0,1,0,33,0,1476471843613,"true",1,0,"split"
"0519-6",1,0,0,0,2,32,0,1476471833444,"true",1,0,"split"
"0519-6",0,1,1,0,1,50,0,1476472134004,"true",0,1,"split"
