"gameid","sClicked_2","sClicked_1","lClickedIndex","sClicked_0","sClickedIndex","roundNum","lClicked_2","time","outcome","lClicked_0","lClicked_1","condition"
"0529-2",1,0,2,0,2,42,1,1476496700276,"true",0,0,"split"
"0529-2",0,0,1,1,0,48,0,1476496783807,"true",0,1,"split"
"0529-2",1,0,1,0,2,43,0,1476496707499,"true",0,1,"far"
"0529-2",0,1,1,0,1,49,0,1476496791137,"true",0,1,"far"
"0529-2",0,1,0,0,1,24,0,1476496451557,"true",1,0,"far"
"0529-2",1,0,2,0,2,25,1,1476496459505,"true",0,0,"far"
"0529-2",1,0,2,0,2,26,1,1476496469460,"true",0,0,"close"
"0529-2",1,0,1,0,2,27,0,1476496507184,"true",0,1,"close"
"0529-2",0,1,1,0,1,20,0,1476496416492,"true",0,1,"split"
"0529-2",0,0,1,1,0,21,0,1476496423505,"true",0,1,"far"
"0529-2",0,0,0,1,0,22,0,1476496432281,"true",1,0,"split"
"0529-2",1,0,1,0,2,23,0,1476496440074,"true",0,1,"split"
"0529-2",0,0,2,1,0,46,1,1476496760807,"true",0,0,"split"
"0529-2",0,1,2,0,1,47,1,1476496767502,"true",0,0,"far"
"0529-2",0,1,1,0,1,44,0,1476496736473,"true",0,1,"close"
"0529-2",1,0,2,0,2,45,1,1476496753648,"false",0,0,"close"
"0529-2",1,0,2,0,2,28,1,1476496524647,"true",0,0,"split"
"0529-2",1,0,0,0,2,29,0,1476496536100,"true",1,0,"close"
"0529-2",0,0,1,1,0,40,0,1476496682596,"true",0,1,"close"
"0529-2",0,1,2,0,1,41,1,1476496689553,"true",0,0,"split"
"0529-2",1,0,2,0,2,1,1,1476496173629,"false",0,0,"far"
"0529-2",0,1,0,0,1,3,0,1476496197196,"true",1,0,"far"
"0529-2",1,0,2,0,2,2,1,1476496188424,"true",0,0,"far"
"0529-2",1,0,2,0,2,5,1,1476496227690,"true",0,0,"close"
"0529-2",1,0,1,0,2,4,0,1476496204500,"true",0,1,"far"
"0529-2",1,0,1,0,2,7,0,1476496262927,"true",0,1,"close"
"0529-2",1,0,1,0,2,6,0,1476496253397,"true",0,1,"split"
"0529-2",1,0,2,0,2,9,1,1476496286369,"true",0,0,"close"
"0529-2",0,1,2,0,1,8,1,1476496271282,"true",0,0,"split"
"0529-2",0,1,2,0,1,39,1,1476496668510,"true",0,0,"far"
"0529-2",1,0,1,0,2,38,0,1476496657045,"true",0,1,"far"
"0529-2",0,1,2,0,1,11,1,1476496318219,"true",0,0,"split"
"0529-2",0,0,1,1,0,10,0,1476496310207,"true",0,1,"close"
"0529-2",0,1,0,0,1,13,0,1476496338549,"true",1,0,"close"
"0529-2",0,1,0,0,1,12,0,1476496326077,"true",1,0,"split"
"0529-2",1,0,2,0,2,15,1,1476496354571,"true",0,0,"split"
"0529-2",0,0,2,1,0,14,1,1476496346118,"true",0,0,"far"
"0529-2",0,0,1,1,0,17,0,1476496371971,"true",0,1,"close"
"0529-2",1,0,0,0,2,16,0,1476496361868,"true",1,0,"far"
"0529-2",0,1,2,0,1,19,1,1476496404166,"true",0,0,"split"
"0529-2",1,0,1,0,2,18,0,1476496396863,"true",0,1,"close"
"0529-2",0,1,2,0,1,31,1,1476496577008,"true",0,0,"split"
"0529-2",0,1,0,0,1,30,0,1476496558780,"true",1,0,"close"
"0529-2",0,1,0,0,1,37,0,1476496650122,"true",1,0,"far"
"0529-2",0,1,0,0,1,36,0,1476496641363,"true",1,0,"close"
"0529-2",0,1,1,0,1,35,0,1476496625425,"true",0,1,"close"
"0529-2",0,0,1,1,0,34,0,1476496604828,"true",0,1,"far"
"0529-2",1,0,0,0,2,33,0,1476496597229,"true",1,0,"split"
"0529-2",0,0,2,1,0,32,1,1476496587175,"false",0,0,"close"
"0529-2",1,0,2,0,2,50,1,1476496798669,"true",0,0,"far"
