"gameid","sClicked_2","sClicked_1","lClickedIndex","sClicked_0","sClickedIndex","roundNum","lClicked_2","time","outcome","lClicked_0","lClicked_1","condition"
"0532-1",1,0,0,0,2,42,0,1476999631489,"true",1,0,"split"
"0532-1",0,0,0,1,0,48,0,1476999799686,"true",1,0,"close"
"0532-1",0,1,1,0,1,43,0,1476999641401,"true",0,1,"close"
"0532-1",1,0,1,0,2,49,0,1476999808877,"true",0,1,"far"
"0532-1",1,0,2,0,2,24,1,1476999224437,"true",0,0,"far"
"0532-1",0,0,0,1,0,25,0,1476999278179,"true",1,0,"split"
"0532-1",1,0,0,0,2,26,0,1476999308864,"false",1,0,"close"
"0532-1",0,0,2,1,0,27,1,1476999327504,"true",0,0,"far"
"0532-1",0,1,2,0,1,20,1,1476999124406,"true",0,0,"close"
"0532-1",1,0,1,0,2,21,0,1476999168878,"true",0,1,"close"
"0532-1",0,1,1,0,1,22,0,1476999185053,"true",0,1,"far"
"0532-1",1,0,2,0,2,23,1,1476999194693,"true",0,0,"split"
"0532-1",1,0,1,0,2,46,0,1476999764512,"true",0,1,"split"
"0532-1",0,1,2,0,1,47,1,1476999775730,"true",0,0,"far"
"0532-1",0,0,0,1,0,44,0,1476999668492,"true",1,0,"close"
"0532-1",0,1,2,0,1,45,1,1476999735404,"false",0,0,"close"
"0532-1",0,0,1,1,0,28,0,1476999339818,"true",0,1,"far"
"0532-1",1,0,2,0,2,29,1,1476999367032,"true",0,0,"close"
"0532-1",0,1,0,0,1,40,0,1476999535899,"true",1,0,"split"
"0532-1",1,0,2,0,2,41,1,1476999563072,"true",0,0,"close"
"0532-1",0,1,1,0,1,1,0,1476998740781,"true",0,1,"split"
"0532-1",0,0,2,1,0,3,1,1476998774020,"true",0,0,"close"
"0532-1",1,0,2,0,2,2,1,1476998749689,"true",0,0,"far"
"0532-1",0,0,0,1,0,5,0,1476998793197,"true",1,0,"split"
"0532-1",0,0,2,1,0,4,1,1476998783536,"true",0,0,"far"
"0532-1",1,0,2,0,2,7,1,1476998811916,"true",0,0,"far"
"0532-1",0,1,2,0,1,6,1,1476998802211,"true",0,0,"split"
"0532-1",0,0,2,1,0,9,1,1476998851748,"true",0,0,"close"
"0532-1",0,0,0,1,0,8,0,1476998829200,"true",1,0,"close"
"0532-1",1,0,1,0,2,39,0,1476999520993,"true",0,1,"far"
"0532-1",0,1,2,0,1,38,1,1476999508689,"true",0,0,"split"
"0532-1",1,0,0,0,2,11,0,1476998889423,"true",1,0,"far"
"0532-1",0,0,0,1,0,10,0,1476998878057,"true",1,0,"split"
"0532-1",1,0,1,0,2,13,0,1476998948602,"true",0,1,"close"
"0532-1",0,0,1,1,0,12,0,1476998907624,"true",0,1,"split"
"0532-1",1,0,0,0,2,15,0,1476998997675,"true",1,0,"close"
"0532-1",1,0,2,0,2,14,1,1476998978295,"true",0,0,"split"
"0532-1",1,0,2,0,2,17,1,1476999039035,"false",0,0,"split"
"0532-1",0,1,1,0,1,16,0,1476999020473,"true",0,1,"split"
"0532-1",0,0,2,1,0,19,1,1476999061157,"true",0,0,"far"
"0532-1",0,0,2,1,0,18,1,1476999051271,"true",0,0,"split"
"0532-1",0,1,1,0,1,31,0,1476999387931,"true",0,1,"far"
"0532-1",0,0,0,1,0,30,0,1476999376253,"true",1,0,"far"
"0532-1",1,0,0,0,2,37,0,1476999487662,"true",1,0,"split"
"0532-1",0,0,0,1,0,36,0,1476999470965,"true",1,0,"close"
"0532-1",0,0,0,1,0,35,0,1476999432526,"true",1,0,"far"
"0532-1",1,0,2,0,2,34,1,1476999423466,"true",0,0,"close"
"0532-1",0,1,0,0,1,33,0,1476999407756,"true",1,0,"far"
"0532-1",0,0,1,1,0,32,0,1476999398936,"true",0,1,"far"
"0532-1",0,1,0,0,1,50,0,1476999830112,"true",1,0,"close"
