"gameid","sClicked_2","sClicked_1","lClickedIndex","sClicked_0","sClickedIndex","roundNum","lClicked_2","time","outcome","lClicked_0","lClicked_1","condition"
"0580-7",0,0,1,1,0,42,0,1476490881809,"true",0,1,"split"
"0580-7",0,0,0,1,0,48,0,1476490951717,"true",1,0,"split"
"0580-7",1,0,1,0,2,43,0,1476490891443,"true",0,1,"far"
"0580-7",0,0,1,1,0,49,0,1476490960109,"true",0,1,"split"
"0580-7",1,0,2,0,2,24,1,1476490657375,"true",0,0,"split"
"0580-7",0,0,0,1,0,25,0,1476490667375,"true",1,0,"split"
"0580-7",0,1,2,0,1,26,1,1476490677006,"true",0,0,"split"
"0580-7",1,0,0,0,2,27,0,1476490691835,"true",1,0,"split"
"0580-7",0,0,1,1,0,20,0,1476490604285,"true",0,1,"split"
"0580-7",0,0,0,1,0,21,0,1476490612176,"true",1,0,"far"
"0580-7",1,0,1,0,2,22,0,1476490626180,"false",0,1,"close"
"0580-7",1,0,1,0,2,23,0,1476490639620,"true",0,1,"close"
"0580-7",0,0,0,1,0,46,0,1476490929603,"true",1,0,"split"
"0580-7",1,0,1,0,2,47,0,1476490940969,"true",0,1,"close"
"0580-7",0,0,2,1,0,44,1,1476490900867,"true",0,0,"close"
"0580-7",1,0,1,0,2,45,0,1476490912431,"false",0,1,"close"
"0580-7",0,1,2,0,1,28,1,1476490699500,"true",0,0,"far"
"0580-7",0,0,2,1,0,29,1,1476490709258,"true",0,0,"close"
"0580-7",0,0,1,1,0,40,0,1476490854285,"true",0,1,"close"
"0580-7",0,1,1,0,1,41,0,1476490862244,"true",0,1,"split"
"0580-7",0,0,0,1,0,1,0,1476490277879,"true",1,0,"far"
"0580-7",1,0,0,0,2,3,0,1476490320314,"true",1,0,"close"
"0580-7",0,0,0,1,0,2,0,1476490295231,"false",1,0,"split"
"0580-7",0,0,1,1,0,5,0,1476490347350,"true",0,1,"split"
"0580-7",0,0,2,1,0,4,1,1476490338318,"true",0,0,"close"
"0580-7",0,1,0,0,1,7,0,1476490366462,"true",1,0,"split"
"0580-7",1,0,1,0,2,6,0,1476490355751,"true",0,1,"far"
"0580-7",1,0,2,0,2,9,1,1476490393141,"true",0,0,"far"
"0580-7",0,0,2,1,0,8,1,1476490379964,"true",0,0,"split"
"0580-7",1,0,0,0,2,39,0,1476490834768,"true",1,0,"far"
"0580-7",1,0,2,0,2,38,1,1476490827160,"true",0,0,"far"
"0580-7",0,1,2,0,1,11,1,1476490448693,"true",0,0,"close"
"0580-7",0,0,1,1,0,10,0,1476490430370,"true",0,1,"close"
"0580-7",1,0,1,0,2,13,0,1476490486814,"true",0,1,"close"
"0580-7",0,1,0,0,1,12,0,1476490456945,"true",1,0,"far"
"0580-7",0,0,2,1,0,15,1,1476490513138,"true",0,0,"close"
"0580-7",0,0,1,1,0,14,0,1476490499176,"true",0,1,"far"
"0580-7",0,0,0,1,0,17,0,1476490531817,"true",1,0,"far"
"0580-7",0,1,1,0,1,16,0,1476490522855,"true",0,1,"far"
"0580-7",0,1,1,0,1,19,0,1476490591424,"true",0,1,"close"
"0580-7",0,0,2,1,0,18,1,1476490578936,"true",0,0,"close"
"0580-7",0,0,1,1,0,31,0,1476490749168,"false",0,1,"close"
"0580-7",0,0,1,1,0,30,0,1476490717765,"true",0,1,"split"
"0580-7",0,0,1,1,0,37,0,1476490819520,"true",0,1,"split"
"0580-7",0,1,2,0,1,36,1,1476490804666,"true",0,0,"close"
"0580-7",0,1,1,0,1,35,0,1476490794422,"true",0,1,"far"
"0580-7",0,0,1,1,0,34,0,1476490786754,"true",0,1,"far"
"0580-7",0,1,0,0,1,33,0,1476490776000,"true",1,0,"far"
"0580-7",1,0,2,0,2,32,1,1476490758663,"true",0,0,"split"
"0580-7",1,0,2,0,2,50,1,1476490967402,"true",0,0,"far"
