"gameid","sClicked_2","sClicked_1","lClickedIndex","sClicked_0","sClickedIndex","roundNum","lClicked_2","time","outcome","lClicked_0","lClicked_1","condition"
"0581-b",1,0,1,0,2,42,0,1476996699112,"true",0,1,"close"
"0581-b",0,0,0,1,0,48,0,1476996767386,"true",1,0,"far"
"0581-b",0,1,2,0,1,43,1,1476996712489,"false",0,0,"close"
"0581-b",0,0,2,1,0,49,1,1476996779835,"true",0,0,"split"
"0581-b",0,1,2,0,1,24,1,1476996508353,"true",0,0,"split"
"0581-b",0,1,2,0,1,25,1,1476996517532,"true",0,0,"close"
"0581-b",1,0,1,0,2,26,0,1476996523800,"true",0,1,"far"
"0581-b",0,1,0,0,1,27,0,1476996532594,"true",1,0,"close"
"0581-b",0,1,0,0,1,20,0,1476996475440,"true",1,0,"close"
"0581-b",0,0,0,1,0,21,0,1476996482864,"true",1,0,"split"
"0581-b",0,0,0,1,0,22,0,1476996489521,"true",1,0,"far"
"0581-b",0,0,1,1,0,23,0,1476996500175,"true",0,1,"close"
"0581-b",1,0,1,0,2,46,0,1476996735561,"true",0,1,"far"
"0581-b",1,0,0,0,2,47,0,1476996753987,"false",1,0,"close"
"0581-b",1,0,2,0,2,44,1,1476996720296,"true",0,0,"split"
"0581-b",0,0,0,1,0,45,0,1476996729069,"true",1,0,"split"
"0581-b",0,0,1,1,0,28,0,1476996540873,"true",0,1,"far"
"0581-b",0,1,2,0,1,29,1,1476996551101,"true",0,0,"close"
"0581-b",0,1,0,0,1,40,0,1476996681441,"true",1,0,"far"
"0581-b",1,0,0,0,2,41,0,1476996688743,"true",1,0,"far"
"0581-b",0,1,1,0,1,1,0,1476996171107,"true",0,1,"close"
"0581-b",0,1,2,0,1,3,1,1476996191284,"true",0,0,"far"
"0581-b",0,0,2,1,0,2,1,1476996180480,"true",0,0,"split"
"0581-b",0,1,0,0,1,5,0,1476996226750,"true",1,0,"split"
"0581-b",0,1,1,0,1,4,0,1476996215974,"true",0,1,"close"
"0581-b",0,1,2,0,1,7,1,1476996247566,"true",0,0,"far"
"0581-b",0,0,0,1,0,6,0,1476996238894,"false",1,0,"split"
"0581-b",0,1,0,0,1,9,0,1476996312989,"true",1,0,"split"
"0581-b",0,1,0,0,1,8,0,1476996293639,"true",1,0,"close"
"0581-b",1,0,0,0,2,39,0,1476996674088,"false",1,0,"split"
"0581-b",1,0,1,0,2,38,0,1476996659431,"true",0,1,"split"
"0581-b",1,0,0,0,2,11,0,1476996344171,"true",1,0,"far"
"0581-b",0,0,0,1,0,10,0,1476996335473,"true",1,0,"split"
"0581-b",1,0,0,0,2,13,0,1476996392619,"true",1,0,"far"
"0581-b",1,0,1,0,2,12,0,1476996383955,"true",0,1,"close"
"0581-b",0,1,1,0,1,15,0,1476996407613,"true",0,1,"far"
"0581-b",0,0,0,1,0,14,0,1476996400596,"true",1,0,"split"
"0581-b",1,0,2,0,2,17,1,1476996426005,"true",0,0,"far"
"0581-b",0,1,2,0,1,16,1,1476996414060,"true",0,0,"far"
"0581-b",0,1,2,0,1,19,1,1476996467311,"true",0,0,"close"
"0581-b",1,0,0,0,2,18,0,1476996449102,"true",1,0,"split"
"0581-b",1,0,2,0,2,31,1,1476996577180,"true",0,0,"far"
"0581-b",0,1,2,0,1,30,1,1476996570514,"true",0,0,"close"
"0581-b",0,1,1,0,1,37,0,1476996640774,"true",0,1,"far"
"0581-b",0,0,2,1,0,36,1,1476996632365,"true",0,0,"far"
"0581-b",0,1,0,0,1,35,0,1476996625877,"true",1,0,"split"
"0581-b",1,0,0,0,2,34,0,1476996612256,"true",1,0,"split"
"0581-b",1,0,0,0,2,33,0,1476996604445,"true",1,0,"close"
"0581-b",0,0,0,1,0,32,0,1476996593844,"true",1,0,"close"
"0581-b",0,1,0,0,1,50,0,1476996787283,"true",1,0,"split"
