"gameid","sClicked_2","sClicked_1","lClickedIndex","sClicked_0","sClickedIndex","roundNum","lClicked_2","time","outcome","lClicked_0","lClicked_1","condition"
"0599-7",0,0,1,1,0,42,0,1476995839761,"true",0,1,"close"
"0599-7",0,0,2,1,0,48,1,1476995903493,"true",0,0,"split"
"0599-7",0,0,0,1,0,43,0,1476995848420,"true",1,0,"far"
"0599-7",1,0,2,0,2,49,1,1476995921782,"false",0,0,"close"
"0599-7",0,0,0,1,0,24,0,1476995642461,"true",1,0,"close"
"0599-7",0,0,1,1,0,25,0,1476995649769,"true",0,1,"far"
"0599-7",0,1,1,0,1,26,0,1476995667987,"false",0,1,"close"
"0599-7",1,0,0,0,2,27,0,1476995675756,"true",1,0,"far"
"0599-7",1,0,1,0,2,20,0,1476995583294,"true",0,1,"far"
"0599-7",0,0,0,1,0,21,0,1476995592309,"true",1,0,"far"
"0599-7",1,0,1,0,2,22,0,1476995611807,"true",0,1,"close"
"0599-7",1,0,1,0,2,23,0,1476995628528,"true",0,1,"split"
"0599-7",0,1,1,0,1,46,0,1476995885950,"true",0,1,"close"
"0599-7",1,0,2,0,2,47,1,1476995893269,"true",0,0,"close"
"0599-7",0,0,2,1,0,44,1,1476995860534,"true",0,0,"split"
"0599-7",0,0,1,1,0,45,0,1476995869867,"true",0,1,"split"
"0599-7",0,0,0,1,0,28,0,1476995691685,"true",1,0,"split"
"0599-7",0,0,2,1,0,29,1,1476995703175,"true",0,0,"split"
"0599-7",1,0,0,0,2,40,0,1476995813993,"true",1,0,"far"
"0599-7",0,1,0,0,1,41,0,1476995829297,"true",1,0,"split"
"0599-7",0,1,2,0,1,1,1,1476995275061,"true",0,0,"split"
"0599-7",1,0,1,0,2,3,0,1476995297987,"true",0,1,"far"
"0599-7",1,0,0,0,2,2,0,1476995282306,"true",1,0,"far"
"0599-7",0,1,0,0,1,5,0,1476995327161,"true",1,0,"far"
"0599-7",1,0,2,0,2,4,1,1476995319630,"true",0,0,"split"
"0599-7",0,1,0,0,1,7,0,1476995412884,"false",1,0,"close"
"0599-7",1,0,2,0,2,6,1,1476995371327,"true",0,0,"far"
"0599-7",0,0,0,1,0,9,0,1476995433145,"true",1,0,"close"
"0599-7",0,0,2,1,0,8,1,1476995426604,"true",0,0,"split"
"0599-7",1,0,1,0,2,39,0,1476995805235,"true",0,1,"split"
"0599-7",0,0,2,1,0,38,1,1476995794594,"true",0,0,"split"
"0599-7",0,1,2,0,1,11,1,1476995456769,"true",0,0,"close"
"0599-7",0,0,2,1,0,10,1,1476995444085,"true",0,0,"close"
"0599-7",0,0,0,1,0,13,0,1476995491743,"true",1,0,"split"
"0599-7",0,0,2,1,0,12,1,1476995478523,"false",0,0,"split"
"0599-7",0,0,0,1,0,15,0,1476995519426,"true",1,0,"close"
"0599-7",0,1,0,0,1,14,0,1476995499516,"true",1,0,"split"
"0599-7",0,0,2,1,0,17,1,1476995540499,"true",0,0,"close"
"0599-7",0,1,0,0,1,16,0,1476995526353,"true",1,0,"close"
"0599-7",0,0,2,1,0,19,1,1476995563207,"true",0,0,"close"
"0599-7",1,0,1,0,2,18,0,1476995547211,"true",0,1,"far"
"0599-7",0,1,1,0,1,31,0,1476995718294,"true",0,1,"far"
"0599-7",0,0,2,1,0,30,1,1476995711393,"true",0,0,"split"
"0599-7",0,0,1,1,0,37,0,1476995784541,"true",0,1,"far"
"0599-7",1,0,1,0,2,36,0,1476995774302,"true",0,1,"split"
"0599-7",0,0,0,1,0,35,0,1476995765239,"true",1,0,"far"
"0599-7",1,0,1,0,2,34,0,1476995750952,"true",0,1,"far"
"0599-7",0,0,1,1,0,33,0,1476995743476,"true",0,1,"far"
"0599-7",0,1,0,0,1,32,0,1476995734991,"true",1,0,"close"
"0599-7",1,0,1,0,2,50,0,1476995951971,"true",0,1,"close"
