"gameid","sClicked_2","sClicked_1","lClickedIndex","sClicked_0","sClickedIndex","roundNum","lClicked_2","time","outcome","lClicked_0","lClicked_1","condition"
"0662-1",0,0,2,1,0,42,1,1476990985089,"true",0,0,"split"
"0662-1",0,0,0,1,0,48,0,1476991046106,"true",1,0,"close"
"0662-1",0,0,2,1,0,43,1,1476991001705,"true",0,0,"split"
"0662-1",0,1,0,0,1,49,0,1476991054913,"true",1,0,"split"
"0662-1",0,0,0,1,0,24,0,1476990801945,"true",1,0,"close"
"0662-1",0,1,2,0,1,25,1,1476990812478,"true",0,0,"split"
"0662-1",0,0,1,1,0,26,0,1476990819980,"true",0,1,"far"
"0662-1",1,0,1,0,2,27,0,1476990826827,"true",0,1,"split"
"0662-1",0,1,2,0,1,20,1,1476990744547,"false",0,0,"close"
"0662-1",0,0,2,1,0,21,1,1476990755086,"true",0,0,"far"
"0662-1",0,1,1,0,1,22,0,1476990776915,"true",0,1,"close"
"0662-1",0,0,0,1,0,23,0,1476990789804,"true",1,0,"split"
"0662-1",0,0,1,1,0,46,0,1476991026145,"true",0,1,"close"
"0662-1",0,0,2,1,0,47,1,1476991036347,"true",0,0,"split"
"0662-1",0,1,0,0,1,44,0,1476991009331,"true",1,0,"far"
"0662-1",0,0,1,1,0,45,0,1476991017828,"true",0,1,"far"
"0662-1",1,0,2,0,2,28,1,1476990837021,"true",0,0,"split"
"0662-1",0,1,0,0,1,29,0,1476990844716,"true",1,0,"far"
"0662-1",0,1,1,0,1,40,0,1476990967361,"true",0,1,"close"
"0662-1",0,1,2,0,1,41,1,1476990974344,"true",0,0,"far"
"0662-1",1,0,1,0,2,1,0,1476990504233,"true",0,1,"close"
"0662-1",0,0,1,1,0,3,0,1476990539937,"true",0,1,"far"
"0662-1",0,1,1,0,1,2,0,1476990529480,"true",0,1,"split"
"0662-1",0,0,0,1,0,5,0,1476990568499,"true",1,0,"close"
"0662-1",0,0,1,1,0,4,0,1476990549028,"true",0,1,"split"
"0662-1",0,0,2,1,0,7,1,1476990589598,"false",0,0,"split"
"0662-1",0,0,0,1,0,6,0,1476990576713,"true",1,0,"far"
"0662-1",0,0,0,1,0,9,0,1476990618257,"true",1,0,"far"
"0662-1",1,0,1,0,2,8,0,1476990609603,"true",0,1,"close"
"0662-1",0,0,2,1,0,39,1,1476990955930,"true",0,0,"split"
"0662-1",0,1,2,0,1,38,1,1476990942740,"true",0,0,"far"
"0662-1",0,0,1,1,0,11,0,1476990649683,"true",0,1,"close"
"0662-1",0,1,2,0,1,10,1,1476990631222,"true",0,0,"close"
"0662-1",0,1,1,0,1,13,0,1476990674207,"true",0,1,"far"
"0662-1",0,0,0,1,0,12,0,1476990665720,"true",1,0,"split"
"0662-1",0,1,0,0,1,15,0,1476990689802,"true",1,0,"far"
"0662-1",0,1,0,0,1,14,0,1476990682872,"true",1,0,"close"
"0662-1",0,0,0,1,0,17,0,1476990705617,"true",1,0,"far"
"0662-1",0,0,1,1,0,16,0,1476990697961,"true",0,1,"far"
"0662-1",0,1,1,0,1,19,0,1476990727494,"true",0,1,"split"
"0662-1",0,1,2,0,1,18,1,1476990719033,"true",0,0,"close"
"0662-1",0,0,2,1,0,31,1,1476990865929,"true",0,0,"split"
"0662-1",0,1,1,0,1,30,0,1476990852382,"true",0,1,"far"
"0662-1",1,0,0,0,2,37,0,1476990934821,"true",1,0,"split"
"0662-1",0,0,2,1,0,36,1,1476990922436,"true",0,0,"far"
"0662-1",1,0,2,0,2,35,1,1476990915270,"true",0,0,"far"
"0662-1",1,0,0,0,2,34,0,1476990907186,"true",1,0,"split"
"0662-1",0,1,2,0,1,33,1,1476990895095,"true",0,0,"close"
"0662-1",0,0,0,1,0,32,0,1476990882296,"true",1,0,"close"
"0662-1",1,0,0,0,2,50,0,1476991074940,"true",1,0,"close"
