"gameid","sClicked_2","sClicked_1","lClickedIndex","sClicked_0","sClickedIndex","roundNum","lClicked_2","time","outcome","lClicked_0","lClicked_1","condition"
"0672-a",1,0,2,0,2,42,1,1476994070764,"true",0,0,"split"
"0672-a",0,1,1,0,1,48,0,1476994208635,"true",0,1,"far"
"0672-a",0,0,2,1,0,43,1,1476994089071,"true",0,0,"far"
"0672-a",1,0,0,0,2,49,0,1476994216657,"true",1,0,"far"
"0672-a",0,0,2,1,0,25,1,1476993744688,"true",0,0,"split"
"0672-a",0,0,0,1,0,26,0,1476993757251,"true",1,0,"far"
"0672-a",0,0,0,1,0,27,0,1476993776458,"true",1,0,"far"
"0672-a",0,1,0,0,1,20,0,1476993498087,"true",1,0,"split"
"0672-a",0,0,2,1,0,21,1,1476993516451,"true",0,0,"far"
"0672-a",0,1,0,0,1,22,0,1476993550871,"true",1,0,"close"
"0672-a",0,1,1,0,1,23,0,1476993565857,"true",0,1,"far"
"0672-a",0,1,1,0,1,46,0,1476994166932,"true",0,1,"split"
"0672-a",0,0,0,1,0,47,0,1476994200087,"true",1,0,"far"
"0672-a",0,0,0,1,0,44,0,1476994118193,"true",1,0,"split"
"0672-a",0,1,0,0,1,45,0,1476994131371,"true",1,0,"close"
"0672-a",1,0,0,0,2,28,0,1476993794964,"true",1,0,"close"
"0672-a",1,0,1,0,2,29,0,1476993806066,"true",0,1,"far"
"0672-a",0,1,1,0,1,40,0,1476994032649,"true",0,1,"split"
"0672-a",0,1,1,0,1,41,0,1476994055863,"true",0,1,"close"
"0672-a",0,0,0,1,0,1,0,1476992980276,"true",1,0,"close"
"0672-a",1,0,0,0,2,3,0,1476993022544,"true",1,0,"split"
"0672-a",1,0,2,0,2,2,1,1476992999666,"true",0,0,"close"
"0672-a",0,0,1,1,0,5,0,1476993058175,"false",0,1,"split"
"0672-a",1,0,2,0,2,4,1,1476993032883,"true",0,0,"split"
"0672-a",0,0,1,1,0,7,0,1476993092780,"true",0,1,"split"
"0672-a",0,1,2,0,1,6,1,1476993078508,"true",0,0,"split"
"0672-a",0,0,0,1,0,9,0,1476993137620,"true",1,0,"close"
"0672-a",0,1,2,0,1,8,1,1476993107397,"true",0,0,"far"
"0672-a",0,0,2,1,0,39,1,1476994005011,"true",0,0,"close"
"0672-a",0,0,1,1,0,38,0,1476993968712,"true",0,1,"split"
"0672-a",0,1,0,0,1,11,0,1476993222153,"true",1,0,"close"
"0672-a",0,0,2,1,0,13,1,1476993246995,"true",0,0,"split"
"0672-a",1,0,1,0,2,12,0,1476993233190,"true",0,1,"far"
"0672-a",1,0,0,0,2,15,0,1476993361600,"true",1,0,"far"
"0672-a",1,0,0,0,2,14,0,1476993289742,"true",1,0,"close"
"0672-a",0,1,0,0,1,17,0,1476993402911,"true",1,0,"far"
"0672-a",0,0,2,1,0,16,1,1476993391706,"true",0,0,"split"
"0672-a",0,0,1,1,0,19,0,1476993478017,"true",0,1,"split"
"0672-a",0,0,0,1,0,18,0,1476993416371,"false",1,0,"close"
"0672-a",0,1,1,0,1,31,0,1476993842661,"true",0,1,"split"
"0672-a",0,0,0,1,0,30,0,1476993822230,"false",1,0,"close"
"0672-a",0,1,2,0,1,37,1,1476993950655,"true",0,0,"far"
"0672-a",0,1,1,0,1,36,0,1476993941338,"true",0,1,"close"
"0672-a",1,0,0,0,2,35,0,1476993924111,"true",1,0,"far"
"0672-a",0,0,2,1,0,34,1,1476993888787,"true",0,0,"far"
"0672-a",1,0,1,0,2,33,0,1476993873702,"true",0,1,"split"
"0672-a",1,0,0,0,2,32,0,1476993857054,"true",1,0,"close"
"0672-a",1,0,1,0,2,50,0,1476994275012,"true",0,1,"close"
