"gameid","sClicked_2","sClicked_1","lClickedIndex","sClicked_0","sClickedIndex","roundNum","lClicked_2","time","outcome","lClicked_0","lClicked_1","condition"
"0678-3",1,0,2,0,2,42,1,1476994255405,"true",0,0,"close"
"0678-3",0,0,1,1,0,48,0,1476994334749,"true",0,1,"close"
"0678-3",1,0,2,0,2,43,1,1476994271950,"true",0,0,"close"
"0678-3",1,0,1,0,2,49,0,1476994341611,"true",0,1,"split"
"0678-3",1,0,0,0,2,24,0,1476994054587,"true",1,0,"split"
"0678-3",0,1,2,0,1,25,1,1476994071529,"true",0,0,"close"
"0678-3",0,0,2,1,0,26,1,1476994087202,"true",0,0,"close"
"0678-3",0,0,1,1,0,27,0,1476994093740,"true",0,1,"split"
"0678-3",0,0,0,1,0,20,0,1476993983193,"true",1,0,"far"
"0678-3",0,0,2,1,0,21,1,1476994004687,"true",0,0,"close"
"0678-3",1,0,0,0,2,22,0,1476994024980,"false",1,0,"close"
"0678-3",0,1,2,0,1,23,1,1476994037860,"false",0,0,"close"
"0678-3",1,0,2,0,2,46,1,1476994311660,"true",0,0,"far"
"0678-3",0,1,2,0,1,47,1,1476994328255,"true",0,0,"split"
"0678-3",0,0,1,1,0,44,0,1476994295660,"true",0,1,"close"
"0678-3",1,0,0,0,2,45,0,1476994305415,"true",1,0,"far"
"0678-3",0,1,1,0,1,28,0,1476994099798,"true",0,1,"far"
"0678-3",0,0,0,1,0,29,0,1476994106112,"true",1,0,"far"
"0678-3",0,1,1,0,1,40,0,1476994222229,"true",0,1,"split"
"0678-3",0,1,0,0,1,41,0,1476994228860,"true",1,0,"far"
"0678-3",1,0,2,0,2,1,1,1476993783353,"true",0,0,"far"
"0678-3",0,0,1,1,0,3,0,1476993809007,"true",0,1,"far"
"0678-3",1,0,1,0,2,2,0,1476993801719,"false",0,1,"close"
"0678-3",0,1,0,0,1,5,0,1476993823232,"true",1,0,"far"
"0678-3",1,0,0,0,2,4,0,1476993816247,"true",1,0,"split"
"0678-3",0,1,1,0,1,7,0,1476993838574,"true",0,1,"close"
"0678-3",0,0,2,1,0,6,1,1476993830507,"true",0,0,"far"
"0678-3",1,0,1,0,2,9,0,1476993858909,"true",0,1,"close"
"0678-3",0,0,1,1,0,8,0,1476993845297,"true",0,1,"far"
"0678-3",0,0,0,1,0,39,0,1476994214380,"true",1,0,"far"
"0678-3",1,0,2,0,2,38,1,1476994207993,"true",0,0,"split"
"0678-3",1,0,2,0,2,11,1,1476993878068,"true",0,0,"far"
"0678-3",0,0,2,1,0,10,1,1476993871968,"true",0,0,"split"
"0678-3",0,0,1,1,0,13,0,1476993899322,"true",0,1,"split"
"0678-3",0,1,0,0,1,12,0,1476993891243,"true",1,0,"split"
"0678-3",1,0,0,0,2,15,0,1476993928583,"true",1,0,"split"
"0678-3",0,0,1,1,0,14,0,1476993910279,"true",0,1,"far"
"0678-3",0,1,2,0,1,17,1,1476993951568,"true",0,0,"split"
"0678-3",1,0,1,0,2,16,0,1476993943318,"true",0,1,"close"
"0678-3",1,0,2,0,2,19,1,1476993975210,"true",0,0,"split"
"0678-3",0,1,1,0,1,18,0,1476993959802,"true",0,1,"split"
"0678-3",1,0,0,0,2,31,0,1476994124609,"true",1,0,"split"
"0678-3",0,1,2,0,1,30,1,1476994114776,"true",0,0,"far"
"0678-3",0,0,1,1,0,37,0,1476994192303,"true",0,1,"far"
"0678-3",1,0,1,0,2,36,0,1476994186572,"true",0,1,"close"
"0678-3",0,0,2,1,0,35,1,1476994161395,"true",0,0,"split"
"0678-3",0,0,0,1,0,34,0,1476994155329,"true",1,0,"close"
"0678-3",1,0,2,0,2,33,1,1476994147839,"true",0,0,"close"
"0678-3",0,0,1,1,0,32,0,1476994134393,"true",0,1,"close"
"0678-3",0,0,1,1,0,50,0,1476994353998,"true",0,1,"far"
