"gameid","sClicked_2","sClicked_1","lClickedIndex","sClicked_0","sClickedIndex","roundNum","lClicked_2","time","outcome","lClicked_0","lClicked_1","condition"
"0699-d",1,0,0,0,2,42,0,1476487202149,"true",1,0,"far"
"0699-d",1,0,1,0,2,48,0,1476487261822,"true",0,1,"split"
"0699-d",0,0,1,1,0,43,0,1476487210063,"true",0,1,"split"
"0699-d",1,0,2,0,2,49,1,1476487274247,"true",0,0,"close"
"0699-d",0,0,2,1,0,24,1,1476486996588,"false",0,0,"close"
"0699-d",0,0,0,1,0,25,0,1476487008132,"true",1,0,"close"
"0699-d",0,0,1,1,0,26,0,1476487018677,"true",0,1,"far"
"0699-d",0,1,0,0,1,27,0,1476487026356,"true",1,0,"far"
"0699-d",1,0,1,0,2,20,0,1476486933348,"true",0,1,"close"
"0699-d",1,0,2,0,2,21,1,1476486941115,"true",0,0,"far"
"0699-d",0,0,2,1,0,22,1,1476486959685,"true",0,0,"split"
"0699-d",0,1,2,0,1,23,1,1476486981216,"true",0,0,"close"
"0699-d",0,1,1,0,1,46,0,1476487238910,"true",0,1,"far"
"0699-d",0,1,1,0,1,47,0,1476487248358,"true",0,1,"split"
"0699-d",1,0,2,0,2,44,1,1476487218110,"true",0,0,"far"
"0699-d",0,1,1,0,1,45,0,1476487231845,"true",0,1,"close"
"0699-d",0,1,1,0,1,28,0,1476487035781,"true",0,1,"far"
"0699-d",0,1,2,0,1,29,1,1476487045508,"true",0,0,"far"
"0699-d",0,1,0,0,1,40,0,1476487180926,"true",1,0,"close"
"0699-d",0,1,2,0,1,41,1,1476487189350,"true",0,0,"far"
"0699-d",0,0,1,1,0,1,0,1476486611481,"true",0,1,"far"
"0699-d",0,0,1,1,0,3,0,1476486628600,"true",0,1,"far"
"0699-d",0,0,1,1,0,2,0,1476486619938,"true",0,1,"split"
"0699-d",0,1,2,0,1,5,1,1476486653449,"true",0,0,"close"
"0699-d",1,0,1,0,2,4,0,1476486639091,"true",0,1,"split"
"0699-d",1,0,2,0,2,7,1,1476486677098,"true",0,0,"far"
"0699-d",1,0,1,0,2,6,0,1476486667451,"true",0,1,"close"
"0699-d",1,0,1,0,2,9,0,1476486764306,"true",0,1,"split"
"0699-d",0,0,1,1,0,8,0,1476486753507,"true",0,1,"close"
"0699-d",0,0,1,1,0,39,0,1476487170232,"true",0,1,"split"
"0699-d",1,0,2,0,2,38,1,1476487159409,"false",0,0,"close"
"0699-d",1,0,0,0,2,11,0,1476486783426,"true",1,0,"far"
"0699-d",0,1,0,0,1,10,0,1476486774145,"true",1,0,"far"
"0699-d",0,0,1,1,0,13,0,1476486812522,"true",0,1,"split"
"0699-d",1,0,1,0,2,12,0,1476486795618,"true",0,1,"close"
"0699-d",1,0,2,0,2,15,1,1476486833730,"true",0,0,"split"
"0699-d",0,0,2,1,0,14,1,1476486824187,"true",0,0,"split"
"0699-d",1,0,0,0,2,17,0,1476486879156,"true",1,0,"close"
"0699-d",1,0,1,0,2,16,0,1476486869834,"false",0,1,"split"
"0699-d",1,0,2,0,2,19,1,1476486896730,"true",0,0,"far"
"0699-d",0,0,0,1,0,18,0,1476486888308,"true",1,0,"split"
"0699-d",1,0,2,0,2,31,1,1476487061164,"true",0,0,"split"
"0699-d",1,0,2,0,2,30,1,1476487053804,"true",0,0,"close"
"0699-d",1,0,1,0,2,37,0,1476487149821,"true",0,1,"far"
"0699-d",0,0,0,1,0,36,0,1476487138845,"true",1,0,"split"
"0699-d",0,0,2,1,0,35,1,1476487120294,"true",0,0,"close"
"0699-d",1,0,2,0,2,34,1,1476487101693,"true",0,0,"close"
"0699-d",0,0,2,1,0,33,1,1476487085750,"true",0,0,"split"
"0699-d",0,0,2,1,0,32,1,1476487072956,"false",0,0,"split"
"0699-d",1,0,0,0,2,50,0,1476487288990,"true",1,0,"close"
