"gameid","sClicked_2","sClicked_1","lClickedIndex","sClicked_0","sClickedIndex","roundNum","lClicked_2","time","outcome","lClicked_0","lClicked_1","condition"
"0713-f",0,0,0,1,0,42,0,1476988596786,"true",1,0,"close"
"0713-f",0,0,0,1,0,48,0,1476988650003,"true",1,0,"close"
"0713-f",0,0,1,1,0,43,0,1476988602700,"true",0,1,"close"
"0713-f",0,1,0,0,1,49,0,1476988662004,"true",1,0,"split"
"0713-f",0,0,0,1,0,24,0,1476988390124,"true",1,0,"split"
"0713-f",1,0,0,0,2,25,0,1476988406260,"true",1,0,"close"
"0713-f",1,0,0,0,2,26,0,1476988416948,"true",1,0,"close"
"0713-f",0,0,1,1,0,27,0,1476988428357,"true",0,1,"split"
"0713-f",0,0,0,1,0,20,0,1476988359300,"true",1,0,"split"
"0713-f",1,0,1,0,2,21,0,1476988366332,"true",0,1,"far"
"0713-f",0,0,1,1,0,22,0,1476988375996,"true",0,1,"far"
"0713-f",1,0,1,0,2,23,0,1476988383076,"true",0,1,"far"
"0713-f",1,0,1,0,2,46,0,1476988634887,"true",0,1,"far"
"0713-f",0,1,2,0,1,47,1,1476988641011,"true",0,0,"far"
"0713-f",0,1,2,0,1,44,1,1476988618868,"true",0,0,"close"
"0713-f",1,0,2,0,2,45,1,1476988627455,"true",0,0,"split"
"0713-f",0,1,2,0,1,28,1,1476988449547,"true",0,0,"close"
"0713-f",0,0,2,1,0,29,1,1476988461037,"true",0,0,"split"
"0713-f",1,0,2,0,2,40,1,1476988574204,"true",0,0,"split"
"0713-f",0,0,2,1,0,41,1,1476988580212,"true",0,0,"far"
"0713-f",1,0,2,0,2,1,1,1476988119963,"true",0,0,"close"
"0713-f",0,1,2,0,1,3,1,1476988173117,"true",0,0,"far"
"0713-f",0,1,0,0,1,2,0,1476988166829,"true",1,0,"close"
"0713-f",1,0,2,0,2,5,1,1476988201006,"true",0,0,"close"
"0713-f",0,1,2,0,1,4,1,1476988189343,"false",0,0,"split"
"0713-f",0,1,1,0,1,7,0,1476988220860,"true",0,1,"far"
"0713-f",0,0,0,1,0,6,0,1476988210270,"true",1,0,"far"
"0713-f",0,1,1,0,1,9,0,1476988245027,"true",0,1,"split"
"0713-f",0,1,1,0,1,8,0,1476988227931,"true",0,1,"far"
"0713-f",1,0,1,0,2,39,0,1476988567653,"true",0,1,"close"
"0713-f",0,1,2,0,1,38,1,1476988553428,"true",0,0,"close"
"0713-f",0,1,0,0,1,11,0,1476988266901,"true",1,0,"split"
"0713-f",1,0,2,0,2,10,1,1476988251732,"true",0,0,"far"
"0713-f",0,0,1,1,0,13,0,1476988280924,"true",0,1,"split"
"0713-f",0,1,1,0,1,12,0,1476988274276,"true",0,1,"far"
"0713-f",1,0,1,0,2,15,0,1476988305605,"true",0,1,"far"
"0713-f",0,1,0,0,1,14,0,1476988296931,"true",1,0,"close"
"0713-f",0,0,2,1,0,17,1,1476988325222,"true",0,0,"split"
"0713-f",1,0,2,0,2,16,1,1476988318548,"true",0,0,"close"
"0713-f",1,0,1,0,2,19,0,1476988349621,"true",0,1,"split"
"0713-f",1,0,2,0,2,18,1,1476988337357,"true",0,0,"far"
"0713-f",1,0,1,0,2,31,0,1476988478715,"true",0,1,"close"
"0713-f",0,1,2,0,1,30,1,1476988466860,"true",0,0,"split"
"0713-f",1,0,2,0,2,37,1,1476988537620,"true",0,0,"far"
"0713-f",0,0,2,1,0,36,1,1476988530683,"false",0,0,"close"
"0713-f",0,0,0,1,0,35,0,1476988515300,"true",1,0,"far"
"0713-f",0,1,0,0,1,34,0,1476988509715,"true",1,0,"close"
"0713-f",0,0,1,1,0,33,0,1476988490821,"true",0,1,"split"
"0713-f",1,0,0,0,2,32,0,1476988485180,"true",1,0,"far"
"0713-f",1,0,0,0,2,50,0,1476988678060,"true",1,0,"split"
