"gameid","sClicked_2","sClicked_1","lClickedIndex","sClicked_0","sClickedIndex","roundNum","lClicked_2","time","outcome","lClicked_0","lClicked_1","condition"
"0716-6",0,0,0,1,0,42,0,1476990413838,"true",1,0,"split"
"0716-6",1,0,2,0,2,48,1,1476990499217,"true",0,0,"close"
"0716-6",0,0,0,1,0,43,0,1476990426917,"true",1,0,"split"
"0716-6",1,0,1,0,2,49,0,1476990507340,"true",0,1,"far"
"0716-6",0,0,0,1,0,24,0,1476990162339,"true",1,0,"close"
"0716-6",0,1,1,0,1,25,0,1476990170908,"true",0,1,"far"
"0716-6",0,0,1,1,0,26,0,1476990183847,"true",0,1,"close"
"0716-6",1,0,2,0,2,27,1,1476990204742,"true",0,0,"split"
"0716-6",0,1,1,0,1,20,0,1476990107209,"true",0,1,"split"
"0716-6",0,1,2,0,1,21,1,1476990134413,"true",0,0,"close"
"0716-6",1,0,2,0,2,22,1,1476990143222,"true",0,0,"far"
"0716-6",0,1,0,0,1,23,0,1476990151069,"true",1,0,"close"
"0716-6",0,1,2,0,1,46,1,1476990465690,"true",0,0,"far"
"0716-6",0,0,0,1,0,47,0,1476990478284,"true",1,0,"close"
"0716-6",0,1,2,0,1,44,1,1476990437615,"true",0,0,"far"
"0716-6",1,0,0,0,2,45,0,1476990453487,"true",1,0,"close"
"0716-6",0,1,1,0,1,28,0,1476990239300,"true",0,1,"close"
"0716-6",0,0,2,1,0,29,1,1476990252285,"true",0,0,"close"
"0716-6",0,0,1,1,0,40,0,1476990394886,"true",0,1,"split"
"0716-6",1,0,1,0,2,41,0,1476990402994,"true",0,1,"far"
"0716-6",0,0,0,1,0,1,0,1476989830566,"true",1,0,"close"
"0716-6",0,0,0,1,0,3,0,1476989894762,"true",1,0,"split"
"0716-6",1,0,0,0,2,2,0,1476989876986,"true",1,0,"far"
"0716-6",0,0,1,1,0,5,0,1476989933267,"false",0,1,"close"
"0716-6",1,0,1,0,2,4,0,1476989911174,"true",0,1,"split"
"0716-6",0,0,2,1,0,7,1,1476989956922,"true",0,0,"far"
"0716-6",0,0,1,1,0,6,0,1476989943039,"true",0,1,"split"
"0716-6",0,1,1,0,1,9,0,1476989985489,"true",0,1,"close"
"0716-6",0,1,1,0,1,8,0,1476989966826,"true",0,1,"split"
"0716-6",0,0,2,1,0,39,1,1476990385860,"false",0,0,"close"
"0716-6",0,1,1,0,1,38,0,1476990371983,"true",0,1,"far"
"0716-6",1,0,1,0,2,11,0,1476990011644,"true",0,1,"close"
"0716-6",1,0,1,0,2,10,0,1476989997296,"true",0,1,"split"
"0716-6",0,0,1,1,0,13,0,1476990033068,"true",0,1,"far"
"0716-6",1,0,0,0,2,12,0,1476990022063,"true",1,0,"split"
"0716-6",0,0,2,1,0,15,1,1476990049827,"true",0,0,"far"
"0716-6",0,1,0,0,1,14,0,1476990041557,"true",1,0,"far"
"0716-6",0,0,1,1,0,17,0,1476990070787,"true",0,1,"split"
"0716-6",1,0,1,0,2,16,0,1476990060282,"true",0,1,"far"
"0716-6",1,0,0,0,2,19,0,1476990095062,"true",1,0,"split"
"0716-6",0,0,1,1,0,18,0,1476990083570,"true",0,1,"close"
"0716-6",0,0,2,1,0,31,1,1476990295613,"true",0,0,"close"
"0716-6",0,0,0,1,0,30,0,1476990268793,"true",1,0,"split"
"0716-6",0,1,1,0,1,37,0,1476990364318,"true",0,1,"far"
"0716-6",0,1,0,0,1,36,0,1476990355849,"true",1,0,"close"
"0716-6",0,1,2,0,1,35,1,1476990342951,"true",0,0,"split"
"0716-6",0,1,2,0,1,34,1,1476990331970,"true",0,0,"split"
"0716-6",0,0,1,1,0,33,0,1476990315479,"true",0,1,"far"
"0716-6",0,1,1,0,1,32,0,1476990307142,"false",0,1,"split"
"0716-6",1,0,1,0,2,50,0,1476990520093,"true",0,1,"far"
