"gameid","sClicked_2","sClicked_1","lClickedIndex","sClicked_0","sClickedIndex","roundNum","lClicked_2","time","outcome","lClicked_0","lClicked_1","condition"
"0736-7",1,0,2,0,2,42,1,1476989504589,"true",0,0,"split"
"0736-7",1,0,2,0,2,48,1,1476989562817,"true",0,0,"far"
"0736-7",0,0,1,1,0,43,0,1476989513688,"true",0,1,"far"
"0736-7",0,0,1,1,0,49,0,1476989573766,"true",0,1,"close"
"0736-7",0,1,1,0,1,24,0,1476989322701,"true",0,1,"close"
"0736-7",0,1,0,0,1,25,0,1476989330312,"true",1,0,"far"
"0736-7",0,1,1,0,1,26,0,1476989348097,"true",0,1,"close"
"0736-7",0,0,0,1,0,27,0,1476989358565,"true",1,0,"far"
"0736-7",0,1,2,0,1,20,1,1476989270768,"true",0,0,"split"
"0736-7",0,0,2,1,0,21,1,1476989284217,"false",0,0,"close"
"0736-7",0,0,1,1,0,22,0,1476989292676,"true",0,1,"far"
"0736-7",1,0,1,0,2,23,0,1476989304371,"true",0,1,"far"
"0736-7",0,0,2,1,0,46,1,1476989542366,"false",0,0,"close"
"0736-7",1,0,1,0,2,47,0,1476989551990,"true",0,1,"close"
"0736-7",0,0,2,1,0,44,1,1476989520553,"true",0,0,"far"
"0736-7",0,0,2,1,0,45,1,1476989530522,"true",0,0,"split"
"0736-7",1,0,0,0,2,28,0,1476989365350,"true",1,0,"far"
"0736-7",1,0,2,0,2,29,1,1476989386349,"true",0,0,"close"
"0736-7",0,1,0,0,1,40,0,1476989487977,"true",1,0,"split"
"0736-7",0,1,2,0,1,41,1,1476989496209,"true",0,0,"close"
"0736-7",0,0,0,1,0,1,0,1476989014654,"true",1,0,"close"
"0736-7",1,0,2,0,2,3,1,1476989051718,"true",0,0,"split"
"0736-7",1,0,2,0,2,2,1,1476989036995,"true",0,0,"close"
"0736-7",1,0,0,0,2,5,0,1476989072953,"true",1,0,"far"
"0736-7",0,0,0,1,0,4,0,1476989063255,"true",1,0,"split"
"0736-7",1,0,2,0,2,7,1,1476989096040,"true",0,0,"close"
"0736-7",1,0,1,0,2,6,0,1476989083409,"true",0,1,"split"
"0736-7",1,0,1,0,2,9,0,1476989124562,"true",0,1,"close"
"0736-7",0,0,0,1,0,8,0,1476989104776,"true",1,0,"far"
"0736-7",1,0,2,0,2,39,1,1476989478416,"true",0,0,"far"
"0736-7",0,0,0,1,0,38,0,1476989468839,"true",1,0,"far"
"0736-7",0,1,1,0,1,11,0,1476989161173,"true",0,1,"far"
"0736-7",1,0,2,0,2,10,1,1476989143411,"true",0,0,"split"
"0736-7",1,0,2,0,2,13,1,1476989193867,"true",0,0,"close"
"0736-7",0,1,1,0,1,12,0,1476989180735,"false",0,1,"close"
"0736-7",0,0,0,1,0,15,0,1476989218524,"true",1,0,"far"
"0736-7",0,0,2,1,0,14,1,1476989205964,"true",0,0,"split"
"0736-7",0,1,1,0,1,17,0,1476989240451,"true",0,1,"split"
"0736-7",0,1,1,0,1,16,0,1476989228403,"true",0,1,"close"
"0736-7",1,0,1,0,2,19,0,1476989258374,"true",0,1,"far"
"0736-7",0,1,2,0,1,18,1,1476989247849,"true",0,0,"split"
"0736-7",0,1,2,0,1,31,1,1476989406757,"true",0,0,"close"
"0736-7",0,0,1,1,0,30,0,1476989392642,"true",0,1,"far"
"0736-7",0,1,2,0,1,37,1,1476989461442,"true",0,0,"split"
"0736-7",1,0,1,0,2,36,0,1476989451706,"true",0,1,"split"
"0736-7",0,1,2,0,1,35,1,1476989443636,"true",0,0,"close"
"0736-7",0,0,2,1,0,34,1,1476989429482,"true",0,0,"split"
"0736-7",0,1,1,0,1,33,0,1476989422608,"true",0,1,"far"
"0736-7",1,0,0,0,2,32,0,1476989416304,"true",1,0,"split"
"0736-7",1,0,1,0,2,50,0,1476989580821,"true",0,1,"split"
