"gameid","sClicked_2","sClicked_1","lClickedIndex","sClicked_0","sClickedIndex","roundNum","lClicked_2","time","outcome","lClicked_0","lClicked_1","condition"
"0762-d",0,0,1,1,0,42,0,1476492600567,"true",0,1,"close"
"0762-d",0,0,2,1,0,48,1,1476492695001,"true",0,0,"split"
"0762-d",1,0,0,0,2,43,0,1476492609945,"true",1,0,"far"
"0762-d",0,0,1,1,0,49,0,1476492703521,"true",0,1,"far"
"0762-d",0,1,2,0,1,24,1,1476492331460,"true",0,0,"split"
"0762-d",1,0,1,0,2,25,0,1476492339456,"true",0,1,"far"
"0762-d",0,1,1,0,1,26,0,1476492347342,"true",0,1,"split"
"0762-d",1,0,1,0,2,27,0,1476492353146,"true",0,1,"far"
"0762-d",0,1,0,0,1,20,0,1476492283481,"true",1,0,"close"
"0762-d",0,0,1,1,0,21,0,1476492294592,"true",0,1,"close"
"0762-d",0,1,2,0,1,22,1,1476492315210,"true",0,0,"close"
"0762-d",0,0,1,1,0,23,0,1476492323920,"true",0,1,"far"
"0762-d",0,1,1,0,1,46,0,1476492647488,"true",0,1,"split"
"0762-d",0,1,0,0,1,47,0,1476492670497,"true",1,0,"split"
"0762-d",1,0,1,0,2,44,0,1476492617320,"true",0,1,"split"
"0762-d",1,0,1,0,2,45,0,1476492624057,"true",0,1,"far"
"0762-d",0,1,2,0,1,28,1,1476492394512,"true",0,0,"close"
"0762-d",0,1,0,0,1,29,0,1476492401195,"true",1,0,"far"
"0762-d",1,0,1,0,2,40,0,1476492555316,"true",0,1,"far"
"0762-d",1,0,0,0,2,41,0,1476492579400,"true",1,0,"close"
"0762-d",1,0,1,0,2,1,0,1476491965370,"true",0,1,"close"
"0762-d",1,0,1,0,2,3,0,1476492006416,"true",0,1,"split"
"0762-d",0,1,2,0,1,2,1,1476491990664,"true",0,0,"close"
"0762-d",0,0,2,1,0,5,1,1476492028600,"true",0,0,"far"
"0762-d",0,0,0,1,0,4,0,1476492018146,"true",1,0,"far"
"0762-d",0,1,1,0,1,7,0,1476492049910,"true",0,1,"far"
"0762-d",0,1,0,0,1,6,0,1476492039592,"true",1,0,"split"
"0762-d",0,1,2,0,1,9,1,1476492098783,"true",0,0,"close"
"0762-d",0,0,1,1,0,8,0,1476492080488,"true",0,1,"close"
"0762-d",0,0,1,1,0,39,0,1476492547072,"true",0,1,"far"
"0762-d",0,1,2,0,1,38,1,1476492535176,"true",0,0,"split"
"0762-d",1,0,2,0,2,11,1,1476492139351,"false",0,0,"close"
"0762-d",1,0,0,0,2,10,0,1476492109497,"true",1,0,"far"
"0762-d",1,0,0,0,2,13,0,1476492163423,"true",1,0,"split"
"0762-d",1,0,1,0,2,12,0,1476492151705,"true",0,1,"split"
"0762-d",1,0,1,0,2,15,0,1476492191658,"true",0,1,"split"
"0762-d",0,0,2,1,0,14,1,1476492183482,"true",0,0,"far"
"0762-d",0,1,0,0,1,17,0,1476492219495,"true",1,0,"split"
"0762-d",0,1,0,0,1,16,0,1476492200287,"true",1,0,"far"
"0762-d",0,0,2,1,0,19,1,1476492267112,"true",0,0,"close"
"0762-d",1,0,1,0,2,18,0,1476492232168,"true",0,1,"close"
"0762-d",0,1,2,0,1,31,1,1476492414543,"true",0,0,"far"
"0762-d",0,1,1,0,1,30,0,1476492408239,"true",0,1,"split"
"0762-d",1,0,2,0,2,37,1,1476492516448,"true",0,0,"far"
"0762-d",0,1,2,0,1,36,1,1476492510368,"true",0,0,"split"
"0762-d",0,1,2,0,1,35,1,1476492491441,"true",0,0,"close"
"0762-d",1,0,0,0,2,34,0,1476492461686,"true",1,0,"close"
"0762-d",0,0,1,1,0,33,0,1476492444967,"true",0,1,"close"
"0762-d",1,0,1,0,2,32,0,1476492420655,"true",0,1,"split"
"0762-d",0,1,1,0,1,50,0,1476492721967,"true",0,1,"split"
