"gameid","sClicked_2","sClicked_1","lClickedIndex","sClicked_0","sClickedIndex","roundNum","lClicked_2","time","outcome","lClicked_0","lClicked_1","condition"
"0763-2",0,1,1,0,1,42,0,1459896185788,"true",0,1,"split"
"0763-2",0,1,0,0,1,48,0,1459896445607,"true",1,0,"close"
"0763-2",0,1,0,0,1,43,0,1459896217729,"true",1,0,"split"
"0763-2",1,0,0,0,2,49,0,1459896473774,"true",1,0,"far"
"0763-2",0,0,0,1,0,24,0,1459895426915,"true",1,0,"far"
"0763-2",0,1,1,0,1,26,0,1459895511555,"true",0,1,"close"
"0763-2",0,1,1,0,1,27,0,1459895525608,"true",0,1,"far"
"0763-2",0,0,2,1,0,20,1,1459895282410,"true",0,0,"far"
"0763-2",0,1,2,0,1,21,1,1459895316320,"true",0,0,"far"
"0763-2",1,0,2,0,2,22,1,1459895386817,"true",0,0,"split"
"0763-2",0,0,2,1,0,23,1,1459895401481,"true",0,0,"far"
"0763-2",1,0,1,0,2,46,0,1459896384112,"true",0,1,"far"
"0763-2",1,0,0,0,2,47,0,1459896421541,"true",1,0,"close"
"0763-2",1,0,1,0,2,44,0,1459896255621,"true",0,1,"far"
"0763-2",1,0,2,0,2,45,1,1459896356880,"true",0,0,"close"
"0763-2",0,1,1,0,1,28,0,1459895589411,"true",0,1,"far"
"0763-2",0,1,2,0,1,29,1,1459895618064,"true",0,0,"split"
"0763-2",1,0,1,0,2,40,0,1459896126541,"true",0,1,"split"
"0763-2",1,0,2,0,2,41,1,1459896149377,"true",0,0,"split"
"0763-2",0,0,2,1,0,1,1,1459894851822,"true",0,0,"split"
"0763-2",0,1,2,0,1,3,1,1459894901548,"true",0,0,"split"
"0763-2",0,0,2,1,0,2,1,1459894887471,"true",0,0,"split"
"0763-2",0,1,0,0,1,5,0,1459894958122,"false",1,0,"close"
"0763-2",0,0,1,1,0,4,0,1459894927531,"true",0,1,"split"
"0763-2",0,0,2,1,0,7,1,1459894995460,"true",0,0,"close"
"0763-2",0,1,2,0,1,6,1,1459894969676,"true",0,0,"far"
"0763-2",1,0,1,0,2,9,0,1459895025714,"true",0,1,"far"
"0763-2",0,0,1,1,0,8,0,1459895015547,"true",0,1,"close"
"0763-2",0,0,0,1,0,39,0,1459896097381,"true",1,0,"split"
"0763-2",1,0,2,0,2,38,1,1459896044146,"true",0,0,"split"
"0763-2",1,0,1,0,2,11,0,1459895060602,"true",0,1,"split"
"0763-2",0,1,2,0,1,10,1,1459895035121,"true",0,0,"far"
"0763-2",0,1,1,0,1,13,0,1459895135286,"true",0,1,"far"
"0763-2",0,0,0,1,0,12,0,1459895120038,"true",1,0,"split"
"0763-2",0,0,0,1,0,15,0,1459895181025,"false",1,0,"close"
"0763-2",0,1,2,0,1,14,1,1459895159046,"true",0,0,"close"
"0763-2",0,0,2,1,0,17,1,1459895207664,"true",0,0,"far"
"0763-2",0,0,2,1,0,16,1,1459895195086,"true",0,0,"split"
"0763-2",0,0,0,1,0,19,0,1459895270889,"true",1,0,"close"
"0763-2",0,1,2,0,1,18,1,1459895240966,"true",0,0,"close"
"0763-2",0,1,1,0,1,31,0,1459895664717,"true",0,1,"far"
"0763-2",1,0,1,0,2,30,0,1459895644124,"true",0,1,"split"
"0763-2",0,1,2,0,1,37,1,1459895954464,"true",0,0,"far"
"0763-2",1,0,2,0,2,36,1,1459895867728,"false",0,0,"close"
"0763-2",1,0,1,0,2,35,0,1459895831847,"true",0,1,"far"
"0763-2",0,1,2,0,1,34,1,1459895819441,"false",0,0,"close"
"0763-2",1,0,2,0,2,33,1,1459895761166,"true",0,0,"close"
"0763-2",1,0,0,0,2,32,0,1459895704558,"true",1,0,"split"
"0763-2",1,0,0,0,2,50,0,1459896505519,"true",1,0,"close"
