"gameid","sClicked_2","sClicked_1","lClickedIndex","sClicked_0","sClickedIndex","roundNum","lClicked_2","time","outcome","lClicked_0","lClicked_1","condition"
"0767-f",0,0,0,1,0,42,0,1476988654603,"true",1,0,"close"
"0767-f",0,0,0,1,0,48,0,1476988710138,"true",1,0,"close"
"0767-f",0,1,1,0,1,43,0,1476988661030,"true",0,1,"split"
"0767-f",1,0,0,0,2,49,0,1476988719958,"true",1,0,"split"
"0767-f",1,0,1,0,2,24,0,1476988473968,"true",0,1,"far"
"0767-f",1,0,0,0,2,25,0,1476988484532,"true",1,0,"close"
"0767-f",0,0,2,1,0,26,1,1476988501804,"true",0,0,"split"
"0767-f",1,0,1,0,2,27,0,1476988510253,"true",0,1,"close"
"0767-f",0,1,0,0,1,20,0,1476988433693,"true",1,0,"close"
"0767-f",1,0,2,0,2,21,1,1476988448323,"false",0,0,"close"
"0767-f",0,1,0,0,1,22,0,1476988456872,"true",1,0,"split"
"0767-f",1,0,1,0,2,23,0,1476988464433,"true",0,1,"far"
"0767-f",0,1,1,0,1,46,0,1476988691695,"true",0,1,"close"
"0767-f",0,0,2,1,0,47,1,1476988699078,"true",0,0,"far"
"0767-f",0,1,0,0,1,44,0,1476988667945,"true",1,0,"far"
"0767-f",0,0,1,1,0,45,0,1476988675117,"true",0,1,"split"
"0767-f",0,0,0,1,0,28,0,1476988516964,"true",1,0,"far"
"0767-f",0,1,0,0,1,29,0,1476988526970,"false",1,0,"split"
"0767-f",0,0,0,1,0,40,0,1476988635485,"false",1,0,"close"
"0767-f",0,1,0,0,1,41,0,1476988646268,"true",1,0,"close"
"0767-f",0,1,0,0,1,1,0,1476988186184,"false",1,0,"split"
"0767-f",1,0,1,0,2,3,0,1476988238748,"true",0,1,"split"
"0767-f",0,1,0,0,1,2,0,1476988203870,"true",1,0,"close"
"0767-f",0,1,1,0,1,5,0,1476988267611,"true",0,1,"close"
"0767-f",0,1,2,0,1,4,1,1476988253033,"false",0,0,"split"
"0767-f",0,1,0,0,1,7,0,1476988300400,"false",1,0,"close"
"0767-f",0,1,2,0,1,6,1,1476988276910,"true",0,0,"far"
"0767-f",1,0,2,0,2,9,1,1476988323726,"true",0,0,"close"
"0767-f",0,0,1,1,0,8,0,1476988313735,"true",0,1,"far"
"0767-f",0,1,0,0,1,39,0,1476988624994,"true",1,0,"far"
"0767-f",1,0,0,0,2,38,0,1476988618274,"true",1,0,"far"
"0767-f",0,0,1,1,0,11,0,1476988348433,"true",0,1,"split"
"0767-f",0,0,2,1,0,10,1,1476988338130,"true",0,0,"split"
"0767-f",1,0,2,0,2,13,1,1476988379748,"true",0,0,"far"
"0767-f",0,1,1,0,1,12,0,1476988372735,"true",0,1,"split"
"0767-f",0,1,2,0,1,15,1,1476988394060,"true",0,0,"far"
"0767-f",1,0,1,0,2,14,0,1476988386540,"true",0,1,"close"
"0767-f",0,1,2,0,1,17,1,1476988412653,"true",0,0,"split"
"0767-f",0,1,1,0,1,16,0,1476988401345,"true",0,1,"close"
"0767-f",1,0,2,0,2,19,1,1476988426858,"true",0,0,"far"
"0767-f",0,0,1,1,0,18,0,1476988418968,"true",0,1,"far"
"0767-f",0,1,0,0,1,31,0,1476988554999,"true",1,0,"far"
"0767-f",1,0,1,0,2,30,0,1476988533935,"true",0,1,"split"
"0767-f",0,1,0,0,1,37,0,1476988611038,"true",1,0,"far"
"0767-f",0,0,1,1,0,36,0,1476988603724,"true",0,1,"far"
"0767-f",0,1,0,0,1,35,0,1476988595134,"true",1,0,"split"
"0767-f",0,0,2,1,0,34,1,1476988580658,"true",0,0,"far"
"0767-f",1,0,0,0,2,33,0,1476988572424,"true",1,0,"close"
"0767-f",0,1,0,0,1,32,0,1476988565854,"true",1,0,"split"
"0767-f",0,1,0,0,1,50,0,1476988732725,"true",1,0,"close"
