"gameid","sClicked_2","sClicked_1","lClickedIndex","sClicked_0","sClickedIndex","roundNum","lClicked_2","time","outcome","lClicked_0","lClicked_1","condition"
"0780-8",0,0,1,1,0,42,0,1476993813344,"true",0,1,"far"
"0780-8",0,1,2,0,1,48,1,1476993945470,"true",0,0,"split"
"0780-8",0,1,2,0,1,43,1,1476993840214,"true",0,0,"close"
"0780-8",1,0,1,0,2,49,0,1476993955367,"true",0,1,"split"
"0780-8",0,1,2,0,1,24,1,1476993447325,"true",0,0,"far"
"0780-8",0,0,0,1,0,25,0,1476993462576,"true",1,0,"split"
"0780-8",1,0,2,0,2,26,1,1476993472893,"true",0,0,"far"
"0780-8",1,0,2,0,2,27,1,1476993480943,"true",0,0,"far"
"0780-8",0,0,0,1,0,20,0,1476993286199,"true",1,0,"split"
"0780-8",1,0,0,0,2,21,0,1476993370373,"true",1,0,"close"
"0780-8",1,0,0,0,2,22,0,1476993391590,"true",1,0,"split"
"0780-8",1,0,2,0,2,23,1,1476993432430,"true",0,0,"close"
"0780-8",0,1,1,0,1,46,0,1476993907326,"true",0,1,"close"
"0780-8",1,0,2,0,2,47,1,1476993923159,"true",0,0,"split"
"0780-8",0,1,1,0,1,44,0,1476993865502,"true",0,1,"split"
"0780-8",0,1,0,0,1,45,0,1476993879327,"true",1,0,"split"
"0780-8",1,0,1,0,2,28,0,1476993537422,"true",0,1,"close"
"0780-8",0,0,2,1,0,29,1,1476993563040,"true",0,0,"far"
"0780-8",1,0,0,0,2,40,0,1476993773042,"true",1,0,"far"
"0780-8",1,0,1,0,2,41,0,1476993795582,"true",0,1,"close"
"0780-8",1,0,0,0,2,1,0,1476992786880,"true",1,0,"split"
"0780-8",0,1,1,0,1,3,0,1476992841917,"true",0,1,"far"
"0780-8",0,0,1,1,0,2,0,1476992824104,"true",0,1,"far"
"0780-8",1,0,0,0,2,5,0,1476992927481,"true",1,0,"split"
"0780-8",0,1,0,0,1,4,0,1476992898157,"true",1,0,"split"
"0780-8",1,0,1,0,2,7,0,1476992999211,"true",0,1,"split"
"0780-8",0,1,1,0,1,6,0,1476992967790,"false",0,1,"split"
"0780-8",0,0,2,1,0,9,1,1476993032815,"true",0,0,"close"
"0780-8",0,0,2,1,0,8,1,1476993012517,"true",0,0,"far"
"0780-8",0,1,0,0,1,39,0,1476993760814,"true",1,0,"close"
"0780-8",0,0,1,1,0,38,0,1476993737126,"true",0,1,"close"
"0780-8",0,1,1,0,1,11,0,1476993089072,"true",0,1,"far"
"0780-8",0,1,2,0,1,10,1,1476993076982,"true",0,0,"close"
"0780-8",0,0,1,1,0,13,0,1476993115534,"true",0,1,"far"
"0780-8",0,0,1,1,0,12,0,1476993099719,"true",0,1,"far"
"0780-8",0,0,0,1,0,15,0,1476993188758,"true",1,0,"close"
"0780-8",1,0,1,0,2,14,0,1476993147430,"false",0,1,"close"
"0780-8",1,0,2,0,2,17,1,1476993227349,"true",0,0,"close"
"0780-8",1,0,2,0,2,16,1,1476993198141,"true",0,0,"far"
"0780-8",0,0,2,1,0,19,1,1476993266550,"true",0,0,"far"
"0780-8",0,0,1,1,0,18,0,1476993249694,"true",0,1,"close"
"0780-8",1,0,1,0,2,31,0,1476993587749,"true",0,1,"far"
"0780-8",0,0,1,1,0,30,0,1476993575430,"true",0,1,"close"
"0780-8",0,0,1,1,0,37,0,1476993707470,"true",0,1,"close"
"0780-8",1,0,1,0,2,36,0,1476993654463,"true",0,1,"far"
"0780-8",0,0,2,1,0,35,1,1476993646926,"true",0,0,"split"
"0780-8",0,0,1,1,0,34,0,1476993619953,"true",0,1,"far"
"0780-8",0,1,1,0,1,33,0,1476993612166,"true",0,1,"split"
"0780-8",1,0,1,0,2,32,0,1476993603019,"false",0,1,"split"
"0780-8",0,1,1,0,1,50,0,1476993989326,"false",0,1,"close"
