"gameid","sClicked_2","sClicked_1","lClickedIndex","sClicked_0","sClickedIndex","roundNum","lClicked_2","time","outcome","lClicked_0","lClicked_1","condition"
"0811-5",0,0,0,1,0,42,0,1459886258477,"true",1,0,"far"
"0811-5",0,0,2,1,0,48,1,1459886340595,"true",0,0,"far"
"0811-5",1,0,0,0,2,43,0,1459886264978,"true",1,0,"split"
"0811-5",0,1,0,0,1,49,0,1459886352775,"true",1,0,"close"
"0811-5",1,0,0,0,2,24,0,1459886087190,"true",1,0,"far"
"0811-5",0,0,2,1,0,25,1,1459886098227,"true",0,0,"split"
"0811-5",1,0,0,0,2,26,0,1459886105100,"true",1,0,"split"
"0811-5",1,0,0,0,2,27,0,1459886117150,"true",1,0,"split"
"0811-5",0,1,0,0,1,20,0,1459886058719,"true",1,0,"far"
"0811-5",1,0,1,0,2,21,0,1459886066730,"true",0,1,"split"
"0811-5",1,0,0,0,2,22,0,1459886073566,"true",1,0,"far"
"0811-5",1,0,0,0,2,23,0,1459886080617,"true",1,0,"far"
"0811-5",0,0,2,1,0,46,1,1459886302037,"true",0,0,"close"
"0811-5",1,0,0,0,2,47,0,1459886333722,"true",1,0,"close"
"0811-5",0,0,1,1,0,44,0,1459886272259,"true",0,1,"close"
"0811-5",0,1,2,0,1,45,1,1459886279470,"true",0,0,"split"
"0811-5",0,0,0,1,0,28,0,1459886130270,"true",1,0,"close"
"0811-5",0,1,1,0,1,29,0,1459886137749,"true",0,1,"far"
"0811-5",1,0,0,0,2,40,0,1459886237594,"true",1,0,"far"
"0811-5",1,0,0,0,2,41,0,1459886251705,"true",1,0,"close"
"0811-5",0,0,1,1,0,1,0,1459885816826,"true",0,1,"far"
"0811-5",0,0,2,1,0,3,1,1459885845994,"true",0,0,"close"
"0811-5",0,1,1,0,1,2,0,1459885828192,"true",0,1,"close"
"0811-5",0,1,1,0,1,5,0,1459885864767,"true",0,1,"far"
"0811-5",0,1,0,0,1,4,0,1459885856642,"true",1,0,"split"
"0811-5",0,1,2,0,1,7,1,1459885903907,"true",0,0,"split"
"0811-5",0,0,2,1,0,6,1,1459885889367,"true",0,0,"split"
"0811-5",1,0,2,0,2,9,1,1459885928948,"true",0,0,"close"
"0811-5",0,0,1,1,0,8,0,1459885919859,"true",0,1,"close"
"0811-5",0,1,0,0,1,39,0,1459886228896,"true",1,0,"far"
"0811-5",0,1,0,0,1,38,0,1459886221729,"true",1,0,"close"
"0811-5",0,1,2,0,1,11,1,1459885959889,"true",0,0,"close"
"0811-5",0,0,2,1,0,10,1,1459885941900,"true",0,0,"far"
"0811-5",0,1,1,0,1,13,0,1459885989527,"true",0,1,"split"
"0811-5",1,0,1,0,2,12,0,1459885980488,"true",0,1,"close"
"0811-5",0,1,0,0,1,15,0,1459886005578,"true",1,0,"split"
"0811-5",0,0,0,1,0,14,0,1459885997926,"true",1,0,"split"
"0811-5",0,0,1,1,0,17,0,1459886023213,"true",0,1,"close"
"0811-5",0,1,2,0,1,16,1,1459886012783,"true",0,0,"far"
"0811-5",1,0,1,0,2,19,0,1459886052193,"true",0,1,"close"
"0811-5",1,0,1,0,2,18,0,1459886041559,"false",0,1,"close"
"0811-5",0,0,1,1,0,31,0,1459886150543,"true",0,1,"far"
"0811-5",0,0,0,1,0,30,0,1459886144486,"true",1,0,"far"
"0811-5",1,0,1,0,2,37,0,1459886213177,"true",0,1,"split"
"0811-5",1,0,1,0,2,36,0,1459886206659,"true",0,1,"far"
"0811-5",0,0,0,1,0,35,0,1459886200044,"true",1,0,"close"
"0811-5",0,0,0,1,0,34,0,1459886189639,"true",1,0,"split"
"0811-5",0,1,0,0,1,33,0,1459886180704,"true",1,0,"split"
"0811-5",0,1,1,0,1,32,0,1459886174388,"true",0,1,"split"
"0811-5",1,0,2,0,2,50,1,1459886361584,"true",0,0,"split"
