"gameid","sClicked_2","sClicked_1","lClickedIndex","sClicked_0","sClickedIndex","roundNum","lClicked_2","time","outcome","lClicked_0","lClicked_1","condition"
"0813-a",1,0,0,0,2,42,0,1459898211389,"false",1,0,"split"
"0813-a",0,1,1,0,1,48,0,1459898304319,"false",0,1,"close"
"0813-a",0,1,2,0,1,43,1,1459898229817,"true",0,0,"close"
"0813-a",1,0,0,0,2,49,0,1459898319398,"false",1,0,"close"
"0813-a",1,0,0,0,2,24,0,1459897966822,"true",1,0,"close"
"0813-a",0,0,0,1,0,25,0,1459897997520,"true",1,0,"close"
"0813-a",0,0,0,1,0,26,0,1459898013157,"true",1,0,"split"
"0813-a",0,1,0,0,1,27,0,1459898020890,"true",1,0,"far"
"0813-a",0,1,2,0,1,20,1,1459897929288,"true",0,0,"split"
"0813-a",1,0,2,0,2,21,1,1459897935888,"true",0,0,"far"
"0813-a",1,0,1,0,2,22,0,1459897943093,"true",0,1,"far"
"0813-a",1,0,0,0,2,23,0,1459897951631,"true",1,0,"split"
"0813-a",0,0,2,1,0,46,1,1459898266726,"true",0,0,"close"
"0813-a",0,0,0,1,0,47,0,1459898278758,"true",1,0,"close"
"0813-a",0,1,0,0,1,44,0,1459898237923,"true",1,0,"split"
"0813-a",0,1,2,0,1,45,1,1459898246884,"true",0,0,"split"
"0813-a",0,1,0,0,1,28,0,1459898027052,"true",1,0,"far"
"0813-a",0,0,0,1,0,29,0,1459898038059,"true",1,0,"close"
"0813-a",0,0,2,1,0,40,1,1459898189343,"true",0,0,"split"
"0813-a",0,1,1,0,1,41,0,1459898200982,"true",0,1,"close"
"0813-a",1,0,1,0,2,1,0,1459897643080,"true",0,1,"split"
"0813-a",1,0,1,0,2,3,0,1459897675425,"true",0,1,"close"
"0813-a",0,0,0,1,0,2,0,1459897651753,"true",1,0,"split"
"0813-a",0,1,1,0,1,5,0,1459897722369,"true",0,1,"split"
"0813-a",0,0,1,1,0,4,0,1459897685769,"true",0,1,"far"
"0813-a",0,1,0,0,1,7,0,1459897776950,"true",1,0,"close"
"0813-a",0,1,0,0,1,6,0,1459897738351,"false",1,0,"split"
"0813-a",0,0,1,1,0,9,0,1459897801166,"true",0,1,"split"
"0813-a",0,1,2,0,1,8,1,1459897791399,"true",0,0,"split"
"0813-a",0,1,2,0,1,39,1,1459898177843,"true",0,0,"close"
"0813-a",0,0,2,1,0,38,1,1459898168147,"true",0,0,"far"
"0813-a",0,1,2,0,1,11,1,1459897829035,"false",0,0,"close"
"0813-a",0,0,0,1,0,10,0,1459897815106,"false",1,0,"far"
"0813-a",0,0,0,1,0,13,0,1459897869762,"true",1,0,"close"
"0813-a",0,1,2,0,1,12,1,1459897844254,"true",0,0,"far"
"0813-a",1,0,1,0,2,15,0,1459897886978,"true",0,1,"split"
"0813-a",0,0,0,1,0,14,0,1459897877527,"true",1,0,"far"
"0813-a",0,0,1,1,0,17,0,1459897899710,"true",0,1,"far"
"0813-a",1,0,1,0,2,16,0,1459897893195,"true",0,1,"far"
"0813-a",1,0,2,0,2,19,1,1459897918868,"true",0,0,"split"
"0813-a",1,0,2,0,2,18,1,1459897907027,"true",0,0,"far"
"0813-a",1,0,1,0,2,31,0,1459898061446,"false",0,1,"close"
"0813-a",1,0,0,0,2,30,0,1459898043752,"true",1,0,"far"
"0813-a",0,1,2,0,1,37,1,1459898158333,"true",0,0,"far"
"0813-a",1,0,2,0,2,36,1,1459898148498,"true",0,0,"far"
"0813-a",1,0,2,0,2,35,1,1459898136874,"true",0,0,"close"
"0813-a",0,0,2,1,0,34,1,1459898121185,"true",0,0,"split"
"0813-a",0,1,2,0,1,33,1,1459898103759,"true",0,0,"split"
"0813-a",1,0,1,0,2,32,0,1459898070158,"true",0,1,"far"
"0813-a",0,0,0,1,0,50,0,1459898326573,"true",1,0,"close"
