"gameid","sClicked_2","sClicked_1","lClickedIndex","sClicked_0","sClickedIndex","roundNum","lClicked_2","time","outcome","lClicked_0","lClicked_1","condition"
"0847-6",1,0,1,0,2,42,0,1477000600995,"true",0,1,"split"
"0847-6",0,1,0,0,1,48,0,1477000680317,"true",1,0,"far"
"0847-6",1,0,2,0,2,43,1,1477000610972,"true",0,0,"split"
"0847-6",1,0,2,0,2,49,1,1477000714560,"true",0,0,"close"
"0847-6",0,1,0,0,1,24,0,1477000291021,"true",1,0,"close"
"0847-6",1,0,2,0,2,25,1,1477000331088,"true",0,0,"close"
"0847-6",0,0,2,1,0,26,1,1477000346321,"true",0,0,"split"
"0847-6",0,0,0,1,0,27,0,1477000363332,"true",1,0,"split"
"0847-6",0,0,2,1,0,20,1,1477000218828,"true",0,0,"far"
"0847-6",1,0,2,0,2,21,1,1477000228458,"true",0,0,"split"
"0847-6",0,0,2,1,0,22,1,1477000249656,"true",0,0,"split"
"0847-6",0,0,2,1,0,23,1,1477000257996,"true",0,0,"far"
"0847-6",0,1,0,0,1,46,0,1477000653110,"true",1,0,"close"
"0847-6",0,0,1,1,0,47,0,1477000665910,"true",0,1,"split"
"0847-6",1,0,2,0,2,44,1,1477000622242,"true",0,0,"split"
"0847-6",0,1,2,0,1,45,1,1477000635691,"true",0,0,"split"
"0847-6",0,0,1,1,0,28,0,1477000380028,"true",0,1,"close"
"0847-6",1,0,1,0,2,29,0,1477000390992,"true",0,1,"far"
"0847-6",0,0,0,1,0,40,0,1477000581310,"true",1,0,"split"
"0847-6",0,1,2,0,1,41,1,1477000589061,"true",0,0,"close"
"0847-6",0,1,2,0,1,1,1,1476999885762,"true",0,0,"far"
"0847-6",1,0,0,0,2,3,0,1476999923357,"true",1,0,"split"
"0847-6",0,1,2,0,1,2,1,1476999899257,"true",0,0,"far"
"0847-6",0,0,0,1,0,5,0,1476999960703,"true",1,0,"close"
"0847-6",1,0,2,0,2,4,1,1476999936359,"false",0,0,"split"
"0847-6",0,1,0,0,1,7,0,1476999991488,"true",1,0,"close"
"0847-6",1,0,0,0,2,6,0,1476999968616,"true",1,0,"close"
"0847-6",1,0,1,0,2,9,0,1477000026431,"true",0,1,"far"
"0847-6",1,0,2,0,2,8,1,1477000015301,"true",0,0,"split"
"0847-6",0,0,2,1,0,39,1,1477000573979,"true",0,0,"far"
"0847-6",1,0,1,0,2,38,0,1477000566796,"true",0,1,"far"
"0847-6",0,0,1,1,0,11,0,1477000076477,"false",0,1,"far"
"0847-6",1,0,1,0,2,10,0,1477000063048,"true",0,1,"close"
"0847-6",0,0,1,1,0,13,0,1477000117260,"true",0,1,"close"
"0847-6",0,0,2,1,0,12,1,1477000102596,"true",0,0,"far"
"0847-6",0,0,1,1,0,15,0,1477000141307,"true",0,1,"split"
"0847-6",0,1,0,0,1,14,0,1477000133228,"true",1,0,"far"
"0847-6",0,1,1,0,1,17,0,1477000167871,"true",0,1,"far"
"0847-6",0,0,1,1,0,16,0,1477000159376,"true",0,1,"close"
"0847-6",1,0,2,0,2,19,1,1477000203186,"true",0,0,"close"
"0847-6",0,1,2,0,1,18,1,1477000179904,"true",0,0,"split"
"0847-6",0,1,2,0,1,31,1,1477000408875,"true",0,0,"far"
"0847-6",0,1,0,0,1,30,0,1477000400255,"true",1,0,"split"
"0847-6",0,1,0,0,1,37,0,1477000534533,"true",1,0,"far"
"0847-6",0,1,2,0,1,36,1,1477000525597,"true",0,0,"close"
"0847-6",0,0,1,1,0,35,0,1477000497020,"true",0,1,"split"
"0847-6",1,0,1,0,2,34,0,1477000471865,"true",0,1,"close"
"0847-6",1,0,2,0,2,33,1,1477000449276,"true",0,0,"close"
"0847-6",0,0,2,1,0,32,1,1477000421512,"true",0,0,"far"
"0847-6",1,0,2,0,2,50,1,1477000743326,"true",0,0,"close"
