"gameid","sClicked_2","sClicked_1","lClickedIndex","sClicked_0","sClickedIndex","roundNum","lClicked_2","time","outcome","lClicked_0","lClicked_1","condition"
"0851-9",1,0,1,0,2,42,0,1476993069346,"true",0,1,"far"
"0851-9",1,0,1,0,2,48,0,1476993241574,"true",0,1,"split"
"0851-9",0,1,2,0,1,43,1,1476993078903,"true",0,0,"far"
"0851-9",0,0,1,1,0,49,0,1476993272293,"true",0,1,"close"
"0851-9",0,0,0,1,0,24,0,1476992663121,"true",1,0,"split"
"0851-9",0,1,1,0,1,25,0,1476992675467,"true",0,1,"close"
"0851-9",0,0,2,1,0,26,1,1476992710230,"true",0,0,"close"
"0851-9",0,1,0,0,1,27,0,1476992721556,"true",1,0,"close"
"0851-9",0,1,2,0,1,20,1,1476992600808,"false",0,0,"close"
"0851-9",1,0,0,0,2,21,0,1476992636563,"true",1,0,"close"
"0851-9",1,0,2,0,2,22,1,1476992646654,"true",0,0,"close"
"0851-9",1,0,0,0,2,23,0,1476992654489,"true",1,0,"far"
"0851-9",1,0,0,0,2,46,0,1476993208081,"true",1,0,"close"
"0851-9",1,0,0,0,2,47,0,1476993228141,"true",1,0,"close"
"0851-9",0,1,0,0,1,44,0,1476993148330,"true",1,0,"close"
"0851-9",0,0,1,1,0,45,0,1476993172285,"true",0,1,"split"
"0851-9",1,0,0,0,2,28,0,1476992738040,"true",1,0,"split"
"0851-9",0,1,2,0,1,29,1,1476992768764,"true",0,0,"close"
"0851-9",0,0,0,1,0,40,0,1476992966915,"true",1,0,"far"
"0851-9",1,0,0,0,2,41,0,1476993051332,"true",1,0,"split"
"0851-9",0,1,2,0,1,1,1,1476992121457,"true",0,0,"far"
"0851-9",0,1,2,0,1,3,1,1476992152683,"true",0,0,"far"
"0851-9",1,0,0,0,2,2,0,1476992138927,"true",1,0,"split"
"0851-9",0,1,1,0,1,5,0,1476992197585,"true",0,1,"split"
"0851-9",1,0,2,0,2,4,1,1476992185098,"true",0,0,"split"
"0851-9",1,0,2,0,2,7,1,1476992265703,"true",0,0,"split"
"0851-9",1,0,2,0,2,6,1,1476992254100,"true",0,0,"close"
"0851-9",0,1,2,0,1,9,1,1476992312731,"true",0,0,"close"
"0851-9",0,0,0,1,0,8,0,1476992272869,"true",1,0,"far"
"0851-9",1,0,0,0,2,39,0,1476992957342,"true",1,0,"far"
"0851-9",0,0,2,1,0,38,1,1476992936082,"true",0,0,"split"
"0851-9",0,0,0,1,0,11,0,1476992379067,"true",1,0,"far"
"0851-9",0,1,0,0,1,10,0,1476992365240,"true",1,0,"split"
"0851-9",0,0,2,1,0,13,1,1476992399094,"true",0,0,"far"
"0851-9",1,0,2,0,2,12,1,1476992388991,"true",0,0,"split"
"0851-9",0,1,0,0,1,15,0,1476992423692,"true",1,0,"split"
"0851-9",0,0,1,1,0,14,0,1476992409608,"true",0,1,"far"
"0851-9",1,0,1,0,2,17,0,1476992477503,"true",0,1,"close"
"0851-9",0,1,2,0,1,16,1,1476992450506,"true",0,0,"close"
"0851-9",0,0,1,1,0,19,0,1476992564713,"true",0,1,"split"
"0851-9",1,0,1,0,2,18,0,1476992506818,"true",0,1,"split"
"0851-9",0,1,2,0,1,31,1,1476992817694,"true",0,0,"far"
"0851-9",1,0,1,0,2,30,0,1476992800822,"true",0,1,"close"
"0851-9",1,0,1,0,2,37,0,1476992919977,"true",0,1,"far"
"0851-9",1,0,1,0,2,36,0,1476992912472,"true",0,1,"far"
"0851-9",0,1,0,0,1,35,0,1476992893247,"true",1,0,"split"
"0851-9",0,0,1,1,0,34,0,1476992875168,"true",0,1,"close"
"0851-9",0,0,1,1,0,33,0,1476992859030,"true",0,1,"far"
"0851-9",0,0,2,1,0,32,1,1476992833277,"true",0,0,"far"
"0851-9",1,0,1,0,2,50,0,1476993291760,"true",0,1,"far"
