"gameid","sClicked_2","sClicked_1","lClickedIndex","sClicked_0","sClickedIndex","roundNum","lClicked_2","time","outcome","lClicked_0","lClicked_1","condition"
"0856-3",0,1,0,0,1,42,0,1476495883275,"true",1,0,"far"
"0856-3",0,1,0,0,1,48,0,1476496001444,"true",1,0,"far"
"0856-3",0,1,1,0,1,43,0,1476495896196,"true",0,1,"split"
"0856-3",0,1,2,0,1,49,1,1476496016805,"true",0,0,"close"
"0856-3",1,0,1,0,2,24,0,1476495632544,"true",0,1,"split"
"0856-3",1,0,0,0,2,25,0,1476495642664,"true",1,0,"split"
"0856-3",1,0,2,0,2,26,1,1476495651905,"true",0,0,"far"
"0856-3",1,0,1,0,2,27,0,1476495662176,"true",0,1,"far"
"0856-3",0,1,2,0,1,20,1,1476495567326,"true",0,0,"close"
"0856-3",0,1,1,0,1,21,0,1476495584155,"true",0,1,"close"
"0856-3",1,0,0,0,2,22,0,1476495605184,"true",1,0,"split"
"0856-3",0,1,1,0,1,23,0,1476495619584,"true",0,1,"split"
"0856-3",0,0,1,1,0,46,0,1476495976324,"true",0,1,"close"
"0856-3",1,0,1,0,2,47,0,1476495990568,"true",0,1,"close"
"0856-3",1,0,0,0,2,44,0,1476495914707,"true",1,0,"close"
"0856-3",0,0,2,1,0,45,1,1476495927827,"true",0,0,"close"
"0856-3",0,1,1,0,1,28,0,1476495670464,"true",0,1,"close"
"0856-3",1,0,1,0,2,29,0,1476495678336,"true",0,1,"far"
"0856-3",1,0,0,0,2,40,0,1476495841924,"false",1,0,"split"
"0856-3",0,1,1,0,1,41,0,1476495875516,"true",0,1,"split"
"0856-3",0,0,1,1,0,1,0,1476495288453,"true",0,1,"far"
"0856-3",0,0,0,1,0,3,0,1476495321614,"true",1,0,"close"
"0856-3",0,0,0,1,0,2,0,1476495310373,"true",1,0,"split"
"0856-3",0,1,1,0,1,5,0,1476495342326,"true",0,1,"close"
"0856-3",1,0,0,0,2,4,0,1476495330173,"true",1,0,"far"
"0856-3",0,1,2,0,1,7,1,1476495375896,"true",0,0,"far"
"0856-3",1,0,0,0,2,6,0,1476495353293,"true",1,0,"split"
"0856-3",1,0,0,0,2,9,0,1476495407976,"true",1,0,"close"
"0856-3",1,0,2,0,2,8,1,1476495390976,"true",0,0,"split"
"0856-3",0,1,1,0,1,39,0,1476495810719,"true",0,1,"close"
"0856-3",0,1,0,0,1,38,0,1476495799784,"true",1,0,"far"
"0856-3",1,0,0,0,2,11,0,1476495450416,"true",1,0,"close"
"0856-3",0,1,1,0,1,10,0,1476495427656,"true",0,1,"close"
"0856-3",1,0,1,0,2,13,0,1476495467815,"true",0,1,"far"
"0856-3",0,1,0,0,1,12,0,1476495459936,"true",1,0,"far"
"0856-3",0,0,2,1,0,15,1,1476495494235,"true",0,0,"far"
"0856-3",1,0,1,0,2,14,0,1476495487037,"true",0,1,"far"
"0856-3",0,1,1,0,1,17,0,1476495514715,"true",0,1,"far"
"0856-3",1,0,2,0,2,16,1,1476495507603,"true",0,0,"close"
"0856-3",1,0,1,0,2,19,0,1476495548046,"false",0,1,"far"
"0856-3",1,0,2,0,2,18,1,1476495534049,"false",0,0,"close"
"0856-3",1,0,0,0,2,31,0,1476495702736,"false",1,0,"split"
"0856-3",0,1,2,0,1,30,1,1476495689551,"true",0,0,"split"
"0856-3",0,0,2,1,0,37,1,1476495790296,"true",0,0,"split"
"0856-3",0,0,2,1,0,36,1,1476495777424,"true",0,0,"split"
"0856-3",0,0,0,1,0,35,0,1476495753426,"true",1,0,"far"
"0856-3",0,0,1,1,0,34,0,1476495743664,"true",0,1,"split"
"0856-3",0,0,2,1,0,33,1,1476495728024,"true",0,0,"close"
"0856-3",1,0,1,0,2,32,0,1476495714096,"true",0,1,"split"
"0856-3",1,0,1,0,2,50,0,1476496028765,"false",0,1,"split"
