"gameid","sClicked_2","sClicked_1","lClickedIndex","sClicked_0","sClickedIndex","roundNum","lClicked_2","time","outcome","lClicked_0","lClicked_1","condition"
"0868-b",1,0,2,0,2,42,1,1476471320505,"true",0,0,"split"
"0868-b",0,0,1,1,0,48,0,1476471382264,"true",0,1,"close"
"0868-b",0,1,1,0,1,43,0,1476471328130,"true",0,1,"split"
"0868-b",1,0,2,0,2,49,1,1476471391397,"true",0,0,"split"
"0868-b",0,1,0,0,1,24,0,1476471108622,"false",1,0,"close"
"0868-b",0,1,2,0,1,25,1,1476471118426,"true",0,0,"far"
"0868-b",0,1,2,0,1,26,1,1476471136714,"true",0,0,"close"
"0868-b",1,0,2,0,2,27,1,1476471150446,"true",0,0,"split"
"0868-b",1,0,1,0,2,20,0,1476471024070,"true",0,1,"close"
"0868-b",1,0,2,0,2,21,1,1476471051062,"true",0,0,"close"
"0868-b",0,1,1,0,1,22,0,1476471062651,"true",0,1,"close"
"0868-b",1,0,0,0,2,23,0,1476471085590,"false",1,0,"split"
"0868-b",0,0,1,1,0,46,0,1476471352260,"false",0,1,"split"
"0868-b",0,1,2,0,1,47,1,1476471365690,"false",0,0,"split"
"0868-b",1,0,1,0,2,44,0,1476471335289,"true",0,1,"split"
"0868-b",0,1,2,0,1,45,1,1476471343211,"true",0,0,"split"
"0868-b",0,1,0,0,1,28,0,1476471160046,"true",1,0,"far"
"0868-b",0,1,2,0,1,29,1,1476471169905,"true",0,0,"close"
"0868-b",0,0,2,1,0,40,1,1476471299231,"true",0,0,"far"
"0868-b",0,1,2,0,1,41,1,1476471310796,"false",0,0,"close"
"0868-b",0,1,2,0,1,1,1,1476470708658,"true",0,0,"close"
"0868-b",0,1,1,0,1,3,0,1476470740718,"true",0,1,"far"
"0868-b",0,0,2,1,0,2,1,1476470733565,"true",0,0,"far"
"0868-b",0,1,0,0,1,5,0,1476470774165,"true",1,0,"split"
"0868-b",0,1,1,0,1,4,0,1476470764132,"true",0,1,"far"
"0868-b",1,0,1,0,2,7,0,1476470793081,"true",0,1,"split"
"0868-b",0,1,1,0,1,6,0,1476470785117,"true",0,1,"split"
"0868-b",0,1,1,0,1,9,0,1476470848568,"true",0,1,"far"
"0868-b",0,1,2,0,1,8,1,1476470837010,"true",0,0,"close"
"0868-b",0,0,0,1,0,39,0,1476471289362,"true",1,0,"far"
"0868-b",0,0,1,1,0,38,0,1476471276663,"true",0,1,"split"
"0868-b",0,0,1,1,0,11,0,1476470865773,"true",0,1,"far"
"0868-b",0,0,1,1,0,10,0,1476470858193,"true",0,1,"split"
"0868-b",1,0,0,0,2,13,0,1476470904698,"false",1,0,"close"
"0868-b",0,1,1,0,1,12,0,1476470877548,"true",0,1,"far"
"0868-b",1,0,1,0,2,15,0,1476470927278,"true",0,1,"close"
"0868-b",0,0,2,1,0,14,1,1476470911792,"true",0,0,"split"
"0868-b",1,0,1,0,2,17,0,1476470949587,"true",0,1,"split"
"0868-b",0,1,2,0,1,16,1,1476470936003,"true",0,0,"split"
"0868-b",0,1,0,0,1,19,0,1476471013545,"true",1,0,"far"
"0868-b",1,0,0,0,2,18,0,1476470990425,"true",1,0,"far"
"0868-b",1,0,0,0,2,31,0,1476471196732,"true",1,0,"far"
"0868-b",1,0,0,0,2,30,0,1476471184728,"false",1,0,"close"
"0868-b",1,0,2,0,2,37,1,1476471266420,"true",0,0,"close"
"0868-b",0,1,0,0,1,36,0,1476471255165,"true",1,0,"far"
"0868-b",0,0,2,1,0,35,1,1476471238562,"true",0,0,"close"
"0868-b",0,0,2,1,0,34,1,1476471223386,"true",0,0,"close"
"0868-b",0,0,0,1,0,33,0,1476471211801,"true",1,0,"far"
"0868-b",0,0,0,1,0,32,0,1476471203494,"true",1,0,"far"
"0868-b",0,0,1,1,0,50,0,1476471402591,"true",0,1,"close"
