"gameid","sClicked_2","sClicked_1","lClickedIndex","sClicked_0","sClickedIndex","roundNum","lClicked_2","time","outcome","lClicked_0","lClicked_1","condition"
"0869-7",0,0,1,1,0,42,0,1476991221269,"true",0,1,"far"
"0869-7",1,0,0,0,2,48,0,1476991305209,"true",1,0,"split"
"0869-7",0,1,2,0,1,43,1,1476991230815,"true",0,0,"split"
"0869-7",0,1,1,0,1,49,0,1476991312005,"true",0,1,"far"
"0869-7",0,1,0,0,1,24,0,1476990942978,"true",1,0,"far"
"0869-7",1,0,0,0,2,25,0,1476990960578,"false",1,0,"split"
"0869-7",0,1,2,0,1,26,1,1476990972740,"true",0,0,"split"
"0869-7",0,0,2,1,0,27,1,1476990980123,"true",0,0,"far"
"0869-7",0,1,0,0,1,20,0,1476990872494,"true",1,0,"close"
"0869-7",1,0,0,0,2,21,0,1476990887889,"true",1,0,"far"
"0869-7",1,0,1,0,2,22,0,1476990900510,"false",0,1,"close"
"0869-7",0,1,2,0,1,23,1,1476990932996,"true",0,0,"far"
"0869-7",0,0,2,1,0,46,1,1476991256118,"true",0,0,"split"
"0869-7",0,0,2,1,0,47,1,1476991269768,"true",0,0,"far"
"0869-7",0,0,0,1,0,44,0,1476991239159,"true",1,0,"far"
"0869-7",0,1,1,0,1,45,0,1476991245702,"true",0,1,"far"
"0869-7",1,0,0,0,2,28,0,1476990993135,"true",1,0,"close"
"0869-7",0,1,1,0,1,29,0,1476991016400,"true",0,1,"close"
"0869-7",0,0,2,1,0,40,1,1476991197080,"true",0,0,"split"
"0869-7",1,0,1,0,2,41,0,1476991206125,"true",0,1,"close"
"0869-7",0,1,2,0,1,1,1,1476990507792,"true",0,0,"split"
"0869-7",0,1,2,0,1,3,1,1476990538244,"true",0,0,"close"
"0869-7",0,1,1,0,1,2,0,1476990518581,"true",0,1,"far"
"0869-7",0,1,0,0,1,5,0,1476990576368,"true",1,0,"split"
"0869-7",1,0,2,0,2,4,1,1476990563232,"true",0,0,"split"
"0869-7",1,0,2,0,2,7,1,1476990635886,"true",0,0,"close"
"0869-7",0,0,0,1,0,6,0,1476990619886,"true",1,0,"far"
"0869-7",1,0,1,0,2,9,0,1476990678490,"true",0,1,"far"
"0869-7",0,1,2,0,1,8,1,1476990668502,"true",0,0,"split"
"0869-7",1,0,0,0,2,39,0,1476991183926,"true",1,0,"close"
"0869-7",0,0,2,1,0,38,1,1476991176720,"true",0,0,"far"
"0869-7",0,1,1,0,1,11,0,1476990695771,"true",0,1,"split"
"0869-7",0,1,1,0,1,10,0,1476990686509,"true",0,1,"far"
"0869-7",0,0,0,1,0,13,0,1476990728301,"true",1,0,"split"
"0869-7",0,0,2,1,0,12,1,1476990708549,"false",0,0,"close"
"0869-7",0,1,0,0,1,15,0,1476990746729,"true",1,0,"split"
"0869-7",0,0,0,1,0,14,0,1476990734834,"true",1,0,"far"
"0869-7",0,1,0,0,1,17,0,1476990766732,"true",1,0,"split"
"0869-7",1,0,2,0,2,16,1,1476990757749,"true",0,0,"split"
"0869-7",0,1,1,0,1,19,0,1476990834977,"true",0,1,"close"
"0869-7",1,0,1,0,2,18,0,1476990814742,"true",0,1,"close"
"0869-7",0,0,0,1,0,31,0,1476991036080,"true",1,0,"close"
"0869-7",1,0,2,0,2,30,1,1476991027624,"true",0,0,"split"
"0869-7",0,1,1,0,1,37,0,1476991167484,"true",0,1,"close"
"0869-7",1,0,2,0,2,36,1,1476991137716,"false",0,0,"close"
"0869-7",0,0,2,1,0,35,1,1476991129357,"true",0,0,"far"
"0869-7",0,0,1,1,0,34,0,1476991121501,"true",0,1,"split"
"0869-7",1,0,2,0,2,33,1,1476991090677,"true",0,0,"close"
"0869-7",1,0,0,0,2,32,0,1476991050322,"true",1,0,"close"
"0869-7",0,1,0,0,1,50,0,1476991327832,"true",1,0,"far"
