"gameid","sClicked_2","sClicked_1","lClickedIndex","sClicked_0","sClickedIndex","roundNum","lClicked_2","time","outcome","lClicked_0","lClicked_1","condition"
"0881-5",0,0,0,1,0,42,0,1459881654385,"true",1,0,"far"
"0881-5",0,1,1,0,1,48,0,1459881721569,"true",0,1,"far"
"0881-5",1,0,0,0,2,43,0,1459881669482,"true",1,0,"split"
"0881-5",0,0,0,1,0,49,0,1459881740180,"true",1,0,"split"
"0881-5",0,1,0,0,1,24,0,1459881445544,"true",1,0,"split"
"0881-5",0,1,2,0,1,25,1,1459881458399,"true",0,0,"split"
"0881-5",1,0,0,0,2,26,0,1459881468535,"true",1,0,"close"
"0881-5",1,0,1,0,2,27,0,1459881480135,"false",0,1,"close"
"0881-5",1,0,1,0,2,20,0,1459881395416,"false",0,1,"split"
"0881-5",0,0,2,1,0,21,1,1459881408874,"true",0,0,"close"
"0881-5",0,0,0,1,0,22,0,1459881419633,"true",1,0,"split"
"0881-5",1,0,2,0,2,23,1,1459881433168,"true",0,0,"close"
"0881-5",0,1,2,0,1,46,1,1459881704687,"true",0,0,"split"
"0881-5",1,0,1,0,2,47,0,1459881714198,"true",0,1,"far"
"0881-5",1,0,1,0,2,44,0,1459881682380,"false",0,1,"split"
"0881-5",0,1,1,0,1,45,0,1459881691554,"true",0,1,"far"
"0881-5",0,0,0,1,0,28,0,1459881495308,"true",1,0,"close"
"0881-5",1,0,2,0,2,29,1,1459881508997,"true",0,0,"split"
"0881-5",0,0,1,1,0,40,0,1459881626259,"true",0,1,"close"
"0881-5",1,0,0,0,2,41,0,1459881644523,"true",1,0,"split"
"0881-5",0,0,2,1,0,1,1,1459881091197,"true",0,0,"split"
"0881-5",0,0,2,1,0,3,1,1459881125857,"true",0,0,"close"
"0881-5",0,1,2,0,1,2,1,1459881106862,"true",0,0,"split"
"0881-5",0,0,0,1,0,5,0,1459881160493,"true",1,0,"split"
"0881-5",0,1,0,0,1,4,0,1459881143309,"true",1,0,"close"
"0881-5",0,1,2,0,1,7,1,1459881190627,"true",0,0,"far"
"0881-5",1,0,2,0,2,6,1,1459881181916,"true",0,0,"close"
"0881-5",1,0,0,0,2,9,0,1459881220804,"true",1,0,"far"
"0881-5",0,1,1,0,1,8,0,1459881207886,"true",0,1,"close"
"0881-5",1,0,2,0,2,39,1,1459881611756,"true",0,0,"far"
"0881-5",0,0,0,1,0,38,0,1459881601767,"true",1,0,"far"
"0881-5",0,0,1,1,0,11,0,1459881243812,"true",0,1,"split"
"0881-5",1,0,2,0,2,10,1,1459881231754,"true",0,0,"split"
"0881-5",1,0,2,0,2,13,1,1459881273187,"true",0,0,"close"
"0881-5",0,0,0,1,0,12,0,1459881254259,"true",1,0,"close"
"0881-5",0,0,2,1,0,15,1,1459881296449,"true",0,0,"far"
"0881-5",1,0,0,0,2,14,0,1459881288874,"true",1,0,"close"
"0881-5",0,0,1,1,0,17,0,1459881364904,"true",0,1,"far"
"0881-5",1,0,0,0,2,16,0,1459881355963,"true",1,0,"split"
"0881-5",1,0,2,0,2,19,1,1459881384858,"false",0,0,"far"
"0881-5",1,0,0,0,2,18,0,1459881372026,"true",1,0,"far"
"0881-5",0,0,2,1,0,31,1,1459881527030,"false",0,0,"close"
"0881-5",0,0,0,1,0,30,0,1459881517054,"true",1,0,"far"
"0881-5",0,0,1,1,0,37,0,1459881592076,"true",0,1,"far"
"0881-5",0,0,0,1,0,36,0,1459881583773,"true",1,0,"far"
"0881-5",0,0,2,1,0,35,1,1459881573052,"true",0,0,"split"
"0881-5",0,0,1,1,0,34,0,1459881562985,"true",0,1,"far"
"0881-5",0,1,1,0,1,33,0,1459881556573,"true",0,1,"close"
"0881-5",0,0,1,1,0,32,0,1459881542261,"true",0,1,"close"
"0881-5",1,0,1,0,2,50,0,1459881755714,"true",0,1,"close"
