"gameid","sClicked_2","sClicked_1","lClickedIndex","sClicked_0","sClickedIndex","roundNum","lClicked_2","time","outcome","lClicked_0","lClicked_1","condition"
"0891-0",1,0,1,0,2,42,0,1476991334993,"true",0,1,"far"
"0891-0",0,0,1,1,0,48,0,1476991444175,"true",0,1,"close"
"0891-0",1,0,1,0,2,43,0,1476991342497,"true",0,1,"split"
"0891-0",0,1,1,0,1,49,0,1476991459398,"true",0,1,"close"
"0891-0",0,0,0,1,0,24,0,1476991111748,"true",1,0,"split"
"0891-0",0,0,2,1,0,25,1,1476991119430,"true",0,0,"far"
"0891-0",0,1,1,0,1,26,0,1476991133294,"true",0,1,"close"
"0891-0",0,0,1,1,0,27,0,1476991140617,"true",0,1,"far"
"0891-0",0,0,1,1,0,20,0,1476991069134,"true",0,1,"far"
"0891-0",0,1,0,0,1,21,0,1476991083069,"true",1,0,"close"
"0891-0",0,1,0,0,1,22,0,1476991091972,"true",1,0,"close"
"0891-0",0,0,2,1,0,23,1,1476991100901,"true",0,0,"close"
"0891-0",0,0,1,1,0,46,0,1476991421573,"true",0,1,"far"
"0891-0",0,1,1,0,1,47,0,1476991435745,"true",0,1,"split"
"0891-0",0,0,0,1,0,44,0,1476991374969,"true",1,0,"split"
"0891-0",1,0,0,0,2,45,0,1476991414253,"true",1,0,"close"
"0891-0",1,0,2,0,2,28,1,1476991160148,"true",0,0,"close"
"0891-0",0,1,2,0,1,29,1,1476991173018,"true",0,0,"close"
"0891-0",0,0,1,1,0,40,0,1476991320851,"true",0,1,"far"
"0891-0",1,0,0,0,2,41,0,1476991327464,"true",1,0,"far"
"0891-0",0,0,0,1,0,1,0,1476990868647,"true",1,0,"far"
"0891-0",1,0,2,0,2,3,1,1476990889540,"true",0,0,"split"
"0891-0",1,0,0,0,2,2,0,1476990880469,"true",1,0,"far"
"0891-0",1,0,1,0,2,5,0,1476990906607,"true",0,1,"close"
"0891-0",1,0,1,0,2,4,0,1476990897949,"true",0,1,"far"
"0891-0",1,0,0,0,2,7,0,1476990929992,"true",1,0,"close"
"0891-0",0,0,1,1,0,6,0,1476990919201,"true",0,1,"split"
"0891-0",0,1,2,0,1,9,1,1476990958456,"false",0,0,"close"
"0891-0",0,1,1,0,1,8,0,1476990939322,"true",0,1,"close"
"0891-0",0,1,2,0,1,39,1,1476991314109,"true",0,0,"split"
"0891-0",1,0,1,0,2,38,0,1476991306314,"true",0,1,"split"
"0891-0",1,0,2,0,2,11,1,1476990977199,"true",0,0,"far"
"0891-0",0,0,1,1,0,10,0,1476990968606,"true",0,1,"split"
"0891-0",0,0,0,1,0,13,0,1476991003911,"true",1,0,"split"
"0891-0",1,0,1,0,2,12,0,1476990985046,"true",0,1,"far"
"0891-0",0,1,0,0,1,15,0,1476991022034,"true",1,0,"split"
"0891-0",0,0,0,1,0,14,0,1476991011638,"true",1,0,"far"
"0891-0",0,0,2,1,0,17,1,1476991047502,"true",0,0,"close"
"0891-0",0,1,0,0,1,16,0,1476991029315,"true",1,0,"far"
"0891-0",0,1,1,0,1,19,0,1476991062793,"true",0,1,"split"
"0891-0",0,1,2,0,1,18,1,1476991054180,"true",0,0,"far"
"0891-0",1,0,2,0,2,31,1,1476991195519,"true",0,0,"far"
"0891-0",1,0,0,0,2,30,0,1476991188976,"false",1,0,"close"
"0891-0",0,0,0,1,0,37,0,1476991291815,"true",1,0,"close"
"0891-0",0,1,0,0,1,36,0,1476991270018,"true",1,0,"split"
"0891-0",1,0,0,0,2,35,0,1476991258323,"true",1,0,"close"
"0891-0",1,0,1,0,2,34,0,1476991231610,"true",0,1,"split"
"0891-0",0,0,2,1,0,33,1,1476991214619,"true",0,0,"split"
"0891-0",1,0,1,0,2,32,0,1476991207105,"true",0,1,"split"
"0891-0",1,0,1,0,2,50,0,1476991507584,"true",0,1,"split"
