"gameid","sClicked_2","sClicked_1","lClickedIndex","sClicked_0","sClickedIndex","roundNum","lClicked_2","time","outcome","lClicked_0","lClicked_1","condition"
"0895-b",0,0,0,1,0,42,0,1476487432163,"true",1,0,"close"
"0895-b",0,1,2,0,1,48,1,1476487549126,"true",0,0,"split"
"0895-b",0,1,1,0,1,43,0,1476487444545,"true",0,1,"split"
"0895-b",0,1,0,0,1,49,0,1476487560950,"true",1,0,"far"
"0895-b",0,0,1,1,0,24,0,1476487136192,"true",0,1,"close"
"0895-b",1,0,1,0,2,25,0,1476487149441,"false",0,1,"far"
"0895-b",1,0,0,0,2,26,0,1476487165043,"true",1,0,"split"
"0895-b",1,0,1,0,2,27,0,1476487188508,"false",0,1,"split"
"0895-b",1,0,1,0,2,20,0,1476487047307,"true",0,1,"close"
"0895-b",0,0,2,1,0,21,1,1476487067876,"true",0,0,"split"
"0895-b",0,0,0,1,0,22,0,1476487097415,"false",1,0,"close"
"0895-b",0,1,0,0,1,23,0,1476487111507,"true",1,0,"split"
"0895-b",0,1,2,0,1,46,1,1476487512182,"false",0,0,"close"
"0895-b",0,0,2,1,0,47,1,1476487530878,"true",0,0,"far"
"0895-b",1,0,1,0,2,44,0,1476487460047,"true",0,1,"far"
"0895-b",1,0,1,0,2,45,0,1476487486851,"false",0,1,"close"
"0895-b",0,0,2,1,0,28,1,1476487206164,"true",0,0,"close"
"0895-b",0,0,2,1,0,29,1,1476487223067,"true",0,0,"far"
"0895-b",0,1,0,0,1,40,0,1476487392150,"true",1,0,"far"
"0895-b",1,0,1,0,2,41,0,1476487408796,"true",0,1,"far"
"0895-b",0,1,1,0,1,1,0,1476486655031,"true",0,1,"far"
"0895-b",1,0,0,0,2,3,0,1476486709866,"true",1,0,"split"
"0895-b",0,1,0,0,1,2,0,1476486684730,"true",1,0,"split"
"0895-b",0,1,1,0,1,5,0,1476486747355,"true",0,1,"far"
"0895-b",1,0,1,0,2,4,0,1476486731515,"true",0,1,"split"
"0895-b",0,1,0,0,1,7,0,1476486782711,"true",1,0,"far"
"0895-b",0,0,1,1,0,6,0,1476486768090,"false",0,1,"close"
"0895-b",0,0,1,1,0,9,0,1476486822258,"true",0,1,"close"
"0895-b",1,0,0,0,2,8,0,1476486796417,"true",1,0,"far"
"0895-b",0,0,2,1,0,39,1,1476487379844,"true",0,0,"far"
"0895-b",0,0,0,1,0,38,0,1476487363236,"true",1,0,"split"
"0895-b",0,1,1,0,1,11,0,1476486861955,"false",0,1,"close"
"0895-b",0,1,0,0,1,10,0,1476486834187,"true",1,0,"close"
"0895-b",0,1,1,0,1,13,0,1476486898914,"true",0,1,"split"
"0895-b",0,1,0,0,1,12,0,1476486878518,"true",1,0,"far"
"0895-b",1,0,1,0,2,15,0,1476486932556,"true",0,1,"split"
"0895-b",1,0,2,0,2,14,1,1476486914092,"true",0,0,"split"
"0895-b",1,0,1,0,2,17,0,1476486962661,"true",0,1,"split"
"0895-b",1,0,1,0,2,16,0,1476486946354,"false",0,1,"far"
"0895-b",0,1,0,0,1,19,0,1476487011619,"false",1,0,"close"
"0895-b",0,0,2,1,0,18,1,1476486985723,"true",0,0,"close"
"0895-b",1,0,1,0,2,31,0,1476487249404,"true",0,1,"far"
"0895-b",1,0,2,0,2,30,1,1476487236349,"true",0,0,"far"
"0895-b",0,0,0,1,0,37,0,1476487342282,"true",1,0,"split"
"0895-b",0,1,1,0,1,36,0,1476487327605,"true",0,1,"far"
"0895-b",0,0,0,1,0,35,0,1476487314952,"true",1,0,"close"
"0895-b",1,0,2,0,2,34,1,1476487300893,"true",0,0,"split"
"0895-b",0,1,1,0,1,33,0,1476487285461,"false",0,1,"close"
"0895-b",0,0,2,1,0,32,1,1476487265694,"false",0,0,"close"
"0895-b",1,0,2,0,2,50,1,1476487579342,"true",0,0,"split"
