"gameid","sClicked_2","sClicked_1","lClickedIndex","sClicked_0","sClickedIndex","roundNum","lClicked_2","time","outcome","lClicked_0","lClicked_1","condition"
"0897-4",1,0,2,0,2,42,1,1476471016508,"true",0,0,"far"
"0897-4",0,1,1,0,1,48,0,1476471108526,"true",0,1,"split"
"0897-4",0,0,0,1,0,43,0,1476471037031,"true",1,0,"far"
"0897-4",0,0,2,1,0,49,1,1476471122165,"true",0,0,"close"
"0897-4",1,0,0,0,2,24,0,1476470609526,"true",1,0,"split"
"0897-4",1,0,1,0,2,25,0,1476470620303,"true",0,1,"far"
"0897-4",1,0,1,0,2,26,0,1476470657348,"true",0,1,"split"
"0897-4",0,1,1,0,1,27,0,1476470679566,"true",0,1,"split"
"0897-4",1,0,0,0,2,20,0,1476470553094,"true",1,0,"far"
"0897-4",0,0,1,1,0,21,0,1476470573783,"true",0,1,"split"
"0897-4",0,1,0,0,1,22,0,1476470584733,"true",1,0,"split"
"0897-4",1,0,2,0,2,23,1,1476470598594,"true",0,0,"close"
"0897-4",0,1,0,0,1,46,0,1476471083983,"true",1,0,"close"
"0897-4",1,0,2,0,2,47,1,1476471094460,"true",0,0,"far"
"0897-4",0,0,1,1,0,44,0,1476471051866,"true",0,1,"close"
"0897-4",0,0,1,1,0,45,0,1476471072074,"true",0,1,"split"
"0897-4",0,0,0,1,0,28,0,1476470700461,"true",1,0,"split"
"0897-4",0,1,2,0,1,29,1,1476470714789,"true",0,0,"close"
"0897-4",0,1,1,0,1,40,0,1476470976213,"true",0,1,"close"
"0897-4",1,0,0,0,2,41,0,1476471004114,"true",1,0,"split"
"0897-4",0,1,0,0,1,1,0,1476470301603,"true",1,0,"close"
"0897-4",1,0,0,0,2,3,0,1476470325356,"true",1,0,"split"
"0897-4",0,1,1,0,1,2,0,1476470315012,"true",0,1,"split"
"0897-4",0,1,0,0,1,5,0,1476470357776,"true",1,0,"close"
"0897-4",1,0,2,0,2,4,1,1476470341313,"true",0,0,"split"
"0897-4",0,0,0,1,0,7,0,1476470377785,"true",1,0,"split"
"0897-4",1,0,0,0,2,6,0,1476470364858,"true",1,0,"far"
"0897-4",0,0,1,1,0,9,0,1476470399784,"true",0,1,"close"
"0897-4",1,0,0,0,2,8,0,1476470385180,"true",1,0,"far"
"0897-4",1,0,0,0,2,39,0,1476470961014,"true",1,0,"far"
"0897-4",0,0,2,1,0,38,1,1476470948334,"true",0,0,"far"
"0897-4",1,0,2,0,2,11,1,1476470432226,"true",0,0,"far"
"0897-4",0,1,0,0,1,10,0,1476470420540,"true",1,0,"close"
"0897-4",1,0,0,0,2,13,0,1476470456560,"true",1,0,"far"
"0897-4",0,1,0,0,1,12,0,1476470449368,"true",1,0,"far"
"0897-4",1,0,1,0,2,15,0,1476470474315,"true",0,1,"far"
"0897-4",0,0,1,1,0,14,0,1476470467190,"true",0,1,"split"
"0897-4",1,0,0,0,2,17,0,1476470494132,"true",1,0,"close"
"0897-4",1,0,2,0,2,16,1,1476470481085,"true",0,0,"far"
"0897-4",1,0,0,0,2,19,0,1476470538921,"false",1,0,"close"
"0897-4",0,0,0,1,0,18,0,1476470520375,"true",1,0,"close"
"0897-4",0,1,0,0,1,31,0,1476470796881,"true",1,0,"far"
"0897-4",0,1,2,0,1,30,1,1476470749363,"true",0,0,"close"
"0897-4",0,1,2,0,1,37,1,1476470939639,"true",0,0,"split"
"0897-4",0,0,0,1,0,36,0,1476470874452,"true",1,0,"split"
"0897-4",0,1,0,0,1,35,0,1476470864022,"true",1,0,"close"
"0897-4",0,1,2,0,1,34,1,1476470837431,"true",0,0,"close"
"0897-4",0,0,1,1,0,33,0,1476470826965,"true",0,1,"close"
"0897-4",0,0,0,1,0,32,0,1476470807164,"true",1,0,"split"
"0897-4",1,0,2,0,2,50,1,1476471139137,"true",0,0,"far"
