"gameid","sClicked_2","sClicked_1","lClickedIndex","sClicked_0","sClickedIndex","roundNum","lClicked_2","time","outcome","lClicked_0","lClicked_1","condition"
"0936-f",0,0,0,1,0,42,0,1476991802458,"true",1,0,"far"
"0936-f",0,0,1,1,0,48,0,1476991917193,"true",0,1,"far"
"0936-f",0,0,0,1,0,43,0,1476991826194,"true",1,0,"close"
"0936-f",1,0,0,0,2,49,0,1476991957565,"true",1,0,"split"
"0936-f",0,0,2,1,0,24,1,1476991335975,"true",0,0,"split"
"0936-f",0,1,0,0,1,25,0,1476991368784,"false",1,0,"split"
"0936-f",0,1,2,0,1,26,1,1476991394618,"true",0,0,"close"
"0936-f",1,0,0,0,2,27,0,1476991413628,"true",1,0,"far"
"0936-f",0,0,0,1,0,20,0,1476991256452,"false",1,0,"close"
"0936-f",0,1,0,0,1,21,0,1476991269892,"true",1,0,"split"
"0936-f",1,0,1,0,2,22,0,1476991292415,"true",0,1,"close"
"0936-f",1,0,1,0,2,23,0,1476991322735,"true",0,1,"split"
"0936-f",0,1,0,0,1,46,0,1476991887480,"true",1,0,"split"
"0936-f",1,0,2,0,2,47,1,1476991903601,"true",0,0,"close"
"0936-f",0,1,1,0,1,44,0,1476991857704,"true",0,1,"far"
"0936-f",0,0,1,1,0,45,0,1476991874106,"true",0,1,"far"
"0936-f",0,0,1,1,0,28,0,1476991472616,"true",0,1,"split"
"0936-f",0,1,0,0,1,29,0,1476991502263,"true",1,0,"close"
"0936-f",0,1,1,0,1,40,0,1476991763233,"true",0,1,"far"
"0936-f",0,0,2,1,0,41,1,1476991789845,"true",0,0,"far"
"0936-f",1,0,0,0,2,1,0,1476990452677,"true",1,0,"split"
"0936-f",1,0,0,0,2,3,0,1476990503087,"true",1,0,"far"
"0936-f",0,0,2,1,0,2,1,1476990485011,"false",0,0,"close"
"0936-f",1,0,2,0,2,5,1,1476990638112,"true",0,0,"split"
"0936-f",0,1,1,0,1,4,0,1476990554773,"true",0,1,"split"
"0936-f",0,1,2,0,1,7,1,1476990723155,"true",0,0,"far"
"0936-f",0,1,0,0,1,6,0,1476990690157,"true",1,0,"far"
"0936-f",0,0,0,1,0,9,0,1476990784014,"false",1,0,"close"
"0936-f",0,0,0,1,0,8,0,1476990747712,"true",1,0,"split"
"0936-f",0,1,0,0,1,39,0,1476991747065,"true",1,0,"split"
"0936-f",1,0,0,0,2,38,0,1476991729173,"true",1,0,"close"
"0936-f",1,0,2,0,2,11,1,1476990864429,"true",0,0,"far"
"0936-f",1,0,2,0,2,10,1,1476990832074,"true",0,0,"close"
"0936-f",0,1,1,0,1,13,0,1476991013916,"false",0,1,"split"
"0936-f",1,0,2,0,2,12,1,1476990968595,"true",0,0,"split"
"0936-f",1,0,2,0,2,15,1,1476991092917,"true",0,0,"split"
"0936-f",0,1,1,0,1,14,0,1476991062458,"false",0,1,"close"
"0936-f",1,0,1,0,2,17,0,1476991160982,"true",0,1,"close"
"0936-f",0,1,0,0,1,16,0,1476991128445,"false",1,0,"split"
"0936-f",0,0,1,1,0,19,0,1476991238376,"true",0,1,"far"
"0936-f",1,0,1,0,2,18,0,1476991221990,"true",0,1,"far"
"0936-f",0,1,0,0,1,31,0,1476991542755,"true",1,0,"split"
"0936-f",1,0,2,0,2,30,1,1476991516373,"true",0,0,"far"
"0936-f",1,0,1,0,2,37,0,1476991716481,"true",0,1,"close"
"0936-f",0,1,0,0,1,36,0,1476991680804,"true",1,0,"far"
"0936-f",1,0,2,0,2,35,1,1476991650606,"true",0,0,"far"
"0936-f",0,1,1,0,1,34,0,1476991638844,"true",0,1,"close"
"0936-f",1,0,1,0,2,33,0,1476991585683,"true",0,1,"close"
"0936-f",0,1,2,0,1,32,1,1476991556145,"true",0,0,"far"
"0936-f",0,0,0,1,0,50,0,1476991976897,"true",1,0,"close"
