"gameid","sClicked_2","sClicked_1","lClickedIndex","sClicked_0","sClickedIndex","roundNum","lClicked_2","time","outcome","lClicked_0","lClicked_1","condition"
"0968-a",1,0,1,0,2,42,0,1476471331502,"true",0,1,"split"
"0968-a",0,1,2,0,1,48,1,1476471410663,"true",0,0,"split"
"0968-a",0,1,0,0,1,43,0,1476471349438,"true",1,0,"close"
"0968-a",1,0,1,0,2,49,0,1476471421143,"true",0,1,"far"
"0968-a",1,0,0,0,2,24,0,1476471141026,"false",1,0,"split"
"0968-a",1,0,2,0,2,25,1,1476471148298,"true",0,0,"far"
"0968-a",1,0,0,0,2,26,0,1476471160683,"true",1,0,"close"
"0968-a",0,1,1,0,1,27,0,1476471169107,"true",0,1,"split"
"0968-a",1,0,1,0,2,20,0,1476471071890,"true",0,1,"far"
"0968-a",1,0,2,0,2,21,1,1476471088251,"true",0,0,"close"
"0968-a",0,0,0,1,0,22,0,1476471096938,"true",1,0,"split"
"0968-a",1,0,0,0,2,23,0,1476471131746,"true",1,0,"close"
"0968-a",0,0,2,1,0,46,1,1476471391375,"true",0,0,"far"
"0968-a",0,1,2,0,1,47,1,1476471401751,"true",0,0,"far"
"0968-a",0,1,1,0,1,44,0,1476471370487,"false",0,1,"close"
"0968-a",1,0,0,0,2,45,0,1476471384927,"true",1,0,"split"
"0968-a",1,0,2,0,2,28,1,1476471176691,"true",0,0,"far"
"0968-a",0,1,0,0,1,29,0,1476471190979,"true",1,0,"close"
"0968-a",0,1,0,0,1,40,0,1476471308581,"true",1,0,"far"
"0968-a",0,0,1,1,0,41,0,1476471321006,"true",0,1,"split"
"0968-a",0,0,1,1,0,1,0,1476470868823,"false",0,1,"close"
"0968-a",0,1,2,0,1,3,1,1476470902487,"true",0,0,"far"
"0968-a",1,0,1,0,2,2,0,1476470892534,"true",0,1,"split"
"0968-a",0,0,1,1,0,5,0,1476470925431,"false",0,1,"close"
"0968-a",0,1,1,0,1,4,0,1476470910128,"true",0,1,"far"
"0968-a",0,1,1,0,1,7,0,1476470946872,"false",0,1,"close"
"0968-a",0,0,1,1,0,6,0,1476470932679,"true",0,1,"far"
"0968-a",0,0,2,1,0,9,1,1476470962439,"true",0,0,"split"
"0968-a",0,0,2,1,0,8,1,1476470955679,"true",0,0,"far"
"0968-a",0,1,0,0,1,39,0,1476471302405,"true",1,0,"far"
"0968-a",1,0,1,0,2,38,0,1476471294085,"true",0,1,"close"
"0968-a",0,0,0,1,0,11,0,1476470976856,"true",1,0,"far"
"0968-a",0,0,1,1,0,10,0,1476470968912,"true",0,1,"close"
"0968-a",0,0,1,1,0,13,0,1476470994384,"true",0,1,"close"
"0968-a",0,0,0,1,0,12,0,1476470983033,"true",1,0,"far"
"0968-a",1,0,0,0,2,15,0,1476471020865,"true",1,0,"split"
"0968-a",0,0,2,1,0,14,1,1476471012008,"true",0,0,"close"
"0968-a",1,0,0,0,2,17,0,1476471036320,"true",1,0,"split"
"0968-a",0,0,1,1,0,16,0,1476471027049,"true",0,1,"far"
"0968-a",0,1,2,0,1,19,1,1476471060513,"true",0,0,"split"
"0968-a",0,1,0,0,1,18,0,1476471052057,"true",1,0,"far"
"0968-a",1,0,2,0,2,31,1,1476471221572,"true",0,0,"split"
"0968-a",0,0,2,1,0,30,1,1476471198380,"true",0,0,"far"
"0968-a",1,0,1,0,2,37,0,1476471285477,"true",0,1,"close"
"0968-a",0,0,2,1,0,36,1,1476471277717,"true",0,0,"close"
"0968-a",1,0,0,0,2,35,0,1476471270957,"true",1,0,"split"
"0968-a",0,1,0,0,1,34,0,1476471257044,"true",1,0,"close"
"0968-a",0,1,1,0,1,33,0,1476471243460,"true",0,1,"split"
"0968-a",0,0,2,1,0,32,1,1476471229348,"true",0,0,"close"
"0968-a",0,0,0,1,0,50,0,1476471455927,"true",1,0,"split"
