"gameid","sClicked_2","sClicked_1","lClickedIndex","sClicked_0","sClickedIndex","roundNum","lClicked_2","time","outcome","lClicked_0","lClicked_1","condition"
"0990-6",0,0,0,1,0,42,0,1476993458227,"false",1,0,"split"
"0990-6",1,0,2,0,2,48,1,1476993601116,"true",0,0,"close"
"0990-6",1,0,0,0,2,43,0,1476993493134,"true",1,0,"close"
"0990-6",0,0,2,1,0,49,1,1476993611236,"true",0,0,"split"
"0990-6",1,0,0,0,2,24,0,1476993112343,"true",1,0,"split"
"0990-6",0,1,0,0,1,25,0,1476993121504,"true",1,0,"split"
"0990-6",0,0,1,1,0,26,0,1476993130117,"false",0,1,"split"
"0990-6",1,0,1,0,2,20,0,1476993022008,"true",0,1,"far"
"0990-6",0,0,1,1,0,21,0,1476993032293,"true",0,1,"far"
"0990-6",0,1,2,0,1,22,1,1476993063944,"false",0,0,"close"
"0990-6",1,0,2,0,2,23,1,1476993086965,"true",0,0,"close"
"0990-6",0,1,0,0,1,46,0,1476993552574,"true",1,0,"close"
"0990-6",1,0,0,0,2,47,0,1476993577931,"true",1,0,"close"
"0990-6",1,0,1,0,2,44,0,1476993520889,"true",0,1,"split"
"0990-6",1,0,0,0,2,45,0,1476993530876,"true",1,0,"far"
"0990-6",1,0,2,0,2,28,1,1476993220713,"true",0,0,"close"
"0990-6",1,0,0,0,2,29,0,1476993233185,"true",1,0,"close"
"0990-6",1,0,0,0,2,40,0,1476993414404,"true",1,0,"close"
"0990-6",0,1,1,0,1,41,0,1476993433978,"true",0,1,"split"
"0990-6",0,1,1,0,1,1,0,1476992506284,"true",0,1,"split"
"0990-6",0,1,0,0,1,2,0,1476992569281,"true",1,0,"split"
"0990-6",0,0,1,1,0,4,0,1476992631938,"false",0,1,"far"
"0990-6",0,0,2,1,0,7,1,1476992764898,"true",0,0,"far"
"0990-6",0,1,0,0,1,9,0,1476992826549,"true",1,0,"split"
"0990-6",0,0,0,1,0,39,0,1476993396466,"true",1,0,"far"
"0990-6",1,0,2,0,2,38,1,1476993380352,"true",0,0,"far"
"0990-6",0,1,2,0,1,10,1,1476992844293,"true",0,0,"close"
"0990-6",0,1,2,0,1,13,1,1476992908621,"true",0,0,"far"
"0990-6",1,0,1,0,2,12,0,1476992896699,"true",0,1,"far"
"0990-6",1,0,2,0,2,15,1,1476992941566,"true",0,0,"split"
"0990-6",0,0,1,1,0,14,0,1476992925259,"true",0,1,"split"
"0990-6",0,0,1,1,0,17,0,1476992959669,"true",0,1,"far"
"0990-6",0,0,2,1,0,16,1,1476992951053,"true",0,0,"far"
"0990-6",0,0,0,1,0,19,0,1476993010982,"true",1,0,"split"
"0990-6",1,0,0,0,2,18,0,1476992986262,"true",1,0,"split"
"0990-6",0,1,0,0,1,31,0,1476993258233,"true",1,0,"split"
"0990-6",0,0,1,1,0,30,0,1476993246100,"true",0,1,"far"
"0990-6",1,0,1,0,2,37,0,1476993363572,"true",0,1,"close"
"0990-6",1,0,0,0,2,36,0,1476993347562,"true",1,0,"far"
"0990-6",0,0,2,1,0,35,1,1476993332833,"true",0,0,"far"
"0990-6",0,0,1,1,0,34,0,1476993318057,"true",0,1,"split"
"0990-6",0,0,1,1,0,33,0,1476993293889,"true",0,1,"far"
"0990-6",1,0,0,0,2,32,0,1476993284056,"true",1,0,"far"
"0990-6",0,1,0,0,1,50,0,1476993628867,"true",1,0,"far"
