"gameid","sClicked_2","sClicked_1","lClickedIndex","sClicked_0","sClickedIndex","roundNum","lClicked_2","time","outcome","lClicked_0","lClicked_1","condition"
"1008-c",0,1,1,0,1,42,0,1476991774641,"true",0,1,"far"
"1008-c",1,0,2,0,2,48,1,1476991834697,"true",0,0,"split"
"1008-c",0,1,0,0,1,43,0,1476991783263,"true",1,0,"split"
"1008-c",0,0,0,1,0,49,0,1476991841210,"true",1,0,"close"
"1008-c",1,0,1,0,2,24,0,1476991528108,"true",0,1,"split"
"1008-c",1,0,0,0,2,25,0,1476991538156,"true",1,0,"split"
"1008-c",1,0,0,0,2,26,0,1476991544068,"true",1,0,"far"
"1008-c",0,1,1,0,1,27,0,1476991575435,"true",0,1,"close"
"1008-c",0,0,1,1,0,20,0,1476991489727,"true",0,1,"close"
"1008-c",1,0,2,0,2,21,1,1476991496078,"true",0,0,"far"
"1008-c",0,0,1,1,0,22,0,1476991505650,"true",0,1,"close"
"1008-c",1,0,2,0,2,23,1,1476991521208,"true",0,0,"split"
"1008-c",0,1,1,0,1,46,0,1476991819989,"false",0,1,"close"
"1008-c",1,0,2,0,2,47,1,1476991826407,"true",0,0,"split"
"1008-c",0,1,2,0,1,44,1,1476991788663,"true",0,0,"far"
"1008-c",0,1,0,0,1,45,0,1476991807864,"true",1,0,"far"
"1008-c",1,0,1,0,2,28,0,1476991589298,"true",0,1,"close"
"1008-c",1,0,1,0,2,29,0,1476991595871,"true",0,1,"split"
"1008-c",0,0,0,1,0,40,0,1476991739954,"true",1,0,"close"
"1008-c",0,1,2,0,1,41,1,1476991763711,"true",0,0,"close"
"1008-c",0,1,1,0,1,1,0,1476991185871,"true",0,1,"far"
"1008-c",0,1,0,0,1,3,0,1476991202963,"true",1,0,"split"
"1008-c",0,1,1,0,1,2,0,1476991193021,"true",0,1,"close"
"1008-c",0,0,1,1,0,5,0,1476991216260,"true",0,1,"far"
"1008-c",0,1,2,0,1,4,1,1476991210344,"true",0,0,"far"
"1008-c",0,1,0,0,1,7,0,1476991321204,"false",1,0,"close"
"1008-c",0,0,2,1,0,6,1,1476991247886,"false",0,0,"close"
"1008-c",0,1,0,0,1,9,0,1476991349172,"true",1,0,"far"
"1008-c",1,0,1,0,2,8,0,1476991334149,"true",0,1,"close"
"1008-c",1,0,0,0,2,39,0,1476991727977,"true",1,0,"split"
"1008-c",1,0,1,0,2,38,0,1476991721591,"true",0,1,"close"
"1008-c",0,1,2,0,1,11,1,1476991362711,"true",0,0,"far"
"1008-c",1,0,0,0,2,10,0,1476991356573,"true",1,0,"far"
"1008-c",0,0,0,1,0,13,0,1476991378924,"true",1,0,"split"
"1008-c",1,0,1,0,2,12,0,1476991369466,"true",0,1,"far"
"1008-c",0,1,2,0,1,15,1,1476991418780,"true",0,0,"split"
"1008-c",0,0,0,1,0,14,0,1476991405263,"false",1,0,"close"
"1008-c",0,0,1,1,0,17,0,1476991431698,"true",0,1,"far"
"1008-c",0,1,1,0,1,16,0,1476991424773,"true",0,1,"split"
"1008-c",1,0,2,0,2,19,1,1476991447753,"true",0,0,"far"
"1008-c",0,1,1,0,1,18,0,1476991440423,"true",0,1,"close"
"1008-c",0,1,0,0,1,31,0,1476991622106,"true",1,0,"far"
"1008-c",1,0,0,0,2,30,0,1476991616008,"true",1,0,"close"
"1008-c",0,0,1,1,0,37,0,1476991695858,"true",0,1,"split"
"1008-c",0,0,1,1,0,36,0,1476991676836,"true",0,1,"far"
"1008-c",0,0,2,1,0,35,1,1476991670468,"true",0,0,"far"
"1008-c",1,0,1,0,2,34,0,1476991662644,"true",0,1,"split"
"1008-c",1,0,1,0,2,33,0,1476991641931,"true",0,1,"split"
"1008-c",1,0,0,0,2,32,0,1476991635627,"true",1,0,"split"
"1008-c",0,1,2,0,1,50,1,1476991864150,"true",0,0,"close"
