"gameid","sClicked_2","sClicked_1","lClickedIndex","sClicked_0","sClickedIndex","roundNum","lClicked_2","time","outcome","lClicked_0","lClicked_1","condition"
"1013-2",1,0,0,0,2,42,0,1476989509210,"true",1,0,"split"
"1013-2",0,0,2,1,0,48,1,1476989614051,"true",0,0,"close"
"1013-2",1,0,2,0,2,43,1,1476989522697,"true",0,0,"close"
"1013-2",1,0,2,0,2,49,1,1476989639429,"true",0,0,"split"
"1013-2",0,1,1,0,1,24,0,1476989258744,"true",0,1,"close"
"1013-2",1,0,0,0,2,25,0,1476989266854,"true",1,0,"far"
"1013-2",0,1,2,0,1,26,1,1476989280591,"true",0,0,"far"
"1013-2",0,1,2,0,1,27,1,1476989324876,"false",0,0,"close"
"1013-2",1,0,1,0,2,20,0,1476989216643,"true",0,1,"close"
"1013-2",0,0,0,1,0,21,0,1476989224336,"true",1,0,"far"
"1013-2",0,1,2,0,1,22,1,1476989232580,"true",0,0,"far"
"1013-2",0,0,0,1,0,23,0,1476989242851,"true",1,0,"far"
"1013-2",1,0,0,0,2,46,0,1476989573434,"true",1,0,"split"
"1013-2",0,1,1,0,1,47,0,1476989589452,"false",0,1,"split"
"1013-2",0,1,0,0,1,44,0,1476989546172,"true",1,0,"split"
"1013-2",1,0,2,0,2,45,1,1476989561250,"true",0,0,"close"
"1013-2",0,1,0,0,1,28,0,1476989342482,"true",1,0,"close"
"1013-2",0,0,0,1,0,29,0,1476989351463,"true",1,0,"split"
"1013-2",1,0,0,0,2,40,0,1476989492501,"true",1,0,"far"
"1013-2",0,1,1,0,1,41,0,1476989498883,"true",0,1,"far"
"1013-2",0,1,2,0,1,1,1,1476988806965,"true",0,0,"split"
"1013-2",0,0,0,1,0,3,0,1476988831832,"true",1,0,"close"
"1013-2",0,1,2,0,1,2,1,1476988816199,"true",0,0,"far"
"1013-2",0,0,2,1,0,5,1,1476988870642,"true",0,0,"split"
"1013-2",1,0,0,0,2,4,0,1476988848391,"true",1,0,"split"
"1013-2",0,1,1,0,1,7,0,1476988904658,"true",0,1,"split"
"1013-2",0,0,1,1,0,6,0,1476988878352,"true",0,1,"far"
"1013-2",1,0,1,0,2,8,0,1476988920305,"true",0,1,"far"
"1013-2",0,0,0,1,0,39,0,1476989479799,"false",1,0,"split"
"1013-2",0,1,0,0,1,38,0,1476989463934,"true",1,0,"close"
"1013-2",0,0,1,1,0,11,0,1476988991474,"true",0,1,"close"
"1013-2",1,0,0,0,2,10,0,1476988964190,"true",1,0,"far"
"1013-2",1,0,2,0,2,13,1,1476989061735,"true",0,0,"split"
"1013-2",1,0,2,0,2,12,1,1476989040922,"true",0,0,"split"
"1013-2",1,0,2,0,2,15,1,1476989128122,"true",0,0,"close"
"1013-2",0,0,2,1,0,14,1,1476989111682,"true",0,0,"close"
"1013-2",0,0,1,1,0,17,0,1476989169884,"true",0,1,"close"
"1013-2",1,0,2,0,2,16,1,1476989150184,"false",0,0,"close"
"1013-2",0,0,1,1,0,19,0,1476989192842,"true",0,1,"split"
"1013-2",1,0,2,0,2,18,1,1476989183159,"true",0,0,"close"
"1013-2",0,1,1,0,1,31,0,1476989373099,"true",0,1,"split"
"1013-2",0,1,0,0,1,30,0,1476989359824,"true",1,0,"far"
"1013-2",0,0,1,1,0,37,0,1476989452359,"true",0,1,"split"
"1013-2",0,1,1,0,1,36,0,1476989440477,"true",0,1,"split"
"1013-2",0,0,0,1,0,35,0,1476989423586,"true",1,0,"close"
"1013-2",0,0,2,1,0,34,1,1476989402554,"true",0,0,"far"
"1013-2",0,1,2,0,1,33,1,1476989389724,"true",0,0,"far"
"1013-2",1,0,2,0,2,32,1,1476989380394,"true",0,0,"far"
"1013-2",1,0,0,0,2,50,0,1476989667680,"true",1,0,"far"
