"gameid","sClicked_2","sClicked_1","lClickedIndex","sClicked_0","sClickedIndex","roundNum","lClicked_2","time","outcome","lClicked_0","lClicked_1","condition"
"1020-a",0,0,2,1,0,42,1,1476499131475,"true",0,0,"split"
"1020-a",0,0,2,1,0,48,1,1476499215097,"true",0,0,"close"
"1020-a",0,1,1,0,1,43,0,1476499142443,"true",0,1,"far"
"1020-a",1,0,0,0,2,49,0,1476499225969,"true",1,0,"far"
"1020-a",0,1,2,0,1,24,1,1476498835804,"true",0,0,"split"
"1020-a",1,0,2,0,2,25,1,1476498846143,"true",0,0,"split"
"1020-a",0,0,1,1,0,26,0,1476498858022,"true",0,1,"far"
"1020-a",0,1,2,0,1,27,1,1476498866238,"true",0,0,"close"
"1020-a",0,0,1,1,0,20,0,1476498778524,"true",0,1,"close"
"1020-a",0,0,0,1,0,21,0,1476498790472,"true",1,0,"close"
"1020-a",0,0,2,1,0,22,1,1476498811160,"true",0,0,"far"
"1020-a",0,0,2,1,0,23,1,1476498827255,"true",0,0,"far"
"1020-a",1,0,0,0,2,46,0,1476499179182,"true",1,0,"split"
"1020-a",0,0,2,1,0,47,1,1476499202268,"true",0,0,"split"
"1020-a",1,0,1,0,2,44,0,1476499149625,"true",0,1,"far"
"1020-a",0,1,1,0,1,45,0,1476499167744,"true",0,1,"far"
"1020-a",0,1,2,0,1,28,1,1476498884602,"true",0,0,"split"
"1020-a",0,1,1,0,1,29,0,1476498897522,"true",0,1,"split"
"1020-a",0,1,1,0,1,40,0,1476499110862,"true",0,1,"close"
"1020-a",0,0,2,1,0,41,1,1476499118372,"true",0,0,"far"
"1020-a",1,0,1,0,2,1,0,1476498385266,"true",0,1,"close"
"1020-a",1,0,2,0,2,3,1,1476498417659,"true",0,0,"close"
"1020-a",1,0,2,0,2,2,1,1476498402911,"true",0,0,"split"
"1020-a",0,0,0,1,0,5,0,1476498475223,"true",1,0,"far"
"1020-a",1,0,2,0,2,4,1,1476498465788,"true",0,0,"close"
"1020-a",1,0,2,0,2,7,1,1476498532777,"true",0,0,"close"
"1020-a",1,0,0,0,2,6,0,1476498509666,"true",1,0,"close"
"1020-a",0,1,0,0,1,9,0,1476498549742,"true",1,0,"far"
"1020-a",0,1,2,0,1,8,1,1476498540761,"true",0,0,"far"
"1020-a",1,0,0,0,2,39,0,1476499102431,"true",1,0,"close"
"1020-a",0,0,1,1,0,38,0,1476499077914,"true",0,1,"close"
"1020-a",0,0,0,1,0,11,0,1476498580775,"true",1,0,"split"
"1020-a",0,0,2,1,0,10,1,1476498563404,"true",0,0,"far"
"1020-a",0,0,2,1,0,13,1,1476498594914,"true",0,0,"split"
"1020-a",1,0,1,0,2,12,0,1476498587706,"true",0,1,"far"
"1020-a",1,0,2,0,2,15,1,1476498611967,"true",0,0,"far"
"1020-a",1,0,1,0,2,14,0,1476498604603,"true",0,1,"close"
"1020-a",1,0,0,0,2,17,0,1476498688344,"true",1,0,"split"
"1020-a",0,0,1,1,0,16,0,1476498676253,"false",0,1,"close"
"1020-a",1,0,0,0,2,19,0,1476498713035,"true",1,0,"split"
"1020-a",0,1,2,0,1,18,1,1476498703789,"true",0,0,"split"
"1020-a",0,0,2,1,0,31,1,1476498940587,"true",0,0,"split"
"1020-a",0,1,1,0,1,30,0,1476498917427,"true",0,1,"far"
"1020-a",0,0,1,1,0,37,0,1476499060252,"true",0,1,"far"
"1020-a",0,1,1,0,1,36,0,1476499051678,"true",0,1,"close"
"1020-a",0,0,1,1,0,35,0,1476499025608,"true",0,1,"split"
"1020-a",0,1,1,0,1,34,0,1476499017073,"false",0,1,"close"
"1020-a",1,0,0,0,2,33,0,1476498986867,"true",1,0,"split"
"1020-a",1,0,2,0,2,32,1,1476498956771,"true",0,0,"split"
"1020-a",0,0,0,1,0,50,0,1476499248111,"true",1,0,"close"
