"gameid","sClicked_2","sClicked_1","lClickedIndex","sClicked_0","sClickedIndex","roundNum","lClicked_2","time","outcome","lClicked_0","lClicked_1","condition"
"1033-9",0,0,1,1,0,42,0,1476487906855,"true",0,1,"close"
"1033-9",0,1,2,0,1,48,1,1476487989326,"true",0,0,"far"
"1033-9",0,0,1,1,0,43,0,1476487922895,"true",0,1,"split"
"1033-9",1,0,0,0,2,49,0,1476487997765,"true",1,0,"far"
"1033-9",0,0,2,1,0,24,1,1476487658591,"true",0,0,"far"
"1033-9",1,0,1,0,2,25,0,1476487673957,"true",0,1,"split"
"1033-9",0,1,1,0,1,26,0,1476487684255,"true",0,1,"close"
"1033-9",0,0,0,1,0,27,0,1476487706452,"false",1,0,"close"
"1033-9",0,0,1,1,0,20,0,1476487616729,"true",0,1,"far"
"1033-9",0,1,0,0,1,21,0,1476487628177,"false",1,0,"split"
"1033-9",0,0,2,1,0,22,1,1476487637878,"true",0,0,"far"
"1033-9",1,0,2,0,2,23,1,1476487648267,"true",0,0,"split"
"1033-9",0,1,0,0,1,46,0,1476487972270,"true",1,0,"far"
"1033-9",0,1,0,0,1,47,0,1476487981079,"true",1,0,"close"
"1033-9",0,0,1,1,0,44,0,1476487948099,"true",0,1,"close"
"1033-9",0,0,2,1,0,45,1,1476487961745,"false",0,0,"close"
"1033-9",1,0,0,0,2,28,0,1476487719122,"true",1,0,"far"
"1033-9",0,1,0,0,1,29,0,1476487726699,"true",1,0,"split"
"1033-9",0,0,0,1,0,40,0,1476487872764,"true",1,0,"split"
"1033-9",0,0,1,1,0,41,0,1476487889627,"true",0,1,"close"
"1033-9",0,1,2,0,1,1,1,1476487288212,"true",0,0,"far"
"1033-9",0,1,2,0,1,3,1,1476487318360,"true",0,0,"close"
"1033-9",1,0,0,0,2,2,0,1476487305905,"true",1,0,"split"
"1033-9",1,0,2,0,2,5,1,1476487346360,"true",0,0,"split"
"1033-9",1,0,2,0,2,4,1,1476487334993,"true",0,0,"split"
"1033-9",1,0,0,0,2,7,0,1476487392511,"false",1,0,"close"
"1033-9",0,0,2,1,0,6,1,1476487379530,"true",0,0,"split"
"1033-9",1,0,1,0,2,9,0,1476487421784,"true",0,1,"split"
"1033-9",0,1,2,0,1,8,1,1476487412420,"true",0,0,"close"
"1033-9",0,1,1,0,1,39,0,1476487830075,"true",0,1,"split"
"1033-9",1,0,0,0,2,38,0,1476487813528,"false",1,0,"split"
"1033-9",0,0,1,1,0,11,0,1476487439662,"true",0,1,"far"
"1033-9",1,0,0,0,2,10,0,1476487430138,"true",1,0,"far"
"1033-9",1,0,0,0,2,13,0,1476487491658,"true",1,0,"close"
"1033-9",0,1,1,0,1,12,0,1476487448338,"true",0,1,"far"
"1033-9",0,0,1,1,0,15,0,1476487551262,"true",0,1,"split"
"1033-9",0,1,1,0,1,14,0,1476487506462,"false",0,1,"close"
"1033-9",0,1,1,0,1,17,0,1476487587070,"true",0,1,"split"
"1033-9",0,1,0,0,1,16,0,1476487560328,"true",1,0,"far"
"1033-9",0,1,0,0,1,19,0,1476487607612,"true",1,0,"far"
"1033-9",0,0,1,1,0,18,0,1476487598629,"true",0,1,"close"
"1033-9",0,1,2,0,1,31,1,1476487747050,"true",0,0,"far"
"1033-9",0,1,2,0,1,30,1,1476487736920,"true",0,0,"far"
"1033-9",1,0,2,0,2,37,1,1476487804679,"true",0,0,"close"
"1033-9",0,0,0,1,0,36,0,1476487796513,"true",1,0,"split"
"1033-9",0,0,0,1,0,35,0,1476487788145,"true",1,0,"far"
"1033-9",0,0,2,1,0,34,1,1476487779515,"true",0,0,"split"
"1033-9",1,0,1,0,2,33,0,1476487768444,"true",0,1,"close"
"1033-9",0,0,1,1,0,32,0,1476487755291,"true",0,1,"close"
"1033-9",0,0,0,1,0,50,0,1476488017534,"true",1,0,"far"
