"gameid","sClicked_2","sClicked_1","lClickedIndex","sClicked_0","sClickedIndex","roundNum","lClicked_2","time","outcome","lClicked_0","lClicked_1","condition"
"1033-6",1,0,0,0,2,42,0,1476466392943,"true",1,0,"split"
"1033-6",1,0,1,0,2,48,0,1476466508377,"true",0,1,"split"
"1033-6",1,0,1,0,2,43,0,1476466414305,"true",0,1,"close"
"1033-6",1,0,0,0,2,49,0,1476466521138,"true",1,0,"far"
"1033-6",0,1,0,0,1,24,0,1476465984114,"false",1,0,"close"
"1033-6",0,0,0,1,0,25,0,1476466001323,"true",1,0,"close"
"1033-6",0,0,1,1,0,26,0,1476466019914,"true",0,1,"close"
"1033-6",0,1,1,0,1,27,0,1476466044472,"false",0,1,"far"
"1033-6",0,0,1,1,0,20,0,1476465925462,"false",0,1,"split"
"1033-6",0,1,0,0,1,21,0,1476465939938,"true",1,0,"far"
"1033-6",0,1,2,0,1,22,1,1476465955941,"true",0,0,"split"
"1033-6",1,0,1,0,2,23,0,1476465965230,"true",0,1,"far"
"1033-6",0,1,2,0,1,46,1,1476466450813,"true",0,0,"far"
"1033-6",0,0,1,1,0,47,0,1476466463882,"true",0,1,"far"
"1033-6",0,0,0,1,0,44,0,1476466426430,"true",1,0,"far"
"1033-6",0,0,0,1,0,45,0,1476466439639,"true",1,0,"split"
"1033-6",0,1,2,0,1,28,1,1476466089358,"true",0,0,"close"
"1033-6",0,1,2,0,1,29,1,1476466103536,"true",0,0,"far"
"1033-6",0,1,0,0,1,40,0,1476466364361,"true",1,0,"far"
"1033-6",1,0,2,0,2,41,1,1476466376685,"true",0,0,"far"
"1033-6",0,1,1,0,1,1,0,1476465563121,"false",0,1,"split"
"1033-6",1,0,2,0,2,3,1,1476465611604,"true",0,0,"split"
"1033-6",0,1,0,0,1,2,0,1476465586955,"true",1,0,"close"
"1033-6",1,0,1,0,2,5,0,1476465653144,"true",0,1,"far"
"1033-6",1,0,0,0,2,4,0,1476465644043,"true",1,0,"split"
"1033-6",0,1,2,0,1,7,1,1476465688980,"true",0,0,"far"
"1033-6",0,1,1,0,1,6,0,1476465675299,"true",0,1,"far"
"1033-6",1,0,1,0,2,9,0,1476465711992,"false",0,1,"split"
"1033-6",1,0,0,0,2,8,0,1476465697685,"true",1,0,"far"
"1033-6",1,0,0,0,2,39,0,1476466345464,"true",1,0,"split"
"1033-6",0,0,2,1,0,38,1,1476466313003,"true",0,0,"close"
"1033-6",0,1,0,0,1,11,0,1476465739089,"false",1,0,"far"
"1033-6",0,0,0,1,0,10,0,1476465726691,"true",1,0,"close"
"1033-6",0,1,2,0,1,13,1,1476465773633,"false",0,0,"split"
"1033-6",0,0,0,1,0,12,0,1476465752886,"true",1,0,"close"
"1033-6",0,1,1,0,1,15,0,1476465820301,"true",0,1,"split"
"1033-6",0,1,1,0,1,14,0,1476465799161,"true",0,1,"split"
"1033-6",1,0,0,0,2,17,0,1476465873079,"false",1,0,"close"
"1033-6",1,0,2,0,2,16,1,1476465846449,"true",0,0,"split"
"1033-6",0,1,1,0,1,19,0,1476465913416,"true",0,1,"split"
"1033-6",1,0,0,0,2,18,0,1476465894438,"false",1,0,"close"
"1033-6",0,1,0,0,1,31,0,1476466169296,"false",1,0,"close"
"1033-6",0,0,2,1,0,30,1,1476466135500,"false",0,0,"close"
"1033-6",1,0,1,0,2,37,0,1476466287303,"true",0,1,"split"
"1033-6",0,1,1,0,1,36,0,1476466274998,"false",0,1,"close"
"1033-6",0,1,2,0,1,35,1,1476466239705,"false",0,0,"close"
"1033-6",0,1,1,0,1,34,0,1476466226208,"true",0,1,"split"
"1033-6",1,0,0,0,2,33,0,1476466206630,"true",1,0,"far"
"1033-6",0,0,2,1,0,32,1,1476466192452,"true",0,0,"far"
"1033-6",0,1,0,0,1,50,0,1476466539569,"true",1,0,"close"
