"gameid","sClicked_2","sClicked_1","lClickedIndex","sClicked_0","sClickedIndex","roundNum","lClicked_2","time","outcome","lClicked_0","lClicked_1","condition"
"1034-2",0,1,2,0,1,42,1,1476989046341,"true",0,0,"split"
"1034-2",0,1,2,0,1,48,1,1476989095088,"true",0,0,"close"
"1034-2",0,0,2,1,0,43,1,1476989054630,"false",0,0,"split"
"1034-2",0,1,2,0,1,49,1,1476989101635,"true",0,0,"far"
"1034-2",0,1,1,0,1,24,0,1476988850768,"true",0,1,"split"
"1034-2",0,0,0,1,0,25,0,1476988861154,"true",1,0,"split"
"1034-2",0,0,1,1,0,26,0,1476988870923,"true",0,1,"split"
"1034-2",1,0,0,0,2,27,0,1476988885862,"true",1,0,"close"
"1034-2",0,1,1,0,1,20,0,1476988800748,"true",0,1,"far"
"1034-2",1,0,0,0,2,21,0,1476988808898,"true",1,0,"far"
"1034-2",1,0,2,0,2,22,1,1476988834676,"false",0,0,"close"
"1034-2",1,0,0,0,2,23,0,1476988841773,"true",1,0,"far"
"1034-2",1,0,1,0,2,46,0,1476989076577,"true",0,1,"far"
"1034-2",0,1,2,0,1,47,1,1476989087652,"false",0,0,"far"
"1034-2",1,0,1,0,2,44,0,1476989062589,"false",0,1,"split"
"1034-2",1,0,0,0,2,45,0,1476989070211,"false",1,0,"close"
"1034-2",0,0,0,1,0,28,0,1476988892977,"true",1,0,"far"
"1034-2",0,0,0,1,0,29,0,1476988903584,"false",1,0,"close"
"1034-2",0,0,1,1,0,40,0,1476989026046,"true",0,1,"close"
"1034-2",0,1,0,0,1,41,0,1476989035221,"false",1,0,"split"
"1034-2",1,0,0,0,2,1,0,1476988533159,"true",1,0,"far"
"1034-2",0,1,0,0,1,3,0,1476988551413,"true",1,0,"far"
"1034-2",1,0,1,0,2,2,0,1476988543931,"false",0,1,"split"
"1034-2",1,0,2,0,2,5,1,1476988573667,"true",0,0,"split"
"1034-2",0,1,0,0,1,4,0,1476988561088,"false",1,0,"split"
"1034-2",0,0,2,1,0,7,1,1476988621280,"true",0,0,"close"
"1034-2",0,0,2,1,0,6,1,1476988581837,"true",0,0,"far"
"1034-2",0,0,2,1,0,9,1,1476988666494,"true",0,0,"close"
"1034-2",0,1,1,0,1,8,0,1476988647151,"true",0,1,"far"
"1034-2",0,1,2,0,1,39,1,1476989014598,"true",0,0,"far"
"1034-2",0,1,0,0,1,38,0,1476989008145,"true",1,0,"split"
"1034-2",1,0,2,0,2,11,1,1476988702918,"true",0,0,"split"
"1034-2",1,0,2,0,2,10,1,1476988674566,"true",0,0,"split"
"1034-2",0,0,0,1,0,13,0,1476988727516,"true",1,0,"close"
"1034-2",1,0,0,0,2,12,0,1476988720096,"true",1,0,"close"
"1034-2",0,1,1,0,1,15,0,1476988744832,"true",0,1,"far"
"1034-2",0,0,2,1,0,14,1,1476988737572,"true",0,0,"split"
"1034-2",0,1,1,0,1,17,0,1476988765256,"true",0,1,"close"
"1034-2",0,1,1,0,1,16,0,1476988752938,"true",0,1,"split"
"1034-2",1,0,2,0,2,19,1,1476988794602,"true",0,0,"split"
"1034-2",0,1,0,0,1,18,0,1476988775198,"true",1,0,"close"
"1034-2",0,0,1,1,0,31,0,1476988920148,"true",0,1,"split"
"1034-2",1,0,2,0,2,30,1,1476988910882,"true",0,0,"far"
"1034-2",1,0,2,0,2,37,1,1476989001449,"true",0,0,"far"
"1034-2",0,0,0,1,0,36,0,1476988993578,"true",1,0,"far"
"1034-2",0,0,2,1,0,35,1,1476988982092,"true",0,0,"close"
"1034-2",1,0,1,0,2,34,0,1476988952885,"true",0,1,"close"
"1034-2",0,1,1,0,1,33,0,1476988941043,"true",0,1,"close"
"1034-2",1,0,2,0,2,32,1,1476988929134,"false",0,0,"close"
"1034-2",0,0,1,1,0,50,0,1476989116938,"false",0,1,"close"
