"gameid","sClicked_2","sClicked_1","lClickedIndex","sClicked_0","sClickedIndex","roundNum","lClicked_2","time","outcome","lClicked_0","lClicked_1","condition"
"1053-1",0,0,1,1,0,42,0,1476990499177,"true",0,1,"far"
"1053-1",1,0,2,0,2,48,1,1476990598414,"true",0,0,"far"
"1053-1",1,0,0,0,2,43,0,1476990525855,"false",1,0,"close"
"1053-1",1,0,0,0,2,49,0,1476990609973,"true",1,0,"far"
"1053-1",0,1,1,0,1,24,0,1476990025475,"false",0,1,"close"
"1053-1",0,1,1,0,1,25,0,1476990048112,"true",0,1,"far"
"1053-1",1,0,1,0,2,26,0,1476990060356,"true",0,1,"far"
"1053-1",0,1,0,0,1,27,0,1476990067320,"true",1,0,"far"
"1053-1",0,0,1,1,0,20,0,1476989970754,"true",0,1,"split"
"1053-1",0,0,2,1,0,21,1,1476989982303,"true",0,0,"far"
"1053-1",0,0,2,1,0,22,1,1476989992400,"true",0,0,"far"
"1053-1",1,0,1,0,2,23,0,1476990000704,"true",0,1,"far"
"1053-1",0,0,1,1,0,46,0,1476990575988,"true",0,1,"split"
"1053-1",1,0,1,0,2,47,0,1476990587952,"true",0,1,"split"
"1053-1",1,0,2,0,2,44,1,1476990539164,"true",0,0,"split"
"1053-1",0,0,2,1,0,45,1,1476990560254,"false",0,0,"close"
"1053-1",0,1,0,0,1,28,0,1476990082310,"true",1,0,"split"
"1053-1",0,0,1,1,0,29,0,1476990148585,"false",0,1,"split"
"1053-1",0,0,2,1,0,40,1,1476990460012,"true",0,0,"split"
"1053-1",0,0,2,1,0,41,1,1476990490921,"true",0,0,"close"
"1053-1",1,0,2,0,2,1,1,1476989572229,"true",0,0,"split"
"1053-1",0,1,2,0,1,3,1,1476989598831,"true",0,0,"far"
"1053-1",0,1,0,0,1,2,0,1476989583970,"true",1,0,"far"
"1053-1",0,0,2,1,0,5,1,1476989641700,"true",0,0,"far"
"1053-1",0,0,1,1,0,4,0,1476989631529,"false",0,1,"close"
"1053-1",1,0,1,0,2,7,0,1476989670875,"true",0,1,"split"
"1053-1",1,0,2,0,2,6,1,1476989652242,"true",0,0,"far"
"1053-1",0,1,2,0,1,9,1,1476989761930,"true",0,0,"far"
"1053-1",0,1,0,0,1,39,0,1476990446196,"true",1,0,"split"
"1053-1",0,0,2,1,0,38,1,1476990429300,"true",0,0,"split"
"1053-1",0,0,2,1,0,11,1,1476989795736,"true",0,0,"close"
"1053-1",0,1,2,0,1,10,1,1476989782531,"true",0,0,"close"
"1053-1",0,1,1,0,1,13,0,1476989824159,"true",0,1,"close"
"1053-1",0,1,1,0,1,12,0,1476989805262,"true",0,1,"split"
"1053-1",0,1,2,0,1,15,1,1476989870463,"true",0,0,"split"
"1053-1",0,0,0,1,0,14,0,1476989852865,"false",1,0,"close"
"1053-1",0,1,0,0,1,17,0,1476989903341,"true",1,0,"close"
"1053-1",0,1,1,0,1,16,0,1476989878941,"true",0,1,"close"
"1053-1",0,0,0,1,0,19,0,1476989947581,"false",1,0,"close"
"1053-1",1,0,0,0,2,18,0,1476989929653,"true",1,0,"close"
"1053-1",0,0,1,1,0,31,0,1476990241299,"true",0,1,"far"
"1053-1",1,0,1,0,2,30,0,1476990233423,"false",0,1,"far"
"1053-1",1,0,1,0,2,37,0,1476990417963,"true",0,1,"close"
"1053-1",0,0,0,1,0,36,0,1476990361979,"true",1,0,"far"
"1053-1",0,1,2,0,1,35,1,1476990345308,"true",0,0,"split"
"1053-1",1,0,2,0,2,34,1,1476990316038,"true",0,0,"split"
"1053-1",1,0,0,0,2,33,0,1476990299560,"true",1,0,"split"
"1053-1",1,0,0,0,2,32,0,1476990284214,"false",1,0,"close"
"1053-1",1,0,2,0,2,50,1,1476990624776,"true",0,0,"split"
