"gameid","sClicked_2","sClicked_1","lClickedIndex","sClicked_0","sClickedIndex","roundNum","lClicked_2","time","outcome","lClicked_0","lClicked_1","condition"
"1055-e",0,1,0,0,1,42,0,1476992963366,"true",1,0,"close"
"1055-e",1,0,0,0,2,48,0,1476993088474,"true",1,0,"far"
"1055-e",0,1,0,0,1,43,0,1476992995106,"false",1,0,"split"
"1055-e",0,1,0,0,1,49,0,1476993099318,"true",1,0,"far"
"1055-e",0,1,2,0,1,24,1,1476992646406,"false",0,0,"split"
"1055-e",0,1,1,0,1,25,0,1476992656596,"true",0,1,"split"
"1055-e",1,0,0,0,2,26,0,1476992668928,"true",1,0,"split"
"1055-e",1,0,0,0,2,27,0,1476992683400,"true",1,0,"far"
"1055-e",1,0,0,0,2,20,0,1476992552698,"true",1,0,"split"
"1055-e",0,0,2,1,0,21,1,1476992575324,"true",0,0,"split"
"1055-e",1,0,0,0,2,22,0,1476992598807,"true",1,0,"close"
"1055-e",1,0,1,0,2,23,0,1476992614166,"false",0,1,"split"
"1055-e",0,0,0,1,0,46,0,1476993056648,"true",1,0,"close"
"1055-e",0,1,2,0,1,47,1,1476993077884,"true",0,0,"far"
"1055-e",0,1,2,0,1,44,1,1476993007793,"true",0,0,"far"
"1055-e",0,0,2,1,0,45,1,1476993017854,"true",0,0,"split"
"1055-e",1,0,1,0,2,28,0,1476992693132,"true",0,1,"split"
"1055-e",0,1,1,0,1,29,0,1476992710470,"true",0,1,"split"
"1055-e",0,0,2,1,0,40,1,1476992940839,"true",0,0,"close"
"1055-e",0,0,1,1,0,41,0,1476992952112,"true",0,1,"close"
"1055-e",0,0,0,1,0,1,0,1476992271902,"true",1,0,"split"
"1055-e",0,0,1,1,0,3,0,1476992303564,"true",0,1,"close"
"1055-e",1,0,2,0,2,2,1,1476992289243,"true",0,0,"far"
"1055-e",0,1,0,0,1,5,0,1476992334874,"true",1,0,"close"
"1055-e",0,0,0,1,0,4,0,1476992316086,"true",1,0,"far"
"1055-e",0,1,2,0,1,7,1,1476992364274,"true",0,0,"close"
"1055-e",1,0,0,0,2,6,0,1476992349267,"true",1,0,"far"
"1055-e",0,0,0,1,0,9,0,1476992408076,"true",1,0,"split"
"1055-e",0,0,1,1,0,8,0,1476992396506,"true",0,1,"close"
"1055-e",0,1,2,0,1,39,1,1476992917097,"true",0,0,"far"
"1055-e",0,1,0,0,1,38,0,1476992906976,"false",1,0,"close"
"1055-e",0,0,1,1,0,11,0,1476992429854,"true",0,1,"split"
"1055-e",1,0,1,0,2,10,0,1476992417313,"true",0,1,"far"
"1055-e",1,0,0,0,2,13,0,1476992458932,"true",1,0,"far"
"1055-e",1,0,1,0,2,12,0,1476992449214,"true",0,1,"close"
"1055-e",1,0,0,0,2,15,0,1476992484650,"false",1,0,"split"
"1055-e",0,0,0,1,0,14,0,1476992468123,"true",1,0,"close"
"1055-e",0,0,0,1,0,17,0,1476992519185,"true",1,0,"far"
"1055-e",0,0,1,1,0,16,0,1476992509272,"true",0,1,"far"
"1055-e",0,0,0,1,0,19,0,1476992542089,"true",1,0,"split"
"1055-e",0,1,0,0,1,18,0,1476992531911,"true",1,0,"close"
"1055-e",1,0,2,0,2,31,1,1476992759955,"true",0,0,"close"
"1055-e",0,0,2,1,0,30,1,1476992720526,"true",0,0,"far"
"1055-e",1,0,1,0,2,37,0,1476992879561,"false",0,1,"close"
"1055-e",0,0,1,1,0,36,0,1476992829374,"false",0,1,"split"
"1055-e",0,1,0,0,1,35,0,1476992812789,"true",1,0,"far"
"1055-e",0,1,1,0,1,34,0,1476992804028,"true",0,1,"close"
"1055-e",1,0,2,0,2,33,1,1476992792886,"true",0,0,"close"
"1055-e",0,1,1,0,1,32,0,1476992769736,"true",0,1,"far"
"1055-e",0,1,2,0,1,50,1,1476993108513,"true",0,0,"split"
