"gameid","sClicked_2","sClicked_1","lClickedIndex","sClicked_0","sClickedIndex","roundNum","lClicked_2","time","outcome","lClicked_0","lClicked_1","condition"
"1058-9",1,0,2,0,2,42,1,1476473821992,"true",0,0,"close"
"1058-9",0,1,0,0,1,48,0,1476473944754,"true",1,0,"close"
"1058-9",0,0,2,1,0,43,1,1476473853785,"true",0,0,"close"
"1058-9",0,1,2,0,1,49,1,1476473969213,"false",0,0,"close"
"1058-9",0,1,1,0,1,24,0,1476473474168,"true",0,1,"far"
"1058-9",0,1,1,0,1,25,0,1476473484846,"true",0,1,"split"
"1058-9",1,0,0,0,2,26,0,1476473507811,"true",1,0,"far"
"1058-9",0,0,0,1,0,27,0,1476473531330,"true",1,0,"close"
"1058-9",0,1,1,0,1,20,0,1476473401817,"true",0,1,"far"
"1058-9",0,0,0,1,0,21,0,1476473411288,"true",1,0,"far"
"1058-9",0,1,1,0,1,22,0,1476473430495,"true",0,1,"close"
"1058-9",0,1,1,0,1,23,0,1476473454801,"true",0,1,"far"
"1058-9",0,1,1,0,1,46,0,1476473907789,"false",0,1,"close"
"1058-9",0,1,1,0,1,47,0,1476473930318,"true",0,1,"close"
"1058-9",0,0,2,1,0,44,1,1476473866390,"true",0,0,"far"
"1058-9",1,0,0,0,2,45,0,1476473886588,"false",1,0,"split"
"1058-9",0,0,2,1,0,28,1,1476473547672,"true",0,0,"split"
"1058-9",1,0,0,0,2,29,0,1476473570650,"true",1,0,"split"
"1058-9",0,0,1,1,0,40,0,1476473791798,"true",0,1,"close"
"1058-9",1,0,1,0,2,41,0,1476473807011,"true",0,1,"split"
"1058-9",1,0,2,0,2,1,1,1476473189584,"false",0,0,"close"
"1058-9",0,0,1,1,0,3,0,1476473209834,"true",0,1,"close"
"1058-9",0,0,2,1,0,2,1,1476473198138,"true",0,0,"far"
"1058-9",0,0,2,1,0,5,1,1476473240345,"true",0,0,"split"
"1058-9",0,1,0,0,1,4,0,1476473222678,"true",1,0,"far"
"1058-9",0,1,0,0,1,7,0,1476473264026,"true",1,0,"close"
"1058-9",0,1,0,0,1,6,0,1476473251556,"true",1,0,"far"
"1058-9",1,0,1,0,2,9,0,1476473283641,"true",0,1,"split"
"1058-9",0,1,1,0,1,8,0,1476473272614,"true",0,1,"split"
"1058-9",0,1,2,0,1,39,1,1476473776622,"true",0,0,"close"
"1058-9",0,0,2,1,0,38,1,1476473748799,"true",0,0,"split"
"1058-9",0,1,0,0,1,11,0,1476473300461,"true",1,0,"split"
"1058-9",1,0,2,0,2,10,1,1476473292541,"true",0,0,"far"
"1058-9",0,1,2,0,1,13,1,1476473321051,"true",0,0,"split"
"1058-9",0,0,0,1,0,12,0,1476473308683,"false",1,0,"close"
"1058-9",0,1,1,0,1,15,0,1476473346878,"true",0,1,"split"
"1058-9",1,0,1,0,2,14,0,1476473334002,"true",0,1,"split"
"1058-9",0,0,1,1,0,17,0,1476473370321,"true",0,1,"split"
"1058-9",0,1,1,0,1,16,0,1476473359541,"true",0,1,"far"
"1058-9",0,0,0,1,0,19,0,1476473394932,"false",1,0,"split"
"1058-9",0,1,0,0,1,18,0,1476473379521,"true",1,0,"far"
"1058-9",1,0,2,0,2,31,1,1476473615114,"true",0,0,"split"
"1058-9",0,0,1,1,0,30,0,1476473581211,"true",0,1,"far"
"1058-9",1,0,1,0,2,37,0,1476473713389,"true",0,1,"far"
"1058-9",0,0,0,1,0,36,0,1476473704654,"true",1,0,"split"
"1058-9",0,1,0,0,1,35,0,1476473696240,"true",1,0,"far"
"1058-9",0,0,2,1,0,34,1,1476473683584,"true",0,0,"far"
"1058-9",0,1,1,0,1,33,0,1476473668944,"true",0,1,"close"
"1058-9",0,1,1,0,1,32,0,1476473647299,"true",0,1,"close"
"1058-9",0,1,0,0,1,50,0,1476473981078,"true",1,0,"far"
