"gameid","sClicked_2","sClicked_1","lClickedIndex","sClicked_0","sClickedIndex","roundNum","lClicked_2","time","outcome","lClicked_0","lClicked_1","condition"
"1070-6",0,1,0,0,1,42,0,1476992737754,"true",1,0,"split"
"1070-6",1,0,2,0,2,48,1,1476992855602,"true",0,0,"far"
"1070-6",1,0,0,0,2,43,0,1476992790268,"true",1,0,"close"
"1070-6",0,1,2,0,1,49,1,1476992880694,"true",0,0,"close"
"1070-6",0,1,0,0,1,24,0,1476992398940,"false",1,0,"split"
"1070-6",1,0,0,0,2,25,0,1476992431353,"true",1,0,"far"
"1070-6",0,0,2,1,0,26,1,1476992455262,"true",0,0,"split"
"1070-6",0,0,2,1,0,27,1,1476992469497,"true",0,0,"close"
"1070-6",1,0,1,0,2,20,0,1476992310692,"true",0,1,"split"
"1070-6",1,0,0,0,2,21,0,1476992335117,"true",1,0,"split"
"1070-6",0,1,0,0,1,22,0,1476992345164,"true",1,0,"split"
"1070-6",0,0,1,1,0,23,0,1476992365460,"true",0,1,"close"
"1070-6",0,1,2,0,1,46,1,1476992836652,"false",0,0,"split"
"1070-6",0,0,0,1,0,47,0,1476992847317,"true",1,0,"split"
"1070-6",1,0,2,0,2,44,1,1476992817477,"true",0,0,"close"
"1070-6",0,1,0,0,1,45,0,1476992828862,"true",1,0,"far"
"1070-6",0,1,2,0,1,28,1,1476992491497,"true",0,0,"split"
"1070-6",0,0,1,1,0,29,0,1476992503010,"true",0,1,"far"
"1070-6",1,0,0,0,2,40,0,1476992713552,"true",1,0,"split"
"1070-6",1,0,1,0,2,41,0,1476992725216,"true",0,1,"split"
"1070-6",1,0,0,0,2,1,0,1476991879946,"true",1,0,"split"
"1070-6",1,0,2,0,2,3,1,1476991963736,"true",0,0,"split"
"1070-6",0,1,2,0,1,2,1,1476991928719,"false",0,0,"close"
"1070-6",1,0,1,0,2,5,0,1476991993911,"false",0,1,"close"
"1070-6",1,0,1,0,2,4,0,1476991976358,"true",0,1,"split"
"1070-6",0,1,0,0,1,7,0,1476992063962,"true",1,0,"close"
"1070-6",1,0,1,0,2,6,0,1476992009801,"true",0,1,"far"
"1070-6",0,1,0,0,1,9,0,1476992098673,"true",1,0,"close"
"1070-6",1,0,2,0,2,8,1,1476992082764,"true",0,0,"far"
"1070-6",0,0,0,1,0,39,0,1476992699955,"true",1,0,"far"
"1070-6",0,1,0,0,1,38,0,1476992691198,"true",1,0,"close"
"1070-6",1,0,0,0,2,11,0,1476992145791,"true",1,0,"close"
"1070-6",0,1,2,0,1,10,1,1476992112009,"false",0,0,"close"
"1070-6",0,1,0,0,1,13,0,1476992169495,"true",1,0,"far"
"1070-6",1,0,0,0,2,12,0,1476992161291,"true",1,0,"far"
"1070-6",1,0,1,0,2,15,0,1476992196496,"true",0,1,"close"
"1070-6",0,0,1,1,0,14,0,1476992179454,"true",0,1,"far"
"1070-6",0,0,0,1,0,17,0,1476992261177,"true",1,0,"close"
"1070-6",0,0,0,1,0,16,0,1476992213153,"true",1,0,"split"
"1070-6",0,0,0,1,0,19,0,1476992294234,"true",1,0,"close"
"1070-6",0,1,0,0,1,18,0,1476992271335,"false",1,0,"far"
"1070-6",0,0,1,1,0,31,0,1476992567168,"true",0,1,"far"
"1070-6",1,0,2,0,2,30,1,1476992555787,"true",0,0,"close"
"1070-6",1,0,1,0,2,37,0,1476992674886,"true",0,1,"far"
"1070-6",1,0,2,0,2,36,1,1476992666144,"true",0,0,"far"
"1070-6",0,1,2,0,1,35,1,1476992652448,"true",0,0,"far"
"1070-6",1,0,0,0,2,34,0,1476992643978,"true",1,0,"close"
"1070-6",0,1,2,0,1,33,1,1476992607492,"true",0,0,"split"
"1070-6",0,1,0,0,1,32,0,1476992578047,"true",1,0,"far"
"1070-6",0,0,2,1,0,50,1,1476992895226,"true",0,0,"far"
