"gameid","sClicked_2","sClicked_1","lClickedIndex","sClicked_0","sClickedIndex","roundNum","lClicked_2","time","outcome","lClicked_0","lClicked_1","condition"
"1079-0",1,0,1,0,2,42,0,1476494266134,"true",0,1,"split"
"1079-0",0,1,1,0,1,48,0,1476494388324,"true",0,1,"close"
"1079-0",0,1,0,0,1,43,0,1476494293530,"true",1,0,"close"
"1079-0",1,0,1,0,2,49,0,1476494399082,"false",0,1,"split"
"1079-0",1,0,2,0,2,24,1,1476493990525,"true",0,0,"far"
"1079-0",0,0,0,1,0,25,0,1476493996968,"true",1,0,"far"
"1079-0",1,0,2,0,2,26,1,1476494012576,"true",0,0,"split"
"1079-0",0,1,0,0,1,27,0,1476494034545,"true",1,0,"split"
"1079-0",1,0,0,0,2,20,0,1476493918172,"true",1,0,"far"
"1079-0",1,0,0,0,2,21,0,1476493942078,"true",1,0,"close"
"1079-0",0,1,2,0,1,22,1,1476493976606,"true",0,0,"split"
"1079-0",1,0,1,0,2,23,0,1476493983590,"true",0,1,"far"
"1079-0",0,0,1,1,0,46,0,1476494343378,"true",0,1,"far"
"1079-0",0,1,2,0,1,47,1,1476494380212,"true",0,0,"close"
"1079-0",0,0,0,1,0,44,0,1476494301022,"true",1,0,"far"
"1079-0",1,0,1,0,2,45,0,1476494336891,"false",0,1,"close"
"1079-0",0,1,2,0,1,28,1,1476494048280,"false",0,0,"close"
"1079-0",1,0,0,0,2,29,0,1476494057961,"true",1,0,"far"
"1079-0",0,0,2,1,0,40,1,1476494224053,"true",0,0,"far"
"1079-0",0,0,2,1,0,41,1,1476494231172,"true",0,0,"far"
"1079-0",0,0,1,1,0,1,0,1476493623092,"true",0,1,"split"
"1079-0",0,0,1,1,0,3,0,1476493642088,"true",0,1,"close"
"1079-0",1,0,2,0,2,2,1,1476493632042,"true",0,0,"close"
"1079-0",0,0,1,1,0,5,0,1476493691007,"true",0,1,"close"
"1079-0",1,0,1,0,2,4,0,1476493671078,"true",0,1,"split"
"1079-0",0,1,2,0,1,7,1,1476493707752,"true",0,0,"close"
"1079-0",0,0,1,1,0,6,0,1476493697860,"true",0,1,"far"
"1079-0",1,0,1,0,2,9,0,1476493740265,"true",0,1,"split"
"1079-0",1,0,2,0,2,8,1,1476493725590,"true",0,0,"split"
"1079-0",1,0,1,0,2,39,0,1476494217534,"true",0,1,"close"
"1079-0",1,0,0,0,2,38,0,1476494205936,"true",1,0,"close"
"1079-0",0,0,1,1,0,11,0,1476493765094,"true",0,1,"far"
"1079-0",0,1,0,0,1,10,0,1476493758115,"true",1,0,"close"
"1079-0",0,1,0,0,1,13,0,1476493819275,"true",1,0,"close"
"1079-0",0,0,0,1,0,12,0,1476493790066,"true",1,0,"split"
"1079-0",0,1,0,0,1,15,0,1476493836538,"true",1,0,"far"
"1079-0",0,1,1,0,1,14,0,1476493826928,"true",0,1,"far"
"1079-0",1,0,0,0,2,17,0,1476493884288,"false",1,0,"split"
"1079-0",0,1,2,0,1,16,1,1476493849582,"true",0,0,"split"
"1079-0",0,1,2,0,1,19,1,1476493910271,"true",0,0,"split"
"1079-0",0,0,2,1,0,18,1,1476493892815,"true",0,0,"far"
"1079-0",0,1,0,0,1,31,0,1476494106820,"true",1,0,"close"
"1079-0",1,0,1,0,2,30,0,1476494095081,"true",0,1,"close"
"1079-0",1,0,1,0,2,37,0,1476494181663,"true",0,1,"close"
"1079-0",0,1,1,0,1,36,0,1476494166292,"true",0,1,"far"
"1079-0",0,0,0,1,0,35,0,1476494157013,"true",1,0,"far"
"1079-0",1,0,1,0,2,34,0,1476494149383,"false",0,1,"split"
"1079-0",0,1,2,0,1,33,1,1476494134889,"true",0,0,"split"
"1079-0",1,0,1,0,2,32,0,1476494118401,"true",0,1,"split"
"1079-0",0,0,0,1,0,50,0,1476494420008,"true",1,0,"split"
