"gameid","sClicked_2","sClicked_1","lClickedIndex","sClicked_0","sClickedIndex","roundNum","lClicked_2","time","outcome","lClicked_0","lClicked_1","condition"
"1082-8",1,0,1,0,2,42,0,1476992620697,"true",0,1,"far"
"1082-8",0,1,0,0,1,48,0,1476992701995,"true",1,0,"close"
"1082-8",1,0,1,0,2,43,0,1476992629593,"true",0,1,"split"
"1082-8",0,0,2,1,0,49,1,1476992714457,"true",0,0,"close"
"1082-8",0,0,2,1,0,24,1,1476992449149,"true",0,0,"far"
"1082-8",1,0,2,0,2,25,1,1476992456723,"true",0,0,"close"
"1082-8",0,1,2,0,1,26,1,1476992465447,"true",0,0,"far"
"1082-8",0,1,0,0,1,27,0,1476992477507,"false",1,0,"split"
"1082-8",0,0,0,1,0,20,0,1476992414177,"true",1,0,"split"
"1082-8",1,0,0,0,2,21,0,1476992420240,"true",1,0,"split"
"1082-8",1,0,1,0,2,22,0,1476992427722,"true",0,1,"far"
"1082-8",0,1,0,0,1,23,0,1476992441871,"true",1,0,"far"
"1082-8",0,1,0,0,1,46,0,1476992668827,"true",1,0,"far"
"1082-8",1,0,0,0,2,47,0,1476992689591,"true",1,0,"split"
"1082-8",1,0,2,0,2,44,1,1476992642795,"true",0,0,"close"
"1082-8",0,1,1,0,1,45,0,1476992660150,"true",0,1,"close"
"1082-8",0,0,1,1,0,28,0,1476992489794,"true",0,1,"close"
"1082-8",1,0,2,0,2,29,1,1476992501582,"true",0,0,"split"
"1082-8",0,1,2,0,1,40,1,1476992601060,"true",0,0,"close"
"1082-8",0,1,0,0,1,41,0,1476992614040,"false",1,0,"close"
"1082-8",0,1,0,0,1,1,0,1476992187282,"true",1,0,"close"
"1082-8",0,1,1,0,1,3,0,1476992214788,"true",0,1,"close"
"1082-8",1,0,1,0,2,2,0,1476992199551,"true",0,1,"split"
"1082-8",0,0,2,1,0,5,1,1476992237315,"true",0,0,"close"
"1082-8",0,0,2,1,0,4,1,1476992222658,"true",0,0,"split"
"1082-8",0,1,0,0,1,7,0,1476992268549,"true",1,0,"split"
"1082-8",0,1,2,0,1,6,1,1476992255738,"true",0,0,"close"
"1082-8",0,1,0,0,1,9,0,1476992286774,"true",1,0,"far"
"1082-8",1,0,1,0,2,8,0,1476992278154,"true",0,1,"split"
"1082-8",1,0,2,0,2,39,1,1476992592659,"true",0,0,"far"
"1082-8",0,0,0,1,0,38,0,1476992583988,"true",1,0,"close"
"1082-8",0,1,2,0,1,11,1,1476992309323,"true",0,0,"close"
"1082-8",0,0,1,1,0,10,0,1476992296882,"true",0,1,"split"
"1082-8",1,0,1,0,2,13,0,1476992325136,"true",0,1,"far"
"1082-8",0,0,1,1,0,12,0,1476992317143,"true",0,1,"far"
"1082-8",0,0,0,1,0,15,0,1476992364368,"true",1,0,"close"
"1082-8",0,0,2,1,0,14,1,1476992345433,"false",0,0,"close"
"1082-8",0,0,1,1,0,17,0,1476992384779,"true",0,1,"split"
"1082-8",1,0,2,0,2,16,1,1476992376650,"true",0,0,"split"
"1082-8",0,1,2,0,1,19,1,1476992402676,"true",0,0,"far"
"1082-8",0,1,2,0,1,18,1,1476992396024,"true",0,0,"far"
"1082-8",1,0,2,0,2,31,1,1476992517153,"true",0,0,"split"
"1082-8",0,0,0,1,0,30,0,1476992509399,"true",1,0,"far"
"1082-8",0,1,2,0,1,37,1,1476992564558,"false",0,0,"split"
"1082-8",0,1,0,0,1,36,0,1476992554857,"true",1,0,"far"
"1082-8",0,0,2,1,0,35,1,1476992548301,"true",0,0,"far"
"1082-8",0,1,1,0,1,34,0,1476992542194,"true",0,1,"far"
"1082-8",0,0,2,1,0,33,1,1476992535613,"true",0,0,"split"
"1082-8",0,1,0,0,1,32,0,1476992528046,"true",1,0,"split"
"1082-8",1,0,2,0,2,50,1,1476992724254,"true",0,0,"far"
