"gameid","sClicked_2","sClicked_1","lClickedIndex","sClicked_0","sClickedIndex","roundNum","lClicked_2","time","outcome","lClicked_0","lClicked_1","condition"
"1099-8",0,0,2,1,0,42,1,1476993461984,"true",0,0,"far"
"1099-8",1,0,2,0,2,48,1,1476993533218,"true",0,0,"close"
"1099-8",0,0,1,1,0,43,0,1476993470489,"true",0,1,"far"
"1099-8",0,1,2,0,1,49,1,1476993540948,"true",0,0,"close"
"1099-8",0,1,2,0,1,24,1,1476993248033,"true",0,0,"split"
"1099-8",1,0,0,0,2,25,0,1476993262234,"true",1,0,"split"
"1099-8",0,1,0,0,1,26,0,1476993271732,"false",1,0,"close"
"1099-8",0,0,0,1,0,27,0,1476993280202,"true",1,0,"split"
"1099-8",0,1,1,0,1,20,0,1476993210922,"true",0,1,"split"
"1099-8",0,1,2,0,1,21,1,1476993219168,"true",0,0,"far"
"1099-8",0,0,1,1,0,22,0,1476993226387,"true",0,1,"split"
"1099-8",1,0,0,0,2,23,0,1476993241047,"true",1,0,"close"
"1099-8",0,1,0,0,1,46,0,1476993511709,"true",1,0,"close"
"1099-8",1,0,2,0,2,47,1,1476993519720,"true",0,0,"split"
"1099-8",0,1,0,0,1,44,0,1476993489515,"true",1,0,"close"
"1099-8",0,0,1,1,0,45,0,1476993496940,"true",0,1,"far"
"1099-8",1,0,2,0,2,28,1,1476993287233,"true",0,0,"far"
"1099-8",1,0,2,0,2,29,1,1476993298165,"true",0,0,"close"
"1099-8",1,0,1,0,2,40,0,1476993430090,"true",0,1,"far"
"1099-8",0,1,2,0,1,41,1,1476993454597,"true",0,0,"close"
"1099-8",0,0,2,1,0,1,1,1476993018244,"true",0,0,"close"
"1099-8",0,0,1,1,0,3,0,1476993034769,"true",0,1,"close"
"1099-8",1,0,1,0,2,2,0,1476993024990,"true",0,1,"far"
"1099-8",1,0,2,0,2,5,1,1476993058990,"false",0,0,"split"
"1099-8",0,0,1,1,0,4,0,1476993041085,"true",0,1,"far"
"1099-8",0,1,2,0,1,7,1,1476993077801,"true",0,0,"close"
"1099-8",0,1,2,0,1,6,1,1476993069740,"true",0,0,"split"
"1099-8",0,1,0,0,1,9,0,1476993099556,"true",1,0,"split"
"1099-8",1,0,0,0,2,8,0,1476993093338,"true",1,0,"close"
"1099-8",0,1,0,0,1,39,0,1476993418150,"true",1,0,"split"
"1099-8",0,1,0,0,1,38,0,1476993408250,"true",1,0,"split"
"1099-8",0,0,2,1,0,11,1,1476993124721,"true",0,0,"far"
"1099-8",1,0,2,0,2,10,1,1476993118397,"true",0,0,"far"
"1099-8",0,1,0,0,1,13,0,1476993149331,"true",1,0,"split"
"1099-8",0,1,1,0,1,12,0,1476993134531,"true",0,1,"close"
"1099-8",1,0,2,0,2,15,1,1476993164692,"true",0,0,"far"
"1099-8",0,1,1,0,1,14,0,1476993156022,"true",0,1,"far"
"1099-8",0,0,1,1,0,17,0,1476993178356,"true",0,1,"far"
"1099-8",0,0,2,1,0,16,1,1476993171313,"true",0,0,"far"
"1099-8",0,0,2,1,0,19,1,1476993197204,"true",0,0,"far"
"1099-8",0,0,1,1,0,18,0,1476993186517,"true",0,1,"split"
"1099-8",0,0,2,1,0,31,1,1476993315803,"true",0,0,"close"
"1099-8",0,0,0,1,0,30,0,1476993307198,"true",1,0,"split"
"1099-8",0,1,2,0,1,37,1,1476993399534,"true",0,0,"far"
"1099-8",1,0,2,0,2,36,1,1476993388940,"true",0,0,"close"
"1099-8",0,0,2,1,0,35,1,1476993369432,"true",0,0,"close"
"1099-8",0,1,2,0,1,34,1,1476993350643,"true",0,0,"far"
"1099-8",0,0,2,1,0,33,1,1476993342482,"true",0,0,"split"
"1099-8",1,0,2,0,2,32,1,1476993331198,"true",0,0,"close"
"1099-8",1,0,1,0,2,50,0,1476993551246,"true",0,1,"split"
