"gameid","sClicked_2","sClicked_1","lClickedIndex","sClicked_0","sClickedIndex","roundNum","lClicked_2","time","outcome","lClicked_0","lClicked_1","condition"
"1102-0",0,0,0,1,0,42,0,1476992583578,"true",1,0,"close"
"1102-0",1,0,0,0,2,48,0,1476992665443,"true",1,0,"far"
"1102-0",0,0,2,1,0,43,1,1476992595948,"false",0,0,"split"
"1102-0",0,1,0,0,1,49,0,1476992679669,"true",1,0,"close"
"1102-0",0,0,2,1,0,24,1,1476992362143,"true",0,0,"far"
"1102-0",0,0,0,1,0,25,0,1476992377167,"true",1,0,"split"
"1102-0",0,0,1,1,0,26,0,1476992389109,"true",0,1,"split"
"1102-0",1,0,0,0,2,27,0,1476992403396,"true",1,0,"split"
"1102-0",0,0,2,1,0,20,1,1476992313344,"true",0,0,"far"
"1102-0",0,0,0,1,0,21,0,1476992321510,"true",1,0,"far"
"1102-0",0,1,1,0,1,22,0,1476992335429,"true",0,1,"split"
"1102-0",1,0,2,0,2,23,1,1476992348342,"true",0,0,"split"
"1102-0",0,1,2,0,1,46,1,1476992648515,"false",0,0,"close"
"1102-0",0,1,0,0,1,47,0,1476992657373,"true",1,0,"far"
"1102-0",1,0,1,0,2,44,0,1476992615183,"true",0,1,"split"
"1102-0",0,1,1,0,1,45,0,1476992628925,"true",0,1,"split"
"1102-0",1,0,1,0,2,28,0,1476992410624,"true",0,1,"far"
"1102-0",0,1,1,0,1,29,0,1476992421382,"true",0,1,"close"
"1102-0",0,1,1,0,1,40,0,1476992559895,"true",0,1,"close"
"1102-0",0,1,0,0,1,41,0,1476992570145,"true",1,0,"far"
"1102-0",0,1,1,0,1,1,0,1476991995153,"false",0,1,"split"
"1102-0",0,1,1,0,1,3,0,1476992053739,"true",0,1,"close"
"1102-0",0,0,0,1,0,2,0,1476992022324,"true",1,0,"close"
"1102-0",0,0,1,1,0,5,0,1476992084524,"false",0,1,"close"
"1102-0",0,1,1,0,1,4,0,1476992064685,"true",0,1,"far"
"1102-0",0,1,1,0,1,7,0,1476992119679,"true",0,1,"split"
"1102-0",0,0,2,1,0,6,1,1476992093788,"true",0,0,"far"
"1102-0",1,0,1,0,2,9,0,1476992151358,"true",0,1,"close"
"1102-0",1,0,0,0,2,8,0,1476992131193,"false",1,0,"split"
"1102-0",0,0,1,1,0,39,0,1476992540886,"true",0,1,"close"
"1102-0",1,0,1,0,2,38,0,1476992529314,"true",0,1,"close"
"1102-0",1,0,0,0,2,11,0,1476992185453,"true",1,0,"close"
"1102-0",1,0,0,0,2,10,0,1476992167343,"true",1,0,"close"
"1102-0",0,1,0,0,1,13,0,1476992221789,"true",1,0,"split"
"1102-0",1,0,0,0,2,12,0,1476992201512,"true",1,0,"far"
"1102-0",0,0,0,1,0,15,0,1476992261494,"true",1,0,"close"
"1102-0",0,1,1,0,1,14,0,1476992240835,"true",0,1,"split"
"1102-0",0,1,0,0,1,17,0,1476992282161,"true",1,0,"split"
"1102-0",0,0,2,1,0,16,1,1476992269859,"true",0,0,"far"
"1102-0",0,0,2,1,0,19,1,1476992304059,"true",0,0,"split"
"1102-0",0,1,2,0,1,18,1,1476992292678,"true",0,0,"far"
"1102-0",1,0,1,0,2,31,0,1476992439921,"true",0,1,"far"
"1102-0",0,0,1,1,0,30,0,1476992429278,"true",0,1,"far"
"1102-0",0,1,1,0,1,37,0,1476992514306,"true",0,1,"far"
"1102-0",0,1,1,0,1,36,0,1476992499069,"true",0,1,"far"
"1102-0",1,0,2,0,2,35,1,1476992489095,"true",0,0,"close"
"1102-0",0,1,0,0,1,34,0,1476992475169,"true",1,0,"far"
"1102-0",0,0,0,1,0,33,0,1476992464567,"true",1,0,"close"
"1102-0",1,0,2,0,2,32,1,1476992448882,"true",0,0,"split"
"1102-0",0,0,2,1,0,50,1,1476992694186,"true",0,0,"split"
