"gameid","sClicked_2","sClicked_1","lClickedIndex","sClicked_0","sClickedIndex","roundNum","lClicked_2","time","outcome","lClicked_0","lClicked_1","condition"
"1103-8",0,1,0,0,1,42,0,1476993713495,"true",1,0,"far"
"1103-8",0,0,1,1,0,48,0,1476993762965,"true",0,1,"far"
"1103-8",0,1,2,0,1,43,1,1476993720832,"true",0,0,"far"
"1103-8",0,0,1,1,0,49,0,1476993769795,"true",0,1,"split"
"1103-8",0,1,2,0,1,24,1,1476993506234,"false",0,0,"far"
"1103-8",1,0,0,0,2,25,0,1476993514232,"true",1,0,"split"
"1103-8",0,0,1,1,0,26,0,1476993540141,"false",0,1,"close"
"1103-8",1,0,0,0,2,27,0,1476993548818,"true",1,0,"split"
"1103-8",0,1,1,0,1,20,0,1476993455234,"true",0,1,"split"
"1103-8",1,0,0,0,2,21,0,1476993466410,"false",1,0,"close"
"1103-8",0,0,2,1,0,22,1,1476993486719,"true",0,0,"split"
"1103-8",0,0,1,1,0,23,0,1476993494560,"true",0,1,"far"
"1103-8",1,0,0,0,2,46,0,1476993746621,"true",1,0,"far"
"1103-8",0,1,2,0,1,47,1,1476993754714,"true",0,0,"split"
"1103-8",0,0,2,1,0,44,1,1476993729455,"true",0,0,"split"
"1103-8",0,0,0,1,0,45,0,1476993738763,"true",1,0,"far"
"1103-8",0,0,0,1,0,28,0,1476993561082,"true",1,0,"close"
"1103-8",1,0,2,0,2,29,1,1476993570609,"true",0,0,"close"
"1103-8",1,0,0,0,2,40,0,1476993697443,"true",1,0,"split"
"1103-8",0,1,0,0,1,41,0,1476993704630,"true",1,0,"far"
"1103-8",0,1,1,0,1,1,0,1476993211205,"true",0,1,"close"
"1103-8",1,0,0,0,2,3,0,1476993239065,"true",1,0,"far"
"1103-8",1,0,0,0,2,2,0,1476993222071,"true",1,0,"far"
"1103-8",1,0,2,0,2,5,1,1476993259437,"false",0,0,"close"
"1103-8",0,0,2,1,0,4,1,1476993247634,"true",0,0,"far"
"1103-8",0,0,0,1,0,7,0,1476993283511,"true",1,0,"split"
"1103-8",1,0,0,0,2,6,0,1476993272422,"true",1,0,"split"
"1103-8",0,1,1,0,1,9,0,1476993307579,"true",0,1,"far"
"1103-8",0,0,1,1,0,8,0,1476993299220,"false",0,1,"close"
"1103-8",0,0,1,1,0,39,0,1476993686443,"true",0,1,"split"
"1103-8",1,0,0,0,2,38,0,1476993677164,"true",1,0,"far"
"1103-8",1,0,0,0,2,11,0,1476993327320,"true",1,0,"split"
"1103-8",0,0,1,1,0,10,0,1476993317876,"true",0,1,"close"
"1103-8",1,0,2,0,2,13,1,1476993352003,"true",0,0,"far"
"1103-8",0,0,2,1,0,12,1,1476993342818,"true",0,0,"close"
"1103-8",1,0,2,0,2,15,1,1476993398806,"true",0,0,"close"
"1103-8",0,0,1,1,0,14,0,1476993375364,"true",0,1,"close"
"1103-8",0,0,1,1,0,17,0,1476993424390,"true",0,1,"split"
"1103-8",1,0,0,0,2,16,0,1476993409823,"true",1,0,"far"
"1103-8",1,0,2,0,2,19,1,1476993447773,"true",0,0,"far"
"1103-8",0,0,1,1,0,18,0,1476993438258,"false",0,1,"close"
"1103-8",0,1,1,0,1,31,0,1476993608909,"true",0,1,"close"
"1103-8",1,0,0,0,2,30,0,1476993599970,"false",1,0,"close"
"1103-8",1,0,0,0,2,37,0,1476993667557,"true",1,0,"split"
"1103-8",0,0,2,1,0,36,1,1476993658842,"true",0,0,"split"
"1103-8",1,0,2,0,2,35,1,1476993651120,"true",0,0,"far"
"1103-8",0,1,2,0,1,34,1,1476993641919,"true",0,0,"close"
"1103-8",0,1,2,0,1,33,1,1476993626895,"true",0,0,"split"
"1103-8",1,0,1,0,2,32,0,1476993619333,"true",0,1,"split"
"1103-8",1,0,1,0,2,50,0,1476993787870,"false",0,1,"close"
