"gameid","sClicked_2","sClicked_1","lClickedIndex","sClicked_0","sClickedIndex","roundNum","lClicked_2","time","outcome","lClicked_0","lClicked_1","condition"
"1124-1",0,0,0,1,0,42,0,1459877764335,"false",1,0,"close"
"1124-1",1,0,0,0,2,48,0,1459877838255,"true",1,0,"close"
"1124-1",1,0,0,0,2,43,0,1459877773943,"true",1,0,"far"
"1124-1",0,1,1,0,1,49,0,1459877853389,"true",0,1,"close"
"1124-1",0,1,1,0,1,24,0,1459877526355,"true",0,1,"split"
"1124-1",0,1,0,0,1,25,0,1459877536754,"true",1,0,"close"
"1124-1",0,1,0,0,1,26,0,1459877550507,"true",1,0,"close"
"1124-1",0,1,2,0,1,27,1,1459877556618,"true",0,0,"close"
"1124-1",0,1,0,0,1,20,0,1459877480228,"true",1,0,"close"
"1124-1",1,0,0,0,2,21,0,1459877488787,"false",1,0,"close"
"1124-1",1,0,2,0,2,22,1,1459877508563,"true",0,0,"split"
"1124-1",0,1,1,0,1,23,0,1459877516262,"true",0,1,"split"
"1124-1",0,0,0,1,0,46,0,1459877814455,"true",1,0,"far"
"1124-1",0,0,0,1,0,47,0,1459877825950,"true",1,0,"far"
"1124-1",0,0,0,1,0,44,0,1459877785822,"true",1,0,"far"
"1124-1",0,1,1,0,1,45,0,1459877793597,"true",0,1,"far"
"1124-1",1,0,0,0,2,28,0,1459877568858,"true",1,0,"close"
"1124-1",0,1,2,0,1,29,1,1459877578418,"true",0,0,"split"
"1124-1",1,0,0,0,2,40,0,1459877735759,"true",1,0,"far"
"1124-1",0,1,0,0,1,41,0,1459877745055,"true",1,0,"close"
"1124-1",1,0,0,0,2,1,0,1459877206546,"false",1,0,"close"
"1124-1",1,0,2,0,2,3,1,1459877234848,"false",0,0,"close"
"1124-1",0,0,1,1,0,2,0,1459877215560,"true",0,1,"far"
"1124-1",0,0,2,1,0,5,1,1459877260559,"true",0,0,"far"
"1124-1",0,1,0,0,1,4,0,1459877244759,"false",1,0,"split"
"1124-1",0,0,0,1,0,7,0,1459877284039,"true",1,0,"split"
"1124-1",0,0,0,1,0,6,0,1459877272775,"true",1,0,"far"
"1124-1",0,0,1,1,0,9,0,1459877308816,"true",0,1,"split"
"1124-1",0,1,0,0,1,8,0,1459877298070,"true",1,0,"split"
"1124-1",1,0,1,0,2,39,0,1459877729047,"true",0,1,"close"
"1124-1",0,0,2,1,0,11,1,1459877330982,"true",0,0,"far"
"1124-1",1,0,2,0,2,10,1,1459877321157,"true",0,0,"far"
"1124-1",1,0,1,0,2,13,0,1459877368243,"true",0,1,"split"
"1124-1",0,1,0,0,1,12,0,1459877348021,"true",1,0,"close"
"1124-1",0,0,1,1,0,15,0,1459877410628,"true",0,1,"far"
"1124-1",0,0,0,1,0,14,0,1459877394556,"true",1,0,"split"
"1124-1",1,0,2,0,2,17,1,1459877437901,"true",0,0,"far"
"1124-1",0,0,2,1,0,16,1,1459877422292,"true",0,0,"far"
"1124-1",1,0,2,0,2,19,1,1459877468091,"true",0,0,"split"
"1124-1",0,1,0,0,1,18,0,1459877457645,"true",1,0,"split"
"1124-1",1,0,0,0,2,31,0,1459877595593,"true",1,0,"far"
"1124-1",1,0,1,0,2,30,0,1459877586169,"true",0,1,"split"
"1124-1",1,0,1,0,2,37,0,1459877694569,"true",0,1,"split"
"1124-1",0,0,0,1,0,36,0,1459877688639,"true",1,0,"split"
"1124-1",0,1,2,0,1,35,1,1459877676889,"true",0,0,"far"
"1124-1",1,0,2,0,2,34,1,1459877668913,"false",0,0,"close"
"1124-1",1,0,2,0,2,33,1,1459877628913,"true",0,0,"close"
"1124-1",1,0,2,0,2,32,1,1459877604881,"false",0,0,"split"
"1124-1",0,1,2,0,1,50,1,1459877868045,"true",0,0,"far"
