"gameid","sClicked_2","sClicked_1","lClickedIndex","sClicked_0","sClickedIndex","roundNum","lClicked_2","time","outcome","lClicked_0","lClicked_1","condition"
"1136-b",0,0,0,1,0,42,0,1476990432940,"true",1,0,"far"
"1136-b",0,1,1,0,1,48,0,1476990491526,"true",0,1,"split"
"1136-b",0,1,1,0,1,43,0,1476990441253,"true",0,1,"split"
"1136-b",0,1,1,0,1,49,0,1476990498735,"true",0,1,"far"
"1136-b",0,1,0,0,1,24,0,1476990216700,"true",1,0,"split"
"1136-b",0,0,0,1,0,25,0,1476990226426,"true",1,0,"split"
"1136-b",0,0,1,1,0,26,0,1476990237587,"true",0,1,"split"
"1136-b",1,0,2,0,2,27,1,1476990246716,"true",0,0,"far"
"1136-b",1,0,1,0,2,20,0,1476990154747,"true",0,1,"close"
"1136-b",0,0,1,1,0,21,0,1476990170644,"true",0,1,"close"
"1136-b",0,1,1,0,1,22,0,1476990180680,"true",0,1,"close"
"1136-b",1,0,0,0,2,23,0,1476990193055,"true",1,0,"split"
"1136-b",0,1,2,0,1,46,1,1476990465465,"true",0,0,"split"
"1136-b",0,1,2,0,1,47,1,1476990475414,"true",0,0,"split"
"1136-b",1,0,0,0,2,44,0,1476990449438,"true",1,0,"far"
"1136-b",0,1,2,0,1,45,1,1476990458174,"true",0,0,"far"
"1136-b",0,1,1,0,1,28,0,1476990255146,"true",0,1,"far"
"1136-b",1,0,2,0,2,29,1,1476990272514,"true",0,0,"split"
"1136-b",0,0,2,1,0,40,1,1476990408761,"false",0,0,"close"
"1136-b",0,0,1,1,0,41,0,1476990423992,"true",0,1,"close"
"1136-b",0,1,2,0,1,1,1,1476989860265,"true",0,0,"far"
"1136-b",1,0,0,0,2,3,0,1476989901533,"true",1,0,"split"
"1136-b",0,0,0,1,0,2,0,1476989881254,"false",1,0,"close"
"1136-b",1,0,2,0,2,5,1,1476989927074,"true",0,0,"split"
"1136-b",0,0,0,1,0,4,0,1476989912763,"true",1,0,"split"
"1136-b",0,1,2,0,1,7,1,1476989967786,"true",0,0,"split"
"1136-b",0,0,2,1,0,6,1,1476989949723,"false",0,0,"close"
"1136-b",1,0,1,0,2,9,0,1476989999024,"true",0,1,"far"
"1136-b",0,1,2,0,1,8,1,1476989978312,"true",0,0,"close"
"1136-b",1,0,1,0,2,39,0,1476990394557,"true",0,1,"split"
"1136-b",0,0,1,1,0,38,0,1476990383160,"true",0,1,"split"
"1136-b",0,1,1,0,1,11,0,1476990018836,"true",0,1,"close"
"1136-b",0,1,1,0,1,10,0,1476990009701,"true",0,1,"far"
"1136-b",0,1,1,0,1,13,0,1476990038521,"true",0,1,"far"
"1136-b",0,0,0,1,0,12,0,1476990027193,"true",1,0,"far"
"1136-b",0,0,0,1,0,15,0,1476990074724,"true",1,0,"split"
"1136-b",0,0,2,1,0,14,1,1476990054264,"true",0,0,"split"
"1136-b",0,0,0,1,0,17,0,1476990093105,"true",1,0,"close"
"1136-b",0,0,2,1,0,16,1,1476990084309,"true",0,0,"close"
"1136-b",1,0,1,0,2,19,0,1476990138539,"true",0,1,"far"
"1136-b",0,1,0,0,1,18,0,1476990129950,"false",1,0,"close"
"1136-b",1,0,1,0,2,31,0,1476990294102,"true",0,1,"far"
"1136-b",0,0,0,1,0,30,0,1476990282464,"true",1,0,"far"
"1136-b",0,1,2,0,1,37,1,1476990373360,"true",0,0,"far"
"1136-b",0,0,0,1,0,36,0,1476990364626,"true",1,0,"close"
"1136-b",0,1,1,0,1,35,0,1476990344932,"true",0,1,"close"
"1136-b",1,0,0,0,2,34,0,1476990328780,"true",1,0,"far"
"1136-b",1,0,1,0,2,33,0,1476990321771,"true",0,1,"far"
"1136-b",1,0,1,0,2,32,0,1476990307008,"true",0,1,"close"
"1136-b",1,0,1,0,2,50,0,1476990521850,"true",0,1,"close"
