"gameid","sClicked_2","sClicked_1","lClickedIndex","sClicked_0","sClickedIndex","roundNum","lClicked_2","time","outcome","lClicked_0","lClicked_1","condition"
"1146-c",0,0,2,1,0,42,1,1476990296383,"true",0,0,"split"
"1146-c",0,0,1,1,0,48,0,1476990385602,"true",0,1,"far"
"1146-c",0,1,0,0,1,43,0,1476990307907,"true",1,0,"far"
"1146-c",0,0,0,1,0,49,0,1476990395728,"true",1,0,"far"
"1146-c",0,1,2,0,1,24,1,1476990032531,"true",0,0,"close"
"1146-c",1,0,2,0,2,25,1,1476990057274,"true",0,0,"close"
"1146-c",1,0,1,0,2,26,0,1476990072987,"true",0,1,"split"
"1146-c",0,1,0,0,1,27,0,1476990081976,"true",1,0,"far"
"1146-c",0,0,1,1,0,20,0,1476989976992,"true",0,1,"far"
"1146-c",1,0,2,0,2,21,1,1476989988700,"true",0,0,"far"
"1146-c",0,0,0,1,0,22,0,1476990008761,"true",1,0,"close"
"1146-c",1,0,1,0,2,23,0,1476990020651,"true",0,1,"split"
"1146-c",1,0,0,0,2,46,0,1476990363102,"true",1,0,"close"
"1146-c",1,0,1,0,2,47,0,1476990374235,"false",0,1,"split"
"1146-c",1,0,0,0,2,44,0,1476990327772,"true",1,0,"split"
"1146-c",0,1,0,0,1,45,0,1476990351198,"false",1,0,"split"
"1146-c",1,0,1,0,2,28,0,1476990092723,"true",0,1,"close"
"1146-c",0,0,2,1,0,29,1,1476990102617,"true",0,0,"far"
"1146-c",0,1,1,0,1,40,0,1476990259668,"true",0,1,"close"
"1146-c",0,1,1,0,1,41,0,1476990278455,"false",0,1,"close"
"1146-c",1,0,1,0,2,1,0,1476989733215,"true",0,1,"close"
"1146-c",0,1,1,0,1,3,0,1476989756882,"true",0,1,"split"
"1146-c",0,1,2,0,1,2,1,1476989744100,"true",0,0,"far"
"1146-c",1,0,0,0,2,5,0,1476989774887,"true",1,0,"far"
"1146-c",0,0,1,1,0,4,0,1476989765978,"true",0,1,"split"
"1146-c",0,1,1,0,1,7,0,1476989801947,"true",0,1,"far"
"1146-c",0,0,2,1,0,6,1,1476989788559,"true",0,0,"split"
"1146-c",0,0,2,1,0,9,1,1476989827106,"true",0,0,"far"
"1146-c",0,0,0,1,0,8,0,1476989816034,"true",1,0,"split"
"1146-c",1,0,2,0,2,39,1,1476990240794,"true",0,0,"split"
"1146-c",1,0,1,0,2,38,0,1476990222711,"true",0,1,"close"
"1146-c",0,1,1,0,1,11,0,1476989866254,"true",0,1,"close"
"1146-c",1,0,0,0,2,10,0,1476989850021,"false",1,0,"close"
"1146-c",0,1,0,0,1,13,0,1476989893616,"true",1,0,"split"
"1146-c",1,0,0,0,2,12,0,1476989883609,"false",1,0,"close"
"1146-c",0,0,2,1,0,15,1,1476989911815,"true",0,0,"far"
"1146-c",1,0,1,0,2,14,0,1476989902869,"true",0,1,"far"
"1146-c",0,1,0,0,1,17,0,1476989932500,"true",1,0,"far"
"1146-c",0,1,1,0,1,16,0,1476989923400,"true",0,1,"split"
"1146-c",0,0,1,1,0,19,0,1476989967103,"true",0,1,"close"
"1146-c",0,0,0,1,0,18,0,1476989945735,"true",1,0,"far"
"1146-c",1,0,0,0,2,31,0,1476990135960,"true",1,0,"close"
"1146-c",1,0,1,0,2,30,0,1476990117138,"true",0,1,"split"
"1146-c",1,0,1,0,2,37,0,1476990208365,"true",0,1,"far"
"1146-c",1,0,0,0,2,36,0,1476990199687,"true",1,0,"close"
"1146-c",0,0,2,1,0,35,1,1476990185874,"true",0,0,"split"
"1146-c",0,0,0,1,0,34,0,1476990176062,"true",1,0,"close"
"1146-c",1,0,2,0,2,33,1,1476990160750,"true",0,0,"close"
"1146-c",0,1,1,0,1,32,0,1476990144729,"true",0,1,"far"
"1146-c",0,0,2,1,0,50,1,1476990411313,"true",0,0,"split"
