"gameid","sClicked_2","sClicked_1","lClickedIndex","sClicked_0","sClickedIndex","roundNum","lClicked_2","time","outcome","lClicked_0","lClicked_1","condition"
"1157-c",1,0,1,0,2,42,0,1476989081349,"false",0,1,"close"
"1157-c",0,1,0,0,1,48,0,1476989176223,"true",1,0,"split"
"1157-c",0,1,2,0,1,43,1,1476989093220,"true",0,0,"close"
"1157-c",1,0,0,0,2,49,0,1476989200052,"false",1,0,"close"
"1157-c",1,0,2,0,2,24,1,1476988668285,"true",0,0,"close"
"1157-c",0,1,1,0,1,25,0,1476988677730,"true",0,1,"far"
"1157-c",1,0,2,0,2,26,1,1476988699063,"true",0,0,"close"
"1157-c",1,0,2,0,2,20,1,1476988619822,"true",0,0,"split"
"1157-c",0,0,2,1,0,21,1,1476988633322,"false",0,0,"split"
"1157-c",0,1,1,0,1,22,0,1476988642071,"true",0,1,"split"
"1157-c",1,0,0,0,2,23,0,1476988650002,"true",1,0,"far"
"1157-c",0,0,0,1,0,46,0,1476989148621,"true",1,0,"close"
"1157-c",0,1,1,0,1,47,0,1476989156896,"true",0,1,"far"
"1157-c",0,0,1,1,0,44,0,1476989115970,"true",0,1,"close"
"1157-c",0,0,1,1,0,45,0,1476989134443,"true",0,1,"close"
"1157-c",0,0,2,1,0,28,1,1476988763296,"true",0,0,"far"
"1157-c",0,1,1,0,1,29,0,1476988771561,"true",0,1,"far"
"1157-c",0,0,2,1,0,40,1,1476989049262,"true",0,0,"close"
"1157-c",0,0,0,1,0,41,0,1476989061884,"true",1,0,"far"
"1157-c",0,1,2,0,1,1,1,1476988192611,"true",0,0,"split"
"1157-c",0,1,1,0,1,3,0,1476988248679,"true",0,1,"split"
"1157-c",0,1,2,0,1,2,1,1476988237496,"true",0,0,"split"
"1157-c",1,0,0,0,2,5,0,1476988273519,"true",1,0,"far"
"1157-c",0,1,2,0,1,4,1,1476988256467,"true",0,0,"far"
"1157-c",0,1,0,0,1,7,0,1476988306152,"false",1,0,"split"
"1157-c",1,0,2,0,2,6,1,1476988296246,"true",0,0,"split"
"1157-c",0,1,2,0,1,9,1,1476988357106,"true",0,0,"split"
"1157-c",0,0,1,1,0,8,0,1476988334782,"true",0,1,"close"
"1157-c",0,0,0,1,0,39,0,1476989030279,"true",1,0,"split"
"1157-c",0,0,1,1,0,38,0,1476989020966,"true",0,1,"far"
"1157-c",0,1,0,0,1,11,0,1476988405330,"true",1,0,"far"
"1157-c",0,1,0,0,1,10,0,1476988390136,"true",1,0,"close"
"1157-c",1,0,0,0,2,13,0,1476988465379,"true",1,0,"far"
"1157-c",0,1,2,0,1,12,1,1476988449051,"true",0,0,"split"
"1157-c",0,0,2,1,0,15,1,1476988501702,"true",0,0,"far"
"1157-c",0,1,2,0,1,14,1,1476988477610,"true",0,0,"far"
"1157-c",1,0,1,0,2,17,0,1476988557097,"true",0,1,"far"
"1157-c",0,1,2,0,1,16,1,1476988544941,"false",0,0,"close"
"1157-c",0,1,1,0,1,19,0,1476988605638,"true",0,1,"close"
"1157-c",1,0,0,0,2,18,0,1476988589347,"true",1,0,"close"
"1157-c",0,0,2,1,0,31,1,1476988825172,"true",0,0,"far"
"1157-c",0,1,2,0,1,30,1,1476988808639,"true",0,0,"split"
"1157-c",0,0,0,1,0,37,0,1476989004878,"true",1,0,"far"
"1157-c",0,1,0,0,1,36,0,1476988988861,"true",1,0,"close"
"1157-c",0,0,2,1,0,35,1,1476988966154,"false",0,0,"close"
"1157-c",1,0,1,0,2,34,0,1476988904931,"true",0,1,"split"
"1157-c",1,0,2,0,2,33,1,1476988870554,"false",0,0,"split"
"1157-c",0,0,0,1,0,32,0,1476988843790,"false",1,0,"close"
"1157-c",1,0,2,0,2,50,1,1476989219515,"true",0,0,"far"
