"gameid","sClicked_2","sClicked_1","lClickedIndex","sClicked_0","sClickedIndex","roundNum","lClicked_2","time","outcome","lClicked_0","lClicked_1","condition"
"1169-d",0,0,2,1,0,42,1,1476492830106,"true",0,0,"close"
"1169-d",1,0,2,0,2,48,1,1476492914429,"true",0,0,"far"
"1169-d",0,1,1,0,1,43,0,1476492842990,"true",0,1,"split"
"1169-d",1,0,2,0,2,49,1,1476492930579,"false",0,0,"split"
"1169-d",0,1,0,0,1,24,0,1476492540904,"false",1,0,"split"
"1169-d",0,0,0,1,0,25,0,1476492549006,"true",1,0,"far"
"1169-d",0,0,0,1,0,26,0,1476492581778,"false",1,0,"close"
"1169-d",0,1,1,0,1,27,0,1476492610993,"false",0,1,"close"
"1169-d",0,1,1,0,1,20,0,1476492431058,"true",0,1,"far"
"1169-d",1,0,0,0,2,22,0,1476492488713,"false",1,0,"close"
"1169-d",0,1,2,0,1,23,1,1476492497514,"true",0,0,"far"
"1169-d",0,0,2,1,0,46,1,1476492884937,"true",0,0,"close"
"1169-d",1,0,2,0,2,47,1,1476492902939,"true",0,0,"close"
"1169-d",0,1,1,0,1,44,0,1476492859597,"true",0,1,"close"
"1169-d",0,1,2,0,1,45,1,1476492874409,"false",0,0,"close"
"1169-d",0,1,2,0,1,28,1,1476492634638,"true",0,0,"close"
"1169-d",0,0,1,1,0,29,0,1476492643300,"true",0,1,"far"
"1169-d",1,0,2,0,2,40,1,1476492798470,"true",0,0,"split"
"1169-d",1,0,1,0,2,41,0,1476492811280,"true",0,1,"far"
"1169-d",1,0,1,0,2,1,0,1476492066133,"false",0,1,"split"
"1169-d",0,1,2,0,1,3,1,1476492114756,"false",0,0,"close"
"1169-d",1,0,1,0,2,2,0,1476492090796,"true",0,1,"far"
"1169-d",1,0,1,0,2,5,0,1476492155160,"true",0,1,"close"
"1169-d",1,0,1,0,2,4,0,1476492128402,"true",0,1,"split"
"1169-d",1,0,2,0,2,7,1,1476492210476,"true",0,0,"split"
"1169-d",1,0,1,0,2,6,0,1476492193751,"true",0,1,"close"
"1169-d",1,0,2,0,2,9,1,1476492247543,"true",0,0,"far"
"1169-d",0,1,0,0,1,8,0,1476492226982,"true",1,0,"far"
"1169-d",0,0,0,1,0,39,0,1476492777869,"true",1,0,"far"
"1169-d",0,0,0,1,0,38,0,1476492767235,"false",1,0,"close"
"1169-d",0,1,0,0,1,11,0,1476492306406,"true",1,0,"close"
"1169-d",0,1,0,0,1,10,0,1476492257249,"true",1,0,"far"
"1169-d",0,0,0,1,0,13,0,1476492329809,"true",1,0,"far"
"1169-d",1,0,1,0,2,12,0,1476492322956,"true",0,1,"split"
"1169-d",0,0,2,1,0,15,1,1476492348139,"true",0,0,"split"
"1169-d",0,0,0,1,0,14,0,1476492338482,"true",1,0,"split"
"1169-d",0,1,0,0,1,17,0,1476492386632,"false",1,0,"close"
"1169-d",0,1,0,0,1,16,0,1476492364253,"true",1,0,"far"
"1169-d",0,1,2,0,1,19,1,1476492420923,"true",0,0,"far"
"1169-d",0,1,0,0,1,18,0,1476492398765,"true",1,0,"split"
"1169-d",0,0,2,1,0,31,1,1476492662528,"true",0,0,"far"
"1169-d",0,1,0,0,1,30,0,1476492653750,"true",1,0,"far"
"1169-d",0,1,0,0,1,37,0,1476492750679,"true",1,0,"far"
"1169-d",0,0,1,1,0,36,0,1476492741322,"true",0,1,"split"
"1169-d",0,0,2,1,0,35,1,1476492730338,"true",0,0,"split"
"1169-d",0,0,2,1,0,34,1,1476492722957,"true",0,0,"split"
"1169-d",1,0,2,0,2,33,1,1476492697261,"true",0,0,"close"
"1169-d",0,1,2,0,1,32,1,1476492683281,"true",0,0,"split"
"1169-d",0,0,1,1,0,50,0,1476492938169,"true",0,1,"split"
