"gameid","sClicked_2","sClicked_1","lClickedIndex","sClicked_0","sClickedIndex","roundNum","lClicked_2","time","outcome","lClicked_0","lClicked_1","condition"
"1169-b",1,0,2,0,2,42,1,1476991631654,"true",0,0,"close"
"1169-b",0,0,0,1,0,48,0,1476991726842,"true",1,0,"far"
"1169-b",0,0,1,1,0,43,0,1476991642482,"true",0,1,"far"
"1169-b",0,1,2,0,1,49,1,1476991747893,"true",0,0,"split"
"1169-b",0,1,1,0,1,24,0,1476991290928,"true",0,1,"far"
"1169-b",0,0,0,1,0,25,0,1476991301495,"true",1,0,"close"
"1169-b",0,0,0,1,0,26,0,1476991321429,"true",1,0,"close"
"1169-b",0,1,0,0,1,27,0,1476991335702,"true",1,0,"split"
"1169-b",0,0,1,1,0,20,0,1476991233315,"true",0,1,"close"
"1169-b",1,0,0,0,2,21,0,1476991247488,"true",1,0,"far"
"1169-b",1,0,1,0,2,22,0,1476991267284,"false",0,1,"split"
"1169-b",0,0,2,1,0,23,1,1476991281205,"false",0,0,"split"
"1169-b",0,1,0,0,1,46,0,1476991687830,"true",1,0,"far"
"1169-b",0,0,2,1,0,47,1,1476991706276,"true",0,0,"close"
"1169-b",0,0,2,1,0,44,1,1476991661520,"true",0,0,"far"
"1169-b",0,0,0,1,0,45,0,1476991674270,"false",1,0,"split"
"1169-b",1,0,1,0,2,28,0,1476991362505,"false",0,1,"split"
"1169-b",1,0,2,0,2,29,1,1476991378334,"true",0,0,"close"
"1169-b",0,0,0,1,0,40,0,1476991591782,"true",1,0,"split"
"1169-b",0,1,1,0,1,41,0,1476991606514,"true",0,1,"split"
"1169-b",0,0,2,1,0,1,1,1476990918763,"true",0,0,"close"
"1169-b",1,0,1,0,2,3,0,1476990946707,"true",0,1,"split"
"1169-b",0,1,1,0,1,2,0,1476990931562,"true",0,1,"far"
"1169-b",0,1,1,0,1,5,0,1476990999291,"true",0,1,"close"
"1169-b",0,1,2,0,1,4,1,1476990972828,"true",0,0,"close"
"1169-b",0,0,0,1,0,7,0,1476991027148,"true",1,0,"split"
"1169-b",0,0,1,1,0,6,0,1476991014361,"true",0,1,"close"
"1169-b",0,0,2,1,0,9,1,1476991050362,"true",0,0,"far"
"1169-b",0,1,0,0,1,8,0,1476991037595,"true",1,0,"split"
"1169-b",0,1,1,0,1,39,0,1476991571859,"false",0,1,"close"
"1169-b",1,0,0,0,2,38,0,1476991552939,"false",1,0,"far"
"1169-b",0,0,2,1,0,11,1,1476991074851,"true",0,0,"far"
"1169-b",1,0,2,0,2,10,1,1476991065623,"true",0,0,"close"
"1169-b",1,0,0,0,2,13,0,1476991103736,"false",1,0,"close"
"1169-b",0,1,1,0,1,12,0,1476991082431,"true",0,1,"far"
"1169-b",0,0,1,1,0,15,0,1476991127582,"true",0,1,"close"
"1169-b",0,0,0,1,0,14,0,1476991112652,"true",1,0,"close"
"1169-b",0,0,0,1,0,17,0,1476991162259,"true",1,0,"close"
"1169-b",1,0,2,0,2,16,1,1476991140986,"false",0,0,"split"
"1169-b",0,1,1,0,1,19,0,1476991207162,"true",0,1,"split"
"1169-b",0,1,2,0,1,18,1,1476991178359,"true",0,0,"split"
"1169-b",0,0,0,1,0,31,0,1476991409153,"true",1,0,"split"
"1169-b",0,0,2,1,0,30,1,1476991394991,"true",0,0,"far"
"1169-b",0,0,0,1,0,37,0,1476991541389,"true",1,0,"far"
"1169-b",0,1,2,0,1,36,1,1476991521824,"true",0,0,"split"
"1169-b",0,0,2,1,0,35,1,1476991507575,"true",0,0,"close"
"1169-b",1,0,1,0,2,34,0,1476991483724,"true",0,1,"far"
"1169-b",0,0,2,1,0,33,1,1476991467268,"true",0,0,"far"
"1169-b",0,1,2,0,1,32,1,1476991450070,"true",0,0,"far"
"1169-b",1,0,2,0,2,50,1,1476991757823,"true",0,0,"far"
