"gameid","sClicked_2","sClicked_1","lClickedIndex","sClicked_0","sClickedIndex","roundNum","lClicked_2","time","outcome","lClicked_0","lClicked_1","condition"
"1173-5",0,0,1,1,0,42,0,1476998954966,"true",0,1,"split"
"1173-5",0,1,0,0,1,48,0,1476999025037,"true",1,0,"split"
"1173-5",1,0,2,0,2,43,1,1476998973511,"true",0,0,"close"
"1173-5",1,0,2,0,2,49,1,1476999034301,"false",0,0,"split"
"1173-5",0,1,0,0,1,24,0,1476998637738,"true",1,0,"close"
"1173-5",0,1,2,0,1,25,1,1476998660263,"true",0,0,"far"
"1173-5",0,0,1,1,0,26,0,1476998673488,"true",0,1,"close"
"1173-5",0,0,1,1,0,27,0,1476998698768,"true",0,1,"split"
"1173-5",0,0,2,1,0,20,1,1476998559797,"true",0,0,"far"
"1173-5",0,1,1,0,1,21,0,1476998572383,"true",0,1,"split"
"1173-5",0,0,2,1,0,22,1,1476998592553,"true",0,0,"close"
"1173-5",0,0,2,1,0,23,1,1476998611915,"true",0,0,"close"
"1173-5",0,0,1,1,0,46,0,1476998995641,"true",0,1,"split"
"1173-5",0,0,1,1,0,47,0,1476999004687,"true",0,1,"close"
"1173-5",0,0,1,1,0,44,0,1476998980148,"true",0,1,"far"
"1173-5",0,1,1,0,1,45,0,1476998987379,"true",0,1,"far"
"1173-5",0,1,2,0,1,28,1,1476998711896,"true",0,0,"far"
"1173-5",1,0,0,0,2,29,0,1476998725446,"true",1,0,"split"
"1173-5",0,1,1,0,1,40,0,1476998927117,"true",0,1,"split"
"1173-5",0,0,0,1,0,41,0,1476998939815,"true",1,0,"split"
"1173-5",0,0,1,1,0,1,0,1476998277889,"true",0,1,"split"
"1173-5",1,0,1,0,2,3,0,1476998305070,"true",0,1,"far"
"1173-5",0,0,1,1,0,2,0,1476998291248,"true",0,1,"split"
"1173-5",0,0,0,1,0,5,0,1476998338931,"true",1,0,"close"
"1173-5",1,0,0,0,2,4,0,1476998327406,"false",1,0,"close"
"1173-5",0,0,0,1,0,7,0,1476998389932,"true",1,0,"close"
"1173-5",0,0,1,1,0,6,0,1476998361273,"true",0,1,"split"
"1173-5",0,0,1,1,0,9,0,1476998413278,"true",0,1,"close"
"1173-5",1,0,0,0,2,8,0,1476998403242,"true",1,0,"close"
"1173-5",0,0,0,1,0,39,0,1476998908334,"true",1,0,"close"
"1173-5",1,0,1,0,2,38,0,1476998881050,"true",0,1,"far"
"1173-5",1,0,1,0,2,11,0,1476998439621,"true",0,1,"close"
"1173-5",0,1,2,0,1,10,1,1476998426856,"true",0,0,"split"
"1173-5",0,0,0,1,0,13,0,1476998466247,"true",1,0,"far"
"1173-5",1,0,1,0,2,12,0,1476998457508,"true",0,1,"close"
"1173-5",1,0,0,0,2,15,0,1476998487700,"true",1,0,"far"
"1173-5",0,0,0,1,0,14,0,1476998480689,"true",1,0,"close"
"1173-5",0,1,1,0,1,17,0,1476998517681,"true",0,1,"far"
"1173-5",1,0,1,0,2,16,0,1476998509676,"true",0,1,"far"
"1173-5",1,0,0,0,2,19,0,1476998544030,"true",1,0,"far"
"1173-5",1,0,2,0,2,18,1,1476998531336,"true",0,0,"far"
"1173-5",0,1,1,0,1,31,0,1476998749524,"true",0,1,"close"
"1173-5",0,1,2,0,1,30,1,1476998740782,"false",0,0,"split"
"1173-5",0,1,0,0,1,37,0,1476998872082,"true",1,0,"far"
"1173-5",0,0,2,1,0,36,1,1476998858064,"true",0,0,"split"
"1173-5",0,0,1,1,0,35,0,1476998830386,"true",0,1,"split"
"1173-5",0,1,1,0,1,34,0,1476998817664,"true",0,1,"close"
"1173-5",0,1,0,0,1,33,0,1476998779326,"true",1,0,"far"
"1173-5",1,0,2,0,2,32,1,1476998763069,"true",0,0,"far"
"1173-5",1,0,2,0,2,50,1,1476999051328,"false",0,0,"split"
