"gameid","sClicked_2","sClicked_1","lClickedIndex","sClicked_0","sClickedIndex","roundNum","lClicked_2","time","outcome","lClicked_0","lClicked_1","condition"
"1178-5",0,0,2,1,0,42,1,1476488157502,"true",0,0,"far"
"1178-5",0,1,1,0,1,48,0,1476488282333,"true",0,1,"split"
"1178-5",0,0,0,1,0,43,0,1476488171670,"true",1,0,"close"
"1178-5",1,0,1,0,2,49,0,1476488295417,"true",0,1,"close"
"1178-5",0,1,0,0,1,24,0,1476487766494,"true",1,0,"close"
"1178-5",0,0,1,1,0,25,0,1476487783468,"true",0,1,"split"
"1178-5",1,0,0,0,2,26,0,1476487801415,"true",1,0,"close"
"1178-5",0,0,1,1,0,27,0,1476487816975,"true",0,1,"split"
"1178-5",0,0,1,1,0,20,0,1476487620629,"true",0,1,"far"
"1178-5",0,1,2,0,1,21,1,1476487639199,"true",0,0,"split"
"1178-5",1,0,1,0,2,22,0,1476487656198,"true",0,1,"split"
"1178-5",1,0,1,0,2,23,0,1476487678626,"false",0,1,"close"
"1178-5",0,1,0,0,1,46,0,1476488247787,"true",1,0,"close"
"1178-5",0,0,1,1,0,47,0,1476488263267,"true",0,1,"far"
"1178-5",0,0,2,1,0,44,1,1476488192958,"true",0,0,"far"
"1178-5",0,1,0,0,1,45,0,1476488214706,"true",1,0,"far"
"1178-5",0,1,0,0,1,28,0,1476487832456,"true",1,0,"split"
"1178-5",1,0,2,0,2,29,1,1476487842639,"true",0,0,"far"
"1178-5",0,1,1,0,1,40,0,1476488135534,"true",0,1,"split"
"1178-5",0,1,1,0,1,41,0,1476488145782,"true",0,1,"far"
"1178-5",1,0,0,0,2,1,0,1476487348766,"true",1,0,"split"
"1178-5",1,0,2,0,2,3,1,1476487386629,"true",0,0,"far"
"1178-5",0,1,2,0,1,2,1,1476487373976,"true",0,0,"far"
"1178-5",0,1,1,0,1,5,0,1476487420718,"true",0,1,"far"
"1178-5",1,0,1,0,2,4,0,1476487407358,"true",0,1,"close"
"1178-5",0,1,2,0,1,7,1,1476487441565,"true",0,0,"far"
"1178-5",1,0,1,0,2,6,0,1476487431550,"true",0,1,"close"
"1178-5",0,1,2,0,1,9,1,1476487468041,"true",0,0,"split"
"1178-5",0,0,1,1,0,8,0,1476487454098,"false",0,1,"close"
"1178-5",1,0,0,0,2,39,0,1476488110164,"true",1,0,"split"
"1178-5",0,1,1,0,1,38,0,1476488094896,"true",0,1,"close"
"1178-5",0,0,0,1,0,11,0,1476487490806,"true",1,0,"far"
"1178-5",0,1,1,0,1,10,0,1476487478856,"true",0,1,"split"
"1178-5",0,0,2,1,0,13,1,1476487514711,"true",0,0,"split"
"1178-5",0,1,1,0,1,12,0,1476487501459,"true",0,1,"split"
"1178-5",0,1,0,0,1,15,0,1476487550752,"true",1,0,"split"
"1178-5",0,0,0,1,0,14,0,1476487538105,"false",1,0,"close"
"1178-5",0,0,2,1,0,17,1,1476487573456,"true",0,0,"far"
"1178-5",0,1,1,0,1,16,0,1476487563798,"true",0,1,"split"
"1178-5",0,1,2,0,1,19,1,1476487604121,"true",0,0,"far"
"1178-5",1,0,1,0,2,18,0,1476487594461,"true",0,1,"close"
"1178-5",0,1,2,0,1,31,1,1476487895577,"false",0,0,"close"
"1178-5",0,0,1,1,0,30,0,1476487858654,"true",0,1,"split"
"1178-5",0,0,1,1,0,37,0,1476488054635,"true",0,1,"far"
"1178-5",0,1,2,0,1,36,1,1476488043057,"true",0,0,"close"
"1178-5",1,0,0,0,2,35,0,1476488009882,"true",1,0,"close"
"1178-5",1,0,2,0,2,34,1,1476487978969,"true",0,0,"far"
"1178-5",0,1,0,0,1,33,0,1476487945013,"true",1,0,"close"
"1178-5",0,0,1,1,0,32,0,1476487906817,"true",0,1,"far"
"1178-5",0,0,1,1,0,50,0,1476488322731,"true",0,1,"split"
