"gameid","sClicked_2","sClicked_1","lClickedIndex","sClicked_0","sClickedIndex","roundNum","lClicked_2","time","outcome","lClicked_0","lClicked_1","condition"
"1184-f",1,0,2,0,2,42,1,1476468196282,"true",0,0,"close"
"1184-f",1,0,2,0,2,48,1,1476468288233,"true",0,0,"close"
"1184-f",0,0,1,1,0,43,0,1476468207073,"true",0,1,"close"
"1184-f",0,0,0,1,0,49,0,1476468305219,"true",1,0,"close"
"1184-f",1,0,1,0,2,24,0,1476467978512,"true",0,1,"far"
"1184-f",1,0,0,0,2,25,0,1476467995734,"false",1,0,"split"
"1184-f",0,1,0,0,1,26,0,1476468011493,"true",1,0,"close"
"1184-f",1,0,2,0,2,27,1,1476468021142,"true",0,0,"far"
"1184-f",0,0,0,1,0,20,0,1476467933138,"true",1,0,"far"
"1184-f",0,0,2,1,0,21,1,1476467946082,"true",0,0,"close"
"1184-f",1,0,1,0,2,22,0,1476467957282,"true",0,1,"far"
"1184-f",0,1,2,0,1,23,1,1476467967062,"true",0,0,"split"
"1184-f",1,0,1,0,2,46,0,1476468243681,"true",0,1,"far"
"1184-f",0,1,1,0,1,47,0,1476468255998,"true",0,1,"split"
"1184-f",1,0,1,0,2,44,0,1476468225682,"true",0,1,"split"
"1184-f",0,0,1,1,0,45,0,1476468236633,"false",0,1,"split"
"1184-f",1,0,0,0,2,28,0,1476468041202,"true",1,0,"split"
"1184-f",0,1,1,0,1,29,0,1476468053447,"true",0,1,"close"
"1184-f",0,1,0,0,1,40,0,1476468174897,"true",1,0,"far"
"1184-f",0,1,2,0,1,41,1,1476468186587,"true",0,0,"close"
"1184-f",0,0,1,1,0,1,0,1476467668705,"true",0,1,"close"
"1184-f",1,0,2,0,2,3,1,1476467706646,"true",0,0,"far"
"1184-f",0,1,1,0,1,2,0,1476467694266,"true",0,1,"close"
"1184-f",1,0,1,0,2,5,0,1476467735966,"true",0,1,"split"
"1184-f",1,0,2,0,2,4,1,1476467720232,"true",0,0,"close"
"1184-f",1,0,0,0,2,7,0,1476467766896,"true",1,0,"close"
"1184-f",0,1,1,0,1,6,0,1476467754521,"true",0,1,"far"
"1184-f",0,1,0,0,1,9,0,1476467792776,"true",1,0,"far"
"1184-f",0,1,0,0,1,8,0,1476467782141,"false",1,0,"split"
"1184-f",0,0,2,1,0,39,1,1476468167339,"true",0,0,"split"
"1184-f",0,1,2,0,1,38,1,1476468158737,"true",0,0,"far"
"1184-f",0,1,1,0,1,11,0,1476467816001,"true",0,1,"split"
"1184-f",0,0,0,1,0,10,0,1476467806776,"false",1,0,"split"
"1184-f",1,0,2,0,2,13,1,1476467837286,"true",0,0,"far"
"1184-f",1,0,0,0,2,12,0,1476467829191,"true",1,0,"far"
"1184-f",0,0,1,1,0,15,0,1476467877387,"true",0,1,"close"
"1184-f",1,0,2,0,2,14,1,1476467857151,"true",0,0,"close"
"1184-f",0,1,2,0,1,17,1,1476467905101,"true",0,0,"split"
"1184-f",1,0,2,0,2,16,1,1476467891203,"true",0,0,"split"
"1184-f",0,0,0,1,0,19,0,1476467923678,"true",1,0,"far"
"1184-f",0,1,1,0,1,18,0,1476467912932,"true",0,1,"far"
"1184-f",0,0,0,1,0,31,0,1476468079999,"false",1,0,"split"
"1184-f",0,0,0,1,0,30,0,1476468062057,"true",1,0,"split"
"1184-f",0,1,2,0,1,37,1,1476468147527,"true",0,0,"far"
"1184-f",1,0,2,0,2,36,1,1476468139833,"true",0,0,"close"
"1184-f",0,0,0,1,0,35,0,1476468133157,"true",1,0,"far"
"1184-f",1,0,2,0,2,34,1,1476468122585,"true",0,0,"close"
"1184-f",1,0,1,0,2,33,0,1476468098792,"true",0,1,"far"
"1184-f",0,1,1,0,1,32,0,1476468091702,"false",0,1,"close"
"1184-f",0,1,0,0,1,50,0,1476468321098,"true",1,0,"split"
