"gameid","sClicked_2","sClicked_1","lClickedIndex","sClicked_0","sClickedIndex","roundNum","lClicked_2","time","outcome","lClicked_0","lClicked_1","condition"
"1193-e",0,0,1,1,0,42,0,1476993352805,"true",0,1,"split"
"1193-e",0,1,1,0,1,48,0,1476993454779,"true",0,1,"split"
"1193-e",0,0,1,1,0,43,0,1476993376484,"false",0,1,"split"
"1193-e",0,0,2,1,0,49,1,1476993471389,"true",0,0,"close"
"1193-e",0,0,2,1,0,24,1,1476992978570,"true",0,0,"close"
"1193-e",1,0,1,0,2,25,0,1476993000644,"true",0,1,"split"
"1193-e",0,0,0,1,0,26,0,1476993030371,"true",1,0,"close"
"1193-e",0,0,2,1,0,27,1,1476993046419,"true",0,0,"far"
"1193-e",0,0,0,1,0,20,0,1476992866647,"true",1,0,"split"
"1193-e",0,1,0,0,1,21,0,1476992895536,"false",1,0,"split"
"1193-e",0,0,1,1,0,22,0,1476992914019,"true",0,1,"close"
"1193-e",0,1,1,0,1,23,0,1476992956241,"true",0,1,"close"
"1193-e",0,0,0,1,0,46,0,1476993405996,"true",1,0,"far"
"1193-e",0,0,1,1,0,47,0,1476993428290,"true",0,1,"far"
"1193-e",0,0,2,1,0,44,1,1476993383815,"true",0,0,"far"
"1193-e",0,1,0,0,1,45,0,1476993396530,"true",1,0,"close"
"1193-e",1,0,1,0,2,28,0,1476993054503,"true",0,1,"far"
"1193-e",0,1,2,0,1,29,1,1476993076959,"true",0,0,"far"
"1193-e",0,0,2,1,0,40,1,1476993329385,"true",0,0,"far"
"1193-e",1,0,0,0,2,41,0,1476993338723,"true",1,0,"far"
"1193-e",1,0,1,0,2,1,0,1476992393602,"true",0,1,"split"
"1193-e",0,1,0,0,1,3,0,1476992467496,"false",1,0,"split"
"1193-e",0,1,2,0,1,2,1,1476992429994,"true",0,0,"split"
"1193-e",0,1,2,0,1,5,1,1476992507995,"true",0,0,"split"
"1193-e",0,1,0,0,1,4,0,1476992490671,"false",1,0,"split"
"1193-e",0,1,2,0,1,7,1,1476992544000,"true",0,0,"far"
"1193-e",0,0,0,1,0,6,0,1476992519226,"true",1,0,"split"
"1193-e",0,1,1,0,1,9,0,1476992621866,"true",0,1,"far"
"1193-e",1,0,2,0,2,8,1,1476992607092,"true",0,0,"close"
"1193-e",0,0,0,1,0,39,0,1476993317024,"true",1,0,"far"
"1193-e",0,0,0,1,0,38,0,1476993297306,"true",1,0,"close"
"1193-e",1,0,1,0,2,11,0,1476992675940,"false",0,1,"close"
"1193-e",1,0,0,0,2,10,0,1476992633799,"true",1,0,"far"
"1193-e",0,1,2,0,1,13,1,1476992734436,"true",0,0,"close"
"1193-e",1,0,1,0,2,12,0,1476992704091,"true",0,1,"split"
"1193-e",0,1,2,0,1,15,1,1476992776347,"true",0,0,"far"
"1193-e",0,1,0,0,1,14,0,1476992759857,"true",1,0,"split"
"1193-e",0,1,0,0,1,17,0,1476992823301,"true",1,0,"far"
"1193-e",0,1,2,0,1,16,1,1476992786525,"false",0,0,"split"
"1193-e",0,1,0,0,1,19,0,1476992854157,"false",1,0,"close"
"1193-e",0,1,2,0,1,18,1,1476992835024,"true",0,0,"split"
"1193-e",1,0,0,0,2,31,0,1476993113180,"true",1,0,"close"
"1193-e",0,1,0,0,1,30,0,1476993089866,"true",1,0,"far"
"1193-e",1,0,1,0,2,37,0,1476993279681,"true",0,1,"close"
"1193-e",0,0,2,1,0,36,1,1476993259212,"true",0,0,"close"
"1193-e",0,1,1,0,1,35,0,1476993231374,"true",0,1,"far"
"1193-e",0,0,2,1,0,34,1,1476993221886,"true",0,0,"split"
"1193-e",0,1,2,0,1,33,1,1476993208517,"false",0,0,"close"
"1193-e",1,0,2,0,2,32,1,1476993166846,"false",0,0,"close"
"1193-e",0,1,1,0,1,50,0,1476993496556,"true",0,1,"close"
