"gameid","sClicked_2","sClicked_1","lClickedIndex","sClicked_0","sClickedIndex","roundNum","lClicked_2","time","outcome","lClicked_0","lClicked_1","condition"
"1211-6",0,1,1,0,1,42,0,1476990750005,"true",0,1,"split"
"1211-6",0,1,1,0,1,48,0,1476990818018,"true",0,1,"close"
"1211-6",0,0,0,1,0,43,0,1476990763346,"false",1,0,"far"
"1211-6",1,0,2,0,2,49,1,1476990826883,"true",0,0,"split"
"1211-6",1,0,1,0,2,24,0,1476990554084,"true",0,1,"far"
"1211-6",0,0,1,1,0,25,0,1476990561960,"true",0,1,"far"
"1211-6",1,0,1,0,2,26,0,1476990584078,"true",0,1,"split"
"1211-6",0,0,1,1,0,27,0,1476990600122,"true",0,1,"split"
"1211-6",0,0,1,1,0,20,0,1476990497727,"true",0,1,"split"
"1211-6",0,0,2,1,0,21,1,1476990518209,"true",0,0,"split"
"1211-6",1,0,0,0,2,22,0,1476990526978,"true",1,0,"split"
"1211-6",1,0,0,0,2,23,0,1476990542448,"true",1,0,"close"
"1211-6",0,0,0,1,0,46,0,1476990801934,"true",1,0,"close"
"1211-6",0,0,1,1,0,47,0,1476990809523,"true",0,1,"far"
"1211-6",0,0,2,1,0,44,1,1476990777264,"true",0,0,"split"
"1211-6",1,0,1,0,2,45,0,1476990786141,"true",0,1,"close"
"1211-6",0,1,2,0,1,28,1,1476990609017,"true",0,0,"far"
"1211-6",1,0,1,0,2,29,0,1476990616424,"true",0,1,"close"
"1211-6",0,1,0,0,1,40,0,1476990725407,"true",1,0,"far"
"1211-6",0,1,0,0,1,41,0,1476990742311,"true",1,0,"close"
"1211-6",0,0,1,1,0,1,0,1476990271627,"true",0,1,"far"
"1211-6",1,0,2,0,2,3,1,1476990287679,"true",0,0,"far"
"1211-6",0,1,2,0,1,2,1,1476990280105,"true",0,0,"far"
"1211-6",0,0,0,1,0,5,0,1476990318683,"true",1,0,"close"
"1211-6",1,0,2,0,2,4,1,1476990300758,"true",0,0,"close"
"1211-6",0,0,2,1,0,7,1,1476990335761,"true",0,0,"close"
"1211-6",1,0,2,0,2,6,1,1476990325589,"true",0,0,"far"
"1211-6",0,0,0,1,0,9,0,1476990354154,"true",1,0,"close"
"1211-6",1,0,0,0,2,8,0,1476990346938,"true",1,0,"close"
"1211-6",0,1,1,0,1,39,0,1476990718503,"true",0,1,"split"
"1211-6",0,0,0,1,0,38,0,1476990706853,"true",1,0,"far"
"1211-6",1,0,0,0,2,11,0,1476990374619,"true",1,0,"far"
"1211-6",0,1,0,0,1,10,0,1476990366437,"true",1,0,"close"
"1211-6",0,1,0,0,1,13,0,1476990410324,"true",1,0,"split"
"1211-6",0,0,0,1,0,12,0,1476990392318,"true",1,0,"split"
"1211-6",0,0,0,1,0,15,0,1476990429422,"true",1,0,"far"
"1211-6",0,0,0,1,0,14,0,1476990422069,"true",1,0,"close"
"1211-6",0,1,1,0,1,17,0,1476990450302,"true",0,1,"close"
"1211-6",0,0,0,1,0,16,0,1476990437758,"true",1,0,"split"
"1211-6",0,1,0,0,1,19,0,1476990487198,"false",1,0,"close"
"1211-6",0,0,2,1,0,18,1,1476990460155,"true",0,0,"far"
"1211-6",1,0,1,0,2,31,0,1476990639109,"true",0,1,"split"
"1211-6",1,0,0,0,2,30,0,1476990628024,"true",1,0,"far"
"1211-6",0,0,2,1,0,37,1,1476990699645,"true",0,0,"close"
"1211-6",1,0,0,0,2,36,0,1476990689315,"true",1,0,"split"
"1211-6",1,0,2,0,2,35,1,1476990680853,"true",0,0,"split"
"1211-6",0,1,1,0,1,34,0,1476990667253,"true",0,1,"close"
"1211-6",0,0,0,1,0,33,0,1476990656913,"true",1,0,"far"
"1211-6",1,0,2,0,2,32,1,1476990645475,"true",0,0,"far"
"1211-6",1,0,2,0,2,50,1,1476990834792,"false",0,0,"split"
