"gameid","sClicked_2","sClicked_1","lClickedIndex","sClicked_0","sClickedIndex","roundNum","lClicked_2","time","outcome","lClicked_0","lClicked_1","condition"
"1212-5",0,0,2,1,0,42,1,1476992095578,"true",0,0,"far"
"1212-5",1,0,2,0,2,48,1,1476992169031,"true",0,0,"close"
"1212-5",0,0,2,1,0,43,1,1476992105036,"false",0,0,"close"
"1212-5",0,1,2,0,1,49,1,1476992177558,"true",0,0,"far"
"1212-5",1,0,2,0,2,24,1,1476991869657,"true",0,0,"split"
"1212-5",0,0,1,1,0,25,0,1476991885272,"true",0,1,"split"
"1212-5",0,1,1,0,1,26,0,1476991893549,"true",0,1,"far"
"1212-5",0,1,1,0,1,27,0,1476991903857,"true",0,1,"far"
"1212-5",0,1,0,0,1,20,0,1476991831647,"true",1,0,"split"
"1212-5",0,0,1,1,0,21,0,1476991843182,"true",0,1,"close"
"1212-5",1,0,0,0,2,22,0,1476991853104,"true",1,0,"split"
"1212-5",0,0,1,1,0,23,0,1476991861445,"true",0,1,"far"
"1212-5",1,0,0,0,2,46,0,1476992141698,"true",1,0,"far"
"1212-5",0,0,0,1,0,47,0,1476992150037,"true",1,0,"split"
"1212-5",1,0,1,0,2,44,0,1476992119526,"false",0,1,"close"
"1212-5",1,0,1,0,2,45,0,1476992131977,"true",0,1,"split"
"1212-5",0,0,2,1,0,28,1,1476991912339,"true",0,0,"far"
"1212-5",0,0,2,1,0,29,1,1476991920947,"true",0,0,"far"
"1212-5",0,0,1,1,0,40,0,1476992068886,"false",0,1,"close"
"1212-5",0,1,2,0,1,41,1,1476992084275,"true",0,0,"split"
"1212-5",0,0,1,1,0,1,0,1476991362796,"true",0,1,"split"
"1212-5",0,0,1,1,0,3,0,1476991417715,"true",0,1,"split"
"1212-5",0,1,1,0,1,2,0,1476991404016,"true",0,1,"split"
"1212-5",0,1,0,0,1,5,0,1476991455791,"true",1,0,"split"
"1212-5",0,0,0,1,0,4,0,1476991441134,"true",1,0,"far"
"1212-5",0,0,1,1,0,7,0,1476991514594,"true",0,1,"far"
"1212-5",0,0,2,1,0,6,1,1476991465777,"true",0,0,"far"
"1212-5",1,0,2,0,2,9,1,1476991606306,"false",0,0,"close"
"1212-5",0,0,1,1,0,8,0,1476991533644,"true",0,1,"close"
"1212-5",1,0,0,0,2,39,0,1476992048727,"true",1,0,"close"
"1212-5",1,0,1,0,2,38,0,1476992035675,"true",0,1,"far"
"1212-5",0,1,0,0,1,11,0,1476991667140,"true",1,0,"close"
"1212-5",0,0,1,1,0,10,0,1476991645727,"true",0,1,"far"
"1212-5",0,0,1,1,0,13,0,1476991699271,"true",0,1,"close"
"1212-5",1,0,1,0,2,12,0,1476991690722,"true",0,1,"split"
"1212-5",1,0,0,0,2,15,0,1476991726577,"true",1,0,"close"
"1212-5",0,0,1,1,0,14,0,1476991711007,"true",0,1,"split"
"1212-5",0,1,0,0,1,17,0,1476991756276,"true",1,0,"close"
"1212-5",0,1,2,0,1,16,1,1476991745761,"true",0,0,"far"
"1212-5",0,1,2,0,1,19,1,1476991818602,"true",0,0,"split"
"1212-5",0,0,2,1,0,18,1,1476991766402,"true",0,0,"split"
"1212-5",1,0,2,0,2,31,1,1476991943715,"false",0,0,"far"
"1212-5",1,0,1,0,2,30,0,1476991930634,"false",0,1,"far"
"1212-5",0,1,0,0,1,37,0,1476992025751,"true",1,0,"close"
"1212-5",0,0,2,1,0,36,1,1476992010428,"true",0,0,"split"
"1212-5",0,1,1,0,1,35,0,1476992001045,"false",0,1,"close"
"1212-5",0,1,0,0,1,34,0,1476991984506,"true",1,0,"far"
"1212-5",1,0,0,0,2,33,0,1476991975906,"true",1,0,"close"
"1212-5",0,0,2,1,0,32,1,1476991956403,"false",0,0,"close"
"1212-5",0,1,2,0,1,50,1,1476992186968,"true",0,0,"close"
