"gameid","sClicked_2","sClicked_1","lClickedIndex","sClicked_0","sClickedIndex","roundNum","lClicked_2","time","outcome","lClicked_0","lClicked_1","condition"
"1218-8",0,1,1,0,1,42,0,1476468934999,"true",0,1,"close"
"1218-8",0,1,0,0,1,48,0,1476469061601,"true",1,0,"close"
"1218-8",0,1,0,0,1,43,0,1476468955287,"true",1,0,"far"
"1218-8",1,0,0,0,2,49,0,1476469073051,"true",1,0,"split"
"1218-8",0,0,1,1,0,24,0,1476468701045,"true",0,1,"far"
"1218-8",0,1,0,0,1,25,0,1476468708075,"true",1,0,"far"
"1218-8",0,0,1,1,0,26,0,1476468717077,"true",0,1,"far"
"1218-8",0,1,1,0,1,27,0,1476468731347,"true",0,1,"close"
"1218-8",0,0,2,1,0,20,1,1476468641875,"true",0,0,"split"
"1218-8",1,0,0,0,2,21,0,1476468651606,"true",1,0,"far"
"1218-8",1,0,0,0,2,22,0,1476468678412,"true",1,0,"close"
"1218-8",1,0,1,0,2,23,0,1476468694667,"true",0,1,"close"
"1218-8",1,0,2,0,2,46,1,1476468978072,"true",0,0,"split"
"1218-8",1,0,2,0,2,47,1,1476469042145,"true",0,0,"close"
"1218-8",0,1,2,0,1,44,1,1476468962569,"true",0,0,"far"
"1218-8",0,0,0,1,0,45,0,1476468970256,"true",1,0,"far"
"1218-8",1,0,0,0,2,28,0,1476468739892,"true",1,0,"split"
"1218-8",0,0,2,1,0,29,1,1476468751292,"true",0,0,"close"
"1218-8",0,1,1,0,1,40,0,1476468889623,"false",0,1,"close"
"1218-8",1,0,2,0,2,41,1,1476468919887,"true",0,0,"split"
"1218-8",0,0,2,1,0,1,1,1476468403370,"true",0,0,"far"
"1218-8",0,1,0,0,1,3,0,1476468446703,"true",1,0,"split"
"1218-8",1,0,0,0,2,2,0,1476468414376,"true",1,0,"far"
"1218-8",0,1,1,0,1,5,0,1476468474495,"true",0,1,"split"
"1218-8",0,1,0,0,1,4,0,1476468461319,"true",1,0,"close"
"1218-8",0,1,2,0,1,7,1,1476468490327,"true",0,0,"far"
"1218-8",0,0,1,1,0,6,0,1476468483136,"true",0,1,"split"
"1218-8",0,1,0,0,1,9,0,1476468513490,"true",1,0,"close"
"1218-8",0,0,2,1,0,8,1,1476468501592,"true",0,0,"close"
"1218-8",0,0,1,1,0,39,0,1476468866806,"true",0,1,"far"
"1218-8",0,0,2,1,0,38,1,1476468855413,"true",0,0,"split"
"1218-8",1,0,0,0,2,11,0,1476468537641,"true",1,0,"close"
"1218-8",0,0,2,1,0,10,1,1476468525016,"true",0,0,"far"
"1218-8",1,0,2,0,2,13,1,1476468551995,"true",0,0,"far"
"1218-8",0,1,2,0,1,12,1,1476468545486,"true",0,0,"far"
"1218-8",1,0,1,0,2,15,0,1476468572762,"false",0,1,"close"
"1218-8",0,0,2,1,0,14,1,1476468559217,"true",0,0,"far"
"1218-8",0,0,0,1,0,17,0,1476468596186,"true",1,0,"close"
"1218-8",0,0,1,1,0,16,0,1476468584450,"true",0,1,"split"
"1218-8",0,0,2,1,0,19,1,1476468622443,"true",0,0,"close"
"1218-8",0,1,1,0,1,18,0,1476468603242,"true",0,1,"far"
"1218-8",0,1,0,0,1,31,0,1476468774221,"true",1,0,"close"
"1218-8",0,1,2,0,1,30,1,1476468765317,"true",0,0,"split"
"1218-8",0,0,2,1,0,37,1,1476468847470,"true",0,0,"split"
"1218-8",1,0,2,0,2,36,1,1476468838698,"true",0,0,"split"
"1218-8",0,1,2,0,1,35,1,1476468830854,"true",0,0,"split"
"1218-8",0,0,2,1,0,34,1,1476468823399,"false",0,0,"split"
"1218-8",0,1,1,0,1,33,0,1476468793280,"true",0,1,"close"
"1218-8",1,0,2,0,2,32,1,1476468784635,"true",0,0,"split"
"1218-8",0,1,2,0,1,50,1,1476469083754,"false",0,0,"split"
