"gameid","sClicked_2","sClicked_1","lClickedIndex","sClicked_0","sClickedIndex","roundNum","lClicked_2","time","outcome","lClicked_0","lClicked_1","condition"
"1220-a",0,1,2,0,1,42,1,1459892857291,"true",0,0,"close"
"1220-a",1,0,2,0,2,48,1,1459892936228,"true",0,0,"far"
"1220-a",0,1,0,0,1,43,0,1459892867372,"true",1,0,"far"
"1220-a",1,0,1,0,2,49,0,1459892984797,"true",0,1,"far"
"1220-a",0,0,2,1,0,24,1,1459892573763,"true",0,0,"split"
"1220-a",1,0,2,0,2,25,1,1459892589289,"true",0,0,"split"
"1220-a",1,0,0,0,2,26,0,1459892620549,"true",1,0,"split"
"1220-a",0,1,1,0,1,27,0,1459892629683,"true",0,1,"split"
"1220-a",1,0,2,0,2,20,1,1459892490615,"true",0,0,"far"
"1220-a",0,1,0,0,1,21,0,1459892504517,"false",1,0,"split"
"1220-a",0,1,1,0,1,22,0,1459892548930,"true",0,1,"split"
"1220-a",0,1,0,0,1,23,0,1459892556995,"true",1,0,"far"
"1220-a",1,0,2,0,2,46,1,1459892916205,"true",0,0,"close"
"1220-a",0,1,1,0,1,47,0,1459892927255,"true",0,1,"split"
"1220-a",0,0,0,1,0,44,0,1459892886352,"false",1,0,"close"
"1220-a",0,0,2,1,0,45,1,1459892901192,"true",0,0,"far"
"1220-a",1,0,1,0,2,28,0,1459892638786,"true",0,1,"split"
"1220-a",0,0,1,1,0,29,0,1459892649705,"true",0,1,"split"
"1220-a",1,0,2,0,2,40,1,1459892814353,"true",0,0,"far"
"1220-a",0,0,0,1,0,41,0,1459892831147,"true",1,0,"far"
"1220-a",1,0,2,0,2,1,1,1459892089095,"true",0,0,"far"
"1220-a",0,0,0,1,0,3,0,1459892123380,"true",1,0,"split"
"1220-a",0,1,1,0,1,2,0,1459892108260,"false",0,1,"close"
"1220-a",0,1,2,0,1,5,1,1459892159710,"false",0,0,"close"
"1220-a",0,0,1,1,0,4,0,1459892144003,"true",0,1,"far"
"1220-a",0,1,2,0,1,7,1,1459892217023,"true",0,0,"far"
"1220-a",0,0,2,1,0,6,1,1459892188318,"false",0,0,"close"
"1220-a",0,0,1,1,0,9,0,1459892248958,"true",0,1,"close"
"1220-a",1,0,1,0,2,8,0,1459892231989,"true",0,1,"far"
"1220-a",1,0,0,0,2,39,0,1459892801379,"true",1,0,"close"
"1220-a",0,0,1,1,0,38,0,1459892771440,"true",0,1,"split"
"1220-a",0,1,0,0,1,11,0,1459892314389,"true",1,0,"close"
"1220-a",0,1,2,0,1,10,1,1459892294631,"false",0,0,"close"
"1220-a",0,1,0,0,1,13,0,1459892337544,"true",1,0,"close"
"1220-a",1,0,0,0,2,12,0,1459892321792,"true",1,0,"split"
"1220-a",0,1,1,0,1,15,0,1459892401958,"false",0,1,"close"
"1220-a",0,1,1,0,1,14,0,1459892366073,"true",0,1,"far"
"1220-a",1,0,0,0,2,17,0,1459892430719,"false",1,0,"close"
"1220-a",0,1,1,0,1,16,0,1459892411753,"true",0,1,"far"
"1220-a",1,0,1,0,2,19,0,1459892477666,"true",0,1,"far"
"1220-a",0,1,0,0,1,18,0,1459892458721,"true",1,0,"split"
"1220-a",0,1,1,0,1,31,0,1459892679548,"true",0,1,"close"
"1220-a",0,0,0,1,0,30,0,1459892659789,"true",1,0,"close"
"1220-a",0,1,1,0,1,37,0,1459892754033,"true",0,1,"far"
"1220-a",0,0,2,1,0,36,1,1459892745167,"true",0,0,"close"
"1220-a",0,0,2,1,0,35,1,1459892731000,"true",0,0,"split"
"1220-a",0,0,0,1,0,34,0,1459892708944,"true",1,0,"split"
"1220-a",1,0,0,0,2,33,0,1459892699888,"true",1,0,"split"
"1220-a",1,0,0,0,2,32,0,1459892689787,"true",1,0,"split"
"1220-a",0,1,1,0,1,50,0,1459893045927,"false",0,1,"close"
