"gameid","sClicked_2","sClicked_1","lClickedIndex","sClicked_0","sClickedIndex","roundNum","lClicked_2","time","outcome","lClicked_0","lClicked_1","condition"
"1228-a",1,0,1,0,2,42,0,1476988633055,"true",0,1,"far"
"1228-a",1,0,2,0,2,48,1,1476988708248,"true",0,0,"split"
"1228-a",1,0,2,0,2,43,1,1476988641729,"true",0,0,"far"
"1228-a",0,0,2,1,0,49,1,1476988722129,"true",0,0,"split"
"1228-a",0,1,0,0,1,24,0,1476988380813,"true",1,0,"split"
"1228-a",0,0,1,1,0,25,0,1476988388708,"true",0,1,"close"
"1228-a",1,0,0,0,2,26,0,1476988399731,"true",1,0,"close"
"1228-a",1,0,1,0,2,27,0,1476988414414,"true",0,1,"split"
"1228-a",1,0,1,0,2,20,0,1476988340745,"true",0,1,"close"
"1228-a",0,0,0,1,0,21,0,1476988350494,"true",1,0,"far"
"1228-a",0,1,2,0,1,22,1,1476988360398,"true",0,0,"far"
"1228-a",0,0,1,1,0,23,0,1476988367227,"true",0,1,"close"
"1228-a",0,0,1,1,0,46,0,1476988684093,"true",0,1,"split"
"1228-a",0,1,2,0,1,47,1,1476988694126,"true",0,0,"far"
"1228-a",0,0,2,1,0,44,1,1476988656769,"true",0,0,"split"
"1228-a",0,0,1,1,0,45,0,1476988666940,"true",0,1,"close"
"1228-a",0,1,0,0,1,28,0,1476988424257,"true",1,0,"far"
"1228-a",0,0,2,1,0,29,1,1476988436559,"true",0,0,"close"
"1228-a",1,0,2,0,2,40,1,1476988601813,"false",0,0,"split"
"1228-a",0,1,2,0,1,41,1,1476988625872,"true",0,0,"split"
"1228-a",0,1,2,0,1,1,1,1476988015404,"true",0,0,"close"
"1228-a",0,1,0,0,1,3,0,1476988063688,"true",1,0,"close"
"1228-a",0,1,1,0,1,2,0,1476988031910,"false",0,1,"close"
"1228-a",0,0,0,1,0,5,0,1476988080096,"true",1,0,"split"
"1228-a",0,1,0,0,1,4,0,1476988071208,"true",1,0,"far"
"1228-a",0,1,2,0,1,7,1,1476988124221,"true",0,0,"close"
"1228-a",1,0,1,0,2,6,0,1476988095907,"true",0,1,"split"
"1228-a",0,0,2,1,0,9,1,1476988160248,"true",0,0,"split"
"1228-a",1,0,1,0,2,8,0,1476988141410,"true",0,1,"split"
"1228-a",0,1,0,0,1,39,0,1476988581728,"true",1,0,"far"
"1228-a",1,0,0,0,2,38,0,1476988556822,"true",1,0,"close"
"1228-a",0,0,0,1,0,11,0,1476988186258,"false",1,0,"far"
"1228-a",1,0,0,0,2,10,0,1476988173506,"true",1,0,"far"
"1228-a",0,0,2,1,0,13,1,1476988236780,"true",0,0,"far"
"1228-a",0,1,0,0,1,12,0,1476988220663,"true",1,0,"split"
"1228-a",0,1,1,0,1,15,0,1476988274707,"true",0,1,"far"
"1228-a",0,0,0,1,0,14,0,1476988265523,"true",1,0,"close"
"1228-a",1,0,2,0,2,17,1,1476988298307,"true",0,0,"far"
"1228-a",0,0,2,1,0,16,1,1476988289696,"true",0,0,"close"
"1228-a",0,1,2,0,1,19,1,1476988327035,"true",0,0,"close"
"1228-a",0,0,0,1,0,18,0,1476988314439,"true",1,0,"split"
"1228-a",1,0,1,0,2,31,0,1476988456928,"true",0,1,"split"
"1228-a",1,0,0,0,2,30,0,1476988443826,"true",1,0,"far"
"1228-a",0,1,2,0,1,37,1,1476988544084,"true",0,0,"close"
"1228-a",0,1,2,0,1,36,1,1476988533875,"true",0,0,"far"
"1228-a",1,0,1,0,2,35,0,1476988521660,"true",0,1,"close"
"1228-a",0,1,2,0,1,34,1,1476988502400,"true",0,0,"far"
"1228-a",0,0,0,1,0,33,0,1476988494584,"true",1,0,"far"
"1228-a",0,0,0,1,0,32,0,1476988485488,"true",1,0,"close"
"1228-a",1,0,1,0,2,50,0,1476988741711,"true",0,1,"split"
