"gameid","sClicked_2","sClicked_1","lClickedIndex","sClicked_0","sClickedIndex","roundNum","lClicked_2","time","outcome","lClicked_0","lClicked_1","condition"
"1271-1",0,1,2,0,1,42,1,1476989721621,"true",0,0,"split"
"1271-1",0,1,0,0,1,48,0,1476989803495,"true",1,0,"far"
"1271-1",1,0,1,0,2,43,0,1476989736251,"false",0,1,"split"
"1271-1",0,1,0,0,1,49,0,1476989812791,"true",1,0,"split"
"1271-1",0,1,1,0,1,24,0,1476989493248,"true",0,1,"far"
"1271-1",0,0,0,1,0,25,0,1476989503988,"true",1,0,"split"
"1271-1",0,0,2,1,0,26,1,1476989515388,"true",0,0,"close"
"1271-1",0,0,1,1,0,27,0,1476989538786,"false",0,1,"close"
"1271-1",0,1,2,0,1,20,1,1476989450529,"true",0,0,"close"
"1271-1",0,0,0,1,0,21,0,1476989464601,"false",1,0,"split"
"1271-1",0,0,0,1,0,22,0,1476989474924,"true",1,0,"close"
"1271-1",1,0,0,0,2,23,0,1476989483956,"true",1,0,"split"
"1271-1",0,0,1,1,0,46,0,1476989766639,"true",0,1,"split"
"1271-1",0,0,2,1,0,47,1,1476989793649,"true",0,0,"close"
"1271-1",1,0,0,0,2,44,0,1476989746472,"true",1,0,"close"
"1271-1",0,0,2,1,0,45,1,1476989758827,"false",0,0,"split"
"1271-1",1,0,1,0,2,28,0,1476989548986,"true",0,1,"close"
"1271-1",1,0,2,0,2,29,1,1476989560219,"true",0,0,"far"
"1271-1",0,1,0,0,1,40,0,1476989701174,"true",1,0,"far"
"1271-1",0,1,0,0,1,41,0,1476989708097,"true",1,0,"far"
"1271-1",0,0,0,1,0,1,0,1476989193075,"false",1,0,"close"
"1271-1",1,0,2,0,2,3,1,1476989211039,"true",0,0,"split"
"1271-1",0,1,2,0,1,2,1,1476989201465,"true",0,0,"far"
"1271-1",0,0,1,1,0,5,0,1476989241996,"true",0,1,"far"
"1271-1",1,0,1,0,2,4,0,1476989224930,"true",0,1,"close"
"1271-1",1,0,2,0,2,7,1,1476989258649,"true",0,0,"close"
"1271-1",1,0,1,0,2,6,0,1476989249195,"true",0,1,"split"
"1271-1",1,0,1,0,2,9,0,1476989275223,"true",0,1,"far"
"1271-1",0,0,2,1,0,8,1,1476989265832,"true",0,0,"far"
"1271-1",0,0,2,1,0,39,1,1476989685733,"true",0,0,"split"
"1271-1",0,0,0,1,0,38,0,1476989669252,"true",1,0,"far"
"1271-1",0,1,0,0,1,11,0,1476989312875,"true",1,0,"split"
"1271-1",0,1,1,0,1,10,0,1476989295445,"true",0,1,"split"
"1271-1",1,0,1,0,2,13,0,1476989331784,"true",0,1,"split"
"1271-1",1,0,0,0,2,12,0,1476989323494,"true",1,0,"far"
"1271-1",0,0,2,1,0,15,1,1476989353738,"true",0,0,"close"
"1271-1",0,1,1,0,1,14,0,1476989340024,"true",0,1,"far"
"1271-1",0,0,2,1,0,17,1,1476989388926,"true",0,0,"close"
"1271-1",0,1,0,0,1,16,0,1476989368315,"true",1,0,"close"
"1271-1",0,0,1,1,0,19,0,1476989432624,"true",0,1,"close"
"1271-1",1,0,2,0,2,18,1,1476989402047,"true",0,0,"close"
"1271-1",0,1,0,0,1,31,0,1476989581731,"true",1,0,"split"
"1271-1",0,1,0,0,1,30,0,1476989573611,"true",1,0,"close"
"1271-1",0,1,0,0,1,37,0,1476989661034,"true",1,0,"far"
"1271-1",1,0,2,0,2,36,1,1476989651974,"true",0,0,"far"
"1271-1",0,0,0,1,0,35,0,1476989644864,"true",1,0,"split"
"1271-1",0,1,0,0,1,34,0,1476989637756,"true",1,0,"far"
"1271-1",0,0,2,1,0,33,1,1476989620821,"true",0,0,"far"
"1271-1",1,0,0,0,2,32,0,1476989609725,"true",1,0,"close"
"1271-1",1,0,2,0,2,50,1,1476989824178,"true",0,0,"far"
