"gameid","sClicked_2","sClicked_1","lClickedIndex","sClicked_0","sClickedIndex","roundNum","lClicked_2","time","outcome","lClicked_0","lClicked_1","condition"
"1274-7",0,0,0,1,0,42,0,1476493696159,"true",1,0,"far"
"1274-7",0,0,0,1,0,48,0,1476493769035,"true",1,0,"far"
"1274-7",1,0,2,0,2,43,1,1476493708559,"false",0,0,"split"
"1274-7",1,0,0,0,2,49,0,1476493783589,"true",1,0,"close"
"1274-7",0,0,0,1,0,24,0,1476493503660,"true",1,0,"split"
"1274-7",0,0,2,1,0,25,1,1476493518114,"true",0,0,"close"
"1274-7",0,0,1,1,0,26,0,1476493525487,"true",0,1,"far"
"1274-7",1,0,2,0,2,27,1,1476493536977,"true",0,0,"close"
"1274-7",0,0,2,1,0,20,1,1476493455743,"true",0,0,"far"
"1274-7",0,0,1,1,0,21,0,1476493475541,"false",0,1,"close"
"1274-7",0,1,2,0,1,22,1,1476493483077,"true",0,0,"close"
"1274-7",1,0,0,0,2,23,0,1476493495621,"true",1,0,"split"
"1274-7",0,0,2,1,0,46,1,1476493757093,"true",0,0,"close"
"1274-7",0,1,0,0,1,47,0,1476493763192,"true",1,0,"far"
"1274-7",0,1,0,0,1,44,0,1476493714558,"true",1,0,"far"
"1274-7",0,0,1,1,0,45,0,1476493738229,"true",0,1,"split"
"1274-7",1,0,0,0,2,28,0,1476493545215,"true",1,0,"far"
"1274-7",0,0,0,1,0,29,0,1476493561125,"true",1,0,"close"
"1274-7",0,0,0,1,0,40,0,1476493674725,"true",1,0,"split"
"1274-7",0,1,1,0,1,41,0,1476493686472,"true",0,1,"close"
"1274-7",0,0,2,1,0,1,1,1476493196697,"true",0,0,"split"
"1274-7",0,1,0,0,1,3,0,1476493218754,"true",1,0,"far"
"1274-7",0,1,2,0,1,2,1,1476493209026,"true",0,0,"split"
"1274-7",1,0,2,0,2,5,1,1476493255247,"true",0,0,"split"
"1274-7",1,0,1,0,2,4,0,1476493225110,"true",0,1,"far"
"1274-7",1,0,2,0,2,7,1,1476493305893,"true",0,0,"split"
"1274-7",0,0,1,1,0,6,0,1476493262863,"true",0,1,"close"
"1274-7",0,1,0,0,1,9,0,1476493339634,"false",1,0,"close"
"1274-7",0,0,1,1,0,8,0,1476493318351,"true",0,1,"split"
"1274-7",1,0,1,0,2,39,0,1476493667954,"true",0,1,"split"
"1274-7",0,0,0,1,0,38,0,1476493660450,"true",1,0,"far"
"1274-7",1,0,1,0,2,11,0,1476493355638,"true",0,1,"close"
"1274-7",0,0,0,1,0,10,0,1476493348518,"true",1,0,"far"
"1274-7",1,0,1,0,2,13,0,1476493374854,"true",0,1,"split"
"1274-7",0,0,2,1,0,12,1,1476493367381,"true",0,0,"split"
"1274-7",0,0,0,1,0,15,0,1476493406991,"true",1,0,"far"
"1274-7",1,0,0,0,2,14,0,1476493397990,"true",1,0,"split"
"1274-7",0,0,2,1,0,17,1,1476493430079,"true",0,0,"split"
"1274-7",0,1,0,0,1,16,0,1476493421932,"true",1,0,"close"
"1274-7",1,0,0,0,2,19,0,1476493449221,"true",1,0,"split"
"1274-7",0,0,1,1,0,18,0,1476493438677,"true",0,1,"close"
"1274-7",0,1,2,0,1,31,1,1476493579173,"true",0,0,"far"
"1274-7",0,1,1,0,1,30,0,1476493572133,"true",0,1,"split"
"1274-7",1,0,1,0,2,37,0,1476493642709,"false",0,1,"close"
"1274-7",0,1,2,0,1,36,1,1476493624869,"true",0,0,"far"
"1274-7",1,0,0,0,2,35,0,1476493618476,"true",1,0,"far"
"1274-7",0,0,2,1,0,34,1,1476493611199,"true",0,0,"close"
"1274-7",0,1,0,0,1,33,0,1476493597749,"true",1,0,"far"
"1274-7",0,0,2,1,0,32,1,1476493590924,"true",0,0,"close"
"1274-7",0,0,2,1,0,50,1,1476493794424,"true",0,0,"far"
