"gameid","sClicked_2","sClicked_1","lClickedIndex","sClicked_0","sClickedIndex","roundNum","lClicked_2","time","outcome","lClicked_0","lClicked_1","condition"
"1293-8",1,0,2,0,2,48,1,1476474280302,"true",0,0,"split"
"1293-8",0,0,2,1,0,43,1,1476474212215,"true",0,0,"close"
"1293-8",1,0,2,0,2,49,1,1476474309208,"true",0,0,"close"
"1293-8",1,0,2,0,2,24,1,1476473900761,"true",0,0,"close"
"1293-8",0,0,0,1,0,25,0,1476473911645,"true",1,0,"split"
"1293-8",1,0,1,0,2,26,0,1476473925342,"false",0,1,"split"
"1293-8",0,1,1,0,1,27,0,1476473932605,"true",0,1,"far"
"1293-8",1,0,0,0,2,20,0,1476473858539,"true",1,0,"far"
"1293-8",1,0,2,0,2,21,1,1476473867817,"true",0,0,"split"
"1293-8",1,0,0,0,2,22,0,1476473875215,"true",1,0,"far"
"1293-8",1,0,1,0,2,23,0,1476473887602,"true",0,1,"close"
"1293-8",0,0,1,1,0,46,0,1476474255338,"true",0,1,"close"
"1293-8",0,0,1,1,0,47,0,1476474264727,"true",0,1,"far"
"1293-8",0,1,1,0,1,44,0,1476474219863,"true",0,1,"far"
"1293-8",1,0,2,0,2,45,1,1476474240996,"true",0,0,"split"
"1293-8",0,1,2,0,1,42,1,1476474203156,"true",0,0,"close"
"1293-8",0,0,0,1,0,29,0,1476474010026,"true",1,0,"close"
"1293-8",1,0,2,0,2,40,1,1476474155645,"true",0,0,"far"
"1293-8",0,0,2,1,0,41,1,1476474173765,"true",0,0,"close"
"1293-8",0,1,0,0,1,1,0,1476473601150,"true",1,0,"far"
"1293-8",1,0,1,0,2,3,0,1476473621704,"true",0,1,"far"
"1293-8",1,0,1,0,2,2,0,1476473612178,"false",0,1,"split"
"1293-8",0,0,0,1,0,5,0,1476473642225,"true",1,0,"far"
"1293-8",0,0,2,1,0,4,1,1476473632396,"true",0,0,"close"
"1293-8",0,1,1,0,1,7,0,1476473658822,"true",0,1,"far"
"1293-8",1,0,1,0,2,6,0,1476473649516,"true",0,1,"far"
"1293-8",1,0,1,0,2,9,0,1476473683051,"true",0,1,"split"
"1293-8",1,0,0,0,2,8,0,1476473671615,"true",1,0,"close"
"1293-8",0,0,1,1,0,39,0,1476474147176,"true",0,1,"far"
"1293-8",1,0,0,0,2,38,0,1476474134085,"true",1,0,"close"
"1293-8",1,0,1,0,2,11,0,1476473719730,"true",0,1,"close"
"1293-8",0,1,2,0,1,10,1,1476473695269,"true",0,0,"split"
"1293-8",0,1,0,0,1,13,0,1476473760476,"true",1,0,"split"
"1293-8",0,0,0,1,0,12,0,1476473734248,"true",1,0,"far"
"1293-8",1,0,2,0,2,15,1,1476473799786,"true",0,0,"split"
"1293-8",0,1,0,0,1,14,0,1476473782957,"true",1,0,"close"
"1293-8",1,0,2,0,2,17,1,1476473830791,"true",0,0,"split"
"1293-8",0,0,0,1,0,16,0,1476473812658,"true",1,0,"split"
"1293-8",0,0,0,1,0,19,0,1476473849025,"true",1,0,"far"
"1293-8",0,1,1,0,1,18,0,1476473838518,"true",0,1,"split"
"1293-8",0,1,1,0,1,31,0,1476474031518,"true",0,1,"far"
"1293-8",0,0,0,1,0,30,0,1476474019110,"true",1,0,"split"
"1293-8",1,0,0,0,2,37,0,1476474117815,"true",1,0,"split"
"1293-8",0,0,2,1,0,36,1,1476474106769,"true",0,0,"far"
"1293-8",1,0,0,0,2,35,0,1476474093473,"true",1,0,"close"
"1293-8",1,0,1,0,2,34,0,1476474076226,"true",0,1,"close"
"1293-8",1,0,2,0,2,33,1,1476474067496,"true",0,0,"split"
"1293-8",0,1,1,0,1,32,0,1476474052163,"false",0,1,"close"
"1293-8",1,0,0,0,2,50,0,1476474341307,"true",1,0,"split"
