"gameid","sClicked_2","sClicked_1","lClickedIndex","sClicked_0","sClickedIndex","roundNum","lClicked_2","time","outcome","lClicked_0","lClicked_1","condition"
"1323-b",0,0,1,1,0,42,0,1476989603979,"true",0,1,"far"
"1323-b",1,0,0,0,2,48,0,1476989757198,"true",1,0,"split"
"1323-b",0,0,2,1,0,43,1,1476989620480,"true",0,0,"split"
"1323-b",1,0,0,0,2,49,0,1476989785440,"true",1,0,"far"
"1323-b",0,1,1,0,1,24,0,1476989193642,"true",0,1,"far"
"1323-b",0,0,0,1,0,25,0,1476989209480,"true",1,0,"close"
"1323-b",1,0,2,0,2,26,1,1476989246664,"false",0,0,"split"
"1323-b",1,0,0,0,2,27,0,1476989271763,"true",1,0,"far"
"1323-b",0,1,0,0,1,20,0,1476989122210,"true",1,0,"close"
"1323-b",1,0,0,0,2,21,0,1476989137887,"true",1,0,"close"
"1323-b",0,0,0,1,0,22,0,1476989158567,"true",1,0,"split"
"1323-b",0,0,1,1,0,23,0,1476989172363,"true",0,1,"close"
"1323-b",0,1,0,0,1,46,0,1476989697989,"true",1,0,"close"
"1323-b",0,1,2,0,1,47,1,1476989714741,"true",0,0,"split"
"1323-b",0,1,0,0,1,44,0,1476989639700,"true",1,0,"split"
"1323-b",1,0,2,0,2,45,1,1476989663709,"true",0,0,"far"
"1323-b",0,0,1,1,0,28,0,1476989300012,"false",0,1,"split"
"1323-b",0,1,0,0,1,29,0,1476989322270,"true",1,0,"split"
"1323-b",0,1,0,0,1,40,0,1476989540747,"true",1,0,"split"
"1323-b",0,0,0,1,0,41,0,1476989586495,"true",1,0,"close"
"1323-b",1,0,0,0,2,1,0,1476988671297,"true",1,0,"close"
"1323-b",0,0,2,1,0,3,1,1476988720281,"true",0,0,"far"
"1323-b",0,0,2,1,0,2,1,1476988695869,"true",0,0,"far"
"1323-b",1,0,1,0,2,5,0,1476988761509,"false",0,1,"far"
"1323-b",0,1,1,0,1,4,0,1476988738061,"true",0,1,"far"
"1323-b",0,0,2,1,0,7,1,1476988833365,"true",0,0,"far"
"1323-b",0,1,0,0,1,6,0,1476988788581,"true",1,0,"close"
"1323-b",0,1,2,0,1,9,1,1476988876773,"true",0,0,"split"
"1323-b",0,1,1,0,1,8,0,1476988856372,"true",0,1,"close"
"1323-b",0,1,0,0,1,39,0,1476989524120,"true",1,0,"split"
"1323-b",0,0,1,1,0,38,0,1476989502683,"true",0,1,"split"
"1323-b",1,0,1,0,2,11,0,1476988912875,"true",0,1,"split"
"1323-b",0,1,1,0,1,10,0,1476988888609,"true",0,1,"close"
"1323-b",0,1,0,0,1,13,0,1476988944175,"true",1,0,"close"
"1323-b",0,0,0,1,0,12,0,1476988927587,"true",1,0,"far"
"1323-b",0,0,1,1,0,15,0,1476989003824,"true",0,1,"close"
"1323-b",0,1,1,0,1,14,0,1476988957197,"true",0,1,"split"
"1323-b",1,0,1,0,2,17,0,1476989064984,"true",0,1,"far"
"1323-b",0,1,2,0,1,16,1,1476989040522,"true",0,0,"close"
"1323-b",0,0,0,1,0,19,0,1476989104280,"true",1,0,"split"
"1323-b",0,0,2,1,0,18,1,1476989085322,"true",0,0,"close"
"1323-b",0,1,2,0,1,31,1,1476989360064,"true",0,0,"far"
"1323-b",1,0,2,0,2,30,1,1476989340438,"true",0,0,"far"
"1323-b",0,0,1,1,0,37,0,1476989485393,"true",0,1,"split"
"1323-b",0,1,0,0,1,36,0,1476989455320,"true",1,0,"close"
"1323-b",0,0,0,1,0,35,0,1476989436475,"true",1,0,"far"
"1323-b",0,1,1,0,1,34,0,1476989418625,"true",0,1,"close"
"1323-b",0,1,2,0,1,33,1,1476989401074,"true",0,0,"close"
"1323-b",0,1,0,0,1,32,0,1476989378828,"true",1,0,"far"
"1323-b",0,0,0,1,0,50,0,1476989798766,"true",1,0,"split"
