"gameid","sClicked_2","sClicked_1","lClickedIndex","sClicked_0","sClickedIndex","roundNum","lClicked_2","time","outcome","lClicked_0","lClicked_1","condition"
"1325-8",0,0,1,1,0,42,0,1459886078073,"true",0,1,"far"
"1325-8",0,1,1,0,1,48,0,1459886140739,"true",0,1,"close"
"1325-8",0,1,1,0,1,43,0,1459886087416,"false",0,1,"close"
"1325-8",0,0,0,1,0,49,0,1459886149930,"true",1,0,"split"
"1325-8",0,0,0,1,0,24,0,1459885744208,"true",1,0,"split"
"1325-8",0,1,2,0,1,25,1,1459885767619,"true",0,0,"close"
"1325-8",1,0,2,0,2,26,1,1459885794643,"true",0,0,"close"
"1325-8",1,0,2,0,2,27,1,1459885810115,"true",0,0,"close"
"1325-8",0,0,0,1,0,20,0,1459885638133,"true",1,0,"split"
"1325-8",0,0,2,1,0,21,1,1459885650614,"true",0,0,"far"
"1325-8",0,0,2,1,0,22,1,1459885694312,"true",0,0,"split"
"1325-8",0,0,1,1,0,23,0,1459885723517,"true",0,1,"split"
"1325-8",1,0,0,0,2,46,0,1459886123282,"true",1,0,"far"
"1325-8",0,0,2,1,0,47,1,1459886131568,"true",0,0,"close"
"1325-8",0,1,0,0,1,44,0,1459886096208,"true",1,0,"close"
"1325-8",0,0,0,1,0,45,0,1459886116006,"true",1,0,"far"
"1325-8",0,1,0,0,1,28,0,1459885828823,"true",1,0,"close"
"1325-8",1,0,1,0,2,29,0,1459885844659,"true",0,1,"close"
"1325-8",0,1,0,0,1,40,0,1459886056498,"true",1,0,"far"
"1325-8",0,1,1,0,1,41,0,1459886066441,"true",0,1,"close"
"1325-8",0,1,2,0,1,1,1,1459885234441,"false",0,0,"far"
"1325-8",0,1,2,0,1,3,1,1459885274889,"true",0,0,"close"
"1325-8",0,0,1,1,0,2,0,1459885254033,"true",0,1,"split"
"1325-8",0,0,0,1,0,5,0,1459885308512,"true",1,0,"split"
"1325-8",0,1,2,0,1,4,1,1459885294415,"false",0,0,"close"
"1325-8",1,0,0,0,2,7,0,1459885343625,"true",1,0,"far"
"1325-8",1,0,0,0,2,6,0,1459885323273,"true",1,0,"far"
"1325-8",0,1,2,0,1,9,1,1459885395003,"true",0,0,"far"
"1325-8",0,1,1,0,1,8,0,1459885378846,"true",0,1,"split"
"1325-8",0,0,2,1,0,39,1,1459886047485,"false",0,0,"close"
"1325-8",0,0,0,1,0,38,0,1459886026464,"true",1,0,"split"
"1325-8",0,1,0,0,1,11,0,1459885436731,"true",1,0,"split"
"1325-8",0,0,1,1,0,10,0,1459885408384,"false",0,1,"split"
"1325-8",1,0,0,0,2,13,0,1459885461352,"true",1,0,"far"
"1325-8",0,1,1,0,1,12,0,1459885450815,"true",0,1,"far"
"1325-8",1,0,1,0,2,15,0,1459885486200,"true",0,1,"far"
"1325-8",0,1,1,0,1,14,0,1459885474069,"true",0,1,"far"
"1325-8",1,0,2,0,2,17,1,1459885525154,"true",0,0,"split"
"1325-8",0,0,0,1,0,16,0,1459885501404,"true",1,0,"split"
"1325-8",0,0,0,1,0,19,0,1459885583976,"true",1,0,"far"
"1325-8",0,1,1,0,1,18,0,1459885563765,"true",0,1,"split"
"1325-8",1,0,2,0,2,31,1,1459885876498,"false",0,0,"close"
"1325-8",1,0,2,0,2,30,1,1459885862186,"true",0,0,"split"
"1325-8",0,0,1,1,0,37,0,1459886014073,"false",0,1,"close"
"1325-8",1,0,0,0,2,36,0,1459885989092,"true",1,0,"split"
"1325-8",0,0,1,1,0,35,0,1459885953599,"true",0,1,"far"
"1325-8",0,1,1,0,1,34,0,1459885945894,"false",0,1,"close"
"1325-8",0,0,1,1,0,33,0,1459885914930,"true",0,1,"close"
"1325-8",0,1,1,0,1,32,0,1459885896771,"false",0,1,"far"
"1325-8",0,0,2,1,0,50,1,1459886168114,"true",0,0,"split"
