"gameid","sClicked_2","sClicked_1","lClickedIndex","sClicked_0","sClickedIndex","roundNum","lClicked_2","time","outcome","lClicked_0","lClicked_1","condition"
"1359-d",1,0,1,0,2,42,0,1476994286430,"true",0,1,"close"
"1359-d",0,0,2,1,0,48,1,1476994416455,"true",0,0,"split"
"1359-d",1,0,0,0,2,43,0,1476994305974,"true",1,0,"split"
"1359-d",1,0,0,0,2,49,0,1476994444829,"true",1,0,"close"
"1359-d",0,0,2,1,0,24,1,1476994035140,"true",0,0,"split"
"1359-d",0,0,0,1,0,25,0,1476994043778,"true",1,0,"far"
"1359-d",1,0,2,0,2,26,1,1476994054439,"true",0,0,"close"
"1359-d",0,1,0,0,1,27,0,1476994067581,"true",1,0,"split"
"1359-d",0,1,0,0,1,20,0,1476993981133,"true",1,0,"far"
"1359-d",0,0,1,1,0,21,0,1476993992612,"true",0,1,"close"
"1359-d",0,1,0,0,1,22,0,1476994004636,"true",1,0,"far"
"1359-d",0,0,2,1,0,23,1,1476994021802,"true",0,0,"close"
"1359-d",1,0,2,0,2,46,1,1476994366547,"true",0,0,"far"
"1359-d",1,0,1,0,2,47,0,1476994399610,"true",0,1,"split"
"1359-d",1,0,0,0,2,44,0,1476994336583,"true",1,0,"close"
"1359-d",0,0,2,1,0,45,1,1476994353348,"true",0,0,"close"
"1359-d",0,1,2,0,1,28,1,1476994079937,"true",0,0,"far"
"1359-d",0,1,1,0,1,29,0,1476994090540,"true",0,1,"close"
"1359-d",0,0,0,1,0,40,0,1476994253154,"true",1,0,"close"
"1359-d",1,0,1,0,2,41,0,1476994266926,"true",0,1,"far"
"1359-d",0,0,1,1,0,1,0,1476993702148,"true",0,1,"close"
"1359-d",1,0,0,0,2,3,0,1476993744997,"true",1,0,"split"
"1359-d",0,1,2,0,1,2,1,1476993724311,"true",0,0,"far"
"1359-d",0,1,1,0,1,5,0,1476993782805,"true",0,1,"close"
"1359-d",0,0,2,1,0,4,1,1476993768268,"true",0,0,"split"
"1359-d",0,0,1,1,0,7,0,1476993802215,"true",0,1,"far"
"1359-d",0,1,0,0,1,6,0,1476993794379,"true",1,0,"close"
"1359-d",0,0,0,1,0,9,0,1476993821140,"true",1,0,"far"
"1359-d",0,0,2,1,0,8,1,1476993812479,"true",0,0,"far"
"1359-d",0,0,1,1,0,39,0,1476994232209,"true",0,1,"close"
"1359-d",0,1,0,0,1,38,0,1476994217311,"true",1,0,"close"
"1359-d",1,0,2,0,2,11,1,1476993844775,"true",0,0,"far"
"1359-d",0,0,1,1,0,10,0,1476993835240,"true",0,1,"split"
"1359-d",0,1,0,0,1,13,0,1476993885679,"true",1,0,"close"
"1359-d",0,0,1,1,0,12,0,1476993874857,"true",0,1,"split"
"1359-d",0,1,2,0,1,15,1,1476993916228,"true",0,0,"far"
"1359-d",0,1,2,0,1,14,1,1476993894122,"true",0,0,"far"
"1359-d",1,0,2,0,2,17,1,1476993949977,"true",0,0,"split"
"1359-d",0,1,1,0,1,16,0,1476993925367,"true",0,1,"split"
"1359-d",1,0,0,0,2,19,0,1476993972255,"true",1,0,"far"
"1359-d",0,1,0,0,1,18,0,1476993964631,"true",1,0,"split"
"1359-d",1,0,1,0,2,31,0,1476994119963,"true",0,1,"split"
"1359-d",1,0,0,0,2,30,0,1476994107870,"true",1,0,"close"
"1359-d",1,0,0,0,2,37,0,1476994207214,"true",1,0,"split"
"1359-d",1,0,2,0,2,36,1,1476994195993,"true",0,0,"far"
"1359-d",0,1,1,0,1,35,0,1476994186911,"true",0,1,"split"
"1359-d",0,1,2,0,1,34,1,1476994170191,"true",0,0,"split"
"1359-d",0,0,0,1,0,33,0,1476994152785,"true",1,0,"split"
"1359-d",0,0,2,1,0,32,1,1476994127718,"true",0,0,"far"
"1359-d",0,0,0,1,0,50,0,1476994459981,"true",1,0,"close"
