"gameid","sClicked_2","sClicked_1","lClickedIndex","sClicked_0","sClickedIndex","roundNum","lClicked_2","time","outcome","lClicked_0","lClicked_1","condition"
"1361-b",0,0,2,1,0,42,1,1476990513518,"true",0,0,"split"
"1361-b",0,1,2,0,1,48,1,1476990575814,"true",0,0,"split"
"1361-b",0,0,0,1,0,43,0,1476990525007,"true",1,0,"far"
"1361-b",0,0,0,1,0,49,0,1476990582900,"true",1,0,"far"
"1361-b",0,0,2,1,0,24,1,1476990213874,"true",0,0,"close"
"1361-b",1,0,1,0,2,25,0,1476990229639,"true",0,1,"close"
"1361-b",0,1,1,0,1,26,0,1476990236141,"true",0,1,"far"
"1361-b",0,1,2,0,1,27,1,1476990242527,"true",0,0,"far"
"1361-b",0,0,1,1,0,20,0,1476990161854,"true",0,1,"close"
"1361-b",1,0,0,0,2,21,0,1476990167757,"true",1,0,"far"
"1361-b",1,0,0,0,2,22,0,1476990174123,"true",1,0,"split"
"1361-b",0,1,2,0,1,23,1,1476990193516,"true",0,0,"split"
"1361-b",1,0,0,0,2,46,0,1476990552059,"true",1,0,"split"
"1361-b",1,0,0,0,2,47,0,1476990569312,"true",1,0,"split"
"1361-b",0,0,1,1,0,44,0,1476990536836,"true",0,1,"close"
"1361-b",0,0,1,1,0,45,0,1476990544476,"true",0,1,"far"
"1361-b",0,1,1,0,1,28,0,1476990254702,"true",0,1,"close"
"1361-b",1,0,0,0,2,29,0,1476990272115,"false",1,0,"close"
"1361-b",0,1,2,0,1,40,1,1476990465152,"true",0,0,"close"
"1361-b",1,0,1,0,2,41,0,1476990485588,"true",0,1,"split"
"1361-b",1,0,2,0,2,1,1,1476989830729,"true",0,0,"far"
"1361-b",0,1,2,0,1,3,1,1476989864356,"true",0,0,"close"
"1361-b",0,0,0,1,0,2,0,1476989855714,"true",1,0,"split"
"1361-b",1,0,1,0,2,5,0,1476989907244,"true",0,1,"far"
"1361-b",0,1,2,0,1,4,1,1476989888089,"true",0,0,"split"
"1361-b",1,0,2,0,2,7,1,1476989929887,"true",0,0,"split"
"1361-b",0,0,2,1,0,6,1,1476989915416,"true",0,0,"split"
"1361-b",0,1,0,0,1,9,0,1476989968799,"true",1,0,"close"
"1361-b",1,0,0,0,2,8,0,1476989951566,"false",1,0,"close"
"1361-b",0,0,0,1,0,39,0,1476990455146,"true",1,0,"split"
"1361-b",0,1,2,0,1,38,1,1476990448178,"true",0,0,"close"
"1361-b",0,1,0,0,1,11,0,1476990021720,"false",1,0,"close"
"1361-b",0,1,1,0,1,10,0,1476989996740,"false",0,1,"close"
"1361-b",0,0,2,1,0,13,1,1476990038825,"true",0,0,"far"
"1361-b",0,1,1,0,1,12,0,1476990031526,"true",0,1,"far"
"1361-b",0,1,2,0,1,15,1,1476990094801,"true",0,0,"far"
"1361-b",1,0,2,0,2,14,1,1476990087794,"true",0,0,"split"
"1361-b",1,0,1,0,2,17,0,1476990120749,"true",0,1,"split"
"1361-b",1,0,1,0,2,16,0,1476990106905,"true",0,1,"far"
"1361-b",0,0,0,1,0,19,0,1476990154573,"true",1,0,"far"
"1361-b",1,0,1,0,2,18,0,1476990145694,"true",0,1,"close"
"1361-b",0,0,2,1,0,31,1,1476990304321,"true",0,0,"split"
"1361-b",0,0,0,1,0,30,0,1476990297966,"true",1,0,"split"
"1361-b",0,1,1,0,1,37,0,1476990413051,"true",0,1,"far"
"1361-b",1,0,0,0,2,36,0,1476990406750,"true",1,0,"far"
"1361-b",0,1,0,0,1,35,0,1476990400880,"true",1,0,"split"
"1361-b",0,0,1,1,0,34,0,1476990390105,"true",0,1,"close"
"1361-b",0,1,0,0,1,33,0,1476990382318,"true",1,0,"close"
"1361-b",0,1,0,0,1,32,0,1476990348450,"true",1,0,"close"
"1361-b",0,1,1,0,1,50,0,1476990601887,"true",0,1,"far"
