"gameid","sClicked_2","sClicked_1","lClickedIndex","sClicked_0","sClickedIndex","roundNum","lClicked_2","time","outcome","lClicked_0","lClicked_1","condition"
"1369-5",0,1,1,0,1,42,0,1476491890271,"false",0,1,"split"
"1369-5",0,0,0,1,0,48,0,1476492247675,"false",1,0,"split"
"1369-5",1,0,2,0,2,43,1,1476491996486,"true",0,0,"close"
"1369-5",0,1,1,0,1,49,0,1476492285518,"true",0,1,"far"
"1369-5",0,1,2,0,1,24,1,1476491032534,"true",0,0,"split"
"1369-5",1,0,2,0,2,25,1,1476491154763,"false",0,0,"close"
"1369-5",0,1,2,0,1,26,1,1476491224246,"true",0,0,"split"
"1369-5",0,1,1,0,1,27,0,1476491266701,"true",0,1,"far"
"1369-5",0,1,0,0,1,20,0,1476490680182,"true",1,0,"far"
"1369-5",1,0,1,0,2,21,0,1476490790997,"true",0,1,"close"
"1369-5",0,1,1,0,1,22,0,1476490894194,"true",0,1,"close"
"1369-5",1,0,0,0,2,23,0,1476490991144,"true",1,0,"close"
"1369-5",0,1,0,0,1,46,0,1476492155705,"true",1,0,"close"
"1369-5",1,0,0,0,2,47,0,1476492216036,"true",1,0,"split"
"1369-5",0,0,0,1,0,44,0,1476492047826,"false",1,0,"split"
"1369-5",0,1,2,0,1,45,1,1476492104712,"true",0,0,"far"
"1369-5",0,0,2,1,0,28,1,1476491292659,"true",0,0,"far"
"1369-5",0,1,2,0,1,29,1,1476491357901,"true",0,0,"split"
"1369-5",0,1,1,0,1,40,0,1476491817020,"true",0,1,"far"
"1369-5",0,1,1,0,1,41,0,1476491837963,"true",0,1,"close"
"1369-5",1,0,0,0,2,1,0,1476489655591,"false",1,0,"split"
"1369-5",0,1,1,0,1,3,0,1476489910553,"true",0,1,"close"
"1369-5",0,1,2,0,1,2,1,1476489823470,"false",0,0,"close"
"1369-5",1,0,1,0,2,5,0,1476490013178,"true",0,1,"close"
"1369-5",0,1,0,0,1,4,0,1476489976653,"true",1,0,"split"
"1369-5",0,1,1,0,1,7,0,1476490117130,"true",0,1,"close"
"1369-5",0,1,0,0,1,6,0,1476490052493,"false",1,0,"far"
"1369-5",1,0,2,0,2,9,1,1476490193343,"true",0,0,"far"
"1369-5",1,0,1,0,2,8,0,1476490173326,"true",0,1,"far"
"1369-5",0,0,0,1,0,39,0,1476491778080,"true",1,0,"close"
"1369-5",1,0,2,0,2,38,1,1476491734660,"true",0,0,"close"
"1369-5",1,0,2,0,2,11,1,1476490285498,"false",0,0,"split"
"1369-5",0,1,2,0,1,10,1,1476490214346,"false",0,0,"split"
"1369-5",1,0,2,0,2,13,1,1476490380594,"true",0,0,"far"
"1369-5",1,0,0,0,2,12,0,1476490345412,"true",1,0,"close"
"1369-5",1,0,1,0,2,15,0,1476490516564,"true",0,1,"split"
"1369-5",0,1,2,0,1,14,1,1476490440455,"false",0,0,"far"
"1369-5",0,1,0,0,1,17,0,1476490586447,"true",1,0,"split"
"1369-5",1,0,0,0,2,16,0,1476490543584,"true",1,0,"far"
"1369-5",1,0,1,0,2,19,0,1476490642074,"true",0,1,"far"
"1369-5",1,0,2,0,2,18,1,1476490628841,"true",0,0,"far"
"1369-5",0,1,2,0,1,31,1,1476491403517,"true",0,0,"split"
"1369-5",0,1,2,0,1,30,1,1476491371166,"true",0,0,"far"
"1369-5",0,1,0,0,1,37,0,1476491700747,"true",1,0,"split"
"1369-5",0,1,2,0,1,36,1,1476491689071,"true",0,0,"close"
"1369-5",1,0,1,0,2,35,0,1476491619343,"true",0,1,"far"
"1369-5",0,0,2,1,0,34,1,1476491586690,"false",0,0,"close"
"1369-5",1,0,0,0,2,33,0,1476491510077,"true",1,0,"far"
"1369-5",0,1,1,0,1,32,0,1476491458341,"true",0,1,"split"
"1369-5",1,0,0,0,2,50,0,1476492313661,"true",1,0,"split"
