"gameid","sClicked_2","sClicked_1","lClickedIndex","sClicked_0","sClickedIndex","roundNum","lClicked_2","time","outcome","lClicked_0","lClicked_1","condition"
"1382-f",1,0,2,0,2,42,1,1476496156237,"false",0,0,"close"
"1382-f",0,1,0,0,1,48,0,1476496268441,"true",1,0,"close"
"1382-f",1,0,1,0,2,43,0,1476496166195,"true",0,1,"far"
"1382-f",0,0,0,1,0,49,0,1476496277674,"true",1,0,"split"
"1382-f",0,0,0,1,0,24,0,1476495825814,"true",1,0,"far"
"1382-f",1,0,2,0,2,25,1,1476495846984,"true",0,0,"split"
"1382-f",0,0,0,1,0,26,0,1476495861296,"true",1,0,"split"
"1382-f",1,0,1,0,2,27,0,1476495871580,"true",0,1,"far"
"1382-f",0,1,2,0,1,20,1,1476495770580,"true",0,0,"close"
"1382-f",0,0,1,1,0,21,0,1476495782040,"true",0,1,"close"
"1382-f",0,1,1,0,1,22,0,1476495795814,"true",0,1,"split"
"1382-f",1,0,2,0,2,23,1,1476495809363,"true",0,0,"far"
"1382-f",1,0,1,0,2,46,0,1476496217310,"true",0,1,"split"
"1382-f",0,1,1,0,1,47,0,1476496226421,"true",0,1,"split"
"1382-f",0,0,0,1,0,44,0,1476496184244,"true",1,0,"split"
"1382-f",1,0,2,0,2,45,1,1476496195563,"true",0,0,"far"
"1382-f",0,1,0,0,1,28,0,1476495882355,"true",1,0,"far"
"1382-f",0,1,2,0,1,29,1,1476495916687,"true",0,0,"close"
"1382-f",1,0,0,0,2,40,0,1476496126156,"true",1,0,"close"
"1382-f",1,0,0,0,2,41,0,1476496136453,"true",1,0,"split"
"1382-f",0,0,0,1,0,1,0,1476495403652,"true",1,0,"close"
"1382-f",0,0,1,1,0,3,0,1476495439472,"true",0,1,"close"
"1382-f",1,0,2,0,2,2,1,1476495425105,"true",0,0,"close"
"1382-f",0,1,1,0,1,5,0,1476495477323,"true",0,1,"close"
"1382-f",0,1,1,0,1,4,0,1476495449541,"true",0,1,"far"
"1382-f",0,1,0,0,1,7,0,1476495501220,"true",1,0,"split"
"1382-f",1,0,2,0,2,6,1,1476495485381,"true",0,0,"far"
"1382-f",0,1,1,0,1,9,0,1476495527064,"true",0,1,"far"
"1382-f",0,0,1,1,0,8,0,1476495511940,"true",0,1,"far"
"1382-f",1,0,0,0,2,39,0,1476496106494,"true",1,0,"close"
"1382-f",0,0,0,1,0,38,0,1476496079322,"true",1,0,"close"
"1382-f",1,0,1,0,2,11,0,1476495568845,"true",0,1,"close"
"1382-f",0,0,2,1,0,10,1,1476495539268,"true",0,0,"far"
"1382-f",1,0,0,0,2,13,0,1476495599390,"true",1,0,"close"
"1382-f",1,0,2,0,2,12,1,1476495579174,"true",0,0,"far"
"1382-f",0,1,0,0,1,15,0,1476495659010,"true",1,0,"far"
"1382-f",0,1,0,0,1,14,0,1476495636636,"true",1,0,"split"
"1382-f",0,0,0,1,0,17,0,1476495677912,"true",1,0,"split"
"1382-f",1,0,0,0,2,16,0,1476495668243,"true",1,0,"far"
"1382-f",0,1,1,0,1,19,0,1476495743065,"true",0,1,"split"
"1382-f",0,0,1,1,0,18,0,1476495731682,"true",0,1,"close"
"1382-f",1,0,1,0,2,31,0,1476495968233,"true",0,1,"close"
"1382-f",1,0,2,0,2,30,1,1476495950125,"true",0,0,"close"
"1382-f",0,0,1,1,0,37,0,1476496053721,"true",0,1,"split"
"1382-f",1,0,2,0,2,36,1,1476496042535,"true",0,0,"far"
"1382-f",0,1,2,0,1,35,1,1476496029946,"true",0,0,"far"
"1382-f",1,0,1,0,2,34,0,1476496017783,"true",0,1,"split"
"1382-f",0,0,1,1,0,33,0,1476496001580,"true",0,1,"split"
"1382-f",0,0,1,1,0,32,0,1476495992508,"true",0,1,"split"
"1382-f",0,1,2,0,1,50,1,1476496290415,"true",0,0,"split"
