"gameid","sClicked_2","sClicked_1","lClickedIndex","sClicked_0","sClickedIndex","roundNum","lClicked_2","time","outcome","lClicked_0","lClicked_1","condition"
"1397-6",0,0,0,1,0,42,0,1476999260718,"true",1,0,"close"
"1397-6",0,0,1,1,0,48,0,1476999368023,"true",0,1,"far"
"1397-6",0,0,1,1,0,43,0,1476999290105,"true",0,1,"close"
"1397-6",0,0,2,1,0,49,1,1476999400393,"true",0,0,"close"
"1397-6",1,0,0,0,2,24,0,1476998981813,"true",1,0,"far"
"1397-6",0,1,2,0,1,25,1,1476998991853,"true",0,0,"far"
"1397-6",1,0,2,0,2,26,1,1476999010993,"true",0,0,"split"
"1397-6",1,0,1,0,2,27,0,1476999021013,"true",0,1,"far"
"1397-6",1,0,1,0,2,20,0,1476998943326,"true",0,1,"close"
"1397-6",1,0,0,0,2,21,0,1476998949824,"true",1,0,"far"
"1397-6",0,0,2,1,0,22,1,1476998958514,"true",0,0,"split"
"1397-6",0,1,0,0,1,23,0,1476998974035,"false",1,0,"close"
"1397-6",0,1,2,0,1,46,1,1476999349420,"false",0,0,"split"
"1397-6",0,0,0,1,0,47,0,1476999358094,"true",1,0,"far"
"1397-6",0,1,2,0,1,44,1,1476999307035,"false",0,0,"split"
"1397-6",0,1,0,0,1,45,0,1476999338773,"false",1,0,"close"
"1397-6",1,0,1,0,2,28,0,1476999040993,"true",0,1,"split"
"1397-6",0,1,2,0,1,29,1,1476999048723,"true",0,0,"far"
"1397-6",0,0,1,1,0,40,0,1476999234233,"true",0,1,"close"
"1397-6",0,1,0,0,1,41,0,1476999248843,"true",1,0,"split"
"1397-6",0,1,1,0,1,1,0,1476998730973,"true",0,1,"split"
"1397-6",0,1,0,0,1,3,0,1476998751041,"true",1,0,"far"
"1397-6",1,0,1,0,2,2,0,1476998741023,"true",0,1,"far"
"1397-6",0,1,0,0,1,5,0,1476998768434,"true",1,0,"far"
"1397-6",0,0,2,1,0,4,1,1476998762034,"true",0,0,"split"
"1397-6",0,0,2,1,0,7,1,1476998787964,"true",0,0,"far"
"1397-6",0,1,2,0,1,6,1,1476998779934,"true",0,0,"split"
"1397-6",1,0,1,0,2,9,0,1476998803305,"true",0,1,"far"
"1397-6",0,1,0,0,1,8,0,1476998795932,"true",1,0,"far"
"1397-6",0,0,1,1,0,39,0,1476999218074,"false",0,1,"close"
"1397-6",0,0,0,1,0,38,0,1476999199375,"true",1,0,"split"
"1397-6",1,0,0,0,2,11,0,1476998826065,"false",1,0,"close"
"1397-6",1,0,2,0,2,10,1,1476998815294,"true",0,0,"split"
"1397-6",0,1,1,0,1,13,0,1476998847313,"true",0,1,"split"
"1397-6",1,0,1,0,2,12,0,1476998836644,"true",0,1,"close"
"1397-6",0,0,2,1,0,15,1,1476998888732,"true",0,0,"split"
"1397-6",0,1,0,0,1,14,0,1476998881514,"true",1,0,"split"
"1397-6",1,0,1,0,2,17,0,1476998911882,"false",0,1,"close"
"1397-6",0,1,1,0,1,16,0,1476998898974,"true",0,1,"close"
"1397-6",1,0,2,0,2,19,1,1476998932073,"true",0,0,"far"
"1397-6",0,1,1,0,1,18,0,1476998924113,"true",0,1,"close"
"1397-6",1,0,0,0,2,31,0,1476999092734,"true",1,0,"close"
"1397-6",0,1,1,0,1,30,0,1476999076193,"false",0,1,"close"
"1397-6",0,0,2,1,0,37,1,1476999182207,"true",0,0,"far"
"1397-6",0,0,1,1,0,36,0,1476999166853,"true",0,1,"far"
"1397-6",0,1,0,0,1,35,0,1476999158994,"true",1,0,"split"
"1397-6",1,0,2,0,2,34,1,1476999143543,"true",0,0,"split"
"1397-6",0,1,1,0,1,33,0,1476999134834,"true",0,1,"split"
"1397-6",0,1,0,0,1,32,0,1476999107984,"true",1,0,"close"
"1397-6",0,1,0,0,1,50,0,1476999413117,"true",1,0,"far"
