"gameid","sClicked_2","sClicked_1","lClickedIndex","sClicked_0","sClickedIndex","roundNum","lClicked_2","time","outcome","lClicked_0","lClicked_1","condition"
"1400-6",0,1,1,0,1,42,0,1476996012726,"true",0,1,"close"
"1400-6",1,0,1,0,2,48,0,1476996053089,"true",0,1,"far"
"1400-6",0,1,1,0,1,43,0,1476996018671,"true",0,1,"far"
"1400-6",0,1,0,0,1,49,0,1476996059040,"true",1,0,"far"
"1400-6",0,0,2,1,0,24,1,1476995837495,"true",0,0,"close"
"1400-6",0,0,2,1,0,25,1,1476995844085,"true",0,0,"far"
"1400-6",0,0,2,1,0,26,1,1476995851231,"true",0,0,"split"
"1400-6",1,0,2,0,2,27,1,1476995860139,"false",0,0,"split"
"1400-6",0,0,2,1,0,20,1,1476995799354,"true",0,0,"split"
"1400-6",0,1,0,0,1,21,0,1476995807034,"false",1,0,"close"
"1400-6",1,0,0,0,2,22,0,1476995815024,"true",1,0,"split"
"1400-6",0,0,0,1,0,23,0,1476995827955,"true",1,0,"close"
"1400-6",0,1,2,0,1,46,1,1476996037844,"true",0,0,"split"
"1400-6",0,1,0,0,1,47,0,1476996046699,"true",1,0,"close"
"1400-6",0,0,1,1,0,44,0,1476996024509,"true",0,1,"far"
"1400-6",0,1,2,0,1,45,1,1476996031124,"true",0,0,"far"
"1400-6",0,1,0,0,1,28,0,1476995869405,"true",1,0,"close"
"1400-6",0,0,0,1,0,29,0,1476995886785,"true",1,0,"split"
"1400-6",0,1,1,0,1,40,0,1476995991340,"true",0,1,"far"
"1400-6",0,0,1,1,0,41,0,1476995998356,"true",0,1,"far"
"1400-6",0,1,1,0,1,1,0,1476995613871,"true",0,1,"far"
"1400-6",0,0,0,1,0,3,0,1476995629306,"true",1,0,"close"
"1400-6",1,0,1,0,2,2,0,1476995619780,"true",0,1,"far"
"1400-6",0,1,2,0,1,5,1,1476995647727,"true",0,0,"far"
"1400-6",1,0,1,0,2,4,0,1476995640992,"true",0,1,"split"
"1400-6",0,0,0,1,0,7,0,1476995671139,"true",1,0,"close"
"1400-6",0,1,1,0,1,6,0,1476995654241,"true",0,1,"close"
"1400-6",1,0,2,0,2,9,1,1476995692887,"true",0,0,"split"
"1400-6",1,0,2,0,2,8,1,1476995680205,"true",0,0,"split"
"1400-6",0,1,2,0,1,39,1,1476995985825,"true",0,0,"split"
"1400-6",1,0,1,0,2,38,0,1476995979310,"true",0,1,"far"
"1400-6",0,0,2,1,0,11,1,1476995707941,"true",0,0,"far"
"1400-6",0,1,1,0,1,10,0,1476995700685,"false",0,1,"split"
"1400-6",0,1,1,0,1,13,0,1476995731029,"true",0,1,"split"
"1400-6",1,0,0,0,2,12,0,1476995720489,"true",1,0,"split"
"1400-6",0,1,2,0,1,15,1,1476995746450,"true",0,0,"far"
"1400-6",0,1,2,0,1,14,1,1476995739615,"true",0,0,"close"
"1400-6",1,0,0,0,2,17,0,1476995764316,"true",1,0,"close"
"1400-6",0,1,2,0,1,16,1,1476995754570,"true",0,0,"close"
"1400-6",0,0,2,1,0,19,1,1476995781852,"true",0,0,"far"
"1400-6",1,0,0,0,2,18,0,1476995775277,"true",1,0,"split"
"1400-6",1,0,0,0,2,31,0,1476995900881,"true",1,0,"far"
"1400-6",0,1,2,0,1,30,1,1476995893911,"true",0,0,"split"
"1400-6",1,0,2,0,2,37,1,1476995973711,"false",0,0,"split"
"1400-6",1,0,2,0,2,36,1,1476995966609,"true",0,0,"close"
"1400-6",0,0,0,1,0,35,0,1476995960177,"true",1,0,"close"
"1400-6",0,0,2,1,0,34,1,1476995928640,"true",0,0,"close"
"1400-6",0,1,1,0,1,33,0,1476995922015,"true",0,1,"close"
"1400-6",0,1,1,0,1,32,0,1476995913120,"false",0,1,"far"
"1400-6",0,0,2,1,0,50,1,1476996070482,"false",0,0,"close"
