"gameid","sClicked_2","sClicked_1","lClickedIndex","sClicked_0","sClickedIndex","roundNum","lClicked_2","time","outcome","lClicked_0","lClicked_1","condition"
"1404-9",0,1,2,0,1,42,1,1476990081046,"true",0,0,"close"
"1404-9",0,1,0,0,1,48,0,1476990149364,"true",1,0,"far"
"1404-9",1,0,0,0,2,43,0,1476990090028,"true",1,0,"far"
"1404-9",0,1,2,0,1,49,1,1476990157178,"true",0,0,"close"
"1404-9",0,1,1,0,1,24,0,1476989793195,"true",0,1,"far"
"1404-9",0,0,0,1,0,25,0,1476989801154,"true",1,0,"far"
"1404-9",0,0,2,1,0,26,1,1476989809240,"true",0,0,"close"
"1404-9",1,0,1,0,2,27,0,1476989818690,"true",0,1,"far"
"1404-9",1,0,2,0,2,20,1,1476989675231,"true",0,0,"split"
"1404-9",1,0,0,0,2,21,0,1476989694070,"true",1,0,"far"
"1404-9",0,0,0,1,0,22,0,1476989754775,"true",1,0,"split"
"1404-9",0,1,1,0,1,23,0,1476989766924,"false",0,1,"split"
"1404-9",0,1,2,0,1,46,1,1476990127009,"true",0,0,"far"
"1404-9",1,0,2,0,2,47,1,1476990141273,"true",0,0,"close"
"1404-9",1,0,0,0,2,44,0,1476990097914,"true",1,0,"far"
"1404-9",0,0,2,1,0,45,1,1476990119318,"true",0,0,"close"
"1404-9",0,0,2,1,0,28,1,1476989838531,"true",0,0,"split"
"1404-9",0,0,2,1,0,29,1,1476989846549,"true",0,0,"close"
"1404-9",0,0,2,1,0,40,1,1476990061840,"false",0,0,"close"
"1404-9",0,1,1,0,1,41,0,1476990071062,"true",0,1,"split"
"1404-9",0,1,0,0,1,1,0,1476989333884,"true",1,0,"split"
"1404-9",0,0,2,1,0,3,1,1476989379524,"true",0,0,"close"
"1404-9",1,0,1,0,2,2,0,1476989346550,"true",0,1,"split"
"1404-9",1,0,2,0,2,5,1,1476989402742,"true",0,0,"far"
"1404-9",0,1,0,0,1,4,0,1476989392869,"true",1,0,"split"
"1404-9",0,1,0,0,1,7,0,1476989441515,"true",1,0,"close"
"1404-9",0,1,1,0,1,6,0,1476989414891,"true",0,1,"far"
"1404-9",0,1,2,0,1,9,1,1476989460793,"true",0,0,"far"
"1404-9",0,1,0,0,1,8,0,1476989452072,"true",1,0,"far"
"1404-9",0,0,2,1,0,38,1,1476990032506,"true",0,0,"far"
"1404-9",0,1,2,0,1,11,1,1476989502364,"true",0,0,"far"
"1404-9",0,0,0,1,0,10,0,1476989488424,"true",1,0,"split"
"1404-9",1,0,1,0,2,39,0,1476990050863,"true",0,1,"split"
"1404-9",0,1,2,0,1,12,1,1476989509160,"true",0,0,"far"
"1404-9",0,0,0,1,0,15,0,1476989591247,"true",1,0,"split"
"1404-9",0,1,2,0,1,14,1,1476989574723,"true",0,0,"close"
"1404-9",0,1,2,0,1,17,1,1476989615422,"true",0,0,"close"
"1404-9",0,1,0,0,1,16,0,1476989599607,"true",1,0,"split"
"1404-9",1,0,2,0,2,19,1,1476989649726,"false",0,0,"split"
"1404-9",1,0,1,0,2,18,0,1476989640382,"false",0,1,"close"
"1404-9",1,0,1,0,2,31,0,1476989861158,"true",0,1,"far"
"1404-9",0,1,0,0,1,30,0,1476989854490,"true",1,0,"far"
"1404-9",0,0,2,1,0,37,1,1476990023735,"false",0,0,"close"
"1404-9",0,0,0,1,0,36,0,1476990002164,"true",1,0,"close"
"1404-9",0,1,0,0,1,35,0,1476989921663,"true",1,0,"close"
"1404-9",0,0,0,1,0,34,0,1476989894488,"true",1,0,"split"
"1404-9",0,0,0,1,0,33,0,1476989886135,"true",1,0,"split"
"1404-9",1,0,2,0,2,32,1,1476989872422,"true",0,0,"split"
"1404-9",0,1,0,0,1,50,0,1476990165331,"true",1,0,"close"
