"gameid","sClicked_2","sClicked_1","lClickedIndex","sClicked_0","sClickedIndex","roundNum","lClicked_2","time","outcome","lClicked_0","lClicked_1","condition"
"1406-5",0,0,0,1,0,42,0,1476503997128,"true",1,0,"far"
"1406-5",0,1,2,0,1,48,1,1476504105584,"true",0,0,"split"
"1406-5",0,1,2,0,1,43,1,1476504012103,"true",0,0,"split"
"1406-5",0,0,1,1,0,49,0,1476504124851,"true",0,1,"far"
"1406-5",0,1,2,0,1,24,1,1476503818391,"true",0,0,"split"
"1406-5",0,0,0,1,0,25,0,1476503826458,"true",1,0,"far"
"1406-5",0,0,0,1,0,26,0,1476503841219,"true",1,0,"split"
"1406-5",1,0,0,0,2,27,0,1476503848711,"true",1,0,"split"
"1406-5",0,1,2,0,1,20,1,1476503785642,"true",0,0,"close"
"1406-5",0,1,0,0,1,21,0,1476503792651,"true",1,0,"split"
"1406-5",0,1,2,0,1,22,1,1476503803609,"true",0,0,"far"
"1406-5",0,1,1,0,1,23,0,1476503809789,"true",0,1,"split"
"1406-5",0,0,2,1,0,46,1,1476504053138,"true",0,0,"far"
"1406-5",0,1,2,0,1,47,1,1476504092145,"true",0,0,"far"
"1406-5",0,1,1,0,1,44,0,1476504021620,"true",0,1,"close"
"1406-5",0,1,1,0,1,45,0,1476504045144,"true",0,1,"close"
"1406-5",1,0,1,0,2,28,0,1476503855440,"true",0,1,"split"
"1406-5",0,1,2,0,1,29,1,1476503862457,"true",0,0,"far"
"1406-5",0,1,0,0,1,40,0,1476503980292,"true",1,0,"far"
"1406-5",0,1,2,0,1,41,1,1476503990434,"true",0,0,"split"
"1406-5",0,1,2,0,1,1,1,1476503477357,"true",0,0,"split"
"1406-5",0,0,0,1,0,3,0,1476503520217,"true",1,0,"close"
"1406-5",1,0,2,0,2,2,1,1476503512877,"true",0,0,"close"
"1406-5",0,1,0,0,1,5,0,1476503535783,"true",1,0,"far"
"1406-5",1,0,1,0,2,4,0,1476503528700,"true",0,1,"split"
"1406-5",0,1,0,0,1,7,0,1476503551957,"true",1,0,"close"
"1406-5",1,0,2,0,2,6,1,1476503542735,"true",0,0,"far"
"1406-5",0,0,0,1,0,9,0,1476503580630,"true",1,0,"close"
"1406-5",1,0,0,0,2,8,0,1476503562343,"true",1,0,"close"
"1406-5",0,0,0,1,0,39,0,1476503972981,"true",1,0,"split"
"1406-5",0,1,2,0,1,38,1,1476503965729,"true",0,0,"close"
"1406-5",1,0,0,0,2,11,0,1476503608327,"true",1,0,"split"
"1406-5",0,0,2,1,0,10,1,1476503589664,"true",0,0,"split"
"1406-5",1,0,2,0,2,13,1,1476503672539,"true",0,0,"close"
"1406-5",0,0,1,1,0,12,0,1476503664022,"false",0,1,"far"
"1406-5",1,0,0,0,2,15,0,1476503686434,"true",1,0,"far"
"1406-5",0,0,0,1,0,14,0,1476503679162,"true",1,0,"far"
"1406-5",1,0,1,0,2,17,0,1476503712820,"true",0,1,"far"
"1406-5",0,0,1,1,0,16,0,1476503701547,"true",0,1,"split"
"1406-5",1,0,1,0,2,19,0,1476503748130,"false",0,1,"close"
"1406-5",0,1,1,0,1,18,0,1476503724610,"true",0,1,"close"
"1406-5",0,1,0,0,1,31,0,1476503885459,"true",1,0,"close"
"1406-5",0,0,2,1,0,30,1,1476503875747,"true",0,0,"close"
"1406-5",0,0,0,1,0,37,0,1476503944944,"true",1,0,"close"
"1406-5",0,1,1,0,1,36,0,1476503937058,"true",0,1,"close"
"1406-5",1,0,0,0,2,35,0,1476503925077,"true",1,0,"far"
"1406-5",1,0,1,0,2,34,0,1476503913546,"true",0,1,"far"
"1406-5",0,1,0,0,1,33,0,1476503907110,"true",1,0,"split"
"1406-5",1,0,0,0,2,32,0,1476503893431,"true",1,0,"far"
"1406-5",1,0,1,0,2,50,0,1476504146643,"true",0,1,"split"
