"gameid","sClicked_2","sClicked_1","lClickedIndex","sClicked_0","sClickedIndex","roundNum","lClicked_2","time","outcome","lClicked_0","lClicked_1","condition"
"1410-0",0,0,2,1,0,42,1,1476495362635,"true",0,0,"far"
"1410-0",0,1,2,0,1,48,1,1476495591897,"true",0,0,"split"
"1410-0",0,1,0,0,1,43,0,1476495419507,"true",1,0,"split"
"1410-0",0,1,2,0,1,49,1,1476495600216,"true",0,0,"far"
"1410-0",0,1,0,0,1,24,0,1476494973995,"true",1,0,"close"
"1410-0",0,0,1,1,0,25,0,1476495006311,"false",0,1,"close"
"1410-0",1,0,0,0,2,26,0,1476495060236,"true",1,0,"close"
"1410-0",1,0,2,0,2,27,1,1476495097827,"true",0,0,"close"
"1410-0",0,0,1,1,0,20,0,1476494846897,"true",0,1,"split"
"1410-0",0,0,1,1,0,21,0,1476494884328,"true",0,1,"split"
"1410-0",0,1,1,0,1,22,0,1476494893302,"true",0,1,"far"
"1410-0",1,0,1,0,2,23,0,1476494953582,"true",0,1,"close"
"1410-0",0,0,1,1,0,46,0,1476495462895,"true",0,1,"far"
"1410-0",0,1,2,0,1,47,1,1476495526796,"true",0,0,"close"
"1410-0",0,1,0,0,1,44,0,1476495434808,"true",1,0,"split"
"1410-0",0,1,1,0,1,45,0,1476495444008,"true",0,1,"far"
"1410-0",1,0,2,0,2,28,1,1476495131142,"true",0,0,"close"
"1410-0",1,0,0,0,2,29,0,1476495141079,"true",1,0,"far"
"1410-0",0,1,0,0,1,40,0,1476495342879,"true",1,0,"far"
"1410-0",1,0,0,0,2,41,0,1476495353962,"true",1,0,"far"
"1410-0",0,1,0,0,1,1,0,1476494456655,"true",1,0,"close"
"1410-0",1,0,2,0,2,3,1,1476494496902,"true",0,0,"split"
"1410-0",1,0,0,0,2,2,0,1476494469103,"false",1,0,"split"
"1410-0",0,1,1,0,1,5,0,1476494534495,"true",0,1,"close"
"1410-0",0,0,1,1,0,4,0,1476494520375,"true",0,1,"close"
"1410-0",1,0,1,0,2,7,0,1476494577301,"false",0,1,"close"
"1410-0",1,0,0,0,2,6,0,1476494547360,"true",1,0,"far"
"1410-0",0,1,0,0,1,9,0,1476494628424,"true",1,0,"close"
"1410-0",0,1,2,0,1,8,1,1476494601593,"true",0,0,"far"
"1410-0",1,0,2,0,2,39,1,1476495322652,"true",0,0,"split"
"1410-0",0,0,0,1,0,38,0,1476495311800,"true",1,0,"close"
"1410-0",0,1,2,0,1,11,1,1476494689280,"true",0,0,"far"
"1410-0",0,1,2,0,1,10,1,1476494654486,"true",0,0,"split"
"1410-0",0,0,2,1,0,13,1,1476494714140,"true",0,0,"split"
"1410-0",0,0,0,1,0,12,0,1476494699188,"true",1,0,"far"
"1410-0",1,0,1,0,2,15,0,1476494740305,"true",0,1,"far"
"1410-0",0,0,1,1,0,14,0,1476494727522,"true",0,1,"far"
"1410-0",0,0,0,1,0,17,0,1476494777966,"false",1,0,"split"
"1410-0",1,0,1,0,2,16,0,1476494757511,"true",0,1,"close"
"1410-0",0,1,0,0,1,19,0,1476494829405,"true",1,0,"far"
"1410-0",0,1,2,0,1,18,1,1476494819556,"true",0,0,"split"
"1410-0",1,0,0,0,2,31,0,1476495160882,"true",1,0,"far"
"1410-0",0,1,0,0,1,30,0,1476495153136,"true",1,0,"split"
"1410-0",0,0,0,1,0,37,0,1476495290376,"true",1,0,"close"
"1410-0",1,0,1,0,2,36,0,1476495265295,"false",0,1,"close"
"1410-0",1,0,1,0,2,35,0,1476495239078,"true",0,1,"split"
"1410-0",1,0,0,0,2,34,0,1476495205733,"false",1,0,"split"
"1410-0",0,0,2,1,0,33,1,1476495178459,"true",0,0,"split"
"1410-0",1,0,2,0,2,32,1,1476495168103,"true",0,0,"far"
"1410-0",0,0,2,1,0,50,1,1476495635411,"true",0,0,"close"
