"gameid","sClicked_2","sClicked_1","lClickedIndex","sClicked_0","sClickedIndex","roundNum","lClicked_2","time","outcome","lClicked_0","lClicked_1","condition"
"1420-4",1,0,2,0,2,42,1,1476499845195,"true",0,0,"split"
"1420-4",1,0,1,0,2,48,0,1476499956012,"true",0,1,"far"
"1420-4",1,0,0,0,2,43,0,1476499871516,"true",1,0,"close"
"1420-4",1,0,2,0,2,49,1,1476499966606,"true",0,0,"far"
"1420-4",0,0,1,1,0,24,0,1476499542257,"true",0,1,"far"
"1420-4",1,0,2,0,2,25,1,1476499551955,"true",0,0,"far"
"1420-4",0,1,0,0,1,26,0,1476499564733,"true",1,0,"split"
"1420-4",0,1,1,0,1,27,0,1476499585646,"true",0,1,"split"
"1420-4",0,0,2,1,0,20,1,1476499486674,"true",0,0,"split"
"1420-4",0,0,0,1,0,21,0,1476499497439,"true",1,0,"far"
"1420-4",1,0,1,0,2,22,0,1476499513295,"true",0,1,"far"
"1420-4",1,0,1,0,2,23,0,1476499528010,"true",0,1,"close"
"1420-4",0,1,1,0,1,46,0,1476499932190,"true",0,1,"close"
"1420-4",0,1,2,0,1,47,1,1476499947615,"true",0,0,"split"
"1420-4",0,1,0,0,1,44,0,1476499892489,"true",1,0,"split"
"1420-4",1,0,2,0,2,45,1,1476499908472,"true",0,0,"close"
"1420-4",0,0,1,1,0,28,0,1476499599554,"false",0,1,"close"
"1420-4",1,0,2,0,2,29,1,1476499620673,"true",0,0,"split"
"1420-4",0,1,0,0,1,40,0,1476499816628,"false",1,0,"split"
"1420-4",0,1,1,0,1,41,0,1476499833054,"true",0,1,"split"
"1420-4",0,0,1,1,0,1,0,1476499078207,"false",0,1,"split"
"1420-4",1,0,2,0,2,3,1,1476499101538,"false",0,0,"close"
"1420-4",0,1,1,0,1,2,0,1476499091899,"false",0,1,"split"
"1420-4",1,0,2,0,2,5,1,1476499159616,"true",0,0,"far"
"1420-4",0,0,2,1,0,4,1,1476499147505,"true",0,0,"split"
"1420-4",0,1,1,0,1,7,0,1476499204652,"false",0,1,"split"
"1420-4",1,0,2,0,2,6,1,1476499185788,"true",0,0,"split"
"1420-4",1,0,2,0,2,9,1,1476499295879,"true",0,0,"close"
"1420-4",1,0,2,0,2,8,1,1476499275130,"true",0,0,"close"
"1420-4",1,0,1,0,2,39,0,1476499797312,"true",0,1,"far"
"1420-4",0,1,2,0,1,38,1,1476499786016,"true",0,0,"close"
"1420-4",0,1,2,0,1,11,1,1476499338383,"true",0,0,"close"
"1420-4",0,0,2,1,0,10,1,1476499324693,"true",0,0,"close"
"1420-4",1,0,2,0,2,13,1,1476499383312,"true",0,0,"close"
"1420-4",1,0,0,0,2,12,0,1476499349238,"true",1,0,"far"
"1420-4",0,1,2,0,1,15,1,1476499414217,"false",0,0,"close"
"1420-4",1,0,0,0,2,14,0,1476499404209,"false",1,0,"split"
"1420-4",1,0,2,0,2,17,1,1476499451430,"true",0,0,"far"
"1420-4",1,0,0,0,2,16,0,1476499439891,"true",1,0,"close"
"1420-4",0,0,1,1,0,19,0,1476499476620,"true",0,1,"far"
"1420-4",0,0,2,1,0,18,1,1476499460048,"true",0,0,"far"
"1420-4",0,0,2,1,0,31,1,1476499645551,"true",0,0,"far"
"1420-4",0,0,2,1,0,30,1,1476499632717,"true",0,0,"split"
"1420-4",0,1,2,0,1,37,1,1476499763148,"true",0,0,"far"
"1420-4",0,0,1,1,0,36,0,1476499751407,"true",0,1,"split"
"1420-4",0,1,0,0,1,35,0,1476499743489,"true",1,0,"close"
"1420-4",1,0,1,0,2,34,0,1476499725953,"true",0,1,"far"
"1420-4",1,0,1,0,2,33,0,1476499717454,"true",0,1,"close"
"1420-4",0,1,2,0,1,32,1,1476499661236,"false",0,0,"close"
"1420-4",1,0,2,0,2,50,1,1476499975492,"true",0,0,"far"
