"gameid","sClicked_2","sClicked_1","lClickedIndex","sClicked_0","sClickedIndex","roundNum","lClicked_2","time","outcome","lClicked_0","lClicked_1","condition"
"1421-1",1,0,1,0,2,42,0,1476488030613,"true",0,1,"split"
"1421-1",0,0,1,1,0,48,0,1476488149746,"true",0,1,"split"
"1421-1",1,0,1,0,2,43,0,1476488057180,"false",0,1,"close"
"1421-1",0,1,0,0,1,49,0,1476488157403,"true",1,0,"far"
"1421-1",1,0,2,0,2,24,1,1476487831639,"true",0,0,"far"
"1421-1",0,1,2,0,1,25,1,1476487842168,"true",0,0,"far"
"1421-1",0,1,1,0,1,26,0,1476487852343,"true",0,1,"split"
"1421-1",1,0,2,0,2,27,1,1476487860711,"true",0,0,"far"
"1421-1",0,1,0,0,1,20,0,1476487778905,"true",1,0,"far"
"1421-1",0,1,1,0,1,21,0,1476487802153,"true",0,1,"close"
"1421-1",0,0,1,1,0,22,0,1476487815928,"false",0,1,"split"
"1421-1",0,0,1,1,0,23,0,1476487824144,"true",0,1,"far"
"1421-1",1,0,1,0,2,46,0,1476488126827,"true",0,1,"close"
"1421-1",0,1,0,0,1,47,0,1476488142850,"true",1,0,"close"
"1421-1",1,0,0,0,2,44,0,1476488089195,"true",1,0,"close"
"1421-1",0,0,0,1,0,45,0,1476488118091,"true",1,0,"close"
"1421-1",0,0,2,1,0,28,1,1476487879032,"true",0,0,"far"
"1421-1",0,1,2,0,1,29,1,1476487891270,"true",0,0,"close"
"1421-1",0,1,1,0,1,40,0,1476488010844,"true",0,1,"split"
"1421-1",1,0,1,0,2,41,0,1476488020484,"true",0,1,"close"
"1421-1",0,0,1,1,0,1,0,1476487494542,"true",0,1,"far"
"1421-1",0,1,1,0,1,3,0,1476487531284,"false",0,1,"split"
"1421-1",0,1,1,0,1,2,0,1476487507276,"true",0,1,"close"
"1421-1",1,0,1,0,2,5,0,1476487565476,"true",0,1,"far"
"1421-1",0,1,2,0,1,4,1,1476487555270,"true",0,0,"close"
"1421-1",0,0,2,1,0,7,1,1476487615358,"true",0,0,"far"
"1421-1",1,0,1,0,2,6,0,1476487605066,"true",0,1,"close"
"1421-1",0,1,2,0,1,9,1,1476487636028,"true",0,0,"far"
"1421-1",0,0,0,1,0,8,0,1476487626723,"true",1,0,"far"
"1421-1",0,1,1,0,1,39,0,1476488002797,"true",0,1,"far"
"1421-1",0,1,1,0,1,38,0,1476487995821,"true",0,1,"close"
"1421-1",0,0,1,1,0,11,0,1476487652938,"true",0,1,"split"
"1421-1",0,0,2,1,0,10,1,1476487646267,"true",0,0,"far"
"1421-1",0,1,1,0,1,13,0,1476487682764,"false",0,1,"split"
"1421-1",0,1,0,0,1,12,0,1476487661762,"true",1,0,"close"
"1421-1",0,0,2,1,0,15,1,1476487706226,"true",0,0,"split"
"1421-1",0,0,1,1,0,14,0,1476487693338,"true",0,1,"split"
"1421-1",1,0,1,0,2,17,0,1476487735113,"true",0,1,"close"
"1421-1",1,0,1,0,2,16,0,1476487719484,"true",0,1,"split"
"1421-1",0,0,1,1,0,19,0,1476487766193,"true",0,1,"split"
"1421-1",0,0,0,1,0,18,0,1476487757399,"true",1,0,"close"
"1421-1",0,0,1,1,0,31,0,1476487906046,"true",0,1,"split"
"1421-1",0,1,1,0,1,30,0,1476487899190,"true",0,1,"far"
"1421-1",1,0,2,0,2,37,1,1476487981390,"false",0,0,"far"
"1421-1",0,0,2,1,0,36,1,1476487971309,"true",0,0,"close"
"1421-1",1,0,1,0,2,35,0,1476487959437,"false",0,1,"close"
"1421-1",0,0,2,1,0,34,1,1476487936478,"true",0,0,"far"
"1421-1",0,1,0,0,1,33,0,1476487924326,"true",1,0,"split"
"1421-1",0,0,1,1,0,32,0,1476487916246,"true",0,1,"split"
"1421-1",0,0,1,1,0,50,0,1476488176362,"true",0,1,"split"
