"gameid","sClicked_2","sClicked_1","lClickedIndex","sClicked_0","sClickedIndex","roundNum","lClicked_2","time","outcome","lClicked_0","lClicked_1","condition"
"1468-7",0,1,0,0,1,42,0,1476990654994,"true",1,0,"close"
"1468-7",1,0,2,0,2,48,1,1476990735430,"true",0,0,"close"
"1468-7",0,1,2,0,1,43,1,1476990661613,"false",0,0,"far"
"1468-7",1,0,0,0,2,49,0,1476990752998,"true",1,0,"split"
"1468-7",1,0,1,0,2,24,0,1476990419605,"true",0,1,"split"
"1468-7",1,0,1,0,2,25,0,1476990436846,"true",0,1,"close"
"1468-7",0,1,2,0,1,26,1,1476990448270,"false",0,0,"split"
"1468-7",1,0,1,0,2,27,0,1476990464045,"true",0,1,"close"
"1468-7",0,1,2,0,1,20,1,1476990364506,"true",0,0,"far"
"1468-7",0,0,0,1,0,21,0,1476990392675,"true",1,0,"split"
"1468-7",0,1,2,0,1,22,1,1476990399580,"true",0,0,"far"
"1468-7",1,0,1,0,2,23,0,1476990409896,"true",0,1,"split"
"1468-7",1,0,0,0,2,46,0,1476990695716,"true",1,0,"far"
"1468-7",0,1,2,0,1,47,1,1476990714758,"false",0,0,"close"
"1468-7",0,1,2,0,1,44,1,1476990681029,"true",0,0,"close"
"1468-7",0,0,0,1,0,45,0,1476990689507,"true",1,0,"far"
"1468-7",0,0,0,1,0,28,0,1476990473591,"true",1,0,"far"
"1468-7",1,0,2,0,2,29,1,1476990510324,"true",0,0,"close"
"1468-7",1,0,0,0,2,40,0,1476990640759,"true",1,0,"split"
"1468-7",1,0,2,0,2,41,1,1476990647309,"true",0,0,"far"
"1468-7",0,0,2,1,0,1,1,1476990116276,"true",0,0,"far"
"1468-7",0,0,1,1,0,3,0,1476990139975,"false",0,1,"close"
"1468-7",0,0,2,1,0,2,1,1476990125675,"true",0,0,"split"
"1468-7",0,0,0,1,0,5,0,1476990168436,"true",1,0,"close"
"1468-7",0,0,2,1,0,4,1,1476990150962,"true",0,0,"far"
"1468-7",0,1,2,0,1,7,1,1476990198060,"true",0,0,"split"
"1468-7",0,0,1,1,0,6,0,1476990180275,"true",0,1,"close"
"1468-7",1,0,0,0,2,9,0,1476990226981,"true",1,0,"far"
"1468-7",1,0,2,0,2,8,1,1476990217087,"false",0,0,"far"
"1468-7",0,0,1,1,0,39,0,1476990622816,"true",0,1,"split"
"1468-7",0,0,1,1,0,38,0,1476990613138,"true",0,1,"split"
"1468-7",1,0,1,0,2,11,0,1476990259675,"true",0,1,"close"
"1468-7",0,1,1,0,1,10,0,1476990238844,"true",0,1,"split"
"1468-7",0,0,2,1,0,13,1,1476990280614,"true",0,0,"split"
"1468-7",0,1,1,0,1,12,0,1476990269186,"true",0,1,"far"
"1468-7",1,0,0,0,2,15,0,1476990298251,"true",1,0,"far"
"1468-7",0,1,2,0,1,14,1,1476990289349,"true",0,0,"far"
"1468-7",1,0,1,0,2,17,0,1476990319996,"true",0,1,"far"
"1468-7",0,0,2,1,0,16,1,1476990310341,"false",0,0,"close"
"1468-7",0,0,2,1,0,19,1,1476990356412,"false",0,0,"close"
"1468-7",1,0,0,0,2,18,0,1476990335860,"true",1,0,"close"
"1468-7",1,0,0,0,2,31,0,1476990525144,"true",1,0,"split"
"1468-7",1,0,2,0,2,30,1,1476990516636,"true",0,0,"far"
"1468-7",0,0,0,1,0,37,0,1476990600814,"true",1,0,"close"
"1468-7",1,0,1,0,2,36,0,1476990589372,"true",0,1,"close"
"1468-7",1,0,0,0,2,35,0,1476990575870,"true",1,0,"split"
"1468-7",0,1,1,0,1,34,0,1476990566347,"true",0,1,"far"
"1468-7",0,0,0,1,0,33,0,1476990559895,"true",1,0,"split"
"1468-7",0,1,0,0,1,32,0,1476990544091,"true",1,0,"close"
"1468-7",0,0,1,1,0,50,0,1476990764850,"true",0,1,"split"
