"gameid","sClicked_2","sClicked_1","lClickedIndex","sClicked_0","sClickedIndex","roundNum","lClicked_2","time","outcome","lClicked_0","lClicked_1","condition"
"1470-6",1,0,0,0,2,42,0,1476999866855,"true",1,0,"split"
"1470-6",0,1,1,0,1,48,0,1476999930925,"true",0,1,"far"
"1470-6",1,0,2,0,2,43,1,1476999886718,"true",0,0,"close"
"1470-6",0,0,2,1,0,49,1,1476999940481,"true",0,0,"split"
"1470-6",0,0,2,1,0,24,1,1476999689564,"true",0,0,"far"
"1470-6",0,1,1,0,1,25,0,1476999700549,"true",0,1,"far"
"1470-6",1,0,1,0,2,26,0,1476999706799,"true",0,1,"far"
"1470-6",0,0,1,1,0,27,0,1476999721764,"true",0,1,"close"
"1470-6",0,1,0,0,1,20,0,1476999636555,"true",1,0,"close"
"1470-6",1,0,2,0,2,21,1,1476999662784,"true",0,0,"close"
"1470-6",1,0,1,0,2,22,0,1476999673923,"true",0,1,"close"
"1470-6",1,0,0,0,2,23,0,1476999680938,"true",1,0,"split"
"1470-6",0,1,1,0,1,46,0,1476999919228,"true",0,1,"far"
"1470-6",1,0,1,0,2,47,0,1476999924920,"true",0,1,"far"
"1470-6",1,0,0,0,2,44,0,1476999907710,"true",1,0,"close"
"1470-6",0,1,1,0,1,45,0,1476999913510,"true",0,1,"far"
"1470-6",0,1,2,0,1,28,1,1476999727914,"true",0,0,"split"
"1470-6",0,0,2,1,0,29,1,1476999735716,"true",0,0,"far"
"1470-6",0,0,0,1,0,40,0,1476999853388,"true",1,0,"split"
"1470-6",0,0,2,1,0,41,1,1476999859593,"true",0,0,"far"
"1470-6",0,1,1,0,1,1,0,1476999416353,"true",0,1,"close"
"1470-6",0,0,2,1,0,3,1,1476999431499,"true",0,0,"close"
"1470-6",1,0,0,0,2,2,0,1476999424810,"true",1,0,"close"
"1470-6",0,1,1,0,1,5,0,1476999474240,"false",0,1,"close"
"1470-6",1,0,2,0,2,4,1,1476999439473,"true",0,0,"close"
"1470-6",0,1,0,0,1,7,0,1476999490813,"true",1,0,"split"
"1470-6",0,0,1,1,0,6,0,1476999481728,"true",0,1,"split"
"1470-6",0,0,2,1,0,9,1,1476999508392,"true",0,0,"close"
"1470-6",0,1,2,0,1,8,1,1476999496966,"true",0,0,"far"
"1470-6",0,1,2,0,1,39,1,1476999834203,"true",0,0,"far"
"1470-6",0,0,1,1,0,38,0,1476999828523,"true",0,1,"close"
"1470-6",0,0,1,1,0,11,0,1476999524800,"true",0,1,"split"
"1470-6",0,1,2,0,1,10,1,1476999515028,"true",0,0,"far"
"1470-6",0,0,1,1,0,13,0,1476999537383,"true",0,1,"far"
"1470-6",1,0,0,0,2,12,0,1476999531213,"true",1,0,"far"
"1470-6",1,0,2,0,2,15,1,1476999561680,"true",0,0,"split"
"1470-6",0,0,2,1,0,14,1,1476999551320,"true",0,0,"far"
"1470-6",0,1,0,0,1,17,0,1476999581534,"true",1,0,"split"
"1470-6",1,0,2,0,2,16,1,1476999574873,"true",0,0,"close"
"1470-6",1,0,1,0,2,19,0,1476999628090,"true",0,1,"split"
"1470-6",0,1,2,0,1,18,1,1476999621359,"true",0,0,"split"
"1470-6",1,0,2,0,2,31,1,1476999762674,"true",0,0,"split"
"1470-6",0,0,1,1,0,30,0,1476999755809,"true",0,1,"split"
"1470-6",1,0,2,0,2,37,1,1476999821935,"true",0,0,"far"
"1470-6",0,1,0,0,1,36,0,1476999814583,"false",1,0,"close"
"1470-6",0,0,2,1,0,35,1,1476999801586,"true",0,0,"close"
"1470-6",1,0,2,0,2,34,1,1476999792799,"true",0,0,"far"
"1470-6",1,0,1,0,2,33,0,1476999787324,"true",0,1,"split"
"1470-6",1,0,2,0,2,32,1,1476999781309,"true",0,0,"close"
"1470-6",0,0,1,1,0,50,0,1476999947146,"true",0,1,"split"
