"gameid","sClicked_2","sClicked_1","lClickedIndex","sClicked_0","sClickedIndex","roundNum","lClicked_2","time","outcome","lClicked_0","lClicked_1","condition"
"1473-7",0,0,0,1,0,42,0,1476488760265,"true",1,0,"split"
"1473-7",0,1,0,0,1,48,0,1476488870827,"true",1,0,"far"
"1473-7",1,0,1,0,2,43,0,1476488777602,"true",0,1,"far"
"1473-7",0,1,2,0,1,49,1,1476488896540,"true",0,0,"far"
"1473-7",0,1,2,0,1,24,1,1476488350891,"true",0,0,"far"
"1473-7",0,1,2,0,1,25,1,1476488363085,"true",0,0,"far"
"1473-7",1,0,1,0,2,26,0,1476488420087,"true",0,1,"close"
"1473-7",0,1,1,0,1,27,0,1476488432235,"true",0,1,"far"
"1473-7",0,0,2,1,0,20,1,1476488289455,"true",0,0,"far"
"1473-7",0,0,0,1,0,21,0,1476488299383,"true",1,0,"far"
"1473-7",0,1,1,0,1,22,0,1476488323322,"true",0,1,"split"
"1473-7",1,0,2,0,2,23,1,1476488336740,"true",0,0,"far"
"1473-7",1,0,2,0,2,46,1,1476488835130,"true",0,0,"close"
"1473-7",0,0,1,1,0,47,0,1476488856913,"true",0,1,"close"
"1473-7",0,0,1,1,0,44,0,1476488791746,"true",0,1,"close"
"1473-7",0,1,1,0,1,45,0,1476488807784,"true",0,1,"split"
"1473-7",1,0,2,0,2,28,1,1476488445732,"true",0,0,"split"
"1473-7",0,0,1,1,0,29,0,1476488453713,"true",0,1,"far"
"1473-7",0,0,1,1,0,40,0,1476488694632,"true",0,1,"close"
"1473-7",0,0,2,1,0,41,1,1476488714287,"true",0,0,"split"
"1473-7",1,0,2,0,2,1,1,1476487970043,"true",0,0,"far"
"1473-7",0,0,2,1,0,3,1,1476488011962,"true",0,0,"split"
"1473-7",1,0,1,0,2,2,0,1476487990101,"true",0,1,"split"
"1473-7",0,0,1,1,0,5,0,1476488044776,"true",0,1,"split"
"1473-7",0,0,2,1,0,4,1,1476488031298,"true",0,0,"close"
"1473-7",0,1,1,0,1,7,0,1476488074942,"true",0,1,"close"
"1473-7",0,0,1,1,0,6,0,1476488054365,"true",0,1,"split"
"1473-7",0,1,0,0,1,9,0,1476488104875,"true",1,0,"far"
"1473-7",1,0,1,0,2,8,0,1476488094575,"true",0,1,"far"
"1473-7",1,0,2,0,2,39,1,1476488681222,"true",0,0,"close"
"1473-7",0,0,1,1,0,38,0,1476488657399,"true",0,1,"split"
"1473-7",0,0,1,1,0,11,0,1476488146043,"true",0,1,"split"
"1473-7",0,1,2,0,1,10,1,1476488122972,"true",0,0,"close"
"1473-7",0,1,2,0,1,13,1,1476488179078,"true",0,0,"split"
"1473-7",0,1,1,0,1,12,0,1476488155974,"true",0,1,"far"
"1473-7",1,0,2,0,2,15,1,1476488209091,"true",0,0,"close"
"1473-7",0,0,2,1,0,14,1,1476488190530,"true",0,0,"close"
"1473-7",0,1,1,0,1,17,0,1476488255069,"true",0,1,"close"
"1473-7",1,0,2,0,2,16,1,1476488222425,"true",0,0,"split"
"1473-7",0,1,0,0,1,19,0,1476488277448,"true",1,0,"far"
"1473-7",1,0,2,0,2,18,1,1476488269209,"true",0,0,"split"
"1473-7",1,0,0,0,2,31,0,1476488494432,"true",1,0,"far"
"1473-7",0,1,1,0,1,30,0,1476488484836,"true",0,1,"close"
"1473-7",1,0,0,0,2,37,0,1476488641839,"true",1,0,"split"
"1473-7",0,0,0,1,0,36,0,1476488631678,"true",1,0,"close"
"1473-7",0,0,2,1,0,35,1,1476488619552,"true",0,0,"split"
"1473-7",1,0,0,0,2,34,0,1476488600021,"true",1,0,"far"
"1473-7",1,0,1,0,2,33,0,1476488580302,"true",0,1,"close"
"1473-7",0,1,1,0,1,32,0,1476488526918,"true",0,1,"close"
"1473-7",0,0,1,1,0,50,0,1476488923446,"true",0,1,"split"
