"gameid","sClicked_2","sClicked_1","lClickedIndex","sClicked_0","sClickedIndex","roundNum","lClicked_2","time","outcome","lClicked_0","lClicked_1","condition"
"1477-8",0,1,2,0,1,42,1,1476496580344,"true",0,0,"far"
"1477-8",0,0,2,1,0,48,1,1476496652328,"true",0,0,"far"
"1477-8",0,1,0,0,1,43,0,1476496588664,"true",1,0,"far"
"1477-8",0,1,1,0,1,49,0,1476496677203,"true",0,1,"far"
"1477-8",0,1,0,0,1,24,0,1476496196485,"true",1,0,"split"
"1477-8",0,0,0,1,0,25,0,1476496225896,"false",1,0,"close"
"1477-8",0,0,0,1,0,26,0,1476496238935,"true",1,0,"split"
"1477-8",0,1,1,0,1,27,0,1476496250176,"true",0,1,"far"
"1477-8",0,0,0,1,0,20,0,1476496125695,"true",1,0,"split"
"1477-8",0,0,1,1,0,21,0,1476496136878,"true",0,1,"split"
"1477-8",0,0,0,1,0,22,0,1476496156418,"true",1,0,"close"
"1477-8",0,0,0,1,0,23,0,1476496171694,"true",1,0,"split"
"1477-8",0,0,0,1,0,46,0,1476496633472,"true",1,0,"split"
"1477-8",1,0,0,0,2,47,0,1476496644777,"true",1,0,"far"
"1477-8",0,0,2,1,0,44,1,1476496597377,"true",0,0,"far"
"1477-8",0,0,1,1,0,45,0,1476496614809,"true",0,1,"split"
"1477-8",0,1,1,0,1,28,0,1476496270581,"true",0,1,"close"
"1477-8",0,0,0,1,0,29,0,1476496296510,"true",1,0,"split"
"1477-8",0,1,1,0,1,40,0,1476496562760,"true",0,1,"split"
"1477-8",0,0,0,1,0,41,0,1476496571928,"true",1,0,"far"
"1477-8",0,1,2,0,1,1,1,1476495515584,"true",0,0,"far"
"1477-8",0,1,0,0,1,3,0,1476495647524,"true",1,0,"close"
"1477-8",0,0,1,1,0,2,0,1476495549972,"true",0,1,"split"
"1477-8",1,0,0,0,2,5,0,1476495718662,"true",1,0,"split"
"1477-8",1,0,0,0,2,4,0,1476495690509,"true",1,0,"close"
"1477-8",0,1,2,0,1,7,1,1476495798796,"true",0,0,"split"
"1477-8",0,1,2,0,1,6,1,1476495774124,"true",0,0,"split"
"1477-8",0,0,1,1,0,9,0,1476495850115,"true",0,1,"close"
"1477-8",0,1,1,0,1,8,0,1476495821605,"true",0,1,"far"
"1477-8",1,0,2,0,2,39,1,1476496553343,"true",0,0,"close"
"1477-8",0,1,2,0,1,38,1,1476496510998,"true",0,0,"far"
"1477-8",0,1,1,0,1,11,0,1476495931220,"true",0,1,"close"
"1477-8",1,0,0,0,2,10,0,1476495888198,"true",1,0,"close"
"1477-8",0,0,1,1,0,13,0,1476495965270,"true",0,1,"split"
"1477-8",1,0,1,0,2,12,0,1476495946143,"true",0,1,"far"
"1477-8",0,1,2,0,1,15,1,1476496028182,"true",0,0,"close"
"1477-8",0,1,2,0,1,14,1,1476496005197,"false",0,0,"close"
"1477-8",1,0,1,0,2,17,0,1476496084681,"true",0,1,"far"
"1477-8",0,0,2,1,0,16,1,1476496062256,"true",0,0,"close"
"1477-8",0,1,1,0,1,19,0,1476496109581,"true",0,1,"split"
"1477-8",0,1,2,0,1,18,1,1476496098086,"true",0,0,"far"
"1477-8",0,0,0,1,0,31,0,1476496375262,"true",1,0,"close"
"1477-8",0,1,1,0,1,30,0,1476496350362,"true",0,1,"close"
"1477-8",0,1,1,0,1,37,0,1476496500271,"true",0,1,"close"
"1477-8",1,0,0,0,2,36,0,1476496484304,"true",1,0,"close"
"1477-8",1,0,2,0,2,35,1,1476496433617,"true",0,0,"far"
"1477-8",0,1,1,0,1,34,0,1476496424254,"true",0,1,"far"
"1477-8",0,1,2,0,1,33,1,1476496413961,"true",0,0,"close"
"1477-8",0,1,2,0,1,32,1,1476496397408,"true",0,0,"split"
"1477-8",1,0,1,0,2,50,0,1476496697663,"true",0,1,"far"
