"gameid","sClicked_2","sClicked_1","lClickedIndex","sClicked_0","sClickedIndex","roundNum","lClicked_2","time","outcome","lClicked_0","lClicked_1","condition"
"1486-e",0,1,0,0,1,42,0,1459901703115,"true",1,0,"close"
"1486-e",1,0,2,0,2,48,1,1459901838781,"true",0,0,"close"
"1486-e",1,0,1,0,2,43,0,1459901738410,"true",0,1,"close"
"1486-e",0,0,0,1,0,49,0,1459901864471,"true",1,0,"far"
"1486-e",1,0,1,0,2,24,0,1459901404001,"true",0,1,"far"
"1486-e",0,0,1,1,0,25,0,1459901415627,"true",0,1,"far"
"1486-e",0,0,1,1,0,26,0,1459901432514,"true",0,1,"split"
"1486-e",0,1,2,0,1,27,1,1459901443420,"true",0,0,"close"
"1486-e",1,0,1,0,2,20,0,1459901319531,"true",0,1,"split"
"1486-e",0,0,0,1,0,21,0,1459901350472,"false",1,0,"split"
"1486-e",0,0,0,1,0,22,0,1459901380979,"true",1,0,"split"
"1486-e",0,0,2,1,0,23,1,1459901396368,"true",0,0,"split"
"1486-e",0,1,0,0,1,46,0,1459901800803,"true",1,0,"close"
"1486-e",0,1,0,0,1,47,0,1459901811894,"true",1,0,"close"
"1486-e",0,1,0,0,1,44,0,1459901765373,"true",1,0,"close"
"1486-e",1,0,2,0,2,45,1,1459901777980,"true",0,0,"far"
"1486-e",1,0,0,0,2,28,0,1459901451703,"true",1,0,"far"
"1486-e",0,0,0,1,0,29,0,1459901475287,"true",1,0,"split"
"1486-e",0,1,0,0,1,40,0,1459901678631,"true",1,0,"far"
"1486-e",0,1,1,0,1,41,0,1459901686858,"true",0,1,"close"
"1486-e",0,0,0,1,0,1,0,1459900941808,"true",1,0,"close"
"1486-e",0,0,0,1,0,3,0,1459900978910,"true",1,0,"split"
"1486-e",0,1,0,0,1,2,0,1459900961848,"true",1,0,"close"
"1486-e",1,0,2,0,2,5,1,1459901056983,"true",0,0,"close"
"1486-e",1,0,1,0,2,4,0,1459901019401,"true",0,1,"far"
"1486-e",0,1,1,0,1,7,0,1459901104506,"true",0,1,"split"
"1486-e",0,0,1,1,0,6,0,1459901072168,"false",0,1,"close"
"1486-e",0,0,2,1,0,9,1,1459901142989,"true",0,0,"split"
"1486-e",0,1,1,0,1,8,0,1459901127098,"true",0,1,"split"
"1486-e",0,0,0,1,0,39,0,1459901666674,"true",1,0,"close"
"1486-e",1,0,2,0,2,38,1,1459901632084,"true",0,0,"far"
"1486-e",0,1,1,0,1,11,0,1459901167934,"true",0,1,"split"
"1486-e",1,0,2,0,2,10,1,1459901153154,"true",0,0,"far"
"1486-e",1,0,1,0,2,13,0,1459901211928,"true",0,1,"far"
"1486-e",1,0,1,0,2,12,0,1459901183965,"true",0,1,"close"
"1486-e",0,0,2,1,0,15,1,1459901248431,"true",0,0,"split"
"1486-e",0,1,0,0,1,14,0,1459901232514,"true",1,0,"split"
"1486-e",0,0,2,1,0,17,1,1459901278325,"true",0,0,"far"
"1486-e",0,0,1,1,0,16,0,1459901260141,"true",0,1,"split"
"1486-e",0,1,2,0,1,19,1,1459901295472,"true",0,0,"far"
"1486-e",0,0,1,1,0,18,0,1459901288590,"true",0,1,"far"
"1486-e",1,0,1,0,2,31,0,1459901525743,"true",0,1,"split"
"1486-e",0,1,1,0,1,30,0,1459901496819,"true",0,1,"far"
"1486-e",0,0,1,1,0,37,0,1459901624426,"true",0,1,"split"
"1486-e",0,0,0,1,0,36,0,1459901609096,"true",1,0,"far"
"1486-e",0,1,0,0,1,35,0,1459901598260,"true",1,0,"far"
"1486-e",1,0,2,0,2,34,1,1459901590032,"true",0,0,"close"
"1486-e",1,0,2,0,2,33,1,1459901581503,"true",0,0,"far"
"1486-e",1,0,1,0,2,32,0,1459901567129,"true",0,1,"close"
"1486-e",0,1,2,0,1,50,1,1459901879091,"true",0,0,"split"
