"gameid","sClicked_2","sClicked_1","lClickedIndex","sClicked_0","sClickedIndex","roundNum","lClicked_2","time","outcome","lClicked_0","lClicked_1","condition"
"1526-7",0,1,0,0,1,48,0,1476990571455,"true",1,0,"split"
"1526-7",1,0,1,0,2,43,0,1476990466513,"true",0,1,"split"
"1526-7",0,1,1,0,1,49,0,1476990582344,"true",0,1,"split"
"1526-7",0,1,0,0,1,24,0,1476989895467,"true",1,0,"far"
"1526-7",0,0,2,1,0,26,1,1476989954744,"true",0,0,"close"
"1526-7",1,0,0,0,2,27,0,1476990048755,"false",1,0,"close"
"1526-7",0,1,2,0,1,20,1,1476989819685,"true",0,0,"split"
"1526-7",0,0,0,1,0,21,0,1476989845360,"true",1,0,"close"
"1526-7",0,1,0,0,1,22,0,1476989854297,"true",1,0,"far"
"1526-7",0,1,0,0,1,23,0,1476989886268,"true",1,0,"split"
"1526-7",0,1,1,0,1,46,0,1476990543489,"true",0,1,"close"
"1526-7",0,1,2,0,1,47,1,1476990562230,"true",0,0,"split"
"1526-7",1,0,1,0,2,44,0,1476990492225,"true",0,1,"close"
"1526-7",0,0,0,1,0,45,0,1476990520996,"false",1,0,"close"
"1526-7",1,0,2,0,2,42,1,1476990454789,"false",0,0,"close"
"1526-7",1,0,0,0,2,29,0,1476990127228,"true",1,0,"far"
"1526-7",0,1,2,0,1,40,1,1476990350970,"true",0,0,"far"
"1526-7",1,0,0,0,2,41,0,1476990367424,"true",1,0,"close"
"1526-7",0,0,2,1,0,1,1,1476989382785,"true",0,0,"far"
"1526-7",0,0,1,1,0,3,0,1476989449093,"true",0,1,"close"
"1526-7",1,0,1,0,2,2,0,1476989416317,"true",0,1,"split"
"1526-7",0,0,2,1,0,5,1,1476989542053,"true",0,0,"far"
"1526-7",1,0,2,0,2,4,1,1476989526230,"true",0,0,"split"
"1526-7",0,1,2,0,1,7,1,1476989560765,"true",0,0,"far"
"1526-7",1,0,2,0,2,6,1,1476989551337,"true",0,0,"split"
"1526-7",0,1,1,0,1,9,0,1476989599026,"true",0,1,"split"
"1526-7",0,1,2,0,1,8,1,1476989585927,"true",0,0,"close"
"1526-7",0,0,0,1,0,38,0,1476990305250,"true",1,0,"close"
"1526-7",0,0,0,1,0,11,0,1476989642937,"true",1,0,"close"
"1526-7",1,0,1,0,2,10,0,1476989609480,"true",0,1,"split"
"1526-7",1,0,1,0,2,13,0,1476989671002,"true",0,1,"far"
"1526-7",0,0,0,1,0,12,0,1476989654342,"true",1,0,"far"
"1526-7",1,0,2,0,2,15,1,1476989740134,"true",0,0,"split"
"1526-7",1,0,0,0,2,14,0,1476989680384,"true",1,0,"far"
"1526-7",1,0,2,0,2,17,1,1476989766008,"true",0,0,"split"
"1526-7",0,0,2,1,0,16,1,1476989747370,"true",0,0,"far"
"1526-7",0,1,1,0,1,19,0,1476989794423,"true",0,1,"far"
"1526-7",0,0,2,1,0,18,1,1476989775866,"true",0,0,"far"
"1526-7",0,1,2,0,1,31,1,1476990147226,"true",0,0,"far"
"1526-7",0,1,0,0,1,30,0,1476990137718,"true",1,0,"far"
"1526-7",0,0,2,1,0,37,1,1476990275842,"true",0,0,"split"
"1526-7",0,1,1,0,1,36,0,1476990263378,"true",0,1,"far"
"1526-7",0,1,0,0,1,35,0,1476990253160,"true",1,0,"split"
"1526-7",1,0,2,0,2,34,1,1476990241556,"true",0,0,"far"
"1526-7",0,1,1,0,1,33,0,1476990232040,"false",0,1,"close"
"1526-7",1,0,2,0,2,32,1,1476990156748,"true",0,0,"split"
"1526-7",0,1,2,0,1,50,1,1476990594226,"true",0,0,"close"
