"gameid","sClicked_2","sClicked_1","lClickedIndex","sClicked_0","sClickedIndex","roundNum","lClicked_2","time","outcome","lClicked_0","lClicked_1","condition"
"1543-e",0,1,0,0,1,42,0,1476996452634,"true",1,0,"split"
"1543-e",0,1,2,0,1,48,1,1476996620675,"true",0,0,"far"
"1543-e",0,0,0,1,0,43,0,1476996474720,"false",1,0,"split"
"1543-e",0,1,0,0,1,49,0,1476996637603,"true",1,0,"split"
"1543-e",1,0,2,0,2,24,1,1476995873059,"true",0,0,"split"
"1543-e",1,0,1,0,2,25,0,1476995888781,"true",0,1,"split"
"1543-e",0,1,0,0,1,26,0,1476995917370,"true",1,0,"split"
"1543-e",1,0,0,0,2,27,0,1476995946535,"true",1,0,"close"
"1543-e",0,0,1,1,0,20,0,1476995791483,"true",0,1,"far"
"1543-e",0,1,1,0,1,21,0,1476995822623,"true",0,1,"close"
"1543-e",0,1,0,0,1,22,0,1476995841431,"true",1,0,"close"
"1543-e",0,1,2,0,1,23,1,1476995850632,"true",0,0,"far"
"1543-e",0,0,2,1,0,46,1,1476996573396,"true",0,0,"split"
"1543-e",1,0,1,0,2,47,0,1476996610521,"false",0,1,"split"
"1543-e",0,0,1,1,0,44,0,1476996500391,"true",0,1,"far"
"1543-e",0,1,2,0,1,45,1,1476996558261,"true",0,0,"split"
"1543-e",0,1,0,0,1,28,0,1476995967788,"false",1,0,"close"
"1543-e",0,0,1,1,0,29,0,1476996000467,"true",0,1,"close"
"1543-e",0,0,1,1,0,40,0,1476996416220,"true",0,1,"split"
"1543-e",0,1,0,0,1,41,0,1476996432730,"true",1,0,"split"
"1543-e",0,0,2,1,0,1,1,1476995309941,"true",0,0,"far"
"1543-e",0,0,1,1,0,3,0,1476995382809,"false",0,1,"close"
"1543-e",1,0,1,0,2,2,0,1476995340091,"true",0,1,"far"
"1543-e",0,1,0,0,1,5,0,1476995449942,"true",1,0,"far"
"1543-e",0,0,2,1,0,4,1,1476995437067,"true",0,0,"close"
"1543-e",1,0,0,0,2,7,0,1476995479656,"true",1,0,"split"
"1543-e",0,1,2,0,1,6,1,1476995464498,"true",0,0,"close"
"1543-e",0,0,2,1,0,9,1,1476995513956,"true",0,0,"split"
"1543-e",0,1,1,0,1,8,0,1476995505367,"true",0,1,"close"
"1543-e",0,1,1,0,1,39,0,1476996391228,"true",0,1,"split"
"1543-e",1,0,0,0,2,11,0,1476995567477,"false",1,0,"split"
"1543-e",0,1,0,0,1,10,0,1476995525577,"true",1,0,"far"
"1543-e",0,0,0,1,0,13,0,1476995594076,"true",1,0,"far"
"1543-e",0,0,2,1,0,12,1,1476995586045,"true",0,0,"far"
"1543-e",1,0,2,0,2,15,1,1476995645143,"true",0,0,"far"
"1543-e",0,1,1,0,1,14,0,1476995631605,"true",0,1,"close"
"1543-e",1,0,1,0,2,17,0,1476995745760,"true",0,1,"close"
"1543-e",1,0,1,0,2,16,0,1476995661448,"true",0,1,"far"
"1543-e",0,0,1,1,0,19,0,1476995777679,"true",0,1,"close"
"1543-e",0,1,1,0,1,18,0,1476995755511,"true",0,1,"far"
"1543-e",1,0,0,0,2,31,0,1476996090610,"true",1,0,"close"
"1543-e",0,0,0,1,0,30,0,1476996041851,"true",1,0,"far"
"1543-e",0,1,1,0,1,37,0,1476996312262,"true",0,1,"split"
"1543-e",0,0,0,1,0,36,0,1476996284893,"true",1,0,"far"
"1543-e",0,0,1,1,0,35,0,1476996258723,"false",0,1,"far"
"1543-e",1,0,0,0,2,34,0,1476996239653,"true",1,0,"close"
"1543-e",0,1,0,0,1,33,0,1476996190858,"true",1,0,"close"
"1543-e",0,1,0,0,1,32,0,1476996131572,"true",1,0,"far"
"1543-e",1,0,0,0,2,50,0,1476996667359,"true",1,0,"split"
