"gameid","sClicked_2","sClicked_1","lClickedIndex","sClicked_0","sClickedIndex","roundNum","lClicked_2","time","outcome","lClicked_0","lClicked_1","condition"
"1545-9",0,1,0,0,1,42,0,1476489120846,"true",1,0,"far"
"1545-9",0,1,2,0,1,48,1,1476489258529,"true",0,0,"close"
"1545-9",0,1,2,0,1,43,1,1476489143086,"true",0,0,"split"
"1545-9",0,0,2,1,0,49,1,1476489267595,"true",0,0,"split"
"1545-9",1,0,2,0,2,24,1,1476488889691,"true",0,0,"close"
"1545-9",0,1,1,0,1,25,0,1476488897570,"false",0,1,"split"
"1545-9",0,0,2,1,0,26,1,1476488907470,"true",0,0,"split"
"1545-9",1,0,2,0,2,27,1,1476488915478,"true",0,0,"far"
"1545-9",0,0,2,1,0,20,1,1476488794953,"true",0,0,"close"
"1545-9",1,0,0,0,2,21,0,1476488821521,"true",1,0,"split"
"1545-9",1,0,2,0,2,22,1,1476488839049,"false",0,0,"close"
"1545-9",1,0,1,0,2,23,0,1476488868420,"true",0,1,"close"
"1545-9",0,0,0,1,0,46,0,1476489186393,"true",1,0,"close"
"1545-9",1,0,1,0,2,47,0,1476489243498,"true",0,1,"close"
"1545-9",0,1,1,0,1,44,0,1476489152577,"true",0,1,"far"
"1545-9",1,0,0,0,2,45,0,1476489160142,"true",1,0,"far"
"1545-9",0,1,2,0,1,28,1,1476488924310,"true",0,0,"far"
"1545-9",0,0,1,1,0,29,0,1476488931814,"true",0,1,"close"
"1545-9",0,0,2,1,0,40,1,1476489099539,"true",0,0,"close"
"1545-9",0,1,1,0,1,41,0,1476489112787,"true",0,1,"split"
"1545-9",1,0,2,0,2,1,1,1476488520934,"true",0,0,"far"
"1545-9",0,1,0,0,1,3,0,1476488557411,"true",1,0,"split"
"1545-9",1,0,1,0,2,2,0,1476488535336,"true",0,1,"split"
"1545-9",0,1,1,0,1,5,0,1476488583269,"true",0,1,"close"
"1545-9",0,1,1,0,1,4,0,1476488565918,"true",0,1,"far"
"1545-9",1,0,1,0,2,7,0,1476488614974,"true",0,1,"far"
"1545-9",1,0,0,0,2,6,0,1476488604559,"true",1,0,"split"
"1545-9",0,1,0,0,1,9,0,1476488636957,"false",1,0,"far"
"1545-9",0,1,1,0,1,8,0,1476488627563,"true",0,1,"split"
"1545-9",0,1,2,0,1,39,1,1476489091259,"true",0,0,"far"
"1545-9",0,1,1,0,1,38,0,1476489075586,"true",0,1,"far"
"1545-9",0,1,2,0,1,11,1,1476488662162,"true",0,0,"far"
"1545-9",0,0,1,1,0,10,0,1476488651454,"true",0,1,"close"
"1545-9",0,0,0,1,0,13,0,1476488703233,"true",1,0,"close"
"1545-9",1,0,1,0,2,12,0,1476488685009,"true",0,1,"split"
"1545-9",0,1,1,0,1,15,0,1476488718776,"true",0,1,"far"
"1545-9",0,1,0,0,1,14,0,1476488711122,"true",1,0,"split"
"1545-9",0,0,1,1,0,17,0,1476488760176,"true",0,1,"far"
"1545-9",0,0,1,1,0,16,0,1476488751022,"true",0,1,"split"
"1545-9",1,0,2,0,2,19,1,1476488781844,"true",0,0,"split"
"1545-9",0,0,1,1,0,18,0,1476488767896,"true",0,1,"close"
"1545-9",1,0,2,0,2,31,1,1476488965933,"false",0,0,"far"
"1545-9",0,1,0,0,1,30,0,1476488950144,"true",1,0,"close"
"1545-9",1,0,0,0,2,37,0,1476489066459,"true",1,0,"split"
"1545-9",0,0,2,1,0,36,1,1476489056747,"true",0,0,"far"
"1545-9",0,1,2,0,1,35,1,1476489047634,"true",0,0,"split"
"1545-9",0,0,2,1,0,34,1,1476489029524,"true",0,0,"close"
"1545-9",0,1,0,0,1,33,0,1476488985849,"true",1,0,"far"
"1545-9",1,0,0,0,2,32,0,1476488977563,"true",1,0,"close"
"1545-9",1,0,1,0,2,50,0,1476489281873,"true",0,1,"split"
