"gameid","sClicked_2","sClicked_1","lClickedIndex","sClicked_0","sClickedIndex","roundNum","lClicked_2","time","outcome","lClicked_0","lClicked_1","condition"
"1557-f",0,1,2,0,1,42,1,1476488623735,"true",0,0,"split"
"1557-f",1,0,1,0,2,48,0,1476488714196,"true",0,1,"close"
"1557-f",0,1,1,0,1,43,0,1476488636122,"false",0,1,"split"
"1557-f",1,0,2,0,2,49,1,1476488724690,"true",0,0,"split"
"1557-f",0,1,0,0,1,24,0,1476488353746,"false",1,0,"close"
"1557-f",0,0,1,1,0,25,0,1476488373987,"false",0,1,"close"
"1557-f",0,0,2,1,0,26,1,1476488384086,"true",0,0,"far"
"1557-f",1,0,2,0,2,27,1,1476488392132,"true",0,0,"split"
"1557-f",1,0,0,0,2,20,0,1476488247367,"true",1,0,"far"
"1557-f",0,1,1,0,1,21,0,1476488267241,"true",0,1,"close"
"1557-f",0,1,0,0,1,22,0,1476488285569,"true",1,0,"close"
"1557-f",0,1,1,0,1,23,0,1476488303346,"true",0,1,"far"
"1557-f",0,0,0,1,0,46,0,1476488682531,"true",1,0,"split"
"1557-f",1,0,2,0,2,47,1,1476488692946,"true",0,0,"split"
"1557-f",0,1,1,0,1,44,0,1476488648658,"true",0,1,"far"
"1557-f",0,1,1,0,1,45,0,1476488669590,"false",0,1,"close"
"1557-f",0,1,1,0,1,28,0,1476488417502,"true",0,1,"close"
"1557-f",0,1,0,0,1,29,0,1476488437699,"true",1,0,"far"
"1557-f",0,1,2,0,1,40,1,1476488597265,"true",0,0,"close"
"1557-f",1,0,1,0,2,41,0,1476488615812,"true",0,1,"split"
"1557-f",1,0,1,0,2,1,0,1476487902152,"true",0,1,"far"
"1557-f",1,0,1,0,2,3,0,1476487922492,"true",0,1,"far"
"1557-f",1,0,1,0,2,2,0,1476487913166,"true",0,1,"close"
"1557-f",0,1,2,0,1,5,1,1476487970059,"true",0,0,"far"
"1557-f",1,0,1,0,2,4,0,1476487956177,"true",0,1,"close"
"1557-f",0,0,0,1,0,7,0,1476488017047,"true",1,0,"far"
"1557-f",1,0,1,0,2,6,0,1476487979871,"true",0,1,"split"
"1557-f",0,1,1,0,1,9,0,1476488039824,"true",0,1,"split"
"1557-f",1,0,0,0,2,8,0,1476488030323,"true",1,0,"far"
"1557-f",0,0,1,1,0,39,0,1476488583824,"true",0,1,"close"
"1557-f",0,0,1,1,0,38,0,1476488574654,"true",0,1,"split"
"1557-f",0,0,1,1,0,11,0,1476488057432,"true",0,1,"far"
"1557-f",0,1,1,0,1,10,0,1476488049031,"true",0,1,"far"
"1557-f",1,0,2,0,2,13,1,1476488121256,"true",0,0,"split"
"1557-f",0,1,2,0,1,12,1,1476488082786,"false",0,0,"close"
"1557-f",1,0,2,0,2,15,1,1476488141986,"true",0,0,"far"
"1557-f",0,0,2,1,0,14,1,1476488130567,"true",0,0,"close"
"1557-f",0,1,2,0,1,17,1,1476488161884,"true",0,0,"split"
"1557-f",0,0,0,1,0,16,0,1476488152313,"true",1,0,"far"
"1557-f",0,0,2,1,0,19,1,1476488227601,"true",0,0,"split"
"1557-f",0,1,0,0,1,18,0,1476488174904,"true",1,0,"close"
"1557-f",1,0,0,0,2,31,0,1476488472178,"false",1,0,"split"
"1557-f",0,1,0,0,1,30,0,1476488457231,"false",1,0,"close"
"1557-f",0,1,2,0,1,37,1,1476488551378,"true",0,0,"split"
"1557-f",1,0,2,0,2,36,1,1476488537373,"true",0,0,"close"
"1557-f",1,0,2,0,2,35,1,1476488523660,"true",0,0,"far"
"1557-f",0,1,1,0,1,34,0,1476488508245,"true",0,1,"far"
"1557-f",1,0,1,0,2,33,0,1476488498299,"true",0,1,"close"
"1557-f",0,1,1,0,1,32,0,1476488487688,"true",0,1,"far"
"1557-f",0,1,2,0,1,50,1,1476488735031,"true",0,0,"split"
