"gameid","sClicked_2","sClicked_1","lClickedIndex","sClicked_0","sClickedIndex","roundNum","lClicked_2","time","outcome","lClicked_0","lClicked_1","condition"
"1562-0",1,0,1,0,2,42,0,1476475585769,"true",0,1,"split"
"1562-0",1,0,0,0,2,48,0,1476475645968,"true",1,0,"far"
"1562-0",0,0,1,1,0,43,0,1476475593767,"true",0,1,"far"
"1562-0",1,0,0,0,2,49,0,1476475654689,"true",1,0,"split"
"1562-0",1,0,0,0,2,24,0,1476475362053,"false",1,0,"split"
"1562-0",0,1,0,0,1,25,0,1476475382537,"false",1,0,"split"
"1562-0",0,1,1,0,1,26,0,1476475391567,"true",0,1,"far"
"1562-0",1,0,1,0,2,27,0,1476475415532,"true",0,1,"split"
"1562-0",1,0,2,0,2,20,1,1476475299693,"true",0,0,"close"
"1562-0",0,1,1,0,1,21,0,1476475311464,"true",0,1,"close"
"1562-0",1,0,0,0,2,22,0,1476475328198,"false",1,0,"far"
"1562-0",0,1,0,0,1,23,0,1476475352680,"true",1,0,"split"
"1562-0",0,0,2,1,0,46,1,1476475627070,"true",0,0,"split"
"1562-0",0,0,0,1,0,47,0,1476475637352,"true",1,0,"close"
"1562-0",0,1,0,0,1,44,0,1476475606585,"true",1,0,"close"
"1562-0",1,0,0,0,2,45,0,1476475616129,"true",1,0,"far"
"1562-0",0,1,0,0,1,28,0,1476475424435,"true",1,0,"far"
"1562-0",1,0,2,0,2,29,1,1476475433123,"true",0,0,"far"
"1562-0",0,1,0,0,1,40,0,1476475561834,"true",1,0,"far"
"1562-0",1,0,0,0,2,41,0,1476475573057,"true",1,0,"split"
"1562-0",0,0,1,1,0,1,0,1476475023242,"false",0,1,"close"
"1562-0",1,0,0,0,2,3,0,1476475052362,"true",1,0,"close"
"1562-0",0,1,0,0,1,2,0,1476475033094,"true",1,0,"far"
"1562-0",0,1,2,0,1,5,1,1476475096185,"true",0,0,"close"
"1562-0",1,0,2,0,2,4,1,1476475060964,"true",0,0,"close"
"1562-0",0,0,0,1,0,7,0,1476475133857,"false",1,0,"close"
"1562-0",0,1,0,0,1,6,0,1476475109832,"true",1,0,"close"
"1562-0",0,0,2,1,0,9,1,1476475158048,"true",0,0,"far"
"1562-0",1,0,0,0,2,8,0,1476475143304,"true",1,0,"far"
"1562-0",1,0,0,0,2,39,0,1476475550083,"true",1,0,"split"
"1562-0",0,0,2,1,0,38,1,1476475537241,"true",0,0,"far"
"1562-0",0,1,1,0,1,11,0,1476475179120,"true",0,1,"split"
"1562-0",1,0,2,0,2,10,1,1476475169056,"true",0,0,"split"
"1562-0",0,0,0,1,0,13,0,1476475208921,"true",1,0,"close"
"1562-0",0,0,1,1,0,12,0,1476475190304,"true",0,1,"split"
"1562-0",0,0,0,1,0,15,0,1476475235910,"true",1,0,"far"
"1562-0",1,0,0,0,2,14,0,1476475228149,"true",1,0,"close"
"1562-0",1,0,1,0,2,17,0,1476475259672,"true",0,1,"far"
"1562-0",0,1,0,0,1,16,0,1476475250799,"true",1,0,"close"
"1562-0",0,1,0,0,1,19,0,1476475280176,"true",1,0,"split"
"1562-0",0,1,1,0,1,18,0,1476475269034,"true",0,1,"split"
"1562-0",1,0,1,0,2,31,0,1476475459005,"false",0,1,"close"
"1562-0",1,0,0,0,2,30,0,1476475444227,"true",1,0,"split"
"1562-0",0,1,0,0,1,37,0,1476475528820,"true",1,0,"far"
"1562-0",0,0,2,1,0,36,1,1476475516458,"true",0,0,"far"
"1562-0",0,1,2,0,1,35,1,1476475506866,"false",0,0,"close"
"1562-0",0,0,2,1,0,34,1,1476475490179,"true",0,0,"split"
"1562-0",1,0,0,0,2,33,0,1476475476547,"true",1,0,"far"
"1562-0",0,1,2,0,1,32,1,1476475467918,"true",0,0,"split"
"1562-0",0,1,0,0,1,50,0,1476475665588,"true",1,0,"close"
