"gameid","sClicked_2","sClicked_1","lClickedIndex","sClicked_0","sClickedIndex","roundNum","lClicked_2","time","outcome","lClicked_0","lClicked_1","condition"
"1593-2",0,1,0,0,1,42,0,1459899253926,"true",1,0,"far"
"1593-2",0,1,2,0,1,48,1,1459899325328,"true",0,0,"split"
"1593-2",0,0,1,1,0,43,0,1459899262265,"true",0,1,"far"
"1593-2",0,1,2,0,1,49,1,1459899331481,"true",0,0,"far"
"1593-2",0,0,2,1,0,24,1,1459899028964,"false",0,0,"close"
"1593-2",0,0,2,1,0,25,1,1459899042224,"true",0,0,"close"
"1593-2",0,1,2,0,1,26,1,1459899050613,"true",0,0,"far"
"1593-2",1,0,0,0,2,27,0,1459899058227,"true",1,0,"close"
"1593-2",1,0,0,0,2,20,0,1459898994348,"true",1,0,"close"
"1593-2",0,1,1,0,1,21,0,1459899001049,"true",0,1,"far"
"1593-2",0,1,2,0,1,22,1,1459899010334,"true",0,0,"close"
"1593-2",0,1,1,0,1,23,0,1459899017137,"true",0,1,"far"
"1593-2",1,0,2,0,2,46,1,1459899300865,"true",0,0,"close"
"1593-2",0,1,1,0,1,47,0,1459899316038,"true",0,1,"split"
"1593-2",0,0,0,1,0,44,0,1459899279321,"true",1,0,"split"
"1593-2",1,0,0,0,2,45,0,1459899290518,"true",1,0,"split"
"1593-2",0,0,2,1,0,28,1,1459899069596,"true",0,0,"close"
"1593-2",0,0,1,1,0,29,0,1459899086766,"true",0,1,"close"
"1593-2",0,0,1,1,0,40,0,1459899234715,"true",0,1,"far"
"1593-2",0,1,1,0,1,41,0,1459899241024,"true",0,1,"far"
"1593-2",0,0,1,1,0,1,0,1459898666922,"true",0,1,"far"
"1593-2",0,1,0,0,1,3,0,1459898692817,"true",1,0,"close"
"1593-2",1,0,1,0,2,2,0,1459898675444,"true",0,1,"split"
"1593-2",1,0,1,0,2,5,0,1459898715231,"true",0,1,"split"
"1593-2",0,0,1,1,0,4,0,1459898700442,"false",0,1,"split"
"1593-2",0,0,1,1,0,7,0,1459898736175,"true",0,1,"close"
"1593-2",1,0,2,0,2,6,1,1459898722378,"true",0,0,"far"
"1593-2",0,1,1,0,1,9,0,1459898773935,"true",0,1,"split"
"1593-2",0,0,2,1,0,8,1,1459898764965,"true",0,0,"split"
"1593-2",1,0,1,0,2,39,0,1459899227291,"true",0,1,"split"
"1593-2",0,1,0,0,1,38,0,1459899220211,"true",1,0,"close"
"1593-2",0,1,0,0,1,11,0,1459898813210,"true",1,0,"far"
"1593-2",1,0,2,0,2,10,1,1459898805641,"true",0,0,"split"
"1593-2",0,1,1,0,1,13,0,1459898860164,"true",0,1,"far"
"1593-2",0,1,2,0,1,12,1,1459898853232,"true",0,0,"close"
"1593-2",1,0,1,0,2,15,0,1459898877049,"true",0,1,"split"
"1593-2",0,0,2,1,0,14,1,1459898866130,"true",0,0,"far"
"1593-2",1,0,1,0,2,17,0,1459898959189,"true",0,1,"split"
"1593-2",1,0,0,0,2,16,0,1459898932125,"false",1,0,"close"
"1593-2",1,0,0,0,2,19,0,1459898983663,"true",1,0,"far"
"1593-2",0,0,2,1,0,18,1,1459898971888,"true",0,0,"far"
"1593-2",1,0,2,0,2,31,1,1459899107962,"true",0,0,"close"
"1593-2",1,0,1,0,2,30,0,1459899097271,"true",0,1,"close"
"1593-2",0,1,1,0,1,37,0,1459899200629,"true",0,1,"split"
"1593-2",1,0,2,0,2,36,1,1459899187106,"false",0,0,"split"
"1593-2",0,0,1,1,0,35,0,1459899175740,"true",0,1,"split"
"1593-2",1,0,2,0,2,34,1,1459899165818,"true",0,0,"far"
"1593-2",1,0,2,0,2,33,1,1459899156092,"true",0,0,"close"
"1593-2",1,0,0,0,2,32,0,1459899146691,"true",1,0,"far"
"1593-2",0,1,0,0,1,50,0,1459899353055,"false",1,0,"split"
