"gameid","sClicked_2","sClicked_1","lClickedIndex","sClicked_0","sClickedIndex","roundNum","lClicked_2","time","outcome","lClicked_0","lClicked_1","condition"
"1594-9",0,1,2,0,1,42,1,1477000702124,"false",0,0,"split"
"1594-9",1,0,1,0,2,48,0,1477000758939,"true",0,1,"far"
"1594-9",0,1,2,0,1,43,1,1477000710775,"true",0,0,"close"
"1594-9",0,1,1,0,1,49,0,1477000772240,"true",0,1,"split"
"1594-9",0,0,1,1,0,24,0,1477000494557,"true",0,1,"close"
"1594-9",0,1,1,0,1,25,0,1477000506858,"false",0,1,"close"
"1594-9",1,0,0,0,2,26,0,1477000518104,"true",1,0,"split"
"1594-9",0,1,0,0,1,27,0,1477000524747,"true",1,0,"split"
"1594-9",0,1,0,0,1,20,0,1477000441856,"true",1,0,"close"
"1594-9",0,0,0,1,0,21,0,1477000451354,"true",1,0,"close"
"1594-9",1,0,1,0,2,22,0,1477000466691,"true",0,1,"far"
"1594-9",1,0,1,0,2,23,0,1477000486638,"true",0,1,"close"
"1594-9",0,1,1,0,1,46,0,1477000740424,"true",0,1,"far"
"1594-9",0,0,2,1,0,47,1,1477000752111,"true",0,0,"split"
"1594-9",0,1,0,0,1,44,0,1477000718737,"false",1,0,"split"
"1594-9",0,1,2,0,1,45,1,1477000733900,"false",0,0,"split"
"1594-9",0,0,1,1,0,28,0,1477000532841,"true",0,1,"split"
"1594-9",0,0,2,1,0,29,1,1477000545299,"true",0,0,"split"
"1594-9",0,0,1,1,0,40,0,1477000677084,"true",0,1,"split"
"1594-9",1,0,0,0,2,41,0,1477000688394,"false",1,0,"close"
"1594-9",1,0,2,0,2,1,1,1477000243385,"true",0,0,"close"
"1594-9",0,1,1,0,1,3,0,1477000263855,"true",0,1,"far"
"1594-9",0,1,1,0,1,2,0,1477000256641,"true",0,1,"split"
"1594-9",0,1,0,0,1,5,0,1477000292065,"false",1,0,"split"
"1594-9",0,0,1,1,0,4,0,1477000272075,"true",0,1,"split"
"1594-9",1,0,0,0,2,7,0,1477000306770,"true",1,0,"split"
"1594-9",0,1,2,0,1,6,1,1477000299150,"true",0,0,"far"
"1594-9",1,0,0,0,2,9,0,1477000328856,"true",1,0,"close"
"1594-9",0,1,1,0,1,8,0,1477000320040,"true",0,1,"close"
"1594-9",0,0,0,1,0,39,0,1477000658584,"true",1,0,"close"
"1594-9",1,0,2,0,2,38,1,1477000647583,"true",0,0,"far"
"1594-9",0,1,1,0,1,11,0,1477000345643,"true",0,1,"close"
"1594-9",0,0,2,1,0,10,1,1477000336501,"true",0,0,"far"
"1594-9",1,0,1,0,2,13,0,1477000362496,"true",0,1,"far"
"1594-9",0,1,2,0,1,12,1,1477000353460,"true",0,0,"far"
"1594-9",0,1,0,0,1,15,0,1477000381776,"true",1,0,"far"
"1594-9",0,1,1,0,1,14,0,1477000374375,"false",0,1,"close"
"1594-9",0,1,0,0,1,17,0,1477000399600,"true",1,0,"split"
"1594-9",1,0,2,0,2,16,1,1477000392106,"false",0,0,"close"
"1594-9",1,0,1,0,2,19,0,1477000413043,"true",0,1,"far"
"1594-9",0,0,1,1,0,18,0,1477000405953,"true",0,1,"far"
"1594-9",0,0,0,1,0,31,0,1477000567415,"true",1,0,"far"
"1594-9",0,0,1,1,0,30,0,1477000557628,"true",0,1,"far"
"1594-9",0,0,1,1,0,37,0,1477000639812,"true",0,1,"far"
"1594-9",0,0,2,1,0,36,1,1477000630814,"true",0,0,"split"
"1594-9",1,0,2,0,2,35,1,1477000621292,"true",0,0,"close"
"1594-9",1,0,0,0,2,34,0,1477000595707,"true",1,0,"far"
"1594-9",0,0,0,1,0,33,0,1477000587747,"true",1,0,"close"
"1594-9",0,1,1,0,1,32,0,1477000576287,"true",0,1,"far"
"1594-9",0,1,1,0,1,50,0,1477000779333,"true",0,1,"split"
