"gameid","sClicked_2","sClicked_1","lClickedIndex","sClicked_0","sClickedIndex","roundNum","lClicked_2","time","outcome","lClicked_0","lClicked_1","condition"
"1613-e",1,0,2,0,2,42,1,1476989467986,"true",0,0,"close"
"1613-e",0,1,0,0,1,48,0,1476989523766,"true",1,0,"split"
"1613-e",1,0,1,0,2,43,0,1476989474439,"true",0,1,"far"
"1613-e",1,0,1,0,2,49,0,1476989535163,"true",0,1,"close"
"1613-e",0,0,0,1,0,24,0,1476989276204,"true",1,0,"split"
"1613-e",0,1,2,0,1,25,1,1476989288877,"true",0,0,"close"
"1613-e",1,0,1,0,2,26,0,1476989297715,"true",0,1,"split"
"1613-e",0,1,0,0,1,27,0,1476989304905,"true",1,0,"far"
"1613-e",1,0,1,0,2,20,0,1476989237590,"true",0,1,"far"
"1613-e",1,0,1,0,2,21,0,1476989247362,"true",0,1,"close"
"1613-e",1,0,2,0,2,22,1,1476989259918,"false",0,0,"close"
"1613-e",1,0,2,0,2,23,1,1476989266589,"true",0,0,"close"
"1613-e",1,0,0,0,2,46,0,1476989505348,"true",1,0,"split"
"1613-e",0,1,0,0,1,47,0,1476989511544,"true",1,0,"far"
"1613-e",0,0,1,1,0,44,0,1476989480643,"true",0,1,"far"
"1613-e",0,1,0,0,1,45,0,1476989497253,"false",1,0,"close"
"1613-e",0,0,0,1,0,28,0,1476989311252,"true",1,0,"far"
"1613-e",1,0,0,0,2,29,0,1476989320630,"true",1,0,"close"
"1613-e",0,1,1,0,1,40,0,1476989448787,"true",0,1,"close"
"1613-e",1,0,1,0,2,41,0,1476989456952,"true",0,1,"split"
"1613-e",0,0,1,1,0,1,0,1476989037131,"false",0,1,"split"
"1613-e",1,0,2,0,2,3,1,1476989059236,"true",0,0,"close"
"1613-e",0,1,0,0,1,2,0,1476989043745,"true",1,0,"far"
"1613-e",0,0,2,1,0,5,1,1476989084232,"true",0,0,"close"
"1613-e",1,0,1,0,2,4,0,1476989070801,"true",0,1,"close"
"1613-e",0,1,1,0,1,7,0,1476989101744,"true",0,1,"split"
"1613-e",0,1,0,0,1,6,0,1476989094741,"true",1,0,"close"
"1613-e",1,0,2,0,2,9,1,1476989118287,"true",0,0,"split"
"1613-e",0,1,0,0,1,8,0,1476989110240,"true",1,0,"close"
"1613-e",0,1,0,0,1,39,0,1476989426936,"true",1,0,"far"
"1613-e",1,0,2,0,2,38,1,1476989420553,"true",0,0,"far"
"1613-e",0,1,0,0,1,11,0,1476989143418,"true",1,0,"split"
"1613-e",1,0,2,0,2,10,1,1476989134776,"true",0,0,"close"
"1613-e",0,0,1,1,0,13,0,1476989157869,"true",0,1,"split"
"1613-e",1,0,1,0,2,12,0,1476989150457,"true",0,1,"far"
"1613-e",1,0,1,0,2,15,0,1476989174581,"true",0,1,"far"
"1613-e",0,1,0,0,1,14,0,1476989168313,"true",1,0,"far"
"1613-e",1,0,0,0,2,17,0,1476989213030,"true",1,0,"split"
"1613-e",1,0,1,0,2,16,0,1476989197526,"true",0,1,"split"
"1613-e",0,1,2,0,1,19,1,1476989231215,"true",0,0,"split"
"1613-e",0,0,2,1,0,18,1,1476989220410,"true",0,0,"far"
"1613-e",0,1,0,0,1,31,0,1476989344272,"true",1,0,"close"
"1613-e",0,0,0,1,0,30,0,1476989331216,"true",1,0,"split"
"1613-e",0,1,1,0,1,37,0,1476989413770,"true",0,1,"close"
"1613-e",1,0,1,0,2,36,0,1476989394637,"true",0,1,"far"
"1613-e",0,1,1,0,1,35,0,1476989387859,"true",0,1,"far"
"1613-e",0,1,1,0,1,34,0,1476989377497,"true",0,1,"split"
"1613-e",0,0,0,1,0,33,0,1476989364223,"true",1,0,"far"
"1613-e",0,1,1,0,1,32,0,1476989356358,"true",0,1,"split"
"1613-e",0,1,2,0,1,50,1,1476989541669,"true",0,0,"far"
