"gameid","sClicked_2","sClicked_1","lClickedIndex","sClicked_0","sClickedIndex","roundNum","lClicked_2","time","outcome","lClicked_0","lClicked_1","condition"
"1623-4",0,0,0,1,0,42,0,1476997829331,"true",1,0,"far"
"1623-4",0,0,2,1,0,48,1,1476997895686,"true",0,0,"close"
"1623-4",1,0,2,0,2,43,1,1476997838742,"true",0,0,"far"
"1623-4",1,0,2,0,2,49,1,1476997905578,"true",0,0,"split"
"1623-4",1,0,1,0,2,24,0,1476997557124,"true",0,1,"far"
"1623-4",1,0,1,0,2,25,0,1476997581257,"false",0,1,"close"
"1623-4",1,0,1,0,2,26,0,1476997596536,"true",0,1,"split"
"1623-4",1,0,1,0,2,27,0,1476997609706,"true",0,1,"far"
"1623-4",0,1,0,0,1,20,0,1476997524198,"true",1,0,"far"
"1623-4",1,0,2,0,2,21,1,1476997532742,"true",0,0,"far"
"1623-4",1,0,0,0,2,22,0,1476997540379,"true",1,0,"far"
"1623-4",0,1,0,0,1,23,0,1476997549778,"true",1,0,"split"
"1623-4",0,0,1,1,0,46,0,1476997867037,"true",0,1,"split"
"1623-4",0,1,0,0,1,47,0,1476997875761,"true",1,0,"far"
"1623-4",1,0,2,0,2,44,1,1476997849254,"true",0,0,"far"
"1623-4",0,0,0,1,0,45,0,1476997858744,"true",1,0,"far"
"1623-4",0,0,1,1,0,28,0,1476997617637,"true",0,1,"split"
"1623-4",0,1,0,0,1,29,0,1476997624826,"true",1,0,"far"
"1623-4",1,0,1,0,2,40,0,1476997782312,"true",0,1,"split"
"1623-4",0,1,2,0,1,41,1,1476997815132,"true",0,0,"close"
"1623-4",1,0,1,0,2,1,0,1476997268316,"true",0,1,"close"
"1623-4",0,0,2,1,0,3,1,1476997315598,"true",0,0,"close"
"1623-4",0,0,1,1,0,2,0,1476997284124,"true",0,1,"close"
"1623-4",0,0,2,1,0,5,1,1476997338926,"true",0,0,"split"
"1623-4",0,1,1,0,1,4,0,1476997329243,"true",0,1,"split"
"1623-4",1,0,2,0,2,7,1,1476997369257,"true",0,0,"close"
"1623-4",1,0,0,0,2,6,0,1476997349884,"true",1,0,"far"
"1623-4",0,1,1,0,1,9,0,1476997389478,"true",0,1,"close"
"1623-4",0,1,2,0,1,8,1,1476997380140,"true",0,0,"close"
"1623-4",1,0,1,0,2,39,0,1476997755447,"true",0,1,"close"
"1623-4",1,0,2,0,2,38,1,1476997732401,"true",0,0,"split"
"1623-4",0,1,2,0,1,11,1,1476997411429,"false",0,0,"close"
"1623-4",0,1,1,0,1,10,0,1476997397975,"true",0,1,"far"
"1623-4",1,0,1,0,2,13,0,1476997446308,"true",0,1,"close"
"1623-4",1,0,2,0,2,12,1,1476997426282,"true",0,0,"close"
"1623-4",0,1,2,0,1,15,1,1476997470368,"false",0,0,"split"
"1623-4",0,0,1,1,0,14,0,1476997456532,"true",0,1,"far"
"1623-4",0,0,1,1,0,17,0,1476997491066,"true",0,1,"far"
"1623-4",0,1,2,0,1,16,1,1476997483001,"true",0,0,"split"
"1623-4",1,0,0,0,2,19,0,1476997515598,"true",1,0,"close"
"1623-4",0,1,0,0,1,18,0,1476997507438,"true",1,0,"split"
"1623-4",1,0,2,0,2,31,1,1476997639760,"true",0,0,"far"
"1623-4",0,1,1,0,1,30,0,1476997632231,"true",0,1,"close"
"1623-4",0,0,0,1,0,37,0,1476997719998,"false",1,0,"close"
"1623-4",0,0,2,1,0,36,1,1476997707404,"true",0,0,"split"
"1623-4",0,0,0,1,0,35,0,1476997695619,"false",1,0,"close"
"1623-4",1,0,0,0,2,34,0,1476997679302,"true",1,0,"far"
"1623-4",1,0,2,0,2,33,1,1476997665957,"true",0,0,"split"
"1623-4",1,0,1,0,2,32,0,1476997655853,"true",0,1,"split"
"1623-4",1,0,1,0,2,50,0,1476997917224,"true",0,1,"split"
