"gameid","sClicked_2","sClicked_1","lClickedIndex","sClicked_0","sClickedIndex","roundNum","lClicked_2","time","outcome","lClicked_0","lClicked_1","condition"
"1624-6",1,0,2,0,2,42,1,1476481366991,"false",0,0,"close"
"1624-6",0,0,0,1,0,48,0,1476481459787,"true",1,0,"far"
"1624-6",0,1,2,0,1,43,1,1476481381064,"true",0,0,"close"
"1624-6",0,0,1,1,0,49,0,1476481470046,"true",0,1,"far"
"1624-6",0,1,1,0,1,24,0,1476481073124,"true",0,1,"close"
"1624-6",0,1,2,0,1,25,1,1476481082967,"true",0,0,"far"
"1624-6",1,0,0,0,2,26,0,1476481093320,"true",1,0,"far"
"1624-6",1,0,1,0,2,27,0,1476481108984,"true",0,1,"split"
"1624-6",0,1,0,0,1,20,0,1476481009330,"true",1,0,"far"
"1624-6",0,1,1,0,1,21,0,1476481026005,"false",0,1,"close"
"1624-6",0,0,1,1,0,22,0,1476481040528,"true",0,1,"split"
"1624-6",0,1,2,0,1,23,1,1476481059651,"true",0,0,"far"
"1624-6",1,0,2,0,2,46,1,1476481432820,"true",0,0,"close"
"1624-6",1,0,0,0,2,47,0,1476481450066,"true",1,0,"close"
"1624-6",1,0,2,0,2,44,1,1476481392407,"true",0,0,"split"
"1624-6",1,0,0,0,2,45,0,1476481405032,"true",1,0,"far"
"1624-6",1,0,1,0,2,28,0,1476481121738,"true",0,1,"close"
"1624-6",0,0,0,1,0,29,0,1476481140661,"true",1,0,"split"
"1624-6",0,0,0,1,0,40,0,1476481323865,"true",1,0,"far"
"1624-6",0,0,2,1,0,41,1,1476481340084,"true",0,0,"split"
"1624-6",1,0,1,0,2,1,0,1476480610432,"true",0,1,"split"
"1624-6",1,0,1,0,2,3,0,1476480649179,"true",0,1,"far"
"1624-6",0,1,2,0,1,2,1,1476480636490,"true",0,0,"close"
"1624-6",1,0,0,0,2,5,0,1476480696490,"true",1,0,"close"
"1624-6",0,1,0,0,1,4,0,1476480678831,"true",1,0,"close"
"1624-6",1,0,0,0,2,7,0,1476480743391,"true",1,0,"split"
"1624-6",1,0,2,0,2,6,1,1476480723012,"true",0,0,"close"
"1624-6",0,1,2,0,1,9,1,1476480773812,"true",0,0,"far"
"1624-6",0,0,1,1,0,8,0,1476480759387,"true",0,1,"split"
"1624-6",0,0,1,1,0,39,0,1476481304814,"false",0,1,"split"
"1624-6",0,0,0,1,0,38,0,1476481292172,"true",1,0,"split"
"1624-6",0,1,0,0,1,11,0,1476480816007,"true",1,0,"split"
"1624-6",0,1,2,0,1,10,1,1476480796966,"true",0,0,"far"
"1624-6",0,1,0,0,1,13,0,1476480866327,"true",1,0,"split"
"1624-6",0,1,1,0,1,12,0,1476480839660,"true",0,1,"far"
"1624-6",0,1,2,0,1,15,1,1476480902158,"true",0,0,"close"
"1624-6",1,0,1,0,2,14,0,1476480882067,"true",0,1,"split"
"1624-6",0,1,0,0,1,17,0,1476480951634,"true",1,0,"close"
"1624-6",0,0,0,1,0,16,0,1476480931136,"true",1,0,"close"
"1624-6",0,0,0,1,0,19,0,1476480996065,"true",1,0,"split"
"1624-6",1,0,0,0,2,18,0,1476480973421,"false",1,0,"split"
"1624-6",1,0,0,0,2,31,0,1476481179758,"true",1,0,"far"
"1624-6",0,1,0,0,1,30,0,1476481163073,"false",1,0,"close"
"1624-6",1,0,2,0,2,37,1,1476481268930,"true",0,0,"far"
"1624-6",1,0,2,0,2,36,1,1476481259743,"true",0,0,"far"
"1624-6",1,0,2,0,2,35,1,1476481248238,"true",0,0,"close"
"1624-6",0,1,2,0,1,34,1,1476481229133,"true",0,0,"split"
"1624-6",1,0,1,0,2,33,0,1476481210377,"true",0,1,"split"
"1624-6",1,0,0,0,2,32,0,1476481197752,"true",1,0,"far"
"1624-6",1,0,2,0,2,50,1,1476481492543,"true",0,0,"close"
