"gameid","sClicked_2","sClicked_1","lClickedIndex","sClicked_0","sClickedIndex","roundNum","lClicked_2","time","outcome","lClicked_0","lClicked_1","condition"
"1632-b",0,1,1,0,1,42,0,1459885369461,"false",0,1,"split"
"1632-b",1,0,0,0,2,48,0,1459885607360,"true",1,0,"close"
"1632-b",1,0,1,0,2,43,0,1459885448251,"false",0,1,"close"
"1632-b",0,0,0,1,0,49,0,1459885645246,"true",1,0,"far"
"1632-b",0,1,2,0,1,24,1,1459884586170,"false",0,0,"close"
"1632-b",0,0,2,1,0,25,1,1459884627071,"false",0,0,"split"
"1632-b",1,0,1,0,2,26,0,1459884652285,"true",0,1,"far"
"1632-b",0,1,1,0,1,27,0,1459884667816,"true",0,1,"far"
"1632-b",0,1,0,0,1,20,0,1459884474916,"true",1,0,"close"
"1632-b",0,1,1,0,1,21,0,1459884486286,"true",0,1,"far"
"1632-b",0,1,0,0,1,22,0,1459884519245,"false",1,0,"close"
"1632-b",1,0,0,0,2,23,0,1459884564315,"true",1,0,"close"
"1632-b",1,0,0,0,2,46,0,1459885536864,"true",1,0,"close"
"1632-b",0,1,0,0,1,47,0,1459885587239,"true",1,0,"split"
"1632-b",0,1,0,0,1,44,0,1459885491409,"true",1,0,"far"
"1632-b",0,0,2,1,0,45,1,1459885517796,"true",0,0,"far"
"1632-b",1,0,2,0,2,28,1,1459884724078,"true",0,0,"split"
"1632-b",0,0,2,1,0,29,1,1459884763658,"true",0,0,"split"
"1632-b",0,1,0,0,1,40,0,1459885257259,"true",1,0,"split"
"1632-b",1,0,1,0,2,41,0,1459885305777,"false",0,1,"split"
"1632-b",1,0,0,0,2,1,0,1459883937889,"false",1,0,"close"
"1632-b",1,0,2,0,2,3,1,1459883982555,"true",0,0,"split"
"1632-b",1,0,0,0,2,2,0,1459883962867,"false",1,0,"close"
"1632-b",0,1,0,0,1,5,0,1459884010273,"true",1,0,"far"
"1632-b",1,0,1,0,2,4,0,1459883997721,"true",0,1,"close"
"1632-b",0,0,2,1,0,7,1,1459884069740,"false",0,0,"far"
"1632-b",0,0,2,1,0,6,1,1459884025067,"true",0,0,"far"
"1632-b",0,1,2,0,1,9,1,1459884142218,"true",0,0,"split"
"1632-b",0,1,0,0,1,8,0,1459884085906,"true",1,0,"far"
"1632-b",0,0,2,1,0,39,1,1459885227520,"true",0,0,"far"
"1632-b",0,1,1,0,1,38,0,1459885194870,"true",0,1,"close"
"1632-b",0,1,1,0,1,11,0,1459884200624,"true",0,1,"split"
"1632-b",0,1,2,0,1,10,1,1459884176451,"true",0,0,"close"
"1632-b",0,0,1,1,0,13,0,1459884255079,"true",0,1,"far"
"1632-b",0,0,1,1,0,12,0,1459884229012,"true",0,1,"far"
"1632-b",0,0,1,1,0,15,0,1459884308984,"true",0,1,"far"
"1632-b",1,0,0,0,2,14,0,1459884281060,"true",1,0,"split"
"1632-b",1,0,0,0,2,17,0,1459884389320,"true",1,0,"far"
"1632-b",1,0,1,0,2,16,0,1459884360933,"true",0,1,"close"
"1632-b",0,1,1,0,1,19,0,1459884443405,"true",0,1,"split"
"1632-b",1,0,2,0,2,18,1,1459884416920,"false",0,0,"split"
"1632-b",0,1,1,0,1,31,0,1459884848353,"false",0,1,"split"
"1632-b",0,0,2,1,0,30,1,1459884800051,"false",0,0,"close"
"1632-b",0,1,2,0,1,37,1,1459885131953,"false",0,0,"split"
"1632-b",0,1,2,0,1,36,1,1459885017246,"true",0,0,"far"
"1632-b",0,0,1,1,0,35,0,1459884970247,"true",0,1,"close"
"1632-b",0,1,1,0,1,34,0,1459884948682,"false",0,1,"far"
"1632-b",0,1,2,0,1,33,1,1459884923585,"false",0,0,"close"
"1632-b",0,1,2,0,1,32,1,1459884888640,"false",0,0,"split"
"1632-b",0,1,2,0,1,50,1,1459885666087,"true",0,0,"split"
