"gameid","sClicked_2","sClicked_1","lClickedIndex","sClicked_0","sClickedIndex","roundNum","lClicked_2","time","outcome","lClicked_0","lClicked_1","condition"
"1641-c",0,0,1,1,0,42,0,1476474689321,"true",0,1,"far"
"1641-c",0,0,0,1,0,48,0,1476474744727,"true",1,0,"close"
"1641-c",0,1,2,0,1,43,1,1476474695758,"true",0,0,"split"
"1641-c",0,1,0,0,1,49,0,1476474767490,"true",1,0,"close"
"1641-c",0,0,1,1,0,24,0,1476474394123,"true",0,1,"far"
"1641-c",1,0,1,0,2,25,0,1476474400644,"true",0,1,"far"
"1641-c",0,0,1,1,0,26,0,1476474412587,"true",0,1,"far"
"1641-c",0,0,0,1,0,27,0,1476474420703,"true",1,0,"far"
"1641-c",0,1,2,0,1,20,1,1476474315345,"true",0,0,"split"
"1641-c",1,0,0,0,2,21,0,1476474329722,"true",1,0,"split"
"1641-c",0,1,0,0,1,22,0,1476474348706,"true",1,0,"split"
"1641-c",0,1,1,0,1,23,0,1476474381929,"true",0,1,"close"
"1641-c",0,0,2,1,0,46,1,1476474728471,"true",0,0,"split"
"1641-c",1,0,1,0,2,47,0,1476474735064,"true",0,1,"far"
"1641-c",1,0,0,0,2,44,0,1476474713829,"false",1,0,"close"
"1641-c",0,0,1,1,0,45,0,1476474719603,"true",0,1,"far"
"1641-c",0,0,2,1,0,28,1,1476474446216,"true",0,0,"split"
"1641-c",1,0,1,0,2,29,0,1476474452853,"true",0,1,"far"
"1641-c",0,0,0,1,0,40,0,1476474676897,"true",1,0,"close"
"1641-c",0,1,1,0,1,41,0,1476474683445,"true",0,1,"far"
"1641-c",1,0,1,0,2,1,0,1476474008026,"true",0,1,"far"
"1641-c",1,0,0,0,2,3,0,1476474037059,"false",1,0,"close"
"1641-c",1,0,2,0,2,2,1,1476474014677,"true",0,0,"far"
"1641-c",0,0,1,1,0,5,0,1476474097740,"true",0,1,"split"
"1641-c",1,0,2,0,2,4,1,1476474059925,"true",0,0,"close"
"1641-c",0,1,1,0,1,7,0,1476474124791,"true",0,1,"close"
"1641-c",1,0,2,0,2,6,1,1476474107471,"true",0,0,"split"
"1641-c",0,1,0,0,1,9,0,1476474143320,"true",1,0,"far"
"1641-c",1,0,1,0,2,8,0,1476474135674,"false",0,1,"split"
"1641-c",1,0,2,0,2,39,1,1476474665868,"true",0,0,"split"
"1641-c",1,0,1,0,2,38,0,1476474610546,"true",0,1,"split"
"1641-c",1,0,1,0,2,11,0,1476474158702,"true",0,1,"far"
"1641-c",1,0,2,0,2,10,1,1476474151014,"true",0,0,"split"
"1641-c",0,0,0,1,0,13,0,1476474191648,"true",1,0,"close"
"1641-c",0,0,0,1,0,12,0,1476474169376,"true",1,0,"split"
"1641-c",0,1,0,0,1,15,0,1476474219400,"true",1,0,"far"
"1641-c",1,0,0,0,2,14,0,1476474210181,"true",1,0,"split"
"1641-c",0,0,0,1,0,17,0,1476474252553,"true",1,0,"close"
"1641-c",0,0,0,1,0,16,0,1476474244718,"true",1,0,"close"
"1641-c",0,0,1,1,0,19,0,1476474286773,"true",0,1,"far"
"1641-c",0,0,1,1,0,18,0,1476474262547,"false",0,1,"close"
"1641-c",1,0,0,0,2,31,0,1476474480575,"true",1,0,"split"
"1641-c",0,1,0,0,1,30,0,1476474465417,"true",1,0,"split"
"1641-c",1,0,0,0,2,37,0,1476474603707,"true",1,0,"close"
"1641-c",1,0,0,0,2,36,0,1476474591909,"true",1,0,"close"
"1641-c",0,1,2,0,1,35,1,1476474576395,"true",0,0,"far"
"1641-c",0,0,1,1,0,34,0,1476474570163,"true",0,1,"far"
"1641-c",1,0,2,0,2,33,1,1476474563676,"true",0,0,"close"
"1641-c",1,0,1,0,2,32,0,1476474498683,"true",0,1,"close"
"1641-c",0,0,0,1,0,50,0,1476474774518,"true",1,0,"split"
