"gameid","sClicked_2","sClicked_1","lClickedIndex","sClicked_0","sClickedIndex","roundNum","lClicked_2","time","outcome","lClicked_0","lClicked_1","condition"
"1642-d",1,0,0,0,2,42,0,1476481559745,"true",1,0,"close"
"1642-d",1,0,2,0,2,48,1,1476481648130,"true",0,0,"far"
"1642-d",0,1,1,0,1,43,0,1476481572593,"true",0,1,"split"
"1642-d",1,0,1,0,2,49,0,1476481662293,"true",0,1,"far"
"1642-d",0,1,0,0,1,24,0,1476481347998,"true",1,0,"close"
"1642-d",1,0,2,0,2,25,1,1476481359310,"true",0,0,"split"
"1642-d",0,0,1,1,0,26,0,1476481367815,"true",0,1,"close"
"1642-d",0,0,2,1,0,27,1,1476481390846,"true",0,0,"close"
"1642-d",0,0,1,1,0,20,0,1476481262244,"true",0,1,"split"
"1642-d",0,1,1,0,1,21,0,1476481273921,"true",0,1,"close"
"1642-d",0,0,1,1,0,22,0,1476481288565,"true",0,1,"close"
"1642-d",0,1,2,0,1,23,1,1476481328781,"true",0,0,"close"
"1642-d",0,0,0,1,0,46,0,1476481622586,"true",1,0,"far"
"1642-d",0,1,0,0,1,47,0,1476481639659,"true",1,0,"split"
"1642-d",1,0,0,0,2,44,0,1476481599794,"true",1,0,"close"
"1642-d",1,0,2,0,2,45,1,1476481610722,"true",0,0,"close"
"1642-d",0,1,2,0,1,28,1,1476481400670,"true",0,0,"far"
"1642-d",0,0,2,1,0,29,1,1476481407110,"true",0,0,"far"
"1642-d",0,0,0,1,0,40,0,1476481528425,"true",1,0,"far"
"1642-d",0,0,2,1,0,41,1,1476481540296,"true",0,0,"far"
"1642-d",0,1,2,0,1,1,1,1476480989866,"true",0,0,"split"
"1642-d",1,0,2,0,2,3,1,1476481026423,"true",0,0,"split"
"1642-d",1,0,2,0,2,2,1,1476481006391,"true",0,0,"far"
"1642-d",0,0,1,1,0,5,0,1476481048585,"true",0,1,"far"
"1642-d",0,0,2,1,0,4,1,1476481037408,"true",0,0,"close"
"1642-d",0,0,2,1,0,7,1,1476481081737,"true",0,0,"close"
"1642-d",1,0,1,0,2,6,0,1476481068953,"true",0,1,"close"
"1642-d",0,1,0,0,1,9,0,1476481120321,"true",1,0,"far"
"1642-d",0,0,1,1,0,8,0,1476481105121,"true",0,1,"far"
"1642-d",1,0,2,0,2,39,1,1476481520968,"true",0,0,"far"
"1642-d",0,1,0,0,1,38,0,1476481510272,"true",1,0,"close"
"1642-d",1,0,1,0,2,11,0,1476481141466,"true",0,1,"far"
"1642-d",0,1,1,0,1,10,0,1476481130841,"true",0,1,"split"
"1642-d",0,0,0,1,0,13,0,1476481169698,"false",1,0,"split"
"1642-d",1,0,2,0,2,12,1,1476481156234,"true",0,0,"split"
"1642-d",1,0,0,0,2,15,0,1476481187670,"true",1,0,"split"
"1642-d",1,0,1,0,2,14,0,1476481179539,"true",0,1,"split"
"1642-d",0,1,2,0,1,17,1,1476481217182,"true",0,0,"far"
"1642-d",1,0,2,0,2,16,1,1476481209980,"true",0,0,"close"
"1642-d",0,0,2,1,0,19,1,1476481252044,"true",0,0,"close"
"1642-d",0,0,2,1,0,18,1,1476481238164,"false",0,0,"split"
"1642-d",1,0,0,0,2,31,0,1476481431087,"true",1,0,"split"
"1642-d",1,0,1,0,2,30,0,1476481413799,"true",0,1,"far"
"1642-d",0,0,1,1,0,37,0,1476481497728,"true",0,1,"far"
"1642-d",0,0,2,1,0,36,1,1476481486481,"true",0,0,"far"
"1642-d",1,0,0,0,2,35,0,1476481477815,"true",1,0,"close"
"1642-d",0,1,0,0,1,34,0,1476481456799,"true",1,0,"split"
"1642-d",0,0,2,1,0,33,1,1476481447207,"true",0,0,"split"
"1642-d",0,0,0,1,0,32,0,1476481438911,"true",1,0,"split"
"1642-d",0,1,2,0,1,50,1,1476481680251,"false",0,0,"close"
