"gameid","sClicked_2","sClicked_1","lClickedIndex","sClicked_0","sClickedIndex","roundNum","lClicked_2","time","outcome","lClicked_0","lClicked_1","condition"
"1643-5",0,0,0,1,0,42,0,1476997510755,"true",1,0,"close"
"1643-5",0,0,0,1,0,48,0,1476997583027,"true",1,0,"split"
"1643-5",0,1,0,0,1,43,0,1476997532730,"true",1,0,"close"
"1643-5",0,0,1,1,0,49,0,1476997589991,"true",0,1,"split"
"1643-5",1,0,1,0,2,24,0,1476997200920,"true",0,1,"close"
"1643-5",0,1,0,0,1,25,0,1476997223546,"true",1,0,"close"
"1643-5",0,0,2,1,0,26,1,1476997237487,"true",0,0,"far"
"1643-5",0,1,0,0,1,27,0,1476997249978,"false",1,0,"close"
"1643-5",1,0,0,0,2,20,0,1476997100169,"true",1,0,"far"
"1643-5",1,0,1,0,2,21,0,1476997112589,"true",0,1,"far"
"1643-5",1,0,1,0,2,22,0,1476997122648,"true",0,1,"far"
"1643-5",0,1,0,0,1,23,0,1476997165110,"false",1,0,"close"
"1643-5",0,1,2,0,1,46,1,1476997561689,"true",0,0,"split"
"1643-5",0,0,0,1,0,47,0,1476997567399,"true",1,0,"far"
"1643-5",0,0,1,1,0,44,0,1476997543347,"true",0,1,"far"
"1643-5",1,0,0,0,2,45,0,1476997553422,"true",1,0,"far"
"1643-5",0,0,2,1,0,28,1,1476997269540,"true",0,0,"close"
"1643-5",0,0,2,1,0,29,1,1476997280084,"true",0,0,"far"
"1643-5",0,1,1,0,1,40,0,1476997480898,"true",0,1,"close"
"1643-5",0,1,2,0,1,41,1,1476997502507,"true",0,0,"close"
"1643-5",0,1,2,0,1,1,1,1476996860602,"true",0,0,"close"
"1643-5",0,0,0,1,0,3,0,1476996882204,"true",1,0,"split"
"1643-5",0,1,2,0,1,2,1,1476996871373,"true",0,0,"split"
"1643-5",1,0,0,0,2,5,0,1476996917103,"true",1,0,"split"
"1643-5",0,0,0,1,0,4,0,1476996895968,"true",1,0,"close"
"1643-5",0,1,0,0,1,7,0,1476996939326,"true",1,0,"split"
"1643-5",0,1,0,0,1,6,0,1476996931435,"true",1,0,"far"
"1643-5",1,0,1,0,2,9,0,1476996958628,"true",0,1,"far"
"1643-5",0,1,0,0,1,8,0,1476996948041,"true",1,0,"far"
"1643-5",0,1,2,0,1,39,1,1476997454560,"false",0,0,"close"
"1643-5",1,0,1,0,2,38,0,1476997404767,"true",0,1,"split"
"1643-5",0,1,2,0,1,11,1,1476996973976,"true",0,0,"split"
"1643-5",0,0,0,1,0,10,0,1476996966458,"true",1,0,"split"
"1643-5",1,0,1,0,2,13,0,1476997011450,"true",0,1,"close"
"1643-5",0,1,1,0,1,12,0,1476996981649,"true",0,1,"far"
"1643-5",0,0,1,1,0,15,0,1476997031904,"true",0,1,"far"
"1643-5",0,0,1,1,0,14,0,1476997025184,"true",0,1,"far"
"1643-5",0,1,0,0,1,17,0,1476997054522,"true",1,0,"split"
"1643-5",0,1,0,0,1,16,0,1476997043514,"true",1,0,"close"
"1643-5",0,1,1,0,1,19,0,1476997081651,"false",0,1,"split"
"1643-5",1,0,1,0,2,18,0,1476997062514,"true",0,1,"close"
"1643-5",1,0,0,0,2,31,0,1476997318014,"true",1,0,"far"
"1643-5",0,0,2,1,0,30,1,1476997308704,"true",0,0,"split"
"1643-5",0,1,1,0,1,37,0,1476997398048,"true",0,1,"far"
"1643-5",0,0,1,1,0,36,0,1476997389545,"true",0,1,"split"
"1643-5",0,1,0,0,1,35,0,1476997381626,"true",1,0,"split"
"1643-5",0,0,2,1,0,34,1,1476997374624,"true",0,0,"close"
"1643-5",0,1,1,0,1,33,0,1476997344540,"true",0,1,"far"
"1643-5",1,0,0,0,2,32,0,1476997325227,"true",1,0,"split"
"1643-5",0,1,0,0,1,50,0,1476997603420,"true",1,0,"close"
