"gameid","sClicked_2","sClicked_1","lClickedIndex","sClicked_0","sClickedIndex","roundNum","lClicked_2","time","outcome","lClicked_0","lClicked_1","condition"
"1651-6",0,0,0,1,0,42,0,1476991216942,"true",1,0,"close"
"1651-6",0,0,2,1,0,48,1,1476991325094,"true",0,0,"far"
"1651-6",0,1,2,0,1,43,1,1476991228542,"true",0,0,"far"
"1651-6",0,1,2,0,1,49,1,1476991336160,"true",0,0,"close"
"1651-6",0,1,0,0,1,24,0,1476990979337,"true",1,0,"split"
"1651-6",0,1,0,0,1,25,0,1476990990084,"true",1,0,"close"
"1651-6",1,0,2,0,2,26,1,1476990999690,"true",0,0,"far"
"1651-6",1,0,2,0,2,27,1,1476991013061,"true",0,0,"close"
"1651-6",0,0,2,1,0,20,1,1476990906587,"true",0,0,"far"
"1651-6",0,0,1,1,0,21,0,1476990923727,"true",0,1,"close"
"1651-6",0,0,2,1,0,22,1,1476990946096,"true",0,0,"split"
"1651-6",1,0,2,0,2,23,1,1476990958840,"true",0,0,"close"
"1651-6",1,0,0,0,2,46,0,1476991303259,"true",1,0,"split"
"1651-6",1,0,2,0,2,47,1,1476991315589,"true",0,0,"split"
"1651-6",1,0,1,0,2,44,0,1476991272750,"true",0,1,"close"
"1651-6",0,0,2,1,0,45,1,1476991289969,"true",0,0,"split"
"1651-6",0,0,2,1,0,28,1,1476991027368,"true",0,0,"close"
"1651-6",0,1,0,0,1,29,0,1476991039708,"true",1,0,"split"
"1651-6",0,1,2,0,1,40,1,1476991189278,"false",0,0,"close"
"1651-6",1,0,1,0,2,41,0,1476991199793,"true",0,1,"split"
"1651-6",1,0,1,0,2,1,0,1476990564828,"true",0,1,"close"
"1651-6",1,0,0,0,2,3,0,1476990589932,"true",1,0,"close"
"1651-6",0,0,2,1,0,2,1,1476990574490,"true",0,0,"far"
"1651-6",1,0,0,0,2,5,0,1476990646533,"true",1,0,"split"
"1651-6",0,0,2,1,0,4,1,1476990600428,"true",0,0,"far"
"1651-6",1,0,1,0,2,7,0,1476990691055,"true",0,1,"far"
"1651-6",0,0,1,1,0,6,0,1476990656144,"true",0,1,"far"
"1651-6",1,0,2,0,2,9,1,1476990719181,"true",0,0,"close"
"1651-6",0,0,1,1,0,8,0,1476990702404,"true",0,1,"far"
"1651-6",0,1,1,0,1,39,0,1476991170297,"true",0,1,"split"
"1651-6",0,0,0,1,0,38,0,1476991160702,"true",1,0,"split"
"1651-6",0,0,2,1,0,11,1,1476990743737,"false",0,0,"close"
"1651-6",0,1,1,0,1,10,0,1476990728604,"true",0,1,"far"
"1651-6",1,0,0,0,2,13,0,1476990774771,"true",1,0,"split"
"1651-6",0,1,0,0,1,12,0,1476990760443,"true",1,0,"split"
"1651-6",1,0,1,0,2,15,0,1476990801735,"true",0,1,"far"
"1651-6",0,1,0,0,1,14,0,1476990788535,"true",1,0,"far"
"1651-6",0,1,2,0,1,17,1,1476990854811,"true",0,0,"close"
"1651-6",0,0,0,1,0,16,0,1476990825253,"true",1,0,"split"
"1651-6",1,0,1,0,2,19,0,1476990897313,"true",0,1,"split"
"1651-6",1,0,1,0,2,18,0,1476990881779,"true",0,1,"close"
"1651-6",0,0,1,1,0,31,0,1476991060169,"true",0,1,"far"
"1651-6",1,0,2,0,2,30,1,1476991051001,"true",0,0,"far"
"1651-6",0,0,1,1,0,37,0,1476991146962,"true",0,1,"close"
"1651-6",0,0,0,1,0,36,0,1476991134014,"true",1,0,"close"
"1651-6",1,0,0,0,2,35,0,1476991119149,"true",1,0,"far"
"1651-6",1,0,0,0,2,34,0,1476991096616,"true",1,0,"far"
"1651-6",1,0,1,0,2,33,0,1476991089439,"true",0,1,"split"
"1651-6",1,0,1,0,2,32,0,1476991072325,"true",0,1,"split"
"1651-6",0,0,0,1,0,50,0,1476991350373,"true",1,0,"split"
