"gameid","sClicked_2","sClicked_1","lClickedIndex","sClicked_0","sClickedIndex","roundNum","lClicked_2","time","outcome","lClicked_0","lClicked_1","condition"
"1655-b",0,1,1,0,1,42,0,1476484551880,"true",0,1,"close"
"1655-b",1,0,2,0,2,48,1,1476484709342,"true",0,0,"close"
"1655-b",1,0,1,0,2,43,0,1476484567667,"true",0,1,"far"
"1655-b",1,0,1,0,2,49,0,1476484719398,"false",0,1,"split"
"1655-b",1,0,2,0,2,24,1,1476484141524,"true",0,0,"split"
"1655-b",0,0,0,1,0,25,0,1476484151473,"true",1,0,"split"
"1655-b",1,0,2,0,2,26,1,1476484179009,"true",0,0,"close"
"1655-b",0,0,0,1,0,27,0,1476484204232,"false",1,0,"close"
"1655-b",1,0,0,0,2,20,0,1476484097419,"true",1,0,"split"
"1655-b",0,0,0,1,0,21,0,1476484108834,"true",1,0,"split"
"1655-b",1,0,0,0,2,22,0,1476484121411,"false",1,0,"split"
"1655-b",0,0,2,1,0,23,1,1476484130616,"true",0,0,"far"
"1655-b",0,0,0,1,0,46,0,1476484681512,"true",1,0,"close"
"1655-b",0,0,1,1,0,47,0,1476484696883,"true",0,1,"split"
"1655-b",1,0,2,0,2,44,1,1476484651502,"true",0,0,"far"
"1655-b",0,1,0,0,1,45,0,1476484661157,"true",1,0,"far"
"1655-b",0,1,0,0,1,28,0,1476484222819,"true",1,0,"far"
"1655-b",0,1,0,0,1,29,0,1476484252492,"true",1,0,"far"
"1655-b",0,0,2,1,0,40,1,1476484511061,"true",0,0,"split"
"1655-b",1,0,0,0,2,41,0,1476484519294,"true",1,0,"close"
"1655-b",0,0,0,1,0,1,0,1476483783817,"true",1,0,"split"
"1655-b",0,1,2,0,1,3,1,1476483808878,"true",0,0,"close"
"1655-b",0,0,0,1,0,2,0,1476483796439,"true",1,0,"split"
"1655-b",0,1,0,0,1,5,0,1476483832505,"true",1,0,"close"
"1655-b",0,1,2,0,1,4,1,1476483821305,"true",0,0,"split"
"1655-b",0,0,0,1,0,7,0,1476483847197,"true",1,0,"far"
"1655-b",1,0,0,0,2,6,0,1476483839001,"true",1,0,"far"
"1655-b",1,0,0,0,2,9,0,1476483916705,"true",1,0,"far"
"1655-b",0,0,0,1,0,8,0,1476483875078,"true",1,0,"far"
"1655-b",1,0,1,0,2,39,0,1476484491766,"true",0,1,"close"
"1655-b",1,0,0,0,2,38,0,1476484470055,"true",1,0,"close"
"1655-b",1,0,0,0,2,11,0,1476483944840,"true",1,0,"far"
"1655-b",1,0,2,0,2,10,1,1476483932649,"true",0,0,"close"
"1655-b",1,0,0,0,2,13,0,1476483971220,"true",1,0,"close"
"1655-b",1,0,2,0,2,12,1,1476483955821,"false",0,0,"split"
"1655-b",1,0,2,0,2,15,1,1476483998331,"true",0,0,"far"
"1655-b",1,0,2,0,2,14,1,1476483986553,"true",0,0,"close"
"1655-b",0,0,2,1,0,17,1,1476484040777,"true",0,0,"far"
"1655-b",0,0,1,1,0,16,0,1476484018183,"true",0,1,"split"
"1655-b",0,0,2,1,0,19,1,1476484075522,"true",0,0,"close"
"1655-b",1,0,2,0,2,18,1,1476484064335,"true",0,0,"close"
"1655-b",0,0,2,1,0,31,1,1476484307244,"true",0,0,"far"
"1655-b",1,0,2,0,2,30,1,1476484287863,"true",0,0,"split"
"1655-b",0,1,2,0,1,37,1,1476484442529,"true",0,0,"split"
"1655-b",1,0,0,0,2,36,0,1476484419851,"true",1,0,"far"
"1655-b",0,0,0,1,0,35,0,1476484397322,"true",1,0,"close"
"1655-b",0,0,2,1,0,34,1,1476484374271,"true",0,0,"far"
"1655-b",0,0,0,1,0,33,0,1476484340505,"true",1,0,"far"
"1655-b",1,0,2,0,2,32,1,1476484321113,"true",0,0,"close"
"1655-b",1,0,0,0,2,50,0,1476484732324,"false",1,0,"split"
