"gameid","sClicked_2","sClicked_1","lClickedIndex","sClicked_0","sClickedIndex","roundNum","lClicked_2","time","outcome","lClicked_0","lClicked_1","condition"
"1670-2",0,0,0,1,0,42,0,1476992245302,"true",1,0,"close"
"1670-2",1,0,1,0,2,48,0,1476992297908,"true",0,1,"split"
"1670-2",0,0,2,1,0,43,1,1476992252848,"true",0,0,"far"
"1670-2",0,1,1,0,1,49,0,1476992306969,"true",0,1,"split"
"1670-2",0,0,2,1,0,24,1,1476992034405,"true",0,0,"split"
"1670-2",1,0,0,0,2,25,0,1476992048585,"true",1,0,"split"
"1670-2",0,1,0,0,1,26,0,1476992054393,"true",1,0,"far"
"1670-2",0,1,1,0,1,27,0,1476992062261,"true",0,1,"split"
"1670-2",0,1,1,0,1,20,0,1476992000115,"true",0,1,"split"
"1670-2",0,1,2,0,1,21,1,1476992006105,"true",0,0,"far"
"1670-2",0,1,1,0,1,22,0,1476992015040,"true",0,1,"close"
"1670-2",1,0,0,0,2,23,0,1476992023404,"false",1,0,"far"
"1670-2",0,1,0,0,1,46,0,1476992280886,"true",1,0,"split"
"1670-2",1,0,2,0,2,47,1,1476992291295,"true",0,0,"close"
"1670-2",1,0,1,0,2,44,0,1476992261142,"true",0,1,"split"
"1670-2",0,0,2,1,0,45,1,1476992274470,"true",0,0,"split"
"1670-2",0,0,1,1,0,28,0,1476992069887,"true",0,1,"far"
"1670-2",0,1,1,0,1,29,0,1476992075727,"true",0,1,"far"
"1670-2",0,0,0,1,0,40,0,1476992193756,"true",1,0,"far"
"1670-2",0,1,0,0,1,41,0,1476992210697,"true",1,0,"split"
"1670-2",0,1,1,0,1,1,0,1476991800706,"true",0,1,"close"
"1670-2",0,1,0,0,1,3,0,1476991817388,"true",1,0,"far"
"1670-2",0,0,0,1,0,2,0,1476991810457,"true",1,0,"close"
"1670-2",0,1,0,0,1,5,0,1476991831090,"true",1,0,"far"
"1670-2",1,0,1,0,2,4,0,1476991824376,"false",0,1,"close"
"1670-2",0,0,2,1,0,7,1,1476991856831,"true",0,0,"far"
"1670-2",0,1,0,0,1,6,0,1476991850512,"true",1,0,"split"
"1670-2",0,1,2,0,1,9,1,1476991872866,"true",0,0,"close"
"1670-2",1,0,2,0,2,8,1,1476991863096,"true",0,0,"far"
"1670-2",0,1,2,0,1,39,1,1476992187625,"true",0,0,"close"
"1670-2",0,1,2,0,1,38,1,1476992173743,"true",0,0,"close"
"1670-2",0,0,2,1,0,11,1,1476991887596,"true",0,0,"far"
"1670-2",0,1,2,0,1,10,1,1476991882268,"false",0,0,"close"
"1670-2",1,0,0,0,2,13,0,1476991919457,"true",1,0,"close"
"1670-2",0,0,2,1,0,12,1,1476991905241,"true",0,0,"close"
"1670-2",0,0,1,1,0,15,0,1476991947173,"true",0,1,"far"
"1670-2",0,0,2,1,0,14,1,1476991940763,"true",0,0,"split"
"1670-2",0,1,2,0,1,17,1,1476991968620,"true",0,0,"far"
"1670-2",0,0,2,1,0,16,1,1476991963026,"true",0,0,"close"
"1670-2",1,0,1,0,2,19,0,1476991991564,"true",0,1,"far"
"1670-2",0,0,0,1,0,18,0,1476991974777,"true",1,0,"far"
"1670-2",0,0,0,1,0,31,0,1476992094601,"true",1,0,"close"
"1670-2",1,0,2,0,2,30,1,1476992086102,"true",0,0,"split"
"1670-2",0,1,2,0,1,37,1,1476992151231,"false",0,0,"close"
"1670-2",0,1,1,0,1,36,0,1476992139625,"true",0,1,"split"
"1670-2",1,0,2,0,2,35,1,1476992131983,"true",0,0,"close"
"1670-2",1,0,1,0,2,34,0,1476992116098,"true",0,1,"split"
"1670-2",0,1,0,0,1,33,0,1476992107439,"true",1,0,"far"
"1670-2",0,0,2,1,0,32,1,1476992101747,"true",0,0,"split"
"1670-2",0,1,0,0,1,50,0,1476992318041,"true",1,0,"split"
