"gameid","sClicked_2","sClicked_1","lClickedIndex","sClicked_0","sClickedIndex","roundNum","lClicked_2","time","outcome","lClicked_0","lClicked_1","condition"
"1686-e",0,0,0,1,0,42,0,1476992364264,"true",1,0,"split"
"1686-e",0,1,1,0,1,48,0,1476992485018,"true",0,1,"close"
"1686-e",0,0,1,1,0,43,0,1476992380519,"true",0,1,"split"
"1686-e",0,0,1,1,0,49,0,1476992507031,"true",0,1,"split"
"1686-e",0,1,1,0,1,24,0,1476992055451,"true",0,1,"far"
"1686-e",1,0,1,0,2,25,0,1476992063381,"true",0,1,"far"
"1686-e",0,0,2,1,0,26,1,1476992078468,"true",0,0,"split"
"1686-e",0,0,0,1,0,27,0,1476992098027,"true",1,0,"split"
"1686-e",1,0,1,0,2,20,0,1476992001792,"true",0,1,"split"
"1686-e",1,0,1,0,2,21,0,1476992016199,"true",0,1,"far"
"1686-e",0,0,1,1,0,22,0,1476992024210,"true",0,1,"far"
"1686-e",0,1,1,0,1,23,0,1476992046367,"true",0,1,"far"
"1686-e",0,0,0,1,0,46,0,1476992455401,"true",1,0,"split"
"1686-e",1,0,2,0,2,47,1,1476992467745,"true",0,0,"close"
"1686-e",1,0,0,0,2,44,0,1476992398606,"true",1,0,"split"
"1686-e",0,1,1,0,1,45,0,1476992435045,"true",0,1,"close"
"1686-e",1,0,1,0,2,28,0,1476992120532,"true",0,1,"split"
"1686-e",0,1,1,0,1,29,0,1476992141880,"true",0,1,"close"
"1686-e",0,1,0,0,1,40,0,1476992336847,"true",1,0,"close"
"1686-e",0,0,2,1,0,41,1,1476992345650,"true",0,0,"far"
"1686-e",0,0,0,1,0,1,0,1476991695660,"true",1,0,"far"
"1686-e",0,0,2,1,0,3,1,1476991725271,"false",0,0,"close"
"1686-e",0,0,0,1,0,2,0,1476991706119,"true",1,0,"split"
"1686-e",0,0,0,1,0,5,0,1476991750618,"true",1,0,"split"
"1686-e",1,0,2,0,2,4,1,1476991742232,"false",0,0,"close"
"1686-e",0,1,0,0,1,7,0,1476991777948,"true",1,0,"close"
"1686-e",1,0,2,0,2,6,1,1476991767361,"true",0,0,"far"
"1686-e",0,1,2,0,1,9,1,1476991826642,"true",0,0,"close"
"1686-e",1,0,2,0,2,8,1,1476991791230,"false",0,0,"close"
"1686-e",1,0,2,0,2,39,1,1476992325297,"true",0,0,"close"
"1686-e",0,1,1,0,1,38,0,1476992297966,"true",0,1,"far"
"1686-e",0,0,0,1,0,11,0,1476991859959,"true",1,0,"close"
"1686-e",0,1,1,0,1,10,0,1476991836330,"true",0,1,"close"
"1686-e",0,0,1,1,0,13,0,1476991900754,"true",0,1,"far"
"1686-e",0,0,0,1,0,12,0,1476991890151,"true",1,0,"far"
"1686-e",0,0,1,1,0,15,0,1476991916243,"true",0,1,"far"
"1686-e",0,1,1,0,1,14,0,1476991908950,"true",0,1,"split"
"1686-e",0,0,2,1,0,17,1,1476991958352,"true",0,0,"close"
"1686-e",0,1,1,0,1,16,0,1476991937554,"false",0,1,"close"
"1686-e",0,0,0,1,0,19,0,1476991983720,"true",1,0,"split"
"1686-e",0,1,0,0,1,18,0,1476991973186,"true",1,0,"close"
"1686-e",0,1,2,0,1,31,1,1476992155947,"true",0,0,"far"
"1686-e",0,0,2,1,0,30,1,1476992149738,"true",0,0,"far"
"1686-e",0,1,1,0,1,37,0,1476992271602,"true",0,1,"split"
"1686-e",0,0,0,1,0,36,0,1476992241296,"true",1,0,"split"
"1686-e",0,0,2,1,0,35,1,1476992225395,"false",0,0,"close"
"1686-e",0,0,1,1,0,34,0,1476992188423,"true",0,1,"far"
"1686-e",0,1,2,0,1,33,1,1476992181912,"true",0,0,"far"
"1686-e",0,1,0,0,1,32,0,1476992173533,"true",1,0,"split"
"1686-e",0,1,2,0,1,50,1,1476992517045,"true",0,0,"far"
