"gameid","sClicked_2","sClicked_1","lClickedIndex","sClicked_0","sClickedIndex","roundNum","lClicked_2","time","outcome","lClicked_0","lClicked_1","condition"
"1689-f",0,0,2,1,0,42,1,1476469295691,"true",0,0,"split"
"1689-f",1,0,0,0,2,48,0,1476469383216,"true",1,0,"close"
"1689-f",0,1,0,0,1,43,0,1476469311614,"true",1,0,"close"
"1689-f",0,1,2,0,1,49,1,1476469399222,"false",0,0,"close"
"1689-f",0,0,2,1,0,24,1,1476469046638,"true",0,0,"far"
"1689-f",0,0,1,1,0,25,0,1476469060300,"true",0,1,"split"
"1689-f",1,0,1,0,2,26,0,1476469086342,"true",0,1,"split"
"1689-f",1,0,0,0,2,27,0,1476469095740,"true",1,0,"split"
"1689-f",0,0,2,1,0,20,1,1476468991068,"true",0,0,"close"
"1689-f",0,1,2,0,1,21,1,1476469001126,"true",0,0,"split"
"1689-f",0,1,2,0,1,22,1,1476469028101,"true",0,0,"split"
"1689-f",0,0,0,1,0,23,0,1476469040002,"true",1,0,"far"
"1689-f",0,1,2,0,1,46,1,1476469339578,"true",0,0,"far"
"1689-f",0,0,1,1,0,47,0,1476469356182,"true",0,1,"split"
"1689-f",0,0,2,1,0,44,1,1476469321736,"true",0,0,"far"
"1689-f",0,1,2,0,1,45,1,1476469333487,"true",0,0,"split"
"1689-f",0,0,1,1,0,28,0,1476469105362,"true",0,1,"split"
"1689-f",0,1,1,0,1,29,0,1476469111769,"true",0,1,"far"
"1689-f",1,0,0,0,2,40,0,1476469262584,"true",1,0,"far"
"1689-f",1,0,1,0,2,41,0,1476469278612,"true",0,1,"close"
"1689-f",0,1,2,0,1,1,1,1476468638905,"true",0,0,"close"
"1689-f",0,0,0,1,0,3,0,1476468664254,"true",1,0,"split"
"1689-f",1,0,2,0,2,2,1,1476468651589,"true",0,0,"close"
"1689-f",1,0,2,0,2,5,1,1476468690007,"true",0,0,"far"
"1689-f",0,0,0,1,0,4,0,1476468678451,"true",1,0,"close"
"1689-f",0,1,0,0,1,7,0,1476468731178,"true",1,0,"close"
"1689-f",0,1,1,0,1,6,0,1476468710190,"true",0,1,"split"
"1689-f",0,1,2,0,1,9,1,1476468794207,"true",0,0,"far"
"1689-f",0,1,0,0,1,8,0,1476468764014,"true",1,0,"split"
"1689-f",0,1,1,0,1,39,0,1476469256297,"true",0,1,"close"
"1689-f",0,1,1,0,1,38,0,1476469234867,"true",0,1,"close"
"1689-f",1,0,2,0,2,11,1,1476468846431,"false",0,0,"close"
"1689-f",0,1,0,0,1,10,0,1476468819205,"false",1,0,"close"
"1689-f",0,0,0,1,0,13,0,1476468868226,"true",1,0,"far"
"1689-f",1,0,0,0,2,12,0,1476468856779,"true",1,0,"split"
"1689-f",0,1,1,0,1,15,0,1476468909869,"true",0,1,"split"
"1689-f",0,0,0,1,0,14,0,1476468888133,"true",1,0,"close"
"1689-f",0,1,0,0,1,17,0,1476468925060,"true",1,0,"split"
"1689-f",0,0,1,1,0,16,0,1476468916808,"true",0,1,"far"
"1689-f",0,0,2,1,0,19,1,1476468949739,"true",0,0,"close"
"1689-f",1,0,2,0,2,18,1,1476468937461,"false",0,0,"far"
"1689-f",0,0,2,1,0,31,1,1476469125806,"true",0,0,"far"
"1689-f",0,1,1,0,1,30,0,1476469119339,"true",0,1,"far"
"1689-f",0,1,1,0,1,37,0,1476469220463,"true",0,1,"far"
"1689-f",1,0,0,0,2,36,0,1476469213056,"true",1,0,"far"
"1689-f",0,1,0,0,1,35,0,1476469200048,"true",1,0,"split"
"1689-f",0,1,2,0,1,34,1,1476469188252,"true",0,0,"close"
"1689-f",1,0,1,0,2,33,0,1476469147778,"true",0,1,"split"
"1689-f",0,0,1,1,0,32,0,1476469132365,"true",0,1,"far"
"1689-f",0,0,2,1,0,50,1,1476469415278,"false",0,0,"far"
