"gameid","sClicked_2","sClicked_1","lClickedIndex","sClicked_0","sClickedIndex","roundNum","lClicked_2","time","outcome","lClicked_0","lClicked_1","condition"
"1691-5",0,0,2,1,0,42,1,1476464716603,"true",0,0,"close"
"1691-5",0,0,1,1,0,48,0,1476464890597,"false",0,1,"close"
"1691-5",1,0,0,0,2,43,0,1476464759847,"true",1,0,"close"
"1691-5",1,0,0,0,2,49,0,1476464901215,"true",1,0,"split"
"1691-5",0,1,0,0,1,24,0,1476464374441,"true",1,0,"close"
"1691-5",0,0,2,1,0,25,1,1476464397131,"false",0,0,"far"
"1691-5",1,0,1,0,2,26,0,1476464424374,"false",0,1,"split"
"1691-5",0,1,1,0,1,27,0,1476464443443,"true",0,1,"close"
"1691-5",1,0,1,0,2,20,0,1476464297168,"true",0,1,"close"
"1691-5",1,0,2,0,2,21,1,1476464314908,"false",0,0,"split"
"1691-5",0,0,1,1,0,22,0,1476464329197,"true",0,1,"split"
"1691-5",1,0,2,0,2,23,1,1476464348937,"false",0,0,"split"
"1691-5",0,0,2,1,0,46,1,1476464866085,"true",0,0,"close"
"1691-5",1,0,1,0,2,47,0,1476464875338,"true",0,1,"split"
"1691-5",1,0,1,0,2,44,0,1476464774385,"true",0,1,"split"
"1691-5",0,0,0,1,0,45,0,1476464805954,"true",1,0,"split"
"1691-5",0,1,1,0,1,28,0,1476464491622,"false",0,1,"close"
"1691-5",0,0,1,1,0,29,0,1476464531970,"false",0,1,"close"
"1691-5",1,0,0,0,2,40,0,1476464694551,"true",1,0,"split"
"1691-5",0,0,2,1,0,41,1,1476464702261,"true",0,0,"far"
"1691-5",0,1,1,0,1,1,0,1476463970008,"true",0,1,"split"
"1691-5",1,0,0,0,2,2,0,1476463977466,"true",1,0,"split"
"1691-5",0,0,2,1,0,5,1,1476464056165,"true",0,0,"far"
"1691-5",0,1,2,0,1,4,1,1476464048385,"true",0,0,"close"
"1691-5",1,0,2,0,2,7,1,1476464074332,"true",0,0,"close"
"1691-5",1,0,2,0,2,6,1,1476464062863,"true",0,0,"far"
"1691-5",1,0,1,0,2,9,0,1476464094382,"true",0,1,"far"
"1691-5",0,0,2,1,0,8,1,1476464087035,"true",0,0,"split"
"1691-5",0,0,2,1,0,39,1,1476464678277,"true",0,0,"far"
"1691-5",0,0,0,1,0,10,0,1476464110897,"false",1,0,"split"
"1691-5",1,0,2,0,2,13,1,1476464218090,"true",0,0,"far"
"1691-5",0,1,1,0,1,38,0,1476464671931,"true",0,1,"split"
"1691-5",0,1,1,0,1,15,0,1476464240360,"true",0,1,"far"
"1691-5",0,0,0,1,0,14,0,1476464233222,"true",1,0,"close"
"1691-5",1,0,1,0,2,17,0,1476464254692,"true",0,1,"split"
"1691-5",0,0,2,1,0,16,1,1476464247330,"true",0,0,"far"
"1691-5",0,0,2,1,0,19,1,1476464272862,"true",0,0,"far"
"1691-5",0,1,1,0,1,18,0,1476464266056,"false",0,1,"far"
"1691-5",0,0,1,1,0,31,0,1476464554808,"true",0,1,"far"
"1691-5",0,0,2,1,0,30,1,1476464546398,"true",0,0,"far"
"1691-5",0,0,0,1,0,37,0,1476464663313,"true",1,0,"far"
"1691-5",0,1,1,0,1,36,0,1476464654429,"true",0,1,"far"
"1691-5",1,0,1,0,2,34,0,1476464604770,"true",0,1,"split"
"1691-5",1,0,0,0,2,33,0,1476464580924,"true",1,0,"far"
"1691-5",0,0,2,1,0,32,1,1476464574530,"true",0,0,"far"
"1691-5",1,0,1,0,2,50,0,1476464916510,"true",0,1,"split"
