"gameid","sClicked_2","sClicked_1","lClickedIndex","sClicked_0","sClickedIndex","roundNum","lClicked_2","time","outcome","lClicked_0","lClicked_1","condition"
"1707-e",0,1,1,0,1,42,0,1476471653723,"true",0,1,"far"
"1707-e",1,0,2,0,2,48,1,1476471721763,"true",0,0,"close"
"1707-e",0,0,1,1,0,43,0,1476471668079,"false",0,1,"close"
"1707-e",0,1,1,0,1,49,0,1476471731885,"true",0,1,"close"
"1707-e",1,0,2,0,2,24,1,1476471366929,"true",0,0,"split"
"1707-e",0,0,1,1,0,25,0,1476471388730,"false",0,1,"close"
"1707-e",0,1,2,0,1,26,1,1476471414382,"false",0,0,"split"
"1707-e",1,0,0,0,2,27,0,1476471424042,"true",1,0,"far"
"1707-e",0,1,1,0,1,20,0,1476471319864,"true",0,1,"far"
"1707-e",1,0,0,0,2,21,0,1476471332199,"true",1,0,"split"
"1707-e",0,0,2,1,0,22,1,1476471343219,"false",0,0,"split"
"1707-e",0,1,1,0,1,23,0,1476471353129,"true",0,1,"close"
"1707-e",0,0,0,1,0,46,0,1476471700963,"true",1,0,"far"
"1707-e",1,0,2,0,2,47,1,1476471709920,"true",0,0,"far"
"1707-e",0,0,0,1,0,44,0,1476471680884,"true",1,0,"far"
"1707-e",1,0,0,0,2,45,0,1476471689765,"true",1,0,"split"
"1707-e",1,0,2,0,2,28,1,1476471434347,"true",0,0,"split"
"1707-e",0,1,1,0,1,29,0,1476471443224,"true",0,1,"far"
"1707-e",1,0,2,0,2,40,1,1476471622200,"true",0,0,"close"
"1707-e",0,1,2,0,1,41,1,1476471645578,"true",0,0,"split"
"1707-e",0,1,0,0,1,1,0,1476471055109,"true",1,0,"close"
"1707-e",0,0,1,1,0,3,0,1476471080088,"true",0,1,"split"
"1707-e",0,0,1,1,0,2,0,1476471070430,"true",0,1,"split"
"1707-e",0,1,0,0,1,5,0,1476471114288,"true",1,0,"far"
"1707-e",0,0,2,1,0,4,1,1476471094871,"true",0,0,"split"
"1707-e",1,0,0,0,2,7,0,1476471171604,"true",1,0,"split"
"1707-e",0,0,2,1,0,6,1,1476471127565,"true",0,0,"split"
"1707-e",1,0,0,0,2,9,0,1476471192226,"true",1,0,"far"
"1707-e",1,0,2,0,2,8,1,1476471182929,"true",0,0,"close"
"1707-e",1,0,1,0,2,39,0,1476471611949,"true",0,1,"close"
"1707-e",0,0,0,1,0,38,0,1476471580378,"true",1,0,"far"
"1707-e",0,0,0,1,0,11,0,1476471210579,"true",1,0,"close"
"1707-e",0,1,0,0,1,10,0,1476471200589,"true",1,0,"far"
"1707-e",1,0,1,0,2,13,0,1476471233614,"true",0,1,"close"
"1707-e",1,0,1,0,2,12,0,1476471220224,"true",0,1,"far"
"1707-e",0,1,0,0,1,15,0,1476471253714,"true",1,0,"split"
"1707-e",0,0,0,1,0,14,0,1476471241476,"true",1,0,"far"
"1707-e",1,0,1,0,2,17,0,1476471286414,"true",0,1,"close"
"1707-e",1,0,2,0,2,16,1,1476471271488,"true",0,0,"split"
"1707-e",0,0,2,1,0,19,1,1476471311913,"true",0,0,"far"
"1707-e",0,1,1,0,1,18,0,1476471295353,"true",0,1,"far"
"1707-e",0,1,1,0,1,31,0,1476471464245,"true",0,1,"close"
"1707-e",0,1,0,0,1,30,0,1476471451749,"true",1,0,"far"
"1707-e",0,0,0,1,0,37,0,1476471572847,"true",1,0,"split"
"1707-e",0,1,0,0,1,36,0,1476471565658,"true",1,0,"split"
"1707-e",1,0,0,0,2,35,0,1476471553007,"true",1,0,"close"
"1707-e",0,0,0,1,0,34,0,1476471519370,"true",1,0,"split"
"1707-e",1,0,0,0,2,33,0,1476471508589,"true",1,0,"close"
"1707-e",0,1,1,0,1,32,0,1476471498739,"true",0,1,"close"
"1707-e",0,1,0,0,1,50,0,1476471775970,"false",1,0,"far"
