"gameid","sClicked_2","sClicked_1","lClickedIndex","sClicked_0","sClickedIndex","roundNum","lClicked_2","time","outcome","lClicked_0","lClicked_1","condition"
"1713-a",0,0,2,1,0,42,1,1476466243216,"true",0,0,"close"
"1713-a",0,1,2,0,1,48,1,1476466310683,"true",0,0,"far"
"1713-a",0,1,0,0,1,43,0,1476466253827,"true",1,0,"close"
"1713-a",1,0,1,0,2,49,0,1476466324754,"true",0,1,"close"
"1713-a",1,0,0,0,2,24,0,1476465962688,"true",1,0,"split"
"1713-a",0,1,2,0,1,25,1,1476465981496,"false",0,0,"close"
"1713-a",0,0,1,1,0,26,0,1476465994739,"true",0,1,"close"
"1713-a",0,1,0,0,1,27,0,1476466004928,"true",1,0,"split"
"1713-a",1,0,1,0,2,20,0,1476465902557,"true",0,1,"close"
"1713-a",1,0,2,0,2,21,1,1476465934545,"true",0,0,"close"
"1713-a",0,1,1,0,1,22,0,1476465941870,"true",0,1,"far"
"1713-a",0,1,2,0,1,23,1,1476465949408,"true",0,0,"close"
"1713-a",0,1,1,0,1,46,0,1476466294130,"true",0,1,"far"
"1713-a",0,0,1,1,0,47,0,1476466303266,"true",0,1,"far"
"1713-a",0,0,2,1,0,44,1,1476466270157,"true",0,0,"split"
"1713-a",0,0,1,1,0,45,0,1476466284236,"true",0,1,"split"
"1713-a",0,0,2,1,0,28,1,1476466045245,"true",0,0,"close"
"1713-a",0,0,1,1,0,29,0,1476466057685,"true",0,1,"split"
"1713-a",0,1,2,0,1,40,1,1476466191152,"true",0,0,"far"
"1713-a",0,0,2,1,0,41,1,1476466215690,"true",0,0,"close"
"1713-a",0,1,1,0,1,1,0,1476465642728,"true",0,1,"close"
"1713-a",0,0,2,1,0,3,1,1476465678197,"true",0,0,"far"
"1713-a",1,0,1,0,2,2,0,1476465649724,"true",0,1,"far"
"1713-a",0,1,0,0,1,5,0,1476465698580,"false",1,0,"close"
"1713-a",0,0,2,1,0,4,1,1476465688669,"true",0,0,"split"
"1713-a",0,1,0,0,1,7,0,1476465739959,"true",1,0,"close"
"1713-a",0,1,0,0,1,6,0,1476465731733,"true",1,0,"close"
"1713-a",0,1,2,0,1,9,1,1476465755510,"true",0,0,"close"
"1713-a",0,1,2,0,1,8,1,1476465748853,"true",0,0,"split"
"1713-a",0,0,0,1,0,39,0,1476466183958,"true",1,0,"close"
"1713-a",1,0,0,0,2,38,0,1476466171277,"true",1,0,"far"
"1713-a",0,0,2,1,0,11,1,1476465772827,"true",0,0,"split"
"1713-a",0,1,2,0,1,10,1,1476465761840,"true",0,0,"far"
"1713-a",0,0,1,1,0,13,0,1476465793328,"true",0,1,"far"
"1713-a",0,1,1,0,1,12,0,1476465780186,"true",0,1,"far"
"1713-a",1,0,1,0,2,15,0,1476465819151,"true",0,1,"far"
"1713-a",0,1,1,0,1,14,0,1476465809383,"true",0,1,"split"
"1713-a",1,0,2,0,2,17,1,1476465837904,"true",0,0,"far"
"1713-a",0,0,0,1,0,16,0,1476465827520,"true",1,0,"far"
"1713-a",0,1,1,0,1,19,0,1476465894368,"true",0,1,"close"
"1713-a",1,0,0,0,2,18,0,1476465846951,"true",1,0,"far"
"1713-a",1,0,0,0,2,31,0,1476466088352,"true",1,0,"split"
"1713-a",0,1,2,0,1,30,1,1476466077896,"true",0,0,"split"
"1713-a",1,0,2,0,2,37,1,1476466164072,"true",0,0,"split"
"1713-a",1,0,2,0,2,36,1,1476466155497,"true",0,0,"split"
"1713-a",0,0,1,1,0,35,0,1476466141047,"true",0,1,"split"
"1713-a",0,1,0,0,1,34,0,1476466119268,"true",1,0,"split"
"1713-a",0,0,1,1,0,33,0,1476466105866,"true",0,1,"far"
"1713-a",1,0,0,0,2,32,0,1476466097364,"true",1,0,"split"
"1713-a",1,0,2,0,2,50,1,1476466341047,"true",0,0,"split"
