"gameid","sClicked_2","sClicked_1","lClickedIndex","sClicked_0","sClickedIndex","roundNum","lClicked_2","time","outcome","lClicked_0","lClicked_1","condition"
"1729-3",0,0,0,1,0,42,0,1476995659579,"true",1,0,"split"
"1729-3",1,0,0,0,2,48,0,1476995709089,"true",1,0,"far"
"1729-3",0,0,1,1,0,43,0,1476995665921,"true",0,1,"far"
"1729-3",0,0,0,1,0,49,0,1476995720745,"true",1,0,"close"
"1729-3",1,0,1,0,2,24,0,1476995429177,"false",0,1,"close"
"1729-3",0,1,0,0,1,25,0,1476995446980,"true",1,0,"far"
"1729-3",1,0,0,0,2,26,0,1476995457491,"true",1,0,"far"
"1729-3",0,1,2,0,1,27,1,1476995477193,"true",0,0,"split"
"1729-3",0,1,2,0,1,20,1,1476995364566,"true",0,0,"far"
"1729-3",1,0,1,0,2,21,0,1476995375626,"true",0,1,"split"
"1729-3",0,1,0,0,1,22,0,1476995387188,"true",1,0,"far"
"1729-3",1,0,2,0,2,23,1,1476995411444,"true",0,0,"split"
"1729-3",0,0,0,1,0,46,0,1476995689874,"true",1,0,"split"
"1729-3",0,0,0,1,0,47,0,1476995697769,"true",1,0,"close"
"1729-3",0,1,0,0,1,44,0,1476995673458,"true",1,0,"far"
"1729-3",0,1,2,0,1,45,1,1476995679441,"false",0,0,"close"
"1729-3",0,1,1,0,1,28,0,1476995488819,"true",0,1,"split"
"1729-3",0,1,2,0,1,29,1,1476995497129,"true",0,0,"split"
"1729-3",1,0,2,0,2,40,1,1476995643969,"true",0,0,"split"
"1729-3",0,0,2,1,0,41,1,1476995651049,"true",0,0,"far"
"1729-3",0,0,0,1,0,1,0,1476995135156,"true",1,0,"close"
"1729-3",1,0,1,0,2,3,0,1476995160084,"true",0,1,"far"
"1729-3",0,0,1,1,0,2,0,1476995151089,"true",0,1,"split"
"1729-3",0,0,1,1,0,5,0,1476995187178,"true",0,1,"far"
"1729-3",0,0,0,1,0,4,0,1476995180029,"true",1,0,"split"
"1729-3",1,0,2,0,2,7,1,1476995213945,"true",0,0,"split"
"1729-3",1,0,0,0,2,6,0,1476995199107,"true",1,0,"split"
"1729-3",0,0,0,1,0,9,0,1476995229226,"true",1,0,"close"
"1729-3",0,1,0,0,1,8,0,1476995221328,"false",1,0,"close"
"1729-3",0,1,2,0,1,39,1,1476995635115,"true",0,0,"split"
"1729-3",0,0,0,1,0,38,0,1476995626348,"true",1,0,"far"
"1729-3",1,0,2,0,2,11,1,1476995255225,"true",0,0,"far"
"1729-3",0,1,1,0,1,10,0,1476995247091,"true",0,1,"far"
"1729-3",1,0,1,0,2,13,0,1476995275753,"true",0,1,"far"
"1729-3",1,0,2,0,2,12,1,1476995268212,"true",0,0,"close"
"1729-3",1,0,1,0,2,15,0,1476995311962,"true",0,1,"far"
"1729-3",0,1,1,0,1,14,0,1476995302426,"true",0,1,"close"
"1729-3",1,0,2,0,2,17,1,1476995329372,"true",0,0,"split"
"1729-3",0,1,0,0,1,16,0,1476995320382,"true",1,0,"close"
"1729-3",1,0,0,0,2,19,0,1476995354599,"true",1,0,"far"
"1729-3",0,1,1,0,1,18,0,1476995343037,"true",0,1,"close"
"1729-3",1,0,1,0,2,31,0,1476995512454,"true",0,1,"far"
"1729-3",0,0,0,1,0,30,0,1476995505753,"true",1,0,"close"
"1729-3",0,1,1,0,1,37,0,1476995619729,"true",0,1,"close"
"1729-3",1,0,0,0,2,36,0,1476995606592,"true",1,0,"close"
"1729-3",1,0,0,0,2,35,0,1476995593634,"true",1,0,"close"
"1729-3",0,0,0,1,0,34,0,1476995564854,"true",1,0,"close"
"1729-3",1,0,2,0,2,33,1,1476995535153,"true",0,0,"split"
"1729-3",1,0,1,0,2,32,0,1476995523169,"true",0,1,"split"
"1729-3",0,0,0,1,0,50,0,1476995728249,"true",1,0,"close"
