"gameid","sClicked_2","sClicked_1","lClickedIndex","sClicked_0","sClickedIndex","roundNum","lClicked_2","time","outcome","lClicked_0","lClicked_1","condition"
"1735-5",1,0,1,0,2,42,0,1476990134272,"true",0,1,"split"
"1735-5",0,0,0,1,0,48,0,1476990213753,"true",1,0,"close"
"1735-5",0,1,0,0,1,43,0,1476990144772,"true",1,0,"far"
"1735-5",1,0,2,0,2,49,1,1476990246148,"true",0,0,"split"
"1735-5",0,1,2,0,1,24,1,1476989842647,"true",0,0,"far"
"1735-5",0,0,1,1,0,25,0,1476989865879,"true",0,1,"split"
"1735-5",0,0,0,1,0,26,0,1476989892152,"true",1,0,"split"
"1735-5",1,0,1,0,2,27,0,1476989910784,"true",0,1,"close"
"1735-5",1,0,1,0,2,20,0,1476989795384,"true",0,1,"close"
"1735-5",1,0,1,0,2,21,0,1476989802838,"true",0,1,"far"
"1735-5",1,0,1,0,2,22,0,1476989822853,"true",0,1,"split"
"1735-5",1,0,0,0,2,23,0,1476989834193,"true",1,0,"far"
"1735-5",1,0,2,0,2,46,1,1476990181137,"true",0,0,"split"
"1735-5",0,1,0,0,1,47,0,1476990198660,"true",1,0,"close"
"1735-5",1,0,1,0,2,44,0,1476990151992,"true",0,1,"far"
"1735-5",0,0,2,1,0,45,1,1476990173081,"true",0,0,"close"
"1735-5",0,1,1,0,1,28,0,1476989921593,"true",0,1,"far"
"1735-5",0,1,2,0,1,29,1,1476989929587,"true",0,0,"far"
"1735-5",0,0,2,1,0,40,1,1476990107076,"true",0,0,"far"
"1735-5",1,0,2,0,2,41,1,1476990125577,"true",0,0,"close"
"1735-5",0,1,0,0,1,1,0,1476989420145,"true",1,0,"close"
"1735-5",0,0,0,1,0,3,0,1476989441547,"true",1,0,"far"
"1735-5",0,1,0,0,1,2,0,1476989432713,"true",1,0,"close"
"1735-5",0,0,0,1,0,5,0,1476989513875,"true",1,0,"split"
"1735-5",0,1,1,0,1,4,0,1476989480478,"true",0,1,"split"
"1735-5",1,0,2,0,2,7,1,1476989535299,"true",0,0,"far"
"1735-5",0,1,2,0,1,6,1,1476989524555,"true",0,0,"far"
"1735-5",0,0,1,1,0,9,0,1476989575320,"true",0,1,"split"
"1735-5",0,1,0,0,1,8,0,1476989547190,"true",1,0,"close"
"1735-5",0,0,1,1,0,39,0,1476990096422,"true",0,1,"split"
"1735-5",1,0,0,0,2,38,0,1476990076297,"true",1,0,"close"
"1735-5",1,0,0,0,2,11,0,1476989606602,"true",1,0,"far"
"1735-5",0,1,0,0,1,10,0,1476989588463,"true",1,0,"close"
"1735-5",0,0,2,1,0,13,1,1476989626085,"true",0,0,"far"
"1735-5",0,1,2,0,1,12,1,1476989615781,"true",0,0,"split"
"1735-5",0,1,0,0,1,15,0,1476989657921,"true",1,0,"far"
"1735-5",1,0,2,0,2,14,1,1476989634007,"true",0,0,"split"
"1735-5",0,1,2,0,1,17,1,1476989744824,"true",0,0,"far"
"1735-5",1,0,1,0,2,16,0,1476989725268,"true",0,1,"close"
"1735-5",1,0,2,0,2,19,1,1476989769838,"true",0,0,"close"
"1735-5",1,0,1,0,2,18,0,1476989757375,"true",0,1,"split"
"1735-5",0,1,1,0,1,31,0,1476989961778,"true",0,1,"close"
"1735-5",0,0,0,1,0,30,0,1476989940120,"true",1,0,"far"
"1735-5",1,0,1,0,2,37,0,1476990055219,"true",0,1,"split"
"1735-5",0,0,1,1,0,36,0,1476990040917,"true",0,1,"close"
"1735-5",0,1,1,0,1,35,0,1476990032877,"true",0,1,"close"
"1735-5",0,0,1,1,0,34,0,1476989996150,"true",0,1,"split"
"1735-5",0,1,0,0,1,33,0,1476989978292,"true",1,0,"close"
"1735-5",0,0,0,1,0,32,0,1476989969130,"true",1,0,"far"
"1735-5",1,0,0,0,2,50,0,1476990257347,"true",1,0,"split"
