"gameid","sClicked_2","sClicked_1","lClickedIndex","sClicked_0","sClickedIndex","roundNum","lClicked_2","time","outcome","lClicked_0","lClicked_1","condition"
"1742-8",1,0,2,0,2,42,1,1476472855710,"true",0,0,"far"
"1742-8",0,1,2,0,1,48,1,1476472926301,"true",0,0,"split"
"1742-8",0,1,0,0,1,43,0,1476472867405,"true",1,0,"far"
"1742-8",0,0,0,1,0,49,0,1476472936482,"true",1,0,"far"
"1742-8",0,0,0,1,0,24,0,1476472641727,"true",1,0,"split"
"1742-8",1,0,0,0,2,25,0,1476472650880,"true",1,0,"far"
"1742-8",1,0,2,0,2,26,1,1476472659568,"true",0,0,"far"
"1742-8",0,0,2,1,0,27,1,1476472669248,"true",0,0,"far"
"1742-8",0,0,1,1,0,20,0,1476472599364,"true",0,1,"far"
"1742-8",0,1,0,0,1,21,0,1476472612072,"true",1,0,"close"
"1742-8",0,0,1,1,0,22,0,1476472623537,"true",0,1,"split"
"1742-8",1,0,2,0,2,23,1,1476472632591,"true",0,0,"far"
"1742-8",0,0,1,1,0,46,0,1476472907174,"true",0,1,"split"
"1742-8",1,0,2,0,2,47,1,1476472915861,"true",0,0,"far"
"1742-8",1,0,0,0,2,44,0,1476472879139,"true",1,0,"split"
"1742-8",0,0,2,1,0,45,1,1476472897192,"false",0,0,"close"
"1742-8",1,0,0,0,2,28,0,1476472689131,"false",1,0,"close"
"1742-8",1,0,1,0,2,29,0,1476472705562,"true",0,1,"close"
"1742-8",1,0,1,0,2,40,0,1476472836042,"true",0,1,"far"
"1742-8",1,0,2,0,2,41,1,1476472846349,"true",0,0,"far"
"1742-8",0,1,2,0,1,1,1,1476472332892,"true",0,0,"split"
"1742-8",1,0,1,0,2,3,0,1476472354187,"true",0,1,"split"
"1742-8",1,0,0,0,2,2,0,1476472340425,"true",1,0,"far"
"1742-8",0,1,2,0,1,5,1,1476472381988,"true",0,0,"split"
"1742-8",0,0,1,1,0,4,0,1476472362330,"true",0,1,"far"
"1742-8",1,0,0,0,2,7,0,1476472412398,"false",1,0,"close"
"1742-8",1,0,0,0,2,6,0,1476472389949,"true",1,0,"far"
"1742-8",0,1,0,0,1,9,0,1476472443130,"false",1,0,"close"
"1742-8",0,1,1,0,1,8,0,1476472425021,"true",0,1,"close"
"1742-8",0,1,0,0,1,39,0,1476472827723,"true",1,0,"split"
"1742-8",1,0,2,0,2,38,1,1476472818572,"true",0,0,"far"
"1742-8",0,0,2,1,0,11,1,1476472464545,"true",0,0,"split"
"1742-8",0,1,0,0,1,10,0,1476472453331,"true",1,0,"far"
"1742-8",0,0,2,1,0,13,1,1476472501858,"true",0,0,"close"
"1742-8",1,0,0,0,2,12,0,1476472481417,"false",1,0,"close"
"1742-8",1,0,0,0,2,15,0,1476472529821,"true",1,0,"split"
"1742-8",1,0,0,0,2,14,0,1476472514468,"false",1,0,"close"
"1742-8",0,0,2,1,0,17,1,1476472555178,"true",0,0,"split"
"1742-8",0,0,0,1,0,16,0,1476472541695,"true",1,0,"split"
"1742-8",0,0,2,1,0,19,1,1476472585894,"true",0,0,"split"
"1742-8",0,1,2,0,1,18,1,1476472571651,"true",0,0,"close"
"1742-8",0,0,0,1,0,31,0,1476472727844,"true",1,0,"split"
"1742-8",0,0,0,1,0,30,0,1476472714115,"true",1,0,"far"
"1742-8",0,1,2,0,1,37,1,1476472809858,"true",0,0,"split"
"1742-8",0,1,2,0,1,36,1,1476472792715,"true",0,0,"close"
"1742-8",1,0,2,0,2,35,1,1476472778645,"true",0,0,"close"
"1742-8",1,0,0,0,2,34,0,1476472763026,"true",1,0,"close"
"1742-8",0,0,1,1,0,33,0,1476472750586,"true",0,1,"close"
"1742-8",0,0,2,1,0,32,1,1476472735675,"true",0,0,"close"
"1742-8",0,1,1,0,1,50,0,1476472947628,"false",0,1,"split"
