"gameid","sClicked_2","sClicked_1","lClickedIndex","sClicked_0","sClickedIndex","roundNum","lClicked_2","time","outcome","lClicked_0","lClicked_1","condition"
"1745-9",0,0,1,1,0,42,0,1476480306654,"true",0,1,"split"
"1745-9",1,0,0,0,2,48,0,1476480421726,"true",1,0,"close"
"1745-9",0,1,0,0,1,43,0,1476480333234,"true",1,0,"split"
"1745-9",1,0,0,0,2,49,0,1476480433464,"true",1,0,"close"
"1745-9",0,0,0,1,0,24,0,1476479962262,"true",1,0,"far"
"1745-9",0,1,2,0,1,25,1,1476479980282,"true",0,0,"close"
"1745-9",0,0,2,1,0,26,1,1476480006933,"true",0,0,"close"
"1745-9",0,0,2,1,0,27,1,1476480038340,"false",0,0,"close"
"1745-9",0,0,0,1,0,20,0,1476479916132,"true",1,0,"close"
"1745-9",0,0,1,1,0,21,0,1476479925920,"true",0,1,"far"
"1745-9",1,0,1,0,2,22,0,1476479941400,"false",0,1,"split"
"1745-9",0,1,0,0,1,23,0,1476479955381,"true",1,0,"close"
"1745-9",0,1,1,0,1,46,0,1476480361631,"true",0,1,"split"
"1745-9",0,1,1,0,1,47,0,1476480395499,"true",0,1,"far"
"1745-9",1,0,1,0,2,44,0,1476480344517,"true",0,1,"split"
"1745-9",1,0,0,0,2,45,0,1476480351729,"true",1,0,"far"
"1745-9",0,1,0,0,1,28,0,1476480047167,"true",1,0,"split"
"1745-9",1,0,1,0,2,29,0,1476480055929,"false",0,1,"split"
"1745-9",1,0,1,0,2,40,0,1476480227310,"true",0,1,"far"
"1745-9",0,0,1,1,0,41,0,1476480286996,"true",0,1,"close"
"1745-9",0,1,0,0,1,1,0,1476479608850,"true",1,0,"split"
"1745-9",0,1,2,0,1,3,1,1476479702465,"false",0,0,"close"
"1745-9",1,0,2,0,2,2,1,1476479687563,"true",0,0,"split"
"1745-9",0,1,2,0,1,5,1,1476479720722,"true",0,0,"far"
"1745-9",0,0,0,1,0,4,0,1476479712826,"true",1,0,"split"
"1745-9",1,0,1,0,2,7,0,1476479740412,"true",0,1,"close"
"1745-9",0,0,2,1,0,6,1,1476479730703,"true",0,0,"split"
"1745-9",1,0,0,0,2,9,0,1476479763224,"true",1,0,"split"
"1745-9",0,0,2,1,0,8,1,1476479749637,"true",0,0,"far"
"1745-9",0,0,1,1,0,39,0,1476480220635,"true",0,1,"close"
"1745-9",0,0,1,1,0,38,0,1476480206891,"true",0,1,"split"
"1745-9",1,0,0,0,2,11,0,1476479780233,"true",1,0,"far"
"1745-9",0,0,2,1,0,10,1,1476479773188,"true",0,0,"far"
"1745-9",1,0,2,0,2,13,1,1476479794546,"true",0,0,"close"
"1745-9",1,0,2,0,2,12,1,1476479787369,"true",0,0,"far"
"1745-9",1,0,2,0,2,15,1,1476479838143,"true",0,0,"split"
"1745-9",0,0,2,1,0,14,1,1476479801575,"true",0,0,"far"
"1745-9",0,0,1,1,0,17,0,1476479855828,"true",0,1,"far"
"1745-9",1,0,2,0,2,16,1,1476479847575,"true",0,0,"close"
"1745-9",1,0,2,0,2,19,1,1476479895200,"false",0,0,"close"
"1745-9",0,1,2,0,1,18,1,1476479875724,"true",0,0,"close"
"1745-9",0,1,1,0,1,31,0,1476480091963,"true",0,1,"split"
"1745-9",0,1,1,0,1,30,0,1476480063621,"true",0,1,"far"
"1745-9",0,0,0,1,0,37,0,1476480194547,"true",1,0,"far"
"1745-9",0,1,0,0,1,36,0,1476480181779,"false",1,0,"close"
"1745-9",1,0,0,0,2,35,0,1476480161481,"false",1,0,"split"
"1745-9",0,1,1,0,1,34,0,1476480121983,"true",0,1,"split"
"1745-9",1,0,2,0,2,33,1,1476480110469,"true",0,0,"far"
"1745-9",0,0,0,1,0,32,0,1476480102487,"true",1,0,"far"
"1745-9",1,0,0,0,2,50,0,1476480464388,"true",1,0,"close"
