"gameid","sClicked_2","sClicked_1","lClickedIndex","sClicked_0","sClickedIndex","roundNum","lClicked_2","time","outcome","lClicked_0","lClicked_1","condition"
"1754-1",0,1,0,0,1,42,0,1476992425126,"true",1,0,"split"
"1754-1",0,0,2,1,0,48,1,1476992495296,"true",0,0,"close"
"1754-1",0,0,2,1,0,43,1,1476992433465,"true",0,0,"split"
"1754-1",1,0,2,0,2,49,1,1476992503718,"true",0,0,"split"
"1754-1",0,1,1,0,1,24,0,1476992266396,"true",0,1,"split"
"1754-1",1,0,1,0,2,25,0,1476992279110,"true",0,1,"far"
"1754-1",1,0,2,0,2,26,1,1476992286999,"true",0,0,"far"
"1754-1",0,0,0,1,0,27,0,1476992295484,"true",1,0,"far"
"1754-1",1,0,1,0,2,20,0,1476992199180,"true",0,1,"split"
"1754-1",0,0,1,1,0,21,0,1476992206924,"true",0,1,"far"
"1754-1",1,0,2,0,2,22,1,1476992227996,"true",0,0,"far"
"1754-1",0,1,1,0,1,23,0,1476992248684,"true",0,1,"close"
"1754-1",0,1,2,0,1,46,1,1476992469791,"true",0,0,"close"
"1754-1",0,1,1,0,1,47,0,1476992480663,"true",0,1,"close"
"1754-1",1,0,1,0,2,44,0,1476992441735,"true",0,1,"split"
"1754-1",0,0,1,1,0,45,0,1476992450918,"true",0,1,"split"
"1754-1",1,0,1,0,2,28,0,1476992303718,"true",0,1,"split"
"1754-1",0,1,2,0,1,29,1,1476992311052,"true",0,0,"split"
"1754-1",1,0,0,0,2,40,0,1476992407410,"true",1,0,"split"
"1754-1",1,0,0,0,2,41,0,1476992417270,"true",1,0,"split"
"1754-1",1,0,0,0,2,1,0,1476991974505,"true",1,0,"close"
"1754-1",1,0,0,0,2,3,0,1476991990707,"false",1,0,"split"
"1754-1",0,0,1,1,0,2,0,1476991981779,"true",0,1,"split"
"1754-1",0,0,0,1,0,5,0,1476992005571,"true",1,0,"far"
"1754-1",0,1,1,0,1,4,0,1476991999475,"true",0,1,"far"
"1754-1",0,0,1,1,0,7,0,1476992024041,"true",0,1,"close"
"1754-1",0,0,2,1,0,6,1,1476992015801,"true",0,0,"split"
"1754-1",0,1,0,0,1,9,0,1476992046412,"true",1,0,"split"
"1754-1",1,0,1,0,2,8,0,1476992035708,"true",0,1,"close"
"1754-1",1,0,0,0,2,39,0,1476992397398,"true",1,0,"far"
"1754-1",1,0,0,0,2,38,0,1476992388864,"true",1,0,"far"
"1754-1",1,0,0,0,2,11,0,1476992098508,"true",1,0,"close"
"1754-1",1,0,2,0,2,10,1,1476992083668,"true",0,0,"close"
"1754-1",0,1,2,0,1,13,1,1476992123939,"true",0,0,"close"
"1754-1",1,0,2,0,2,12,1,1476992105977,"true",0,0,"far"
"1754-1",1,0,1,0,2,15,0,1476992140428,"true",0,1,"far"
"1754-1",0,0,1,1,0,14,0,1476992133811,"true",0,1,"close"
"1754-1",0,0,2,1,0,17,1,1476992171138,"true",0,0,"close"
"1754-1",0,1,1,0,1,16,0,1476992154631,"true",0,1,"close"
"1754-1",1,0,0,0,2,19,0,1476992189149,"true",1,0,"close"
"1754-1",0,0,1,1,0,18,0,1476992181500,"true",0,1,"close"
"1754-1",0,0,2,1,0,31,1,1476992326476,"true",0,0,"far"
"1754-1",0,1,2,0,1,30,1,1476992319526,"true",0,0,"far"
"1754-1",0,0,2,1,0,37,1,1476992381574,"true",0,0,"close"
"1754-1",1,0,1,0,2,36,0,1476992372070,"true",0,1,"split"
"1754-1",0,1,0,0,1,35,0,1476992364588,"true",1,0,"far"
"1754-1",0,1,2,0,1,34,1,1476992356844,"true",0,0,"far"
"1754-1",1,0,0,0,2,33,0,1476992346950,"true",1,0,"close"
"1754-1",1,0,2,0,2,32,1,1476992333008,"true",0,0,"split"
"1754-1",0,1,1,0,1,50,0,1476992511952,"true",0,1,"far"
