"gameid","sClicked_2","sClicked_1","lClickedIndex","sClicked_0","sClickedIndex","roundNum","lClicked_2","time","outcome","lClicked_0","lClicked_1","condition"
"1772-b",1,0,2,0,2,42,1,1476992289535,"true",0,0,"far"
"1772-b",1,0,1,0,2,48,0,1476992370446,"true",0,1,"close"
"1772-b",0,1,0,0,1,43,0,1476992296103,"true",1,0,"split"
"1772-b",1,0,1,0,2,49,0,1476992383599,"true",0,1,"far"
"1772-b",0,1,0,0,1,24,0,1476992145903,"true",1,0,"split"
"1772-b",0,0,1,1,0,25,0,1476992152165,"true",0,1,"close"
"1772-b",0,0,2,1,0,26,1,1476992161746,"true",0,0,"close"
"1772-b",0,0,2,1,0,27,1,1476992169846,"true",0,0,"far"
"1772-b",0,1,0,0,1,20,0,1476992102746,"true",1,0,"close"
"1772-b",0,1,0,0,1,21,0,1476992113669,"false",1,0,"split"
"1772-b",0,1,0,0,1,22,0,1476992130166,"true",1,0,"close"
"1772-b",1,0,1,0,2,23,0,1476992139433,"true",0,1,"split"
"1772-b",0,0,2,1,0,46,1,1476992344006,"true",0,0,"close"
"1772-b",0,0,2,1,0,47,1,1476992353999,"true",0,0,"far"
"1772-b",1,0,0,0,2,44,0,1476992307178,"true",1,0,"split"
"1772-b",1,0,0,0,2,45,0,1476992327028,"true",1,0,"split"
"1772-b",0,0,1,1,0,28,0,1476992176480,"true",0,1,"split"
"1772-b",0,1,0,0,1,29,0,1476992182934,"true",1,0,"far"
"1772-b",1,0,0,0,2,40,0,1476992274793,"true",1,0,"close"
"1772-b",0,0,2,1,0,41,1,1476992283850,"true",0,0,"close"
"1772-b",0,0,2,1,0,1,1,1476991877045,"true",0,0,"far"
"1772-b",1,0,1,0,2,3,0,1476991904936,"true",0,1,"split"
"1772-b",0,1,0,0,1,2,0,1476991890358,"true",1,0,"close"
"1772-b",0,0,0,1,0,5,0,1476991920334,"false",1,0,"far"
"1772-b",0,1,1,0,1,4,0,1476991913422,"true",0,1,"split"
"1772-b",0,0,2,1,0,7,1,1476991936318,"true",0,0,"split"
"1772-b",1,0,0,0,2,6,0,1476991927997,"true",1,0,"far"
"1772-b",0,0,1,1,0,9,0,1476991959190,"true",0,1,"split"
"1772-b",0,1,0,0,1,8,0,1476991950217,"true",1,0,"far"
"1772-b",0,1,1,0,1,39,0,1476992265224,"true",0,1,"split"
"1772-b",0,1,1,0,1,38,0,1476992253095,"true",0,1,"far"
"1772-b",0,1,1,0,1,11,0,1476991991477,"true",0,1,"close"
"1772-b",0,0,1,1,0,10,0,1476991970558,"true",0,1,"close"
"1772-b",1,0,0,0,2,13,0,1476992025237,"true",1,0,"close"
"1772-b",0,0,0,1,0,12,0,1476992000146,"false",1,0,"split"
"1772-b",1,0,1,0,2,15,0,1476992043493,"true",0,1,"far"
"1772-b",0,1,1,0,1,14,0,1476992036353,"true",0,1,"close"
"1772-b",0,1,0,0,1,17,0,1476992064075,"true",1,0,"far"
"1772-b",0,0,2,1,0,16,1,1476992056585,"true",0,0,"close"
"1772-b",0,0,0,1,0,19,0,1476992077330,"true",1,0,"far"
"1772-b",0,1,2,0,1,18,1,1476992070736,"true",0,0,"far"
"1772-b",0,0,0,1,0,31,0,1476992197745,"true",1,0,"split"
"1772-b",0,1,1,0,1,30,0,1476992190777,"true",0,1,"split"
"1772-b",0,1,1,0,1,37,0,1476992247341,"true",0,1,"close"
"1772-b",0,0,1,1,0,36,0,1476992237527,"true",0,1,"far"
"1772-b",0,1,2,0,1,35,1,1476992228390,"true",0,0,"split"
"1772-b",1,0,0,0,2,34,0,1476992218138,"true",1,0,"split"
"1772-b",0,0,2,1,0,33,1,1476992212323,"true",0,0,"close"
"1772-b",1,0,1,0,2,32,0,1476992203781,"true",0,1,"far"
"1772-b",0,1,1,0,1,50,0,1476992395406,"true",0,1,"far"
