"gameid","sClicked_2","sClicked_1","lClickedIndex","sClicked_0","sClickedIndex","roundNum","lClicked_2","time","outcome","lClicked_0","lClicked_1","condition"
"1773-7",0,0,1,1,0,42,0,1476990159900,"true",0,1,"far"
"1773-7",0,1,2,0,1,43,1,1476990185483,"true",0,0,"split"
"1773-7",1,0,0,0,2,24,0,1476989792910,"true",1,0,"far"
"1773-7",1,0,2,0,2,25,1,1476989808285,"true",0,0,"split"
"1773-7",0,0,1,1,0,26,0,1476989822940,"true",0,1,"far"
"1773-7",0,1,1,0,1,27,0,1476989841402,"true",0,1,"split"
"1773-7",0,1,1,0,1,20,0,1476989740644,"true",0,1,"far"
"1773-7",0,0,1,1,0,21,0,1476989748181,"true",0,1,"split"
"1773-7",0,0,0,1,0,22,0,1476989760162,"true",1,0,"far"
"1773-7",1,0,1,0,2,23,0,1476989784888,"true",0,1,"split"
"1773-7",0,0,0,1,0,46,0,1476990285522,"true",1,0,"close"
"1773-7",0,1,0,0,1,47,0,1476990302464,"true",1,0,"split"
"1773-7",0,0,2,1,0,45,1,1476990259968,"true",0,0,"close"
"1773-7",1,0,0,0,2,28,0,1476989851768,"true",1,0,"far"
"1773-7",0,1,1,0,1,29,0,1476989863497,"true",0,1,"far"
"1773-7",0,0,2,1,0,40,1,1476990144174,"true",0,0,"far"
"1773-7",0,0,0,1,0,41,0,1476990152665,"true",1,0,"split"
"1773-7",0,0,0,1,0,1,0,1476989513139,"true",1,0,"split"
"1773-7",0,1,2,0,1,3,1,1476989526366,"true",0,0,"far"
"1773-7",0,0,1,1,0,2,0,1476989520218,"true",0,1,"close"
"1773-7",0,0,1,1,0,5,0,1476989554646,"true",0,1,"split"
"1773-7",1,0,2,0,2,4,1,1476989548236,"true",0,0,"close"
"1773-7",0,0,0,1,0,7,0,1476989573086,"true",1,0,"split"
"1773-7",0,0,1,1,0,6,0,1476989562082,"true",0,1,"far"
"1773-7",0,0,1,1,0,9,0,1476989587877,"true",0,1,"split"
"1773-7",1,0,0,0,2,8,0,1476989581214,"true",1,0,"split"
"1773-7",0,0,2,1,0,39,1,1476990134554,"true",0,0,"split"
"1773-7",1,0,2,0,2,38,1,1476990118089,"true",0,0,"close"
"1773-7",1,0,1,0,2,11,0,1476989602921,"true",0,1,"far"
"1773-7",0,0,2,1,0,10,1,1476989597175,"true",0,0,"close"
"1773-7",0,0,0,1,0,13,0,1476989625091,"true",1,0,"far"
"1773-7",0,1,1,0,1,12,0,1476989615777,"true",0,1,"close"
"1773-7",1,0,0,0,2,15,0,1476989651183,"true",1,0,"split"
"1773-7",0,1,0,0,1,14,0,1476989644681,"true",1,0,"close"
"1773-7",0,0,0,1,0,17,0,1476989684593,"true",1,0,"far"
"1773-7",0,0,2,1,0,16,1,1476989677031,"true",0,0,"close"
"1773-7",0,0,0,1,0,19,0,1476989733742,"true",1,0,"close"
"1773-7",0,0,2,1,0,32,1,1476989900466,"true",0,0,"close"
"1773-7",0,1,2,0,1,31,1,1476989881317,"true",0,0,"far"
"1773-7",1,0,0,0,2,30,0,1476989874292,"true",1,0,"far"
"1773-7",0,0,1,1,0,37,0,1476990088129,"true",0,1,"far"
"1773-7",1,0,2,0,2,36,1,1476990081360,"true",0,0,"split"
"1773-7",0,1,0,0,1,35,0,1476990074314,"true",1,0,"close"
"1773-7",0,1,1,0,1,34,0,1476989996055,"true",0,1,"split"
"1773-7",1,0,2,0,2,33,1,1476989988479,"true",0,0,"close"
"1773-7",1,0,2,0,2,48,1,1476990315160,"true",0,0,"close"
"1773-7",0,1,1,0,1,50,0,1476990391180,"true",0,1,"far"
