"gameid","sClicked_2","sClicked_1","lClickedIndex","sClicked_0","sClickedIndex","roundNum","lClicked_2","time","outcome","lClicked_0","lClicked_1","condition"
"1776-b",0,1,1,0,1,42,0,1476497685683,"true",0,1,"far"
"1776-b",0,0,1,1,0,48,0,1476497804191,"true",0,1,"far"
"1776-b",1,0,0,0,2,43,0,1476497742624,"true",1,0,"close"
"1776-b",0,1,1,0,1,49,0,1476497813901,"true",0,1,"far"
"1776-b",0,1,0,0,1,24,0,1476497391269,"true",1,0,"split"
"1776-b",1,0,2,0,2,25,1,1476497402455,"true",0,0,"split"
"1776-b",1,0,0,0,2,26,0,1476497457304,"false",1,0,"close"
"1776-b",0,1,2,0,1,27,1,1476497486600,"true",0,0,"close"
"1776-b",1,0,2,0,2,20,1,1476497300513,"true",0,0,"close"
"1776-b",1,0,2,0,2,21,1,1476497337409,"true",0,0,"close"
"1776-b",0,0,2,1,0,22,1,1476497346355,"true",0,0,"far"
"1776-b",0,0,1,1,0,23,0,1476497367824,"true",0,1,"split"
"1776-b",1,0,0,0,2,46,0,1476497788826,"true",1,0,"far"
"1776-b",0,0,0,1,0,47,0,1476497796062,"true",1,0,"far"
"1776-b",1,0,0,0,2,44,0,1476497770240,"true",1,0,"close"
"1776-b",0,0,1,1,0,45,0,1476497781031,"true",0,1,"far"
"1776-b",0,0,0,1,0,28,0,1476497495591,"true",1,0,"far"
"1776-b",1,0,0,0,2,29,0,1476497503554,"true",1,0,"split"
"1776-b",0,1,0,0,1,40,0,1476497663496,"true",1,0,"split"
"1776-b",1,0,0,0,2,41,0,1476497676087,"false",1,0,"split"
"1776-b",0,0,2,1,0,1,1,1476496982205,"true",0,0,"far"
"1776-b",0,1,1,0,1,3,0,1476497049690,"true",0,1,"split"
"1776-b",1,0,2,0,2,2,1,1476497032557,"true",0,0,"close"
"1776-b",0,1,0,0,1,5,0,1476497073089,"true",1,0,"far"
"1776-b",0,0,2,1,0,4,1,1476497063105,"true",0,0,"split"
"1776-b",1,0,1,0,2,7,0,1476497120337,"true",0,1,"close"
"1776-b",0,0,1,1,0,6,0,1476497105006,"true",0,1,"close"
"1776-b",1,0,1,0,2,9,0,1476497146976,"false",0,1,"split"
"1776-b",1,0,2,0,2,8,1,1476497133802,"true",0,0,"split"
"1776-b",1,0,0,0,2,39,0,1476497657230,"true",1,0,"far"
"1776-b",0,1,1,0,1,38,0,1476497650208,"true",0,1,"close"
"1776-b",0,0,0,1,0,11,0,1476497171353,"true",1,0,"far"
"1776-b",0,1,2,0,1,10,1,1476497163935,"true",0,0,"close"
"1776-b",0,1,1,0,1,13,0,1476497205588,"true",0,1,"far"
"1776-b",0,0,1,1,0,12,0,1476497178608,"true",0,1,"far"
"1776-b",0,0,2,1,0,15,1,1476497235779,"true",0,0,"split"
"1776-b",1,0,0,0,2,14,0,1476497222769,"true",1,0,"split"
"1776-b",0,1,0,0,1,17,0,1476497269513,"true",1,0,"split"
"1776-b",0,0,0,1,0,16,0,1476497244562,"true",1,0,"split"
"1776-b",0,1,0,0,1,19,0,1476497287642,"true",1,0,"far"
"1776-b",0,0,1,1,0,18,0,1476497280936,"true",0,1,"far"
"1776-b",0,1,2,0,1,31,1,1476497549503,"true",0,0,"split"
"1776-b",0,0,1,1,0,30,0,1476497537079,"true",0,1,"close"
"1776-b",1,0,0,0,2,37,0,1476497641347,"true",1,0,"split"
"1776-b",1,0,0,0,2,36,0,1476497628298,"true",1,0,"close"
"1776-b",0,1,1,0,1,35,0,1476497602728,"true",0,1,"close"
"1776-b",0,0,1,1,0,34,0,1476497588710,"true",0,1,"split"
"1776-b",1,0,1,0,2,33,0,1476497581673,"true",0,1,"close"
"1776-b",0,0,0,1,0,32,0,1476497570845,"true",1,0,"close"
"1776-b",0,0,1,1,0,50,0,1476497830189,"true",0,1,"close"
