"gameid","sClicked_2","sClicked_1","lClickedIndex","sClicked_0","sClickedIndex","roundNum","lClicked_2","time","outcome","lClicked_0","lClicked_1","condition"
"1807-1",1,0,2,0,2,42,1,1476502919805,"true",0,0,"close"
"1807-1",0,1,0,0,1,43,0,1476502935217,"true",1,0,"split"
"1807-1",0,0,2,1,0,49,1,1476503042077,"true",0,0,"close"
"1807-1",1,0,0,0,2,24,0,1476502655297,"true",1,0,"far"
"1807-1",0,0,2,1,0,25,1,1476502664180,"true",0,0,"close"
"1807-1",1,0,2,0,2,26,1,1476502678388,"true",0,0,"split"
"1807-1",0,1,2,0,1,27,1,1476502701773,"true",0,0,"split"
"1807-1",0,1,2,0,1,20,1,1476502564791,"true",0,0,"split"
"1807-1",0,1,0,0,1,21,0,1476502597453,"true",1,0,"close"
"1807-1",1,0,0,0,2,48,0,1476503023434,"false",1,0,"close"
"1807-1",0,1,1,0,1,23,0,1476502643597,"false",0,1,"close"
"1807-1",1,0,0,0,2,46,0,1476502973362,"true",1,0,"close"
"1807-1",0,1,1,0,1,47,0,1476502998842,"true",0,1,"close"
"1807-1",0,1,0,0,1,44,0,1476502944404,"true",1,0,"far"
"1807-1",0,0,1,1,0,45,0,1476502952826,"true",0,1,"far"
"1807-1",0,1,0,0,1,28,0,1476502715456,"true",1,0,"far"
"1807-1",0,1,1,0,1,29,0,1476502727837,"true",0,1,"far"
"1807-1",0,0,1,1,0,40,0,1476502898052,"false",0,1,"close"
"1807-1",1,0,1,0,2,41,0,1476502909380,"true",0,1,"far"
"1807-1",0,0,0,1,0,1,0,1476502263155,"true",1,0,"split"
"1807-1",1,0,2,0,2,3,1,1476502289261,"true",0,0,"split"
"1807-1",0,0,1,1,0,2,0,1476502275991,"true",0,1,"far"
"1807-1",1,0,0,0,2,5,0,1476502320371,"true",1,0,"far"
"1807-1",1,0,2,0,2,4,1,1476502307754,"true",0,0,"split"
"1807-1",0,0,1,1,0,7,0,1476502355719,"true",0,1,"split"
"1807-1",0,1,1,0,1,6,0,1476502340167,"true",0,1,"far"
"1807-1",0,1,1,0,1,9,0,1476502396015,"true",0,1,"close"
"1807-1",1,0,0,0,2,8,0,1476502366583,"true",1,0,"split"
"1807-1",1,0,0,0,2,39,0,1476502879613,"false",1,0,"close"
"1807-1",0,1,1,0,1,38,0,1476502852570,"true",0,1,"far"
"1807-1",0,1,2,0,1,11,1,1476502424205,"true",0,0,"split"
"1807-1",0,0,1,1,0,10,0,1476502410253,"true",0,1,"close"
"1807-1",1,0,2,0,2,13,1,1476502455696,"true",0,0,"split"
"1807-1",0,0,1,1,0,12,0,1476502444327,"true",0,1,"close"
"1807-1",0,1,0,0,1,15,0,1476502487457,"true",1,0,"close"
"1807-1",0,0,1,1,0,14,0,1476502464144,"true",0,1,"far"
"1807-1",0,1,2,0,1,17,1,1476502524285,"true",0,0,"close"
"1807-1",0,1,1,0,1,16,0,1476502500865,"true",0,1,"far"
"1807-1",0,0,0,1,0,19,0,1476502555217,"true",1,0,"close"
"1807-1",0,1,2,0,1,18,1,1476502541680,"true",0,0,"far"
"1807-1",0,1,2,0,1,31,1,1476502745031,"true",0,0,"far"
"1807-1",0,1,0,0,1,30,0,1476502736186,"true",1,0,"split"
"1807-1",0,0,0,1,0,37,0,1476502844749,"true",1,0,"far"
"1807-1",0,1,2,0,1,36,1,1476502833700,"true",0,0,"far"
"1807-1",0,1,2,0,1,35,1,1476502818957,"true",0,0,"split"
"1807-1",1,0,1,0,2,34,0,1476502809860,"true",0,1,"far"
"1807-1",1,0,2,0,2,33,1,1476502794516,"true",0,0,"split"
"1807-1",1,0,0,0,2,32,0,1476502764074,"true",1,0,"close"
"1807-1",1,0,1,0,2,50,0,1476503051171,"true",0,1,"split"
