"gameid","sClicked_2","sClicked_1","lClickedIndex","sClicked_0","sClickedIndex","roundNum","lClicked_2","time","outcome","lClicked_0","lClicked_1","condition"
"1812-8",1,0,1,0,2,42,0,1476995716514,"true",0,1,"far"
"1812-8",0,0,0,1,0,48,0,1476995782960,"true",1,0,"split"
"1812-8",0,0,1,1,0,43,0,1476995726931,"true",0,1,"close"
"1812-8",1,0,0,0,2,49,0,1476995789865,"true",1,0,"split"
"1812-8",0,1,0,0,1,24,0,1476995470720,"true",1,0,"far"
"1812-8",0,1,1,0,1,25,0,1476995495796,"true",0,1,"split"
"1812-8",0,0,2,1,0,26,1,1476995504037,"true",0,0,"split"
"1812-8",1,0,2,0,2,27,1,1476995511534,"true",0,0,"far"
"1812-8",0,0,2,1,0,20,1,1476995412236,"true",0,0,"close"
"1812-8",1,0,0,0,2,21,0,1476995418747,"true",1,0,"far"
"1812-8",1,0,1,0,2,22,0,1476995436893,"true",0,1,"split"
"1812-8",0,0,0,1,0,23,0,1476995452581,"true",1,0,"far"
"1812-8",0,0,1,1,0,46,0,1476995761549,"true",0,1,"split"
"1812-8",1,0,2,0,2,47,1,1476995773496,"true",0,0,"close"
"1812-8",0,1,1,0,1,44,0,1476995736741,"true",0,1,"far"
"1812-8",0,0,2,1,0,45,1,1476995753317,"true",0,0,"close"
"1812-8",1,0,2,0,2,28,1,1476995519437,"true",0,0,"close"
"1812-8",1,0,0,0,2,29,0,1476995528488,"true",1,0,"far"
"1812-8",0,1,0,0,1,40,0,1476995700790,"true",1,0,"split"
"1812-8",1,0,2,0,2,41,1,1476995708297,"true",0,0,"far"
"1812-8",0,0,1,1,0,1,0,1476995168369,"true",0,1,"split"
"1812-8",1,0,1,0,2,3,0,1476995191805,"true",0,1,"far"
"1812-8",0,1,1,0,1,2,0,1476995177349,"true",0,1,"close"
"1812-8",0,0,1,1,0,5,0,1476995204871,"true",0,1,"far"
"1812-8",0,1,2,0,1,4,1,1476995198527,"true",0,0,"far"
"1812-8",1,0,2,0,2,7,1,1476995228395,"true",0,0,"split"
"1812-8",0,1,1,0,1,6,0,1476995220161,"true",0,1,"split"
"1812-8",1,0,1,0,2,9,0,1476995256213,"true",0,1,"close"
"1812-8",1,0,1,0,2,8,0,1476995242131,"true",0,1,"close"
"1812-8",1,0,2,0,2,39,1,1476995687212,"true",0,0,"split"
"1812-8",0,1,0,0,1,38,0,1476995672674,"true",1,0,"split"
"1812-8",0,0,2,1,0,11,1,1476995280498,"true",0,0,"split"
"1812-8",1,0,0,0,2,10,0,1476995270295,"true",1,0,"far"
"1812-8",0,1,1,0,1,13,0,1476995323663,"true",0,1,"far"
"1812-8",1,0,0,0,2,12,0,1476995308227,"true",1,0,"close"
"1812-8",1,0,1,0,2,15,0,1476995337281,"true",0,1,"split"
"1812-8",1,0,1,0,2,14,0,1476995330486,"true",0,1,"far"
"1812-8",1,0,1,0,2,17,0,1476995363556,"true",0,1,"close"
"1812-8",1,0,1,0,2,16,0,1476995350491,"true",0,1,"far"
"1812-8",1,0,1,0,2,19,0,1476995399049,"true",0,1,"far"
"1812-8",1,0,1,0,2,18,0,1476995391015,"true",0,1,"split"
"1812-8",1,0,2,0,2,31,1,1476995573158,"true",0,0,"split"
"1812-8",0,1,0,0,1,30,0,1476995558347,"false",1,0,"close"
"1812-8",0,0,1,1,0,37,0,1476995662836,"true",0,1,"far"
"1812-8",1,0,0,0,2,36,0,1476995655801,"true",1,0,"close"
"1812-8",0,0,1,1,0,35,0,1476995638795,"true",0,1,"close"
"1812-8",0,1,1,0,1,34,0,1476995619916,"false",0,1,"close"
"1812-8",1,0,0,0,2,33,0,1476995604482,"true",1,0,"close"
"1812-8",0,0,1,1,0,32,0,1476995588559,"true",0,1,"close"
"1812-8",1,0,2,0,2,50,1,1476995801658,"true",0,0,"close"
