"gameid","sClicked_2","sClicked_1","lClickedIndex","sClicked_0","sClickedIndex","roundNum","lClicked_2","time","outcome","lClicked_0","lClicked_1","condition"
"1847-c",1,0,1,0,2,42,0,1476502651161,"true",0,1,"split"
"1847-c",0,0,1,1,0,48,0,1476502779406,"false",0,1,"close"
"1847-c",0,0,2,1,0,43,1,1476502678418,"true",0,0,"close"
"1847-c",0,1,1,0,1,49,0,1476502788585,"true",0,1,"split"
"1847-c",0,0,1,1,0,24,0,1476502396013,"true",0,1,"far"
"1847-c",0,1,1,0,1,25,0,1476502402557,"true",0,1,"far"
"1847-c",0,1,0,0,1,26,0,1476502410806,"true",1,0,"split"
"1847-c",0,1,1,0,1,27,0,1476502446153,"true",0,1,"close"
"1847-c",0,0,2,1,0,20,1,1476502363606,"true",0,0,"split"
"1847-c",0,0,1,1,0,21,0,1476502371453,"false",0,1,"far"
"1847-c",0,1,1,0,1,22,0,1476502381314,"true",0,1,"split"
"1847-c",0,1,2,0,1,23,1,1476502388485,"true",0,0,"far"
"1847-c",0,0,0,1,0,46,0,1476502727849,"true",1,0,"split"
"1847-c",1,0,1,0,2,47,0,1476502735360,"true",0,1,"far"
"1847-c",0,1,2,0,1,44,1,1476502687750,"true",0,0,"far"
"1847-c",1,0,0,0,2,45,0,1476502718369,"false",1,0,"close"
"1847-c",0,1,2,0,1,28,1,1476502464029,"false",0,0,"close"
"1847-c",1,0,1,0,2,29,0,1476502472605,"true",0,1,"split"
"1847-c",1,0,1,0,2,40,0,1476502625374,"true",0,1,"far"
"1847-c",0,1,0,0,1,41,0,1476502637441,"true",1,0,"close"
"1847-c",0,0,0,1,0,1,0,1476502124578,"true",1,0,"close"
"1847-c",0,1,0,0,1,3,0,1476502155205,"true",1,0,"split"
"1847-c",0,1,1,0,1,2,0,1476502132606,"true",0,1,"split"
"1847-c",1,0,2,0,2,5,1,1476502178982,"true",0,0,"far"
"1847-c",0,0,1,1,0,4,0,1476502171033,"true",0,1,"close"
"1847-c",0,0,0,1,0,7,0,1476502206717,"true",1,0,"far"
"1847-c",0,0,2,1,0,6,1,1476502193384,"true",0,0,"close"
"1847-c",1,0,0,0,2,9,0,1476502235013,"false",1,0,"split"
"1847-c",0,0,2,1,0,8,1,1476502222513,"true",0,0,"close"
"1847-c",0,1,1,0,1,39,0,1476502605945,"false",0,1,"close"
"1847-c",0,1,2,0,1,38,1,1476502582490,"true",0,0,"far"
"1847-c",0,1,2,0,1,11,1,1476502266927,"true",0,0,"split"
"1847-c",0,1,1,0,1,10,0,1476502255885,"true",0,1,"close"
"1847-c",1,0,2,0,2,13,1,1476502304648,"true",0,0,"close"
"1847-c",0,1,0,0,1,12,0,1476502287925,"true",1,0,"split"
"1847-c",1,0,0,0,2,15,0,1476502323530,"true",1,0,"split"
"1847-c",0,0,0,1,0,14,0,1476502313349,"true",1,0,"far"
"1847-c",0,1,1,0,1,17,0,1476502340450,"true",0,1,"split"
"1847-c",0,1,0,0,1,16,0,1476502329735,"true",1,0,"far"
"1847-c",0,1,0,0,1,19,0,1476502356503,"true",1,0,"far"
"1847-c",0,0,0,1,0,18,0,1476502347849,"true",1,0,"far"
"1847-c",0,0,2,1,0,31,1,1476502493313,"true",0,0,"close"
"1847-c",0,0,1,1,0,30,0,1476502484038,"true",0,1,"split"
"1847-c",0,1,2,0,1,37,1,1476502571881,"true",0,0,"far"
"1847-c",0,0,2,1,0,36,1,1476502563145,"true",0,0,"far"
"1847-c",0,1,1,0,1,35,0,1476502554664,"true",0,1,"split"
"1847-c",0,1,0,0,1,34,0,1476502535513,"true",1,0,"close"
"1847-c",0,0,1,1,0,33,0,1476502514985,"true",0,1,"split"
"1847-c",1,0,1,0,2,32,0,1476502504774,"false",0,1,"close"
"1847-c",0,0,1,1,0,50,0,1476502795317,"true",0,1,"far"
