"gameid","sClicked_2","sClicked_1","lClickedIndex","sClicked_0","sClickedIndex","roundNum","lClicked_2","time","outcome","lClicked_0","lClicked_1","condition"
"1856-c",1,0,2,0,2,42,1,1476474283939,"true",0,0,"far"
"1856-c",1,0,1,0,2,48,0,1476474353180,"true",0,1,"split"
"1856-c",1,0,1,0,2,43,0,1476474290246,"true",0,1,"far"
"1856-c",0,0,0,1,0,49,0,1476474364469,"true",1,0,"split"
"1856-c",1,0,0,0,2,24,0,1476474116796,"true",1,0,"close"
"1856-c",0,0,2,1,0,25,1,1476474122575,"false",0,0,"split"
"1856-c",0,0,1,1,0,26,0,1476474134357,"false",0,1,"close"
"1856-c",0,1,0,0,1,27,0,1476474142520,"true",1,0,"far"
"1856-c",1,0,2,0,2,20,1,1476474086357,"true",0,0,"far"
"1856-c",0,1,2,0,1,21,1,1476474092185,"true",0,0,"far"
"1856-c",0,1,0,0,1,22,0,1476474098335,"true",1,0,"close"
"1856-c",0,0,1,1,0,23,0,1476474103817,"true",0,1,"far"
"1856-c",0,0,2,1,0,46,1,1476474329295,"true",0,0,"split"
"1856-c",1,0,1,0,2,47,0,1476474342581,"true",0,1,"close"
"1856-c",0,0,0,1,0,44,0,1476474300047,"true",1,0,"split"
"1856-c",0,0,2,1,0,45,1,1476474314667,"false",0,0,"close"
"1856-c",0,0,1,1,0,28,0,1476474148351,"true",0,1,"far"
"1856-c",0,1,1,0,1,29,0,1476474154936,"true",0,1,"split"
"1856-c",0,1,0,0,1,40,0,1476474264770,"true",1,0,"close"
"1856-c",0,1,0,0,1,41,0,1476474271570,"true",1,0,"split"
"1856-c",1,0,1,0,2,1,0,1476473879970,"true",0,1,"split"
"1856-c",1,0,2,0,2,2,1,1476473889394,"true",0,0,"split"
"1856-c",1,0,0,0,2,5,0,1476473967426,"true",1,0,"split"
"1856-c",0,1,2,0,1,4,1,1476473956226,"false",0,0,"close"
"1856-c",1,0,0,0,2,7,0,1476473982416,"true",1,0,"far"
"1856-c",1,0,0,0,2,6,0,1476473975419,"false",1,0,"close"
"1856-c",0,0,0,1,0,9,0,1476473998837,"true",1,0,"close"
"1856-c",1,0,2,0,2,8,1,1476473989641,"true",0,0,"split"
"1856-c",0,1,1,0,1,39,0,1476474255445,"true",0,1,"far"
"1856-c",0,0,1,1,0,38,0,1476474249701,"true",0,1,"far"
"1856-c",0,1,2,0,1,11,1,1476474012549,"true",0,0,"split"
"1856-c",1,0,2,0,2,10,1,1476474006050,"true",0,0,"far"
"1856-c",1,0,0,0,2,13,0,1476474025442,"true",1,0,"close"
"1856-c",0,1,2,0,1,12,1,1476474018520,"true",0,0,"split"
"1856-c",0,1,0,0,1,15,0,1476474054134,"true",1,0,"close"
"1856-c",0,1,0,0,1,14,0,1476474035272,"true",1,0,"split"
"1856-c",0,1,1,0,1,17,0,1476474068057,"true",0,1,"far"
"1856-c",0,1,1,0,1,16,0,1476474062184,"true",0,1,"close"
"1856-c",0,0,0,1,0,19,0,1476474080034,"true",1,0,"far"
"1856-c",1,0,2,0,2,18,1,1476474074322,"true",0,0,"far"
"1856-c",1,0,0,0,2,31,0,1476474179893,"false",1,0,"split"
"1856-c",0,1,2,0,1,30,1,1476474165002,"true",0,0,"close"
"1856-c",0,0,1,1,0,37,0,1476474243900,"true",0,1,"far"
"1856-c",0,1,2,0,1,36,1,1476474238040,"true",0,0,"split"
"1856-c",0,0,0,1,0,35,0,1476474231115,"false",1,0,"split"
"1856-c",0,1,0,0,1,34,0,1476474214198,"false",1,0,"far"
"1856-c",0,0,0,1,0,33,0,1476474205880,"true",1,0,"close"
"1856-c",0,1,0,0,1,32,0,1476474193746,"false",1,0,"close"
"1856-c",1,0,2,0,2,50,1,1476474370485,"true",0,0,"far"
