"gameid","sClicked_2","sClicked_1","lClickedIndex","sClicked_0","sClickedIndex","roundNum","lClicked_2","time","outcome","lClicked_0","lClicked_1","condition"
"1869-6",0,0,2,1,0,42,1,1476990165204,"true",0,0,"close"
"1869-6",1,0,0,0,2,48,0,1476990256440,"true",1,0,"far"
"1869-6",1,0,1,0,2,43,0,1476990181397,"true",0,1,"split"
"1869-6",0,1,1,0,1,49,0,1476990268255,"true",0,1,"split"
"1869-6",1,0,1,0,2,24,0,1476989845254,"true",0,1,"far"
"1869-6",0,1,2,0,1,25,1,1476989873510,"true",0,0,"close"
"1869-6",1,0,2,0,2,26,1,1476989891568,"true",0,0,"split"
"1869-6",1,0,0,0,2,27,0,1476989907596,"true",1,0,"far"
"1869-6",0,1,1,0,1,20,0,1476989791753,"true",0,1,"far"
"1869-6",0,1,1,0,1,21,0,1476989811713,"true",0,1,"far"
"1869-6",0,0,2,1,0,22,1,1476989821365,"true",0,0,"far"
"1869-6",1,0,1,0,2,23,0,1476989835841,"true",0,1,"close"
"1869-6",1,0,1,0,2,46,0,1476990235289,"true",0,1,"far"
"1869-6",0,1,1,0,1,47,0,1476990246330,"true",0,1,"close"
"1869-6",0,1,2,0,1,44,1,1476990202491,"true",0,0,"close"
"1869-6",0,0,1,1,0,45,0,1476990218293,"true",0,1,"close"
"1869-6",1,0,0,0,2,28,0,1476989923300,"true",1,0,"split"
"1869-6",1,0,2,0,2,29,1,1476989931003,"true",0,0,"far"
"1869-6",0,1,0,0,1,40,0,1476990109726,"true",1,0,"split"
"1869-6",1,0,2,0,2,41,1,1476990134774,"true",0,0,"far"
"1869-6",1,0,2,0,2,1,1,1476989488566,"true",0,0,"split"
"1869-6",0,1,0,0,1,3,0,1476989517426,"true",1,0,"close"
"1869-6",0,0,1,1,0,2,0,1476989502476,"true",0,1,"close"
"1869-6",0,0,2,1,0,5,1,1476989551466,"true",0,0,"split"
"1869-6",1,0,1,0,2,4,0,1476989533370,"true",0,1,"split"
"1869-6",0,1,1,0,1,7,0,1476989581600,"true",0,1,"split"
"1869-6",0,0,2,1,0,6,1,1476989565802,"true",0,0,"far"
"1869-6",0,0,0,1,0,9,0,1476989623065,"true",1,0,"far"
"1869-6",1,0,1,0,2,8,0,1476989613125,"true",0,1,"close"
"1869-6",1,0,0,0,2,39,0,1476990101062,"false",1,0,"split"
"1869-6",0,0,1,1,0,38,0,1476990080095,"false",0,1,"split"
"1869-6",0,1,0,0,1,11,0,1476989647941,"true",1,0,"far"
"1869-6",1,0,1,0,2,10,0,1476989637069,"true",0,1,"far"
"1869-6",1,0,2,0,2,13,1,1476989683541,"true",0,0,"close"
"1869-6",0,1,2,0,1,12,1,1476989663309,"true",0,0,"close"
"1869-6",0,0,0,1,0,15,0,1476989709452,"true",1,0,"close"
"1869-6",0,1,2,0,1,14,1,1476989698499,"true",0,0,"split"
"1869-6",0,0,0,1,0,17,0,1476989755919,"true",1,0,"close"
"1869-6",0,1,2,0,1,16,1,1476989727635,"true",0,0,"close"
"1869-6",1,0,1,0,2,19,0,1476989781563,"true",0,1,"far"
"1869-6",0,1,1,0,1,18,0,1476989772712,"true",0,1,"far"
"1869-6",0,0,1,1,0,31,0,1476989975958,"true",0,1,"close"
"1869-6",0,0,1,1,0,30,0,1476989949554,"true",0,1,"split"
"1869-6",0,1,2,0,1,37,1,1476990060607,"true",0,0,"split"
"1869-6",1,0,1,0,2,36,0,1476990050631,"true",0,1,"far"
"1869-6",0,1,1,0,1,35,0,1476990042385,"true",0,1,"split"
"1869-6",1,0,0,0,2,34,0,1476990013475,"true",1,0,"far"
"1869-6",0,0,2,1,0,33,1,1476990003944,"true",0,0,"close"
"1869-6",1,0,0,0,2,32,0,1476989988490,"true",1,0,"close"
"1869-6",0,0,2,1,0,50,1,1476990289046,"true",0,0,"split"
