"gameid","sClicked_2","sClicked_1","lClickedIndex","sClicked_0","sClickedIndex","roundNum","lClicked_2","time","outcome","lClicked_0","lClicked_1","condition"
"1869-e",0,1,1,0,1,42,0,1476501608187,"true",0,1,"split"
"1869-e",1,0,0,0,2,48,0,1476501660665,"true",1,0,"split"
"1869-e",1,0,2,0,2,43,1,1476501617876,"true",0,0,"far"
"1869-e",0,1,1,0,1,49,0,1476501667698,"true",0,1,"split"
"1869-e",1,0,1,0,2,24,0,1476501401100,"true",0,1,"close"
"1869-e",0,1,0,0,1,25,0,1476501408624,"true",1,0,"far"
"1869-e",0,1,2,0,1,26,1,1476501416794,"true",0,0,"close"
"1869-e",0,1,2,0,1,27,1,1476501431293,"true",0,0,"far"
"1869-e",0,0,2,1,0,20,1,1476501340713,"true",0,0,"close"
"1869-e",0,0,2,1,0,21,1,1476501349459,"true",0,0,"far"
"1869-e",0,1,2,0,1,22,1,1476501368239,"true",0,0,"split"
"1869-e",0,0,2,1,0,23,1,1476501385594,"false",0,0,"close"
"1869-e",1,0,1,0,2,46,0,1476501641793,"true",0,1,"split"
"1869-e",1,0,2,0,2,47,1,1476501649352,"true",0,0,"split"
"1869-e",1,0,1,0,2,44,0,1476501627090,"false",0,1,"close"
"1869-e",0,0,2,1,0,45,1,1476501634320,"true",0,0,"far"
"1869-e",0,1,0,0,1,28,0,1476501439003,"true",1,0,"split"
"1869-e",0,0,2,1,0,29,1,1476501451179,"true",0,0,"close"
"1869-e",0,1,2,0,1,40,1,1476501587865,"true",0,0,"far"
"1869-e",1,0,1,0,2,41,0,1476501599235,"true",0,1,"split"
"1869-e",0,0,2,1,0,1,1,1476501053426,"false",0,0,"far"
"1869-e",0,1,0,0,1,3,0,1476501075497,"true",1,0,"far"
"1869-e",0,1,1,0,1,2,0,1476501066548,"false",0,1,"split"
"1869-e",0,0,2,1,0,5,1,1476501100253,"true",0,0,"split"
"1869-e",1,0,2,0,2,4,1,1476501085305,"true",0,0,"far"
"1869-e",1,0,0,0,2,7,0,1476501130324,"true",1,0,"close"
"1869-e",0,1,2,0,1,6,1,1476501109839,"true",0,0,"far"
"1869-e",0,0,2,1,0,9,1,1476501174347,"true",0,0,"far"
"1869-e",0,1,1,0,1,8,0,1476501140480,"true",0,1,"close"
"1869-e",0,1,0,0,1,39,0,1476501576354,"false",1,0,"close"
"1869-e",1,0,1,0,2,38,0,1476501560841,"true",0,1,"far"
"1869-e",0,1,0,0,1,11,0,1476501195403,"false",1,0,"close"
"1869-e",1,0,0,0,2,10,0,1476501181268,"true",1,0,"far"
"1869-e",0,0,1,1,0,13,0,1476501216774,"true",0,1,"far"
"1869-e",1,0,1,0,2,12,0,1476501209376,"true",0,1,"close"
"1869-e",1,0,1,0,2,15,0,1476501237013,"true",0,1,"far"
"1869-e",0,1,0,0,1,14,0,1476501229068,"true",1,0,"split"
"1869-e",0,1,2,0,1,17,1,1476501275192,"true",0,0,"split"
"1869-e",0,0,0,1,0,16,0,1476501252578,"true",1,0,"split"
"1869-e",0,1,2,0,1,19,1,1476501317272,"true",0,0,"split"
"1869-e",0,0,1,1,0,18,0,1476501283840,"true",0,1,"split"
"1869-e",1,0,2,0,2,31,1,1476501480003,"false",0,0,"close"
"1869-e",0,0,0,1,0,30,0,1476501463498,"false",1,0,"split"
"1869-e",0,0,1,1,0,37,0,1476501551071,"false",0,1,"split"
"1869-e",1,0,2,0,2,36,1,1476501533384,"true",0,0,"far"
"1869-e",0,0,0,1,0,35,0,1476501525191,"true",1,0,"close"
"1869-e",0,1,0,0,1,34,0,1476501508230,"true",1,0,"close"
"1869-e",1,0,1,0,2,33,0,1476501495204,"false",0,1,"close"
"1869-e",0,0,2,1,0,32,1,1476501486913,"true",0,0,"far"
"1869-e",0,0,0,1,0,50,0,1476501677285,"true",1,0,"close"
