"gameid","sClicked_2","sClicked_1","lClickedIndex","sClicked_0","sClickedIndex","roundNum","lClicked_2","time","outcome","lClicked_0","lClicked_1","condition"
"1891-2",1,0,0,0,2,42,0,1476991335839,"true",1,0,"close"
"1891-2",0,0,1,1,0,48,0,1476991477017,"true",0,1,"far"
"1891-2",0,0,1,1,0,43,0,1476991377503,"false",0,1,"close"
"1891-2",1,0,2,0,2,49,1,1476991515097,"true",0,0,"close"
"1891-2",1,0,2,0,2,24,1,1476990852781,"true",0,0,"split"
"1891-2",0,0,0,1,0,25,0,1476990877315,"false",1,0,"split"
"1891-2",0,1,1,0,1,26,0,1476990923651,"true",0,1,"split"
"1891-2",0,1,1,0,1,27,0,1476990937048,"true",0,1,"far"
"1891-2",0,1,0,0,1,20,0,1476990758033,"false",1,0,"close"
"1891-2",1,0,2,0,2,21,1,1476990777179,"false",0,0,"split"
"1891-2",0,1,2,0,1,22,1,1476990799163,"true",0,0,"split"
"1891-2",0,0,2,1,0,23,1,1476990808948,"true",0,0,"far"
"1891-2",0,0,1,1,0,46,0,1476991434015,"false",0,1,"close"
"1891-2",0,0,0,1,0,47,0,1476991467253,"true",1,0,"split"
"1891-2",0,0,2,1,0,44,1,1476991394477,"true",0,0,"far"
"1891-2",1,0,1,0,2,45,0,1476991406666,"true",0,1,"far"
"1891-2",0,1,1,0,1,28,0,1476990950958,"true",0,1,"close"
"1891-2",0,1,2,0,1,29,1,1476990978811,"true",0,0,"far"
"1891-2",1,0,0,0,2,40,0,1476991297411,"false",1,0,"close"
"1891-2",0,1,0,0,1,41,0,1476991312501,"true",1,0,"far"
"1891-2",0,0,2,1,0,1,1,1476990377759,"true",0,0,"split"
"1891-2",0,0,0,1,0,3,0,1476990425937,"true",1,0,"far"
"1891-2",0,1,1,0,1,2,0,1476990409901,"false",0,1,"close"
"1891-2",0,1,0,0,1,5,0,1476990477883,"true",1,0,"split"
"1891-2",1,0,0,0,2,4,0,1476990433460,"true",1,0,"far"
"1891-2",1,0,0,0,2,7,0,1476990511488,"true",1,0,"split"
"1891-2",0,1,2,0,1,6,1,1476990491515,"true",0,0,"split"
"1891-2",0,0,2,1,0,9,1,1476990533542,"true",0,0,"far"
"1891-2",1,0,0,0,2,8,0,1476990525222,"true",1,0,"far"
"1891-2",1,0,2,0,2,39,1,1476991248024,"true",0,0,"close"
"1891-2",1,0,2,0,2,38,1,1476991226100,"true",0,0,"close"
"1891-2",0,1,2,0,1,11,1,1476990554861,"true",0,0,"far"
"1891-2",0,0,2,1,0,10,1,1476990542460,"true",0,0,"far"
"1891-2",0,0,0,1,0,13,0,1476990608799,"true",1,0,"close"
"1891-2",0,0,2,1,0,12,1,1476990597180,"true",0,0,"close"
"1891-2",1,0,2,0,2,15,1,1476990643558,"true",0,0,"split"
"1891-2",0,0,1,1,0,14,0,1476990622730,"true",0,1,"split"
"1891-2",0,0,2,1,0,17,1,1476990693330,"true",0,0,"split"
"1891-2",0,1,2,0,1,16,1,1476990673418,"false",0,0,"close"
"1891-2",1,0,1,0,2,19,0,1476990733009,"false",0,1,"close"
"1891-2",1,0,1,0,2,18,0,1476990719043,"true",0,1,"split"
"1891-2",1,0,2,0,2,31,1,1476991040209,"true",0,0,"split"
"1891-2",1,0,0,0,2,30,0,1476991025382,"true",1,0,"close"
"1891-2",0,1,2,0,1,37,1,1476991194591,"true",0,0,"close"
"1891-2",1,0,0,0,2,36,0,1476991162235,"true",1,0,"close"
"1891-2",1,0,0,0,2,35,0,1476991125464,"true",1,0,"far"
"1891-2",1,0,0,0,2,34,0,1476991110851,"true",1,0,"split"
"1891-2",0,1,0,0,1,33,0,1476991099133,"false",1,0,"split"
"1891-2",0,0,0,1,0,32,0,1476991051821,"true",1,0,"far"
"1891-2",1,0,2,0,2,50,1,1476991559014,"true",0,0,"far"
