"gameid","sClicked_2","sClicked_1","lClickedIndex","sClicked_0","sClickedIndex","roundNum","lClicked_2","time","outcome","lClicked_0","lClicked_1","condition"
"1903-c",0,0,1,1,0,42,0,1476488119904,"true",0,1,"split"
"1903-c",0,0,0,1,0,48,0,1476488202770,"true",1,0,"split"
"1903-c",0,1,1,0,1,43,0,1476488137605,"true",0,1,"close"
"1903-c",0,1,1,0,1,49,0,1476488217404,"true",0,1,"split"
"1903-c",0,1,1,0,1,24,0,1476487838101,"true",0,1,"split"
"1903-c",0,1,0,0,1,25,0,1476487866601,"false",1,0,"close"
"1903-c",0,1,0,0,1,26,0,1476487878049,"true",1,0,"close"
"1903-c",0,1,0,0,1,27,0,1476487886876,"true",1,0,"far"
"1903-c",1,0,2,0,2,20,1,1476487788972,"true",0,0,"close"
"1903-c",1,0,2,0,2,21,1,1476487797573,"true",0,0,"split"
"1903-c",1,0,0,0,2,22,0,1476487813651,"true",1,0,"close"
"1903-c",1,0,0,0,2,23,0,1476487827966,"true",1,0,"far"
"1903-c",0,0,2,1,0,46,1,1476488169171,"true",0,0,"split"
"1903-c",0,1,0,0,1,47,0,1476488178154,"true",1,0,"far"
"1903-c",0,1,0,0,1,44,0,1476488146320,"true",1,0,"far"
"1903-c",1,0,2,0,2,45,1,1476488154840,"true",0,0,"far"
"1903-c",0,1,0,0,1,28,0,1476487896439,"true",1,0,"split"
"1903-c",0,0,2,1,0,29,1,1476487908673,"true",0,0,"close"
"1903-c",0,0,2,1,0,40,1,1476488070197,"true",0,0,"split"
"1903-c",0,1,1,0,1,41,0,1476488081880,"true",0,1,"close"
"1903-c",0,1,1,0,1,1,0,1476487465428,"true",0,1,"split"
"1903-c",0,1,1,0,1,3,0,1476487502970,"true",0,1,"split"
"1903-c",0,0,1,1,0,2,0,1476487481509,"true",0,1,"close"
"1903-c",0,1,1,0,1,5,0,1476487557978,"true",0,1,"close"
"1903-c",0,1,2,0,1,4,1,1476487521739,"true",0,0,"split"
"1903-c",0,0,1,1,0,7,0,1476487603553,"true",0,1,"far"
"1903-c",0,0,2,1,0,6,1,1476487583168,"true",0,0,"close"
"1903-c",1,0,1,0,2,9,0,1476487632230,"true",0,1,"far"
"1903-c",0,0,0,1,0,8,0,1476487613448,"true",1,0,"far"
"1903-c",0,1,1,0,1,38,0,1476488012771,"true",0,1,"split"
"1903-c",0,1,2,0,1,10,1,1476487645279,"false",0,0,"close"
"1903-c",0,0,0,1,0,13,0,1476487714750,"true",1,0,"far"
"1903-c",0,1,0,0,1,12,0,1476487706229,"true",1,0,"split"
"1903-c",0,1,0,0,1,15,0,1476487734043,"true",1,0,"close"
"1903-c",1,0,1,0,2,14,0,1476487725068,"true",0,1,"close"
"1903-c",1,0,0,0,2,17,0,1476487753400,"true",1,0,"split"
"1903-c",1,0,1,0,2,16,0,1476487743469,"true",0,1,"far"
"1903-c",0,0,0,1,0,19,0,1476487780453,"true",1,0,"split"
"1903-c",0,0,0,1,0,18,0,1476487768553,"true",1,0,"split"
"1903-c",0,0,2,1,0,31,1,1476487935554,"true",0,0,"far"
"1903-c",0,1,2,0,1,30,1,1476487926989,"true",0,0,"close"
"1903-c",0,0,2,1,0,37,1,1476487993364,"true",0,0,"close"
"1903-c",0,0,1,1,0,36,0,1476487983789,"true",0,1,"far"
"1903-c",0,0,2,1,0,35,1,1476487972394,"true",0,0,"far"
"1903-c",0,0,0,1,0,34,0,1476487963759,"true",1,0,"far"
"1903-c",0,0,2,1,0,33,1,1476487952891,"true",0,0,"far"
"1903-c",0,0,1,1,0,32,0,1476487944705,"true",0,1,"far"
"1903-c",0,0,1,1,0,50,0,1476488228974,"true",0,1,"far"
