"gameid","sClicked_2","sClicked_1","lClickedIndex","sClicked_0","sClickedIndex","roundNum","lClicked_2","time","outcome","lClicked_0","lClicked_1","condition"
"1925-1",0,1,2,0,1,42,1,1476991004964,"true",0,0,"far"
"1925-1",0,1,2,0,1,48,1,1476991105289,"true",0,0,"split"
"1925-1",0,1,1,0,1,43,0,1476991038203,"true",0,1,"split"
"1925-1",1,0,0,0,2,49,0,1476991119764,"false",1,0,"far"
"1925-1",1,0,0,0,2,24,0,1476990764168,"true",1,0,"far"
"1925-1",1,0,0,0,2,25,0,1476990776781,"true",1,0,"close"
"1925-1",1,0,2,0,2,26,1,1476990792530,"true",0,0,"close"
"1925-1",0,1,1,0,1,27,0,1476990811992,"false",0,1,"split"
"1925-1",1,0,1,0,2,20,0,1476990535999,"false",0,1,"close"
"1925-1",0,1,1,0,1,21,0,1476990690898,"true",0,1,"split"
"1925-1",0,1,2,0,1,22,1,1476990738953,"false",0,0,"split"
"1925-1",0,0,0,1,0,23,0,1476990755338,"true",1,0,"far"
"1925-1",0,0,1,1,0,46,0,1476991085994,"false",0,1,"close"
"1925-1",1,0,0,0,2,47,0,1476991097107,"true",1,0,"split"
"1925-1",0,0,1,1,0,44,0,1476991056034,"false",0,1,"split"
"1925-1",0,0,2,1,0,45,1,1476991070999,"true",0,0,"far"
"1925-1",0,0,1,1,0,28,0,1476990822646,"true",0,1,"split"
"1925-1",1,0,0,0,2,29,0,1476990837126,"true",1,0,"close"
"1925-1",0,1,1,0,1,40,0,1476990987188,"true",0,1,"close"
"1925-1",0,0,2,1,0,41,1,1476990995106,"true",0,0,"far"
"1925-1",0,0,2,1,0,1,1,1476989098323,"true",0,0,"far"
"1925-1",0,0,0,1,0,3,0,1476989131579,"true",1,0,"far"
"1925-1",0,1,2,0,1,2,1,1476989114816,"true",0,0,"far"
"1925-1",1,0,0,0,2,5,0,1476989171788,"false",1,0,"close"
"1925-1",0,1,2,0,1,4,1,1476989142528,"true",0,0,"far"
"1925-1",0,0,2,1,0,7,1,1476989277938,"true",0,0,"split"
"1925-1",0,0,2,1,0,9,1,1476989474658,"true",0,0,"far"
"1925-1",0,1,0,0,1,8,0,1476989405122,"true",1,0,"far"
"1925-1",0,0,0,1,0,39,0,1476990975159,"true",1,0,"far"
"1925-1",0,1,1,0,1,38,0,1476990965144,"true",0,1,"far"
"1925-1",1,0,0,0,2,11,0,1476989581505,"true",1,0,"close"
"1925-1",1,0,2,0,2,13,1,1476989736904,"false",0,0,"close"
"1925-1",1,0,0,0,2,12,0,1476989598231,"false",1,0,"far"
"1925-1",0,1,1,0,1,15,0,1476989972614,"false",0,1,"close"
"1925-1",0,0,0,1,0,14,0,1476989901301,"true",1,0,"far"
"1925-1",0,0,0,1,0,17,0,1476990179897,"true",1,0,"close"
"1925-1",0,1,1,0,1,16,0,1476990138138,"false",0,1,"close"
"1925-1",0,0,1,1,0,19,0,1476990435660,"false",0,1,"split"
"1925-1",0,1,0,0,1,18,0,1476990193625,"true",1,0,"split"
"1925-1",1,0,1,0,2,31,0,1476990876432,"false",0,1,"close"
"1925-1",0,0,1,1,0,30,0,1476990863393,"false",0,1,"close"
"1925-1",0,0,2,1,0,37,1,1476990956228,"true",0,0,"split"
"1925-1",1,0,2,0,2,36,1,1476990945476,"true",0,0,"split"
"1925-1",0,1,1,0,1,35,0,1476990930832,"false",0,1,"split"
"1925-1",0,0,0,1,0,34,0,1476990913831,"true",1,0,"split"
"1925-1",1,0,1,0,2,33,0,1476990905773,"true",0,1,"close"
"1925-1",0,0,1,1,0,32,0,1476990888199,"false",0,1,"close"
"1925-1",0,0,0,1,0,50,0,1476991131693,"true",1,0,"split"
