"gameid","sClicked_2","sClicked_1","lClickedIndex","sClicked_0","sClickedIndex","roundNum","lClicked_2","time","outcome","lClicked_0","lClicked_1","condition"
"1928-6",1,0,1,0,2,42,0,1476502427750,"true",0,1,"split"
"1928-6",1,0,0,0,2,48,0,1476502549819,"true",1,0,"far"
"1928-6",0,1,2,0,1,43,1,1476502448254,"true",0,0,"close"
"1928-6",0,1,2,0,1,49,1,1476502568603,"true",0,0,"close"
"1928-6",1,0,1,0,2,24,0,1476502091146,"true",0,1,"far"
"1928-6",0,1,0,0,1,25,0,1476502100704,"true",1,0,"far"
"1928-6",0,1,1,0,1,26,0,1476502120278,"true",0,1,"close"
"1928-6",0,0,0,1,0,27,0,1476502143694,"true",1,0,"close"
"1928-6",1,0,0,0,2,20,0,1476502022688,"true",1,0,"far"
"1928-6",0,1,1,0,1,21,0,1476502034423,"true",0,1,"split"
"1928-6",0,1,2,0,1,22,1,1476502057837,"false",0,0,"close"
"1928-6",1,0,1,0,2,23,0,1476502083579,"true",0,1,"split"
"1928-6",0,1,0,0,1,46,0,1476502523077,"true",1,0,"split"
"1928-6",1,0,1,0,2,47,0,1476502535798,"true",0,1,"far"
"1928-6",0,0,1,1,0,44,0,1476502464663,"true",0,1,"far"
"1928-6",0,1,0,0,1,45,0,1476502491509,"true",1,0,"split"
"1928-6",0,0,2,1,0,28,1,1476502156529,"true",0,0,"split"
"1928-6",1,0,0,0,2,29,0,1476502171612,"true",1,0,"close"
"1928-6",0,1,2,0,1,40,1,1476502357699,"true",0,0,"close"
"1928-6",1,0,0,0,2,41,0,1476502390134,"true",1,0,"far"
"1928-6",0,1,1,0,1,1,0,1476501737642,"true",0,1,"split"
"1928-6",1,0,0,0,2,3,0,1476501773460,"true",1,0,"close"
"1928-6",1,0,0,0,2,2,0,1476501750743,"true",1,0,"far"
"1928-6",0,1,2,0,1,5,1,1476501797729,"true",0,0,"split"
"1928-6",1,0,0,0,2,4,0,1476501784147,"true",1,0,"far"
"1928-6",1,0,2,0,2,7,1,1476501835157,"true",0,0,"close"
"1928-6",0,0,2,1,0,6,1,1476501821197,"true",0,0,"split"
"1928-6",1,0,1,0,2,9,0,1476501850802,"true",0,1,"far"
"1928-6",0,0,0,1,0,8,0,1476501843277,"true",1,0,"split"
"1928-6",0,1,0,0,1,39,0,1476502330154,"true",1,0,"close"
"1928-6",0,0,1,1,0,38,0,1476502318594,"true",0,1,"close"
"1928-6",0,0,0,1,0,11,0,1476501882665,"true",1,0,"split"
"1928-6",1,0,0,0,2,10,0,1476501858980,"true",1,0,"far"
"1928-6",0,1,1,0,1,13,0,1476501923479,"true",0,1,"split"
"1928-6",0,0,2,1,0,12,1,1476501905795,"true",0,0,"close"
"1928-6",0,1,1,0,1,15,0,1476501946334,"true",0,1,"split"
"1928-6",0,1,0,0,1,14,0,1476501936418,"true",1,0,"far"
"1928-6",0,0,0,1,0,17,0,1476501963341,"true",1,0,"far"
"1928-6",0,1,1,0,1,16,0,1476501955191,"true",0,1,"far"
"1928-6",1,0,0,0,2,19,0,1476502001788,"false",1,0,"close"
"1928-6",1,0,0,0,2,18,0,1476501977565,"true",1,0,"close"
"1928-6",1,0,2,0,2,31,1,1476502203834,"true",0,0,"far"
"1928-6",0,0,1,1,0,30,0,1476502194704,"true",0,1,"close"
"1928-6",1,0,1,0,2,37,0,1476502307526,"true",0,1,"split"
"1928-6",1,0,0,0,2,36,0,1476502283890,"true",1,0,"split"
"1928-6",0,1,0,0,1,35,0,1476502274726,"true",1,0,"close"
"1928-6",0,1,2,0,1,34,1,1476502258846,"true",0,0,"split"
"1928-6",0,1,2,0,1,33,1,1476502242745,"true",0,0,"split"
"1928-6",0,0,2,1,0,32,1,1476502220393,"true",0,0,"close"
"1928-6",0,1,0,0,1,50,0,1476502593785,"true",1,0,"far"
