"gameid","sClicked_2","sClicked_1","lClickedIndex","sClicked_0","sClickedIndex","roundNum","lClicked_2","time","outcome","lClicked_0","lClicked_1","condition"
"1930-7",1,0,1,0,2,42,0,1476989730685,"true",0,1,"far"
"1930-7",0,0,2,1,0,48,1,1476989790237,"true",0,0,"split"
"1930-7",0,1,0,0,1,43,0,1476989744702,"true",1,0,"close"
"1930-7",0,1,1,0,1,49,0,1476989801506,"true",0,1,"far"
"1930-7",0,1,0,0,1,24,0,1476989510296,"true",1,0,"close"
"1930-7",0,1,1,0,1,25,0,1476989520736,"true",0,1,"split"
"1930-7",0,0,1,1,0,26,0,1476989528532,"true",0,1,"close"
"1930-7",0,1,2,0,1,27,1,1476989556826,"false",0,0,"split"
"1930-7",1,0,1,0,2,20,0,1476989474048,"false",0,1,"close"
"1930-7",1,0,0,0,2,21,0,1476989488877,"false",1,0,"close"
"1930-7",0,1,2,0,1,22,1,1476989495840,"true",0,0,"split"
"1930-7",1,0,2,0,2,23,1,1476989503539,"true",0,0,"far"
"1930-7",0,0,0,1,0,46,0,1476989773042,"true",1,0,"far"
"1930-7",0,0,2,1,0,47,1,1476989783200,"true",0,0,"close"
"1930-7",0,1,0,0,1,44,0,1476989754591,"true",1,0,"split"
"1930-7",1,0,1,0,2,45,0,1476989764952,"true",0,1,"close"
"1930-7",1,0,1,0,2,28,0,1476989568548,"true",0,1,"far"
"1930-7",0,0,2,1,0,29,1,1476989577605,"true",0,0,"far"
"1930-7",1,0,2,0,2,40,1,1476989713540,"true",0,0,"split"
"1930-7",0,1,0,0,1,41,0,1476989721449,"true",1,0,"far"
"1930-7",0,0,2,1,0,1,1,1476989242776,"true",0,0,"far"
"1930-7",0,1,0,0,1,3,0,1476989260365,"true",1,0,"far"
"1930-7",0,1,2,0,1,2,1,1476989253684,"true",0,0,"far"
"1930-7",0,1,0,0,1,5,0,1476989281460,"true",1,0,"split"
"1930-7",1,0,2,0,2,4,1,1476989273347,"true",0,0,"split"
"1930-7",0,0,1,1,0,7,0,1476989300315,"true",0,1,"close"
"1930-7",0,1,2,0,1,6,1,1476989287627,"true",0,0,"far"
"1930-7",0,0,0,1,0,9,0,1476989329699,"true",1,0,"close"
"1930-7",0,0,0,1,0,8,0,1476989316504,"true",1,0,"split"
"1930-7",1,0,2,0,2,39,1,1476989705665,"true",0,0,"close"
"1930-7",0,0,2,1,0,38,1,1476989673636,"true",0,0,"split"
"1930-7",0,0,2,1,0,11,1,1476989352705,"false",0,0,"split"
"1930-7",1,0,2,0,2,10,1,1476989344830,"true",0,0,"close"
"1930-7",0,1,0,0,1,13,0,1476989376901,"false",1,0,"close"
"1930-7",0,1,0,0,1,12,0,1476989366666,"false",1,0,"split"
"1930-7",0,0,2,1,0,15,1,1476989397267,"true",0,0,"split"
"1930-7",0,1,1,0,1,14,0,1476989390832,"false",0,1,"close"
"1930-7",0,0,2,1,0,17,1,1476989429880,"true",0,0,"far"
"1930-7",0,1,0,0,1,16,0,1476989413289,"true",1,0,"split"
"1930-7",0,0,1,1,0,19,0,1476989448826,"true",0,1,"far"
"1930-7",0,1,2,0,1,18,1,1476989440388,"true",0,0,"split"
"1930-7",0,1,0,0,1,31,0,1476989594278,"true",1,0,"far"
"1930-7",1,0,1,0,2,30,0,1476989583559,"true",0,1,"split"
"1930-7",0,1,0,0,1,37,0,1476989654184,"true",1,0,"far"
"1930-7",1,0,1,0,2,36,0,1476989646681,"true",0,1,"split"
"1930-7",0,0,2,1,0,35,1,1476989639390,"true",0,0,"close"
"1930-7",1,0,0,0,2,34,0,1476989631335,"false",1,0,"close"
"1930-7",0,1,1,0,1,33,0,1476989616136,"true",0,1,"far"
"1930-7",1,0,2,0,2,32,1,1476989610399,"false",0,0,"close"
"1930-7",1,0,0,0,2,50,0,1476989816084,"false",1,0,"close"
