"gameid","sClicked_2","sClicked_1","lClickedIndex","sClicked_0","sClickedIndex","roundNum","lClicked_2","time","outcome","lClicked_0","lClicked_1","condition"
"1971-c",0,0,1,1,0,42,0,1476488575393,"true",0,1,"far"
"1971-c",0,1,2,0,1,48,1,1476488640920,"true",0,0,"far"
"1971-c",0,0,1,1,0,43,0,1476488586062,"true",0,1,"far"
"1971-c",0,1,1,0,1,49,0,1476488663649,"true",0,1,"close"
"1971-c",0,0,0,1,0,24,0,1476488321406,"true",1,0,"far"
"1971-c",0,0,2,1,0,25,1,1476488330810,"true",0,0,"far"
"1971-c",0,1,1,0,1,26,0,1476488346842,"true",0,1,"far"
"1971-c",0,0,1,1,0,27,0,1476488360053,"true",0,1,"close"
"1971-c",1,0,1,0,2,20,0,1476488228472,"true",0,1,"split"
"1971-c",0,0,1,1,0,21,0,1476488249879,"true",0,1,"close"
"1971-c",0,1,2,0,1,22,1,1476488286488,"false",0,0,"close"
"1971-c",0,0,2,1,0,23,1,1476488313982,"true",0,0,"split"
"1971-c",0,1,0,0,1,46,0,1476488623770,"true",1,0,"split"
"1971-c",1,0,2,0,2,47,1,1476488634594,"true",0,0,"close"
"1971-c",0,1,0,0,1,44,0,1476488601000,"true",1,0,"far"
"1971-c",0,1,2,0,1,45,1,1476488612423,"true",0,0,"split"
"1971-c",1,0,1,0,2,28,0,1476488366628,"true",0,1,"split"
"1971-c",1,0,2,0,2,29,1,1476488378193,"true",0,0,"close"
"1971-c",0,1,0,0,1,40,0,1476488561764,"true",1,0,"far"
"1971-c",1,0,0,0,2,41,0,1476488567991,"true",1,0,"far"
"1971-c",0,0,2,1,0,1,1,1476487918519,"true",0,0,"far"
"1971-c",1,0,2,0,2,3,1,1476487941252,"true",0,0,"close"
"1971-c",0,0,2,1,0,2,1,1476487929687,"true",0,0,"close"
"1971-c",0,0,0,1,0,5,0,1476487959706,"true",1,0,"split"
"1971-c",0,1,0,0,1,4,0,1476487951729,"true",1,0,"close"
"1971-c",0,1,0,0,1,7,0,1476487997738,"true",1,0,"close"
"1971-c",1,0,2,0,2,6,1,1476487973092,"true",0,0,"far"
"1971-c",0,0,2,1,0,9,1,1476488017130,"true",0,0,"far"
"1971-c",1,0,0,0,2,8,0,1476488006590,"true",1,0,"split"
"1971-c",0,0,1,1,0,39,0,1476488554612,"true",0,1,"far"
"1971-c",1,0,0,0,2,38,0,1476488545105,"true",1,0,"split"
"1971-c",1,0,0,0,2,11,0,1476488050020,"true",1,0,"split"
"1971-c",0,0,0,1,0,10,0,1476488039857,"true",1,0,"close"
"1971-c",1,0,0,0,2,13,0,1476488063633,"true",1,0,"split"
"1971-c",1,0,0,0,2,12,0,1476488057019,"true",1,0,"far"
"1971-c",0,1,2,0,1,15,1,1476488144497,"true",0,0,"close"
"1971-c",1,0,0,0,2,14,0,1476488076164,"true",1,0,"close"
"1971-c",0,0,2,1,0,17,1,1476488166817,"true",0,0,"split"
"1971-c",0,1,1,0,1,16,0,1476488157262,"true",0,1,"far"
"1971-c",0,1,1,0,1,19,0,1476488217489,"true",0,1,"far"
"1971-c",0,1,0,0,1,18,0,1476488200724,"true",1,0,"close"
"1971-c",0,0,2,1,0,31,1,1476488448756,"true",0,0,"split"
"1971-c",1,0,2,0,2,30,1,1476488398507,"true",0,0,"split"
"1971-c",0,1,1,0,1,37,0,1476488518379,"true",0,1,"close"
"1971-c",1,0,0,0,2,36,0,1476488510308,"true",1,0,"split"
"1971-c",0,0,1,1,0,35,0,1476488501044,"true",0,1,"close"
"1971-c",0,1,2,0,1,34,1,1476488489802,"true",0,0,"close"
"1971-c",0,1,2,0,1,33,1,1476488468621,"true",0,0,"split"
"1971-c",1,0,1,0,2,32,0,1476488455777,"true",0,1,"far"
"1971-c",0,0,1,1,0,50,0,1476488673259,"true",0,1,"split"
