"gameid","sClicked_2","sClicked_1","lClickedIndex","sClicked_0","sClickedIndex","roundNum","lClicked_2","time","outcome","lClicked_0","lClicked_1","condition"
"2002-0",0,1,0,0,1,42,0,1476491759842,"true",1,0,"far"
"2002-0",0,0,0,1,0,48,0,1476491825293,"false",1,0,"close"
"2002-0",1,0,2,0,2,43,1,1476491769811,"true",0,0,"split"
"2002-0",0,1,1,0,1,49,0,1476491839087,"false",0,1,"close"
"2002-0",0,0,2,1,0,24,1,1476491482094,"true",0,0,"far"
"2002-0",0,0,1,1,0,25,0,1476491498603,"true",0,1,"far"
"2002-0",1,0,0,0,2,26,0,1476491507866,"true",1,0,"far"
"2002-0",0,1,1,0,1,27,0,1476491518856,"true",0,1,"far"
"2002-0",1,0,1,0,2,20,0,1476491424627,"true",0,1,"split"
"2002-0",1,0,2,0,2,21,1,1476491444213,"false",0,0,"split"
"2002-0",1,0,2,0,2,22,1,1476491452845,"true",0,0,"far"
"2002-0",0,0,0,1,0,23,0,1476491470151,"false",1,0,"close"
"2002-0",0,1,0,0,1,46,0,1476491806890,"true",1,0,"far"
"2002-0",1,0,0,0,2,47,0,1476491813766,"true",1,0,"far"
"2002-0",1,0,2,0,2,44,1,1476491786481,"true",0,0,"split"
"2002-0",1,0,1,0,2,45,0,1476491797868,"true",0,1,"split"
"2002-0",1,0,1,0,2,28,0,1476491535156,"true",0,1,"split"
"2002-0",0,0,0,1,0,29,0,1476491551677,"true",1,0,"close"
"2002-0",0,0,1,1,0,40,0,1476491729651,"true",0,1,"split"
"2002-0",0,1,2,0,1,41,1,1476491747874,"true",0,0,"close"
"2002-0",0,0,0,1,0,1,0,1476491170675,"false",1,0,"close"
"2002-0",0,1,2,0,1,3,1,1476491192426,"true",0,0,"far"
"2002-0",0,0,2,1,0,2,1,1476491182785,"true",0,0,"split"
"2002-0",0,1,0,0,1,5,0,1476491212515,"true",1,0,"far"
"2002-0",1,0,2,0,2,4,1,1476491202514,"true",0,0,"split"
"2002-0",0,0,0,1,0,7,0,1476491233464,"true",1,0,"close"
"2002-0",0,0,0,1,0,6,0,1476491222977,"true",1,0,"close"
"2002-0",0,0,1,1,0,9,0,1476491251915,"true",0,1,"far"
"2002-0",0,1,0,0,1,8,0,1476491245377,"false",1,0,"close"
"2002-0",1,0,0,0,2,39,0,1476491716940,"true",1,0,"far"
"2002-0",1,0,1,0,2,38,0,1476491689409,"true",0,1,"far"
"2002-0",0,0,1,1,0,11,0,1476491269395,"true",0,1,"close"
"2002-0",1,0,2,0,2,10,1,1476491262176,"false",0,0,"split"
"2002-0",1,0,0,0,2,13,0,1476491293437,"true",1,0,"close"
"2002-0",0,0,1,1,0,12,0,1476491277376,"true",0,1,"far"
"2002-0",0,1,1,0,1,15,0,1476491314301,"true",0,1,"split"
"2002-0",0,1,0,0,1,14,0,1476491303556,"false",1,0,"split"
"2002-0",1,0,1,0,2,17,0,1476491380360,"true",0,1,"split"
"2002-0",0,1,0,0,1,16,0,1476491365791,"true",1,0,"close"
"2002-0",0,1,1,0,1,19,0,1476491412450,"true",0,1,"far"
"2002-0",1,0,2,0,2,18,1,1476491399345,"true",0,0,"close"
"2002-0",0,1,2,0,1,31,1,1476491587936,"true",0,0,"split"
"2002-0",0,0,1,1,0,30,0,1476491567867,"true",0,1,"close"
"2002-0",0,0,2,1,0,37,1,1476491666679,"true",0,0,"close"
"2002-0",0,1,1,0,1,36,0,1476491655980,"true",0,1,"far"
"2002-0",1,0,0,0,2,35,0,1476491640980,"true",1,0,"split"
"2002-0",0,0,0,1,0,34,0,1476491627867,"false",1,0,"close"
"2002-0",0,1,1,0,1,33,0,1476491606801,"true",0,1,"far"
"2002-0",1,0,0,0,2,32,0,1476491597071,"false",1,0,"split"
"2002-0",0,1,1,0,1,50,0,1476491851355,"true",0,1,"split"
