"gameid","sClicked_2","sClicked_1","lClickedIndex","sClicked_0","sClickedIndex","roundNum","lClicked_2","time","outcome","lClicked_0","lClicked_1","condition"
"2007-2",1,0,1,0,2,42,0,1459877852709,"true",0,1,"split"
"2007-2",1,0,0,0,2,48,0,1459877908031,"true",1,0,"split"
"2007-2",0,1,1,0,1,43,0,1459877859811,"true",0,1,"split"
"2007-2",0,1,0,0,1,49,0,1459877915399,"true",1,0,"split"
"2007-2",0,0,0,1,0,24,0,1459877602066,"true",1,0,"close"
"2007-2",1,0,0,0,2,25,0,1459877615283,"true",1,0,"close"
"2007-2",1,0,1,0,2,26,0,1459877639691,"true",0,1,"close"
"2007-2",0,0,0,1,0,27,0,1459877648129,"true",1,0,"split"
"2007-2",0,0,1,1,0,20,0,1459877558644,"false",0,1,"close"
"2007-2",0,1,0,0,1,21,0,1459877570759,"true",1,0,"far"
"2007-2",0,0,1,1,0,22,0,1459877577541,"true",0,1,"far"
"2007-2",1,0,2,0,2,23,1,1459877588638,"false",0,0,"split"
"2007-2",1,0,1,0,2,46,0,1459877887465,"true",0,1,"split"
"2007-2",0,0,2,1,0,47,1,1459877898044,"true",0,0,"far"
"2007-2",0,1,0,0,1,44,0,1459877868956,"true",1,0,"split"
"2007-2",1,0,1,0,2,45,0,1459877875648,"true",0,1,"far"
"2007-2",0,1,0,0,1,28,0,1459877655279,"true",1,0,"far"
"2007-2",0,0,1,1,0,29,0,1459877668950,"false",0,1,"split"
"2007-2",1,0,1,0,2,40,0,1459877831782,"true",0,1,"close"
"2007-2",0,1,1,0,1,41,0,1459877843049,"true",0,1,"split"
"2007-2",0,1,2,0,1,1,1,1459877283231,"true",0,0,"split"
"2007-2",0,1,2,0,1,3,1,1459877304292,"true",0,0,"far"
"2007-2",0,0,2,1,0,2,1,1459877294568,"true",0,0,"close"
"2007-2",0,0,0,1,0,5,0,1459877347896,"true",1,0,"split"
"2007-2",0,1,1,0,1,4,0,1459877311720,"true",0,1,"far"
"2007-2",1,0,0,0,2,7,0,1459877368195,"true",1,0,"far"
"2007-2",1,0,0,0,2,6,0,1459877355275,"true",1,0,"close"
"2007-2",1,0,2,0,2,9,1,1459877382680,"true",0,0,"split"
"2007-2",0,0,1,1,0,8,0,1459877375541,"true",0,1,"far"
"2007-2",0,1,1,0,1,39,0,1459877815471,"true",0,1,"close"
"2007-2",0,0,0,1,0,38,0,1459877789093,"true",1,0,"close"
"2007-2",1,0,2,0,2,11,1,1459877412097,"true",0,0,"split"
"2007-2",1,0,0,0,2,10,0,1459877401040,"true",1,0,"close"
"2007-2",0,0,2,1,0,13,1,1459877445268,"true",0,0,"far"
"2007-2",0,1,1,0,1,12,0,1459877434731,"true",0,1,"close"
"2007-2",0,1,2,0,1,15,1,1459877488011,"true",0,0,"split"
"2007-2",1,0,0,0,2,14,0,1459877465407,"true",1,0,"close"
"2007-2",0,1,0,0,1,17,0,1459877516335,"true",1,0,"close"
"2007-2",0,1,1,0,1,16,0,1459877494760,"true",0,1,"far"
"2007-2",1,0,1,0,2,19,0,1459877539654,"true",0,1,"far"
"2007-2",1,0,2,0,2,18,1,1459877530370,"true",0,0,"close"
"2007-2",0,0,0,1,0,31,0,1459877687999,"true",1,0,"close"
"2007-2",0,0,2,1,0,30,1,1459877676752,"true",0,0,"far"
"2007-2",0,0,0,1,0,37,0,1459877775083,"true",1,0,"split"
"2007-2",0,1,1,0,1,36,0,1459877759454,"true",0,1,"far"
"2007-2",0,0,0,1,0,35,0,1459877752447,"true",1,0,"far"
"2007-2",0,1,2,0,1,34,1,1459877744992,"true",0,0,"close"
"2007-2",0,0,0,1,0,33,0,1459877728448,"true",1,0,"split"
"2007-2",0,0,0,1,0,32,0,1459877694496,"true",1,0,"far"
"2007-2",1,0,0,0,2,50,0,1459877926493,"true",1,0,"close"
