"gameid","sClicked_2","sClicked_1","lClickedIndex","sClicked_0","sClickedIndex","roundNum","lClicked_2","time","outcome","lClicked_0","lClicked_1","condition"
"2010-8",1,0,1,0,2,42,0,1476996592715,"true",0,1,"split"
"2010-8",0,0,0,1,0,48,0,1476996735484,"true",1,0,"split"
"2010-8",0,1,0,0,1,43,0,1476996626698,"true",1,0,"close"
"2010-8",0,0,2,1,0,49,1,1476996747397,"true",0,0,"split"
"2010-8",1,0,0,0,2,24,0,1476996347926,"true",1,0,"close"
"2010-8",0,1,1,0,1,25,0,1476996354607,"true",0,1,"far"
"2010-8",0,0,0,1,0,26,0,1476996367604,"true",1,0,"split"
"2010-8",0,1,2,0,1,27,1,1476996374131,"true",0,0,"far"
"2010-8",0,0,0,1,0,20,0,1476996284438,"true",1,0,"split"
"2010-8",1,0,2,0,2,21,1,1476996291860,"true",0,0,"far"
"2010-8",0,0,0,1,0,22,0,1476996304245,"true",1,0,"split"
"2010-8",0,1,1,0,1,23,0,1476996314579,"true",0,1,"far"
"2010-8",1,0,1,0,2,46,0,1476996699331,"true",0,1,"close"
"2010-8",1,0,1,0,2,47,0,1476996713917,"true",0,1,"far"
"2010-8",1,0,2,0,2,44,1,1476996658328,"true",0,0,"close"
"2010-8",0,1,1,0,1,45,0,1476996672062,"true",0,1,"split"
"2010-8",0,0,1,1,0,28,0,1476996381518,"true",0,1,"close"
"2010-8",0,0,2,1,0,29,1,1476996397358,"true",0,0,"close"
"2010-8",0,1,1,0,1,40,0,1476996568745,"true",0,1,"close"
"2010-8",1,0,0,0,2,41,0,1476996575869,"true",1,0,"far"
"2010-8",0,0,0,1,0,1,0,1476996015302,"true",1,0,"far"
"2010-8",1,0,2,0,2,3,1,1476996042853,"true",0,0,"split"
"2010-8",0,0,2,1,0,2,1,1476996026216,"true",0,0,"far"
"2010-8",0,1,0,0,1,5,0,1476996063261,"true",1,0,"close"
"2010-8",1,0,0,0,2,4,0,1476996051995,"true",1,0,"far"
"2010-8",0,0,2,1,0,7,1,1476996085288,"true",0,0,"close"
"2010-8",0,1,2,0,1,6,1,1476996073129,"true",0,0,"close"
"2010-8",1,0,2,0,2,9,1,1476996128680,"true",0,0,"split"
"2010-8",1,0,2,0,2,8,1,1476996092764,"true",0,0,"far"
"2010-8",0,0,1,1,0,39,0,1476996558050,"true",0,1,"split"
"2010-8",0,1,1,0,1,38,0,1476996535187,"true",0,1,"far"
"2010-8",0,0,1,1,0,11,0,1476996154788,"true",0,1,"close"
"2010-8",1,0,0,0,2,10,0,1476996139223,"true",1,0,"split"
"2010-8",0,1,1,0,1,13,0,1476996171012,"true",0,1,"close"
"2010-8",0,1,0,0,1,12,0,1476996162856,"true",1,0,"far"
"2010-8",0,0,2,1,0,15,1,1476996188896,"true",0,0,"split"
"2010-8",0,0,1,1,0,14,0,1476996177700,"true",0,1,"far"
"2010-8",0,0,0,1,0,17,0,1476996242914,"true",1,0,"close"
"2010-8",0,0,2,1,0,16,1,1476996225061,"true",0,0,"split"
"2010-8",0,1,1,0,1,19,0,1476996270685,"true",0,1,"split"
"2010-8",0,0,1,1,0,18,0,1476996255997,"true",0,1,"split"
"2010-8",1,0,0,0,2,31,0,1476996450176,"true",1,0,"split"
"2010-8",1,0,1,0,2,30,0,1476996427386,"false",0,1,"close"
"2010-8",0,0,2,1,0,37,1,1476996522819,"true",0,0,"far"
"2010-8",1,0,0,0,2,36,0,1476996509355,"true",1,0,"far"
"2010-8",0,0,0,1,0,35,0,1476996496503,"true",1,0,"far"
"2010-8",0,0,1,1,0,34,0,1476996489916,"true",0,1,"split"
"2010-8",0,1,1,0,1,33,0,1476996472197,"true",0,1,"close"
"2010-8",1,0,1,0,2,32,0,1476996458468,"true",0,1,"far"
"2010-8",1,0,1,0,2,50,0,1476996806278,"true",0,1,"close"
