"gameid","sClicked_2","sClicked_1","lClickedIndex","sClicked_0","sClickedIndex","roundNum","lClicked_2","time","outcome","lClicked_0","lClicked_1","condition"
"2011-d",0,1,1,0,1,42,0,1476991509333,"true",0,1,"close"
"2011-d",0,0,2,1,0,48,1,1476991598520,"false",0,0,"close"
"2011-d",0,1,2,0,1,43,1,1476991523809,"true",0,0,"close"
"2011-d",0,0,2,1,0,49,1,1476991612330,"true",0,0,"close"
"2011-d",1,0,2,0,2,24,1,1476991136657,"true",0,0,"close"
"2011-d",0,1,1,0,1,25,0,1476991154120,"true",0,1,"far"
"2011-d",0,0,2,1,0,26,1,1476991171782,"true",0,0,"split"
"2011-d",1,0,1,0,2,27,0,1476991179815,"true",0,1,"split"
"2011-d",0,1,1,0,1,20,0,1476991088448,"true",0,1,"split"
"2011-d",1,0,0,0,2,21,0,1476991096143,"true",1,0,"far"
"2011-d",1,0,0,0,2,22,0,1476991106580,"true",1,0,"split"
"2011-d",1,0,1,0,2,23,0,1476991119344,"true",0,1,"far"
"2011-d",0,0,1,1,0,46,0,1476991558610,"true",0,1,"far"
"2011-d",1,0,0,0,2,47,0,1476991566445,"true",1,0,"split"
"2011-d",1,0,0,0,2,44,0,1476991531352,"true",1,0,"far"
"2011-d",0,0,1,1,0,45,0,1476991550425,"true",0,1,"close"
"2011-d",0,1,2,0,1,28,1,1476991209397,"true",0,0,"far"
"2011-d",0,0,2,1,0,29,1,1476991225438,"false",0,0,"close"
"2011-d",0,0,0,1,0,40,0,1476991473872,"true",1,0,"far"
"2011-d",0,1,2,0,1,41,1,1476991494475,"true",0,0,"close"
"2011-d",0,1,0,0,1,1,0,1476990782325,"true",1,0,"split"
"2011-d",0,0,0,1,0,3,0,1476990812733,"false",1,0,"far"
"2011-d",0,0,0,1,0,2,0,1476990794885,"false",1,0,"split"
"2011-d",1,0,2,0,2,5,1,1476990854958,"true",0,0,"far"
"2011-d",0,1,0,0,1,4,0,1476990832932,"true",1,0,"split"
"2011-d",0,1,2,0,1,7,1,1476990879431,"true",0,0,"far"
"2011-d",1,0,0,0,2,6,0,1476990871526,"true",1,0,"close"
"2011-d",1,0,1,0,2,9,0,1476990913064,"true",0,1,"close"
"2011-d",0,1,2,0,1,8,1,1476990889051,"true",0,0,"split"
"2011-d",0,0,1,1,0,39,0,1476991463753,"true",0,1,"far"
"2011-d",1,0,2,0,2,38,1,1476991438427,"true",0,0,"split"
"2011-d",1,0,1,0,2,11,0,1476990963883,"false",0,1,"split"
"2011-d",0,1,1,0,1,10,0,1476990925070,"true",0,1,"close"
"2011-d",0,1,1,0,1,13,0,1476990996166,"true",0,1,"split"
"2011-d",0,1,0,0,1,12,0,1476990973496,"true",1,0,"close"
"2011-d",0,1,1,0,1,15,0,1476991012471,"true",0,1,"far"
"2011-d",1,0,1,0,2,14,0,1476991005678,"true",0,1,"far"
"2011-d",0,1,2,0,1,17,1,1476991040079,"false",0,0,"close"
"2011-d",1,0,1,0,2,16,0,1476991019413,"true",0,1,"far"
"2011-d",0,1,0,0,1,19,0,1476991074543,"true",1,0,"split"
"2011-d",0,0,2,1,0,18,1,1476991055693,"true",0,0,"split"
"2011-d",0,0,1,1,0,31,0,1476991264625,"true",0,1,"close"
"2011-d",1,0,2,0,2,30,1,1476991243490,"true",0,0,"close"
"2011-d",0,0,0,1,0,37,0,1476991370625,"true",1,0,"split"
"2011-d",0,0,2,1,0,36,1,1476991347402,"true",0,0,"far"
"2011-d",0,1,0,0,1,35,0,1476991322608,"false",1,0,"far"
"2011-d",0,1,1,0,1,34,0,1476991308603,"false",0,1,"split"
"2011-d",1,0,2,0,2,33,1,1476991294704,"true",0,0,"far"
"2011-d",1,0,2,0,2,32,1,1476991286873,"true",0,0,"split"
"2011-d",0,0,1,1,0,50,0,1476991637506,"true",0,1,"close"
