"gameid","sClicked_2","sClicked_1","lClickedIndex","sClicked_0","sClickedIndex","roundNum","lClicked_2","time","outcome","lClicked_0","lClicked_1","condition"
"2066-9",1,0,2,0,2,42,1,1476992975177,"false",0,0,"far"
"2066-9",0,0,1,1,0,48,0,1476993082354,"true",0,1,"close"
"2066-9",0,1,0,0,1,43,0,1476992983117,"true",1,0,"split"
"2066-9",0,0,0,1,0,49,0,1476993099914,"true",1,0,"far"
"2066-9",0,0,0,1,0,24,0,1476992477428,"true",1,0,"split"
"2066-9",0,0,2,1,0,25,1,1476992486284,"true",0,0,"close"
"2066-9",0,1,0,0,1,26,0,1476992496559,"true",1,0,"split"
"2066-9",0,0,0,1,0,27,0,1476992503164,"true",1,0,"far"
"2066-9",0,0,2,1,0,20,1,1476992416037,"true",0,0,"split"
"2066-9",1,0,2,0,2,21,1,1476992438437,"true",0,0,"split"
"2066-9",0,0,2,1,0,22,1,1476992445173,"true",0,0,"far"
"2066-9",0,1,0,0,1,23,0,1476992457468,"true",1,0,"split"
"2066-9",1,0,1,0,2,46,0,1476993029306,"false",0,1,"far"
"2066-9",0,1,1,0,1,47,0,1476993044778,"true",0,1,"split"
"2066-9",1,0,2,0,2,44,1,1476993002580,"false",0,0,"close"
"2066-9",1,0,0,0,2,45,0,1476993013961,"true",1,0,"far"
"2066-9",0,0,2,1,0,28,1,1476992533134,"true",0,0,"far"
"2066-9",0,0,1,1,0,29,0,1476992548181,"true",0,1,"far"
"2066-9",0,1,2,0,1,40,1,1476992903164,"true",0,0,"split"
"2066-9",1,0,2,0,2,41,1,1476992947498,"true",0,0,"split"
"2066-9",1,0,2,0,2,1,1,1476991947880,"true",0,0,"close"
"2066-9",0,0,1,1,0,3,0,1476991978983,"true",0,1,"close"
"2066-9",0,0,1,1,0,2,0,1476991962369,"true",0,1,"close"
"2066-9",0,0,2,1,0,5,1,1476992109376,"true",0,0,"close"
"2066-9",1,0,1,0,2,4,0,1476991999873,"false",0,1,"split"
"2066-9",0,1,0,0,1,7,0,1476992140367,"true",1,0,"split"
"2066-9",0,1,2,0,1,6,1,1476992119862,"true",0,0,"far"
"2066-9",1,0,2,0,2,9,1,1476992165903,"true",0,0,"far"
"2066-9",1,0,2,0,2,8,1,1476992157064,"true",0,0,"far"
"2066-9",0,1,0,0,1,39,0,1476992872442,"true",1,0,"split"
"2066-9",0,1,2,0,1,38,1,1476992849442,"true",0,0,"far"
"2066-9",0,1,0,0,1,11,0,1476992189638,"true",1,0,"close"
"2066-9",1,0,1,0,2,10,0,1476992175902,"true",0,1,"split"
"2066-9",1,0,0,0,2,13,0,1476992281503,"true",1,0,"close"
"2066-9",0,1,1,0,1,12,0,1476992236559,"false",0,1,"close"
"2066-9",1,0,2,0,2,15,1,1476992336695,"true",0,0,"split"
"2066-9",0,1,2,0,1,14,1,1476992289525,"true",0,0,"split"
"2066-9",1,0,0,0,2,17,0,1476992382405,"false",1,0,"close"
"2066-9",0,1,2,0,1,16,1,1476992363783,"true",0,0,"split"
"2066-9",0,0,0,1,0,19,0,1476992405821,"true",1,0,"far"
"2066-9",1,0,1,0,2,18,0,1476992398165,"true",0,1,"far"
"2066-9",0,1,1,0,1,31,0,1476992732909,"false",0,1,"close"
"2066-9",1,0,0,0,2,30,0,1476992632021,"true",1,0,"split"
"2066-9",0,0,0,1,0,37,0,1476992841523,"true",1,0,"far"
"2066-9",0,1,1,0,1,36,0,1476992824723,"true",0,1,"close"
"2066-9",1,0,0,0,2,35,0,1476992807445,"false",1,0,"close"
"2066-9",0,1,0,0,1,34,0,1476992784442,"true",1,0,"close"
"2066-9",0,1,1,0,1,33,0,1476992770916,"true",0,1,"far"
"2066-9",0,1,1,0,1,32,0,1476992759108,"true",0,1,"close"
"2066-9",0,0,1,1,0,50,0,1476993110601,"true",0,1,"far"
