"gameid","sClicked_2","sClicked_1","lClickedIndex","sClicked_0","sClickedIndex","roundNum","lClicked_2","time","outcome","lClicked_0","lClicked_1","condition"
"2068-1",1,0,0,0,2,42,0,1476992773020,"true",1,0,"far"
"2068-1",1,0,0,0,2,48,0,1476992860997,"false",1,0,"split"
"2068-1",0,1,2,0,1,43,1,1476992791954,"true",0,0,"far"
"2068-1",1,0,0,0,2,49,0,1476992893899,"false",1,0,"close"
"2068-1",0,0,1,1,0,24,0,1476992505893,"true",0,1,"close"
"2068-1",0,0,2,1,0,25,1,1476992513830,"true",0,0,"far"
"2068-1",0,1,0,0,1,26,0,1476992520684,"true",1,0,"far"
"2068-1",1,0,2,0,2,27,1,1476992532191,"true",0,0,"far"
"2068-1",1,0,2,0,2,20,1,1476992461648,"true",0,0,"split"
"2068-1",1,0,1,0,2,21,0,1476992473047,"true",0,1,"split"
"2068-1",1,0,1,0,2,22,0,1476992489310,"true",0,1,"split"
"2068-1",0,1,2,0,1,23,1,1476992497866,"true",0,0,"far"
"2068-1",0,1,1,0,1,46,0,1476992829171,"true",0,1,"close"
"2068-1",0,0,2,1,0,47,1,1476992848194,"true",0,0,"close"
"2068-1",0,0,1,1,0,44,0,1476992803386,"true",0,1,"far"
"2068-1",1,0,0,0,2,45,0,1476992816466,"false",1,0,"split"
"2068-1",0,0,2,1,0,28,1,1476992558581,"true",0,0,"close"
"2068-1",1,0,0,0,2,29,0,1476992579984,"false",1,0,"close"
"2068-1",1,0,0,0,2,40,0,1476992731125,"true",1,0,"split"
"2068-1",1,0,1,0,2,41,0,1476992763989,"true",0,1,"close"
"2068-1",0,0,1,1,0,1,0,1476992190495,"true",0,1,"far"
"2068-1",1,0,1,0,2,3,0,1476992222490,"true",0,1,"close"
"2068-1",0,1,2,0,1,2,1,1476992208759,"true",0,0,"split"
"2068-1",0,0,1,1,0,5,0,1476992252709,"false",0,1,"split"
"2068-1",0,1,1,0,1,4,0,1476992229533,"true",0,1,"far"
"2068-1",1,0,2,0,2,7,1,1476992271451,"true",0,0,"far"
"2068-1",0,0,1,1,0,6,0,1476992263505,"true",0,1,"far"
"2068-1",0,0,0,1,0,9,0,1476992293197,"true",1,0,"far"
"2068-1",0,0,0,1,0,8,0,1476992284925,"true",1,0,"close"
"2068-1",0,1,1,0,1,39,0,1476992721014,"true",0,1,"split"
"2068-1",1,0,0,0,2,38,0,1476992710436,"true",1,0,"split"
"2068-1",0,1,0,0,1,11,0,1476992344219,"true",1,0,"close"
"2068-1",0,0,1,1,0,10,0,1476992312318,"true",0,1,"split"
"2068-1",0,1,2,0,1,13,1,1476992372717,"false",0,0,"split"
"2068-1",1,0,2,0,2,12,1,1476992352074,"true",0,0,"far"
"2068-1",0,1,2,0,1,15,1,1476992397328,"true",0,0,"far"
"2068-1",0,0,1,1,0,14,0,1476992389822,"true",0,1,"split"
"2068-1",0,1,2,0,1,17,1,1476992417932,"true",0,0,"close"
"2068-1",1,0,2,0,2,16,1,1476992405099,"true",0,0,"far"
"2068-1",0,0,1,1,0,19,0,1476992453385,"true",0,1,"split"
"2068-1",0,1,1,0,1,18,0,1476992445624,"true",0,1,"close"
"2068-1",1,0,0,0,2,31,0,1476992619398,"true",1,0,"close"
"2068-1",0,0,1,1,0,30,0,1476992606093,"true",0,1,"close"
"2068-1",0,0,0,1,0,37,0,1476992703521,"true",1,0,"close"
"2068-1",0,1,1,0,1,36,0,1476992689943,"true",0,1,"split"
"2068-1",0,1,2,0,1,35,1,1476992677966,"true",0,0,"far"
"2068-1",1,0,1,0,2,34,0,1476992670663,"true",0,1,"split"
"2068-1",0,0,2,1,0,33,1,1476992657165,"true",0,0,"far"
"2068-1",1,0,2,0,2,32,1,1476992648492,"true",0,0,"close"
"2068-1",1,0,1,0,2,50,0,1476992909472,"false",0,1,"close"
