"gameid","sClicked_2","sClicked_1","lClickedIndex","sClicked_0","sClickedIndex","roundNum","lClicked_2","time","outcome","lClicked_0","lClicked_1","condition"
"2069-6",0,0,1,1,0,42,0,1476479347348,"false",0,1,"close"
"2069-6",0,1,2,0,1,48,1,1476479489609,"true",0,0,"split"
"2069-6",0,1,2,0,1,43,1,1476479374150,"true",0,0,"split"
"2069-6",0,0,0,1,0,49,0,1476479532783,"true",1,0,"split"
"2069-6",1,0,1,0,2,24,0,1476478815810,"true",0,1,"split"
"2069-6",1,0,2,0,2,25,1,1476478828423,"true",0,0,"far"
"2069-6",0,1,2,0,1,26,1,1476478892218,"false",0,0,"close"
"2069-6",0,0,0,1,0,27,0,1476478939971,"true",1,0,"close"
"2069-6",1,0,2,0,2,20,1,1476478697413,"true",0,0,"split"
"2069-6",1,0,0,0,2,21,0,1476478734513,"false",1,0,"close"
"2069-6",0,0,2,1,0,22,1,1476478746354,"true",0,0,"far"
"2069-6",0,1,1,0,1,23,0,1476478760920,"false",0,1,"far"
"2069-6",0,0,1,1,0,46,0,1476479466898,"true",0,1,"close"
"2069-6",0,1,1,0,1,47,0,1476479478054,"true",0,1,"far"
"2069-6",0,1,2,0,1,44,1,1476479402411,"true",0,0,"close"
"2069-6",1,0,1,0,2,45,0,1476479425530,"true",0,1,"close"
"2069-6",1,0,1,0,2,28,0,1476478954236,"true",0,1,"far"
"2069-6",0,1,1,0,1,29,0,1476478972268,"true",0,1,"close"
"2069-6",1,0,0,0,2,40,0,1476479278958,"true",1,0,"far"
"2069-6",1,0,2,0,2,41,1,1476479294968,"true",0,0,"far"
"2069-6",1,0,0,0,2,1,0,1476478203029,"true",1,0,"split"
"2069-6",0,1,1,0,1,3,0,1476478252037,"false",0,1,"close"
"2069-6",0,1,2,0,1,2,1,1476478230834,"true",0,0,"split"
"2069-6",0,1,2,0,1,5,1,1476478306669,"true",0,0,"split"
"2069-6",1,0,0,0,2,4,0,1476478282861,"true",1,0,"far"
"2069-6",0,1,0,0,1,7,0,1476478340806,"true",1,0,"close"
"2069-6",1,0,1,0,2,6,0,1476478321890,"true",0,1,"far"
"2069-6",0,0,0,1,0,9,0,1476478411516,"true",1,0,"close"
"2069-6",0,1,0,0,1,8,0,1476478383060,"true",1,0,"close"
"2069-6",1,0,2,0,2,39,1,1476479262883,"true",0,0,"split"
"2069-6",0,0,0,1,0,38,0,1476479221685,"true",1,0,"split"
"2069-6",1,0,0,0,2,11,0,1476478482475,"true",1,0,"close"
"2069-6",0,1,0,0,1,10,0,1476478435557,"true",1,0,"split"
"2069-6",0,1,0,0,1,13,0,1476478530808,"true",1,0,"split"
"2069-6",0,0,1,1,0,12,0,1476478496225,"true",0,1,"far"
"2069-6",1,0,2,0,2,15,1,1476478557428,"true",0,0,"far"
"2069-6",1,0,1,0,2,14,0,1476478545082,"true",0,1,"far"
"2069-6",1,0,2,0,2,17,1,1476478617429,"true",0,0,"split"
"2069-6",0,0,2,1,0,16,1,1476478571927,"true",0,0,"far"
"2069-6",1,0,1,0,2,19,0,1476478682678,"true",0,1,"close"
"2069-6",0,1,1,0,1,18,0,1476478634546,"true",0,1,"split"
"2069-6",0,1,0,0,1,31,0,1476479022697,"true",1,0,"far"
"2069-6",0,0,0,1,0,30,0,1476479008393,"true",1,0,"close"
"2069-6",0,0,1,1,0,37,0,1476479202922,"true",0,1,"split"
"2069-6",0,1,2,0,1,36,1,1476479180696,"true",0,0,"far"
"2069-6",1,0,0,0,2,35,0,1476479167868,"true",1,0,"close"
"2069-6",1,0,0,0,2,34,0,1476479083766,"true",1,0,"far"
"2069-6",1,0,1,0,2,33,0,1476479068053,"true",0,1,"far"
"2069-6",0,1,1,0,1,32,0,1476479054666,"true",0,1,"close"
"2069-6",1,0,1,0,2,50,0,1476479578470,"true",0,1,"split"
