"gameid","sClicked_2","sClicked_1","lClickedIndex","sClicked_0","sClickedIndex","roundNum","lClicked_2","time","outcome","lClicked_0","lClicked_1","condition"
"2073-e",1,0,1,0,2,42,0,1476990100449,"true",0,1,"far"
"2073-e",0,1,2,0,1,48,1,1476990222817,"true",0,0,"split"
"2073-e",1,0,0,0,2,43,0,1476990117520,"true",1,0,"close"
"2073-e",1,0,0,0,2,49,0,1476990237473,"true",1,0,"split"
"2073-e",1,0,1,0,2,24,0,1476989758674,"true",0,1,"far"
"2073-e",0,1,1,0,1,25,0,1476989769116,"true",0,1,"far"
"2073-e",1,0,0,0,2,26,0,1476989791742,"true",1,0,"split"
"2073-e",1,0,1,0,2,20,0,1476989684792,"true",0,1,"split"
"2073-e",0,0,1,1,0,21,0,1476989707030,"true",0,1,"far"
"2073-e",0,0,0,1,0,22,0,1476989716861,"true",1,0,"far"
"2073-e",0,1,0,0,1,23,0,1476989749038,"true",1,0,"close"
"2073-e",0,1,2,0,1,46,1,1476990182097,"true",0,0,"close"
"2073-e",1,0,0,0,2,47,0,1476990198122,"true",1,0,"far"
"2073-e",0,0,1,1,0,44,0,1476990136225,"true",0,1,"close"
"2073-e",0,0,2,1,0,45,1,1476990155473,"true",0,0,"split"
"2073-e",0,1,0,0,1,28,0,1476989854743,"true",1,0,"far"
"2073-e",0,0,0,1,0,29,0,1476989863359,"true",1,0,"split"
"2073-e",1,0,2,0,2,40,1,1476990064098,"true",0,0,"close"
"2073-e",0,1,2,0,1,41,1,1476990087027,"true",0,0,"split"
"2073-e",0,0,1,1,0,1,0,1476989216311,"true",0,1,"split"
"2073-e",1,0,0,0,2,3,0,1476989253712,"false",1,0,"close"
"2073-e",0,0,2,1,0,2,1,1476989230141,"true",0,0,"split"
"2073-e",0,1,2,0,1,5,1,1476989299093,"true",0,0,"far"
"2073-e",0,1,0,0,1,7,0,1476989351982,"true",1,0,"split"
"2073-e",1,0,1,0,2,6,0,1476989331429,"true",0,1,"close"
"2073-e",0,0,0,1,0,9,0,1476989400150,"true",1,0,"split"
"2073-e",0,1,1,0,1,39,0,1476990047033,"true",0,1,"far"
"2073-e",0,1,0,0,1,38,0,1476990032896,"true",1,0,"split"
"2073-e",1,0,1,0,2,11,0,1476989465253,"true",0,1,"split"
"2073-e",1,0,0,0,2,10,0,1476989456096,"true",1,0,"split"
"2073-e",1,0,1,0,2,13,0,1476989507942,"false",0,1,"close"
"2073-e",0,1,2,0,1,12,1,1476989477483,"true",0,0,"far"
"2073-e",0,0,1,1,0,15,0,1476989550632,"true",0,1,"close"
"2073-e",0,1,1,0,1,14,0,1476989525782,"true",0,1,"close"
"2073-e",1,0,0,0,2,17,0,1476989602294,"true",1,0,"far"
"2073-e",1,0,2,0,2,16,1,1476989578437,"true",0,0,"close"
"2073-e",1,0,1,0,2,19,0,1476989669510,"true",0,1,"far"
"2073-e",1,0,2,0,2,18,1,1476989648378,"false",0,0,"close"
"2073-e",1,0,2,0,2,31,1,1476989904952,"true",0,0,"far"
"2073-e",1,0,1,0,2,30,0,1476989887559,"true",0,1,"close"
"2073-e",1,0,2,0,2,37,1,1476990014048,"true",0,0,"far"
"2073-e",0,1,0,0,1,36,0,1476990003161,"true",1,0,"split"
"2073-e",0,1,2,0,1,35,1,1476989977753,"true",0,0,"far"
"2073-e",1,0,2,0,2,33,1,1476989933872,"true",0,0,"split"
"2073-e",1,0,0,0,2,32,0,1476989914196,"true",1,0,"far"
"2073-e",1,0,1,0,2,50,0,1476990250733,"true",0,1,"split"
