"gameid","sClicked_2","sClicked_1","lClickedIndex","sClicked_0","sClickedIndex","roundNum","lClicked_2","time","outcome","lClicked_0","lClicked_1","condition"
"2092-3",1,0,2,0,2,42,1,1476992665516,"false",0,0,"split"
"2092-3",0,1,2,0,1,48,1,1476992811180,"true",0,0,"split"
"2092-3",0,1,2,0,1,43,1,1476992696048,"true",0,0,"far"
"2092-3",0,0,2,1,0,49,1,1476992845915,"true",0,0,"far"
"2092-3",1,0,1,0,2,24,0,1476992318332,"false",0,1,"far"
"2092-3",0,1,1,0,1,25,0,1476992344370,"false",0,1,"close"
"2092-3",1,0,0,0,2,26,0,1476992372940,"true",1,0,"split"
"2092-3",1,0,1,0,2,27,0,1476992383941,"true",0,1,"split"
"2092-3",1,0,2,0,2,20,1,1476992218991,"true",0,0,"split"
"2092-3",1,0,0,0,2,21,0,1476992240382,"true",1,0,"far"
"2092-3",0,1,0,0,1,22,0,1476992265128,"true",1,0,"close"
"2092-3",1,0,0,0,2,23,0,1476992297624,"true",1,0,"close"
"2092-3",1,0,1,0,2,46,0,1476992763347,"true",0,1,"far"
"2092-3",0,1,1,0,1,47,0,1476992797250,"true",0,1,"split"
"2092-3",0,1,2,0,1,44,1,1476992710193,"true",0,0,"far"
"2092-3",0,1,2,0,1,45,1,1476992745261,"true",0,0,"split"
"2092-3",0,0,2,1,0,28,1,1476992402755,"true",0,0,"far"
"2092-3",0,0,1,1,0,29,0,1476992418649,"true",0,1,"far"
"2092-3",0,0,1,1,0,40,0,1476992637180,"true",0,1,"far"
"2092-3",0,1,1,0,1,41,0,1476992649987,"true",0,1,"far"
"2092-3",1,0,2,0,2,1,1,1476991031405,"true",0,0,"close"
"2092-3",0,0,0,1,0,3,0,1476991208089,"false",1,0,"split"
"2092-3",1,0,2,0,2,2,1,1476991081152,"true",0,0,"far"
"2092-3",1,0,2,0,2,5,1,1476991391016,"true",0,0,"far"
"2092-3",0,1,0,0,1,4,0,1476991366174,"false",1,0,"close"
"2092-3",1,0,2,0,2,7,1,1476991480113,"false",0,0,"far"
"2092-3",0,1,2,0,1,6,1,1476991441827,"true",0,0,"split"
"2092-3",0,1,1,0,1,9,0,1476991697615,"true",0,1,"close"
"2092-3",0,1,1,0,1,8,0,1476991638822,"true",0,1,"split"
"2092-3",0,0,1,1,0,39,0,1476992622162,"true",0,1,"far"
"2092-3",1,0,1,0,2,38,0,1476992600128,"false",0,1,"close"
"2092-3",1,0,2,0,2,11,1,1476991758459,"true",0,0,"split"
"2092-3",1,0,0,0,2,10,0,1476991721798,"true",1,0,"close"
"2092-3",1,0,0,0,2,13,0,1476991885285,"true",1,0,"close"
"2092-3",1,0,2,0,2,12,1,1476991863907,"true",0,0,"close"
"2092-3",0,0,1,1,0,15,0,1476991977427,"true",0,1,"close"
"2092-3",0,0,0,1,0,14,0,1476991950850,"true",1,0,"close"
"2092-3",0,0,1,1,0,17,0,1476992091120,"true",0,1,"close"
"2092-3",1,0,2,0,2,16,1,1476992004316,"true",0,0,"close"
"2092-3",0,0,1,1,0,19,0,1476992181906,"true",0,1,"close"
"2092-3",0,1,2,0,1,18,1,1476992118413,"true",0,0,"close"
"2092-3",0,0,2,1,0,31,1,1476992459980,"true",0,0,"split"
"2092-3",1,0,1,0,2,30,0,1476992441594,"true",0,1,"split"
"2092-3",1,0,1,0,2,37,0,1476992586491,"true",0,1,"far"
"2092-3",0,0,1,1,0,36,0,1476992565862,"true",0,1,"far"
"2092-3",1,0,1,0,2,35,0,1476992553839,"true",0,1,"split"
"2092-3",0,0,1,1,0,34,0,1476992532825,"true",0,1,"far"
"2092-3",0,1,2,0,1,33,1,1476992511862,"true",0,0,"close"
"2092-3",1,0,0,0,2,32,0,1476992484133,"true",1,0,"split"
"2092-3",1,0,2,0,2,50,1,1476992873597,"true",0,0,"split"
