"gameid","sClicked_2","sClicked_1","lClickedIndex","sClicked_0","sClickedIndex","roundNum","lClicked_2","time","outcome","lClicked_0","lClicked_1","condition"
"2119-3",1,0,1,0,2,43,0,1476499188294,"true",0,1,"close"
"2119-3",0,0,2,1,0,49,1,1476499356049,"true",0,0,"far"
"2119-3",1,0,2,0,2,24,1,1476498546362,"true",0,0,"close"
"2119-3",0,1,1,0,1,22,0,1476498497306,"true",0,1,"split"
"2119-3",0,0,0,1,0,23,0,1476498522473,"true",1,0,"far"
"2119-3",0,1,0,0,1,46,0,1476499261396,"true",1,0,"far"
"2119-3",0,1,2,0,1,47,1,1476499278013,"true",0,0,"split"
"2119-3",0,0,1,1,0,44,0,1476499228749,"true",0,1,"split"
"2119-3",0,1,0,0,1,45,0,1476499243218,"true",1,0,"far"
"2119-3",1,0,2,0,2,29,1,1476498765023,"true",0,0,"far"
"2119-3",0,1,2,0,1,40,1,1476499073128,"true",0,0,"close"
"2119-3",0,1,0,0,1,1,0,1476497779378,"true",1,0,"split"
"2119-3",0,0,2,1,0,3,1,1476497814647,"true",0,0,"close"
"2119-3",0,0,0,1,0,2,0,1476497790641,"true",1,0,"close"
"2119-3",1,0,0,0,2,4,0,1476497826693,"true",1,0,"far"
"2119-3",0,0,0,1,0,6,0,1476497869881,"true",1,0,"far"
"2119-3",0,0,0,1,0,9,0,1476498062318,"true",1,0,"close"
"2119-3",0,1,1,0,1,39,0,1476499053780,"true",0,1,"far"
"2119-3",0,0,0,1,0,38,0,1476499033985,"true",1,0,"far"
"2119-3",1,0,0,0,2,10,0,1476498072392,"true",1,0,"far"
"2119-3",0,0,2,1,0,13,1,1476498137880,"false",0,0,"split"
"2119-3",0,1,2,0,1,12,1,1476498119251,"true",0,0,"far"
"2119-3",0,0,0,1,0,48,0,1476499343410,"true",1,0,"split"
"2119-3",0,0,0,1,0,17,0,1476498264938,"false",1,0,"far"
"2119-3",1,0,2,0,2,19,1,1476498348457,"true",0,0,"far"
"2119-3",1,0,0,0,2,18,0,1476498321527,"true",1,0,"far"
"2119-3",0,0,1,1,0,31,0,1476498802815,"true",0,1,"far"
"2119-3",1,0,0,0,2,30,0,1476498790085,"true",1,0,"far"
"2119-3",1,0,1,0,2,36,0,1476498982362,"true",0,1,"far"
"2119-3",0,1,1,0,1,35,0,1476498965525,"true",0,1,"close"
"2119-3",1,0,2,0,2,34,1,1476498942972,"true",0,0,"split"
"2119-3",0,0,0,1,0,33,0,1476498906332,"true",1,0,"split"
"2119-3",0,1,0,0,1,32,0,1476498858642,"true",1,0,"close"
"2119-3",1,0,0,0,2,50,0,1476499400149,"true",1,0,"split"
