"gameid","sClicked_2","sClicked_1","lClickedIndex","sClicked_0","sClickedIndex","roundNum","lClicked_2","time","outcome","lClicked_0","lClicked_1","condition"
"2135-c",0,1,0,0,1,42,0,1476493686485,"true",1,0,"close"
"2135-c",1,0,2,0,2,48,1,1476493734522,"true",0,0,"split"
"2135-c",1,0,1,0,2,43,0,1476493692766,"true",0,1,"split"
"2135-c",0,0,0,1,0,49,0,1476493740513,"true",1,0,"close"
"2135-c",0,0,0,1,0,24,0,1476493506212,"true",1,0,"close"
"2135-c",0,1,2,0,1,25,1,1476493517224,"true",0,0,"split"
"2135-c",0,0,0,1,0,26,0,1476493529728,"true",1,0,"split"
"2135-c",1,0,2,0,2,27,1,1476493536705,"true",0,0,"split"
"2135-c",0,0,1,1,0,20,0,1476493460636,"true",0,1,"close"
"2135-c",0,1,2,0,1,21,1,1476493470063,"true",0,0,"far"
"2135-c",1,0,0,0,2,22,0,1476493481371,"true",1,0,"far"
"2135-c",0,1,1,0,1,23,0,1476493490272,"true",0,1,"close"
"2135-c",0,1,0,0,1,46,0,1476493716745,"true",1,0,"split"
"2135-c",0,1,1,0,1,47,0,1476493726053,"true",0,1,"split"
"2135-c",0,0,2,1,0,44,1,1476493703436,"true",0,0,"split"
"2135-c",0,0,0,1,0,45,0,1476493710954,"true",1,0,"far"
"2135-c",0,1,2,0,1,28,1,1476493550397,"true",0,0,"split"
"2135-c",1,0,2,0,2,29,1,1476493559497,"true",0,0,"far"
"2135-c",1,0,1,0,2,40,0,1476493667792,"true",0,1,"far"
"2135-c",0,1,2,0,1,41,1,1476493674749,"true",0,0,"close"
"2135-c",0,0,2,1,0,1,1,1476493279467,"true",0,0,"close"
"2135-c",0,1,0,0,1,3,0,1476493309096,"false",1,0,"far"
"2135-c",0,0,0,1,0,2,0,1476493291131,"true",1,0,"split"
"2135-c",0,1,1,0,1,5,0,1476493325195,"true",0,1,"split"
"2135-c",0,1,2,0,1,4,1,1476493317687,"true",0,0,"far"
"2135-c",0,1,1,0,1,7,0,1476493340020,"true",0,1,"split"
"2135-c",0,0,0,1,0,6,0,1476493333664,"true",1,0,"close"
"2135-c",0,1,2,0,1,9,1,1476493358789,"true",0,0,"far"
"2135-c",0,1,0,0,1,8,0,1476493351536,"true",1,0,"split"
"2135-c",0,1,2,0,1,39,1,1476493657021,"true",0,0,"far"
"2135-c",0,1,1,0,1,38,0,1476493650251,"true",0,1,"split"
"2135-c",0,0,1,1,0,11,0,1476493378170,"true",0,1,"far"
"2135-c",0,1,0,0,1,10,0,1476493372277,"true",1,0,"close"
"2135-c",0,0,1,1,0,13,0,1476493392732,"true",0,1,"far"
"2135-c",0,0,1,1,0,12,0,1476493384021,"true",0,1,"far"
"2135-c",0,0,1,1,0,15,0,1476493408943,"true",0,1,"close"
"2135-c",0,1,0,0,1,14,0,1476493398369,"true",1,0,"far"
"2135-c",1,0,0,0,2,17,0,1476493427836,"true",1,0,"far"
"2135-c",1,0,2,0,2,16,1,1476493421232,"false",0,0,"close"
"2135-c",1,0,1,0,2,19,0,1476493450619,"true",0,1,"close"
"2135-c",0,1,0,0,1,18,0,1476493440427,"false",1,0,"close"
"2135-c",0,1,2,0,1,31,1,1476493585904,"true",0,0,"split"
"2135-c",0,1,0,0,1,30,0,1476493578940,"true",1,0,"close"
"2135-c",0,1,1,0,1,37,0,1476493643686,"true",0,1,"close"
"2135-c",1,0,1,0,2,36,0,1476493633235,"false",0,1,"close"
"2135-c",0,0,1,1,0,35,0,1476493624974,"true",0,1,"far"
"2135-c",0,1,2,0,1,34,1,1476493615788,"true",0,0,"close"
"2135-c",1,0,0,0,2,33,0,1476493606847,"true",1,0,"far"
"2135-c",0,0,0,1,0,32,0,1476493596958,"true",1,0,"split"
"2135-c",0,1,1,0,1,50,0,1476493747968,"true",0,1,"far"
