"gameid","sClicked_2","sClicked_1","lClickedIndex","sClicked_0","sClickedIndex","roundNum","lClicked_2","time","outcome","lClicked_0","lClicked_1","condition"
"2136-2",0,1,0,0,1,42,0,1476990466191,"true",1,0,"split"
"2136-2",0,0,2,1,0,48,1,1476990537619,"true",0,0,"far"
"2136-2",1,0,2,0,2,43,1,1476990479361,"false",0,0,"close"
"2136-2",1,0,2,0,2,49,1,1476990545925,"true",0,0,"far"
"2136-2",1,0,2,0,2,24,1,1476990284123,"true",0,0,"split"
"2136-2",1,0,2,0,2,25,1,1476990301574,"true",0,0,"close"
"2136-2",0,0,1,1,0,26,0,1476990310148,"true",0,1,"split"
"2136-2",0,1,2,0,1,27,1,1476990317163,"true",0,0,"split"
"2136-2",0,0,0,1,0,20,0,1476990242433,"false",1,0,"close"
"2136-2",0,0,1,1,0,21,0,1476990248481,"true",0,1,"far"
"2136-2",1,0,1,0,2,22,0,1476990261776,"false",0,1,"close"
"2136-2",0,1,0,0,1,23,0,1476990269139,"true",1,0,"split"
"2136-2",1,0,1,0,2,46,0,1476990512748,"true",0,1,"close"
"2136-2",0,0,1,1,0,47,0,1476990529528,"true",0,1,"close"
"2136-2",0,1,0,0,1,44,0,1476990486586,"true",1,0,"far"
"2136-2",1,0,0,0,2,45,0,1476990500129,"true",1,0,"close"
"2136-2",1,0,2,0,2,28,1,1476990332534,"true",0,0,"far"
"2136-2",0,0,1,1,0,29,0,1476990343655,"true",0,1,"far"
"2136-2",1,0,2,0,2,40,1,1476990449639,"true",0,0,"far"
"2136-2",0,1,2,0,1,41,1,1476990458864,"true",0,0,"close"
"2136-2",0,1,0,0,1,1,0,1476990031859,"true",1,0,"far"
"2136-2",0,0,0,1,0,3,0,1476990059035,"true",1,0,"close"
"2136-2",1,0,2,0,2,2,1,1476990042183,"false",0,0,"close"
"2136-2",0,1,1,0,1,5,0,1476990081333,"true",0,1,"far"
"2136-2",1,0,0,0,2,4,0,1476990072933,"true",1,0,"split"
"2136-2",0,1,0,0,1,7,0,1476990105354,"true",1,0,"split"
"2136-2",0,0,1,1,0,6,0,1476990094688,"true",0,1,"close"
"2136-2",0,1,2,0,1,9,1,1476990122299,"true",0,0,"far"
"2136-2",0,0,0,1,0,8,0,1476990113983,"true",1,0,"split"
"2136-2",0,1,1,0,1,39,0,1476990443421,"true",0,1,"split"
"2136-2",1,0,0,0,2,38,0,1476990436608,"true",1,0,"far"
"2136-2",0,1,1,0,1,11,0,1476990135858,"true",0,1,"far"
"2136-2",1,0,2,0,2,10,1,1476990129343,"true",0,0,"far"
"2136-2",0,0,2,1,0,13,1,1476990170655,"false",0,0,"split"
"2136-2",0,0,2,1,0,12,1,1476990156838,"true",0,0,"close"
"2136-2",0,1,1,0,1,15,0,1476990188543,"true",0,1,"split"
"2136-2",1,0,2,0,2,14,1,1476990182203,"true",0,0,"close"
"2136-2",0,1,2,0,1,17,1,1476990201380,"true",0,0,"far"
"2136-2",1,0,2,0,2,16,1,1476990195295,"true",0,0,"far"
"2136-2",0,1,0,0,1,19,0,1476990226149,"true",1,0,"close"
"2136-2",0,1,2,0,1,18,1,1476990210903,"true",0,0,"split"
"2136-2",0,1,1,0,1,31,0,1476990367883,"false",0,1,"close"
"2136-2",0,1,0,0,1,30,0,1476990353358,"true",1,0,"split"
"2136-2",1,0,1,0,2,37,0,1476990429865,"true",0,1,"close"
"2136-2",0,0,0,1,0,36,0,1476990417878,"true",1,0,"split"
"2136-2",0,0,0,1,0,35,0,1476990405861,"true",1,0,"split"
"2136-2",0,1,1,0,1,34,0,1476990395680,"true",0,1,"split"
"2136-2",0,0,1,1,0,33,0,1476990384513,"true",0,1,"far"
"2136-2",0,0,2,1,0,32,1,1476990378014,"true",0,0,"close"
"2136-2",1,0,0,0,2,50,0,1476990555566,"true",1,0,"far"
