"gameid","sClicked_2","sClicked_1","lClickedIndex","sClicked_0","sClickedIndex","roundNum","lClicked_2","time","outcome","lClicked_0","lClicked_1","condition"
"2159-2",1,0,2,0,2,42,1,1476989163537,"true",0,0,"close"
"2159-2",0,1,2,0,1,48,1,1476989277389,"true",0,0,"close"
"2159-2",0,0,1,1,0,43,0,1476989206234,"false",0,1,"close"
"2159-2",1,0,2,0,2,49,1,1476989297085,"true",0,0,"close"
"2159-2",1,0,2,0,2,24,1,1476988935354,"true",0,0,"split"
"2159-2",0,0,2,1,0,25,1,1476988943460,"true",0,0,"split"
"2159-2",0,1,2,0,1,26,1,1476988972365,"true",0,0,"split"
"2159-2",0,1,2,0,1,27,1,1476988988682,"true",0,0,"split"
"2159-2",1,0,0,0,2,20,0,1476988900218,"true",1,0,"split"
"2159-2",0,1,2,0,1,21,1,1476988913024,"true",0,0,"far"
"2159-2",0,1,0,0,1,22,0,1476988920288,"true",1,0,"close"
"2159-2",0,1,0,0,1,23,0,1476988926528,"true",1,0,"far"
"2159-2",0,0,1,1,0,46,0,1476989242461,"true",0,1,"split"
"2159-2",0,0,0,1,0,47,0,1476989254752,"true",1,0,"split"
"2159-2",0,0,0,1,0,44,0,1476989219981,"true",1,0,"far"
"2159-2",0,0,0,1,0,45,0,1476989227808,"true",1,0,"far"
"2159-2",0,0,2,1,0,28,1,1476988997159,"true",0,0,"far"
"2159-2",0,1,0,0,1,29,0,1476989007584,"true",1,0,"far"
"2159-2",0,1,1,0,1,40,0,1476989131143,"true",0,1,"far"
"2159-2",1,0,2,0,2,41,1,1476989150922,"false",0,0,"close"
"2159-2",1,0,1,0,2,1,0,1476988608890,"true",0,1,"close"
"2159-2",0,0,0,1,0,3,0,1476988666631,"true",1,0,"far"
"2159-2",1,0,0,0,2,2,0,1476988649793,"true",1,0,"close"
"2159-2",0,0,1,1,0,5,0,1476988705306,"true",0,1,"split"
"2159-2",1,0,2,0,2,4,1,1476988687914,"true",0,0,"close"
"2159-2",0,0,0,1,0,7,0,1476988734234,"true",1,0,"split"
"2159-2",0,0,2,1,0,6,1,1476988721184,"true",0,0,"split"
"2159-2",0,0,2,1,0,9,1,1476988761044,"true",0,0,"far"
"2159-2",0,1,1,0,1,8,0,1476988750196,"true",0,1,"far"
"2159-2",1,0,1,0,2,39,0,1476989124224,"true",0,1,"far"
"2159-2",0,1,2,0,1,38,1,1476989116355,"true",0,0,"close"
"2159-2",0,1,2,0,1,11,1,1476988780119,"true",0,0,"far"
"2159-2",0,0,1,1,0,10,0,1476988771898,"true",0,1,"far"
"2159-2",0,1,2,0,1,13,1,1476988828129,"false",0,0,"close"
"2159-2",1,0,1,0,2,12,0,1476988804618,"true",0,1,"close"
"2159-2",1,0,0,0,2,15,0,1476988846583,"true",1,0,"far"
"2159-2",0,0,2,1,0,14,1,1476988839053,"true",0,0,"far"
"2159-2",0,0,2,1,0,17,1,1476988873514,"true",0,0,"split"
"2159-2",1,0,2,0,2,16,1,1476988857095,"true",0,0,"split"
"2159-2",1,0,1,0,2,19,0,1476988891399,"true",0,1,"close"
"2159-2",0,0,2,1,0,18,1,1476988882343,"true",0,0,"far"
"2159-2",0,1,0,0,1,31,0,1476989041776,"true",1,0,"split"
"2159-2",0,1,2,0,1,30,1,1476989017057,"true",0,0,"close"
"2159-2",0,0,1,1,0,37,0,1476989107121,"true",0,1,"far"
"2159-2",0,1,1,0,1,36,0,1476989100526,"true",0,1,"split"
"2159-2",1,0,2,0,2,35,1,1476989088391,"true",0,0,"close"
"2159-2",1,0,1,0,2,34,0,1476989079501,"true",0,1,"split"
"2159-2",0,1,2,0,1,33,1,1476989067444,"true",0,0,"split"
"2159-2",1,0,1,0,2,32,0,1476989056900,"false",0,1,"close"
"2159-2",1,0,2,0,2,50,1,1476989308067,"true",0,0,"split"
