"gameid","sClicked_2","sClicked_1","lClickedIndex","sClicked_0","sClickedIndex","roundNum","lClicked_2","time","outcome","lClicked_0","lClicked_1","condition"
"2166-8",0,1,2,0,1,42,1,1476996512090,"true",0,0,"close"
"2166-8",1,0,2,0,2,48,1,1476996574030,"true",0,0,"far"
"2166-8",1,0,0,0,2,43,0,1476996519731,"true",1,0,"split"
"2166-8",0,1,0,0,1,49,0,1476996581382,"true",1,0,"close"
"2166-8",1,0,2,0,2,24,1,1476996165112,"true",0,0,"far"
"2166-8",0,0,2,1,0,25,1,1476996171662,"true",0,0,"far"
"2166-8",0,0,0,1,0,26,0,1476996178802,"true",1,0,"far"
"2166-8",0,1,2,0,1,27,1,1476996185366,"true",0,0,"far"
"2166-8",1,0,2,0,2,20,1,1476996058633,"true",0,0,"close"
"2166-8",0,0,2,1,0,21,1,1476996074814,"true",0,0,"far"
"2166-8",1,0,0,0,2,22,0,1476996133268,"true",1,0,"close"
"2166-8",0,1,2,0,1,23,1,1476996158524,"true",0,0,"close"
"2166-8",0,1,2,0,1,46,1,1476996555626,"true",0,0,"close"
"2166-8",0,0,2,1,0,47,1,1476996567043,"true",0,0,"split"
"2166-8",0,1,0,0,1,44,0,1476996531977,"true",1,0,"split"
"2166-8",1,0,2,0,2,45,1,1476996538671,"true",0,0,"far"
"2166-8",0,1,0,0,1,28,0,1476996203937,"true",1,0,"close"
"2166-8",1,0,0,0,2,29,0,1476996218018,"true",1,0,"close"
"2166-8",0,1,1,0,1,40,0,1476996451765,"true",0,1,"close"
"2166-8",1,0,2,0,2,41,1,1476996492616,"true",0,0,"close"
"2166-8",0,1,1,0,1,1,0,1476995782198,"true",0,1,"split"
"2166-8",1,0,0,0,2,3,0,1476995807021,"true",1,0,"split"
"2166-8",0,1,1,0,1,2,0,1476995792624,"true",0,1,"far"
"2166-8",1,0,2,0,2,5,1,1476995848234,"false",0,0,"split"
"2166-8",1,0,1,0,2,4,0,1476995841384,"true",0,1,"split"
"2166-8",0,1,2,0,1,7,1,1476995908595,"true",0,0,"split"
"2166-8",0,1,1,0,1,6,0,1476995872834,"true",0,1,"split"
"2166-8",0,1,0,0,1,9,0,1476995932988,"true",1,0,"split"
"2166-8",1,0,2,0,2,8,1,1476995921966,"true",0,0,"split"
"2166-8",0,1,1,0,1,39,0,1476996439732,"true",0,1,"close"
"2166-8",1,0,1,0,2,38,0,1476996376017,"true",0,1,"close"
"2166-8",0,1,0,0,1,11,0,1476995947558,"true",1,0,"far"
"2166-8",1,0,0,0,2,10,0,1476995939439,"true",1,0,"far"
"2166-8",0,1,0,0,1,13,0,1476995991241,"true",1,0,"close"
"2166-8",1,0,1,0,2,12,0,1476995957713,"true",0,1,"close"
"2166-8",0,0,1,1,0,15,0,1476996007788,"true",0,1,"far"
"2166-8",0,0,1,1,0,14,0,1476995999271,"true",0,1,"split"
"2166-8",1,0,2,0,2,17,1,1476996026921,"true",0,0,"far"
"2166-8",0,0,2,1,0,16,1,1476996016364,"true",0,0,"far"
"2166-8",0,1,0,0,1,19,0,1476996044569,"true",1,0,"split"
"2166-8",0,1,2,0,1,18,1,1476996037078,"true",0,0,"far"
"2166-8",0,0,0,1,0,31,0,1476996254386,"true",1,0,"close"
"2166-8",1,0,1,0,2,30,0,1476996224250,"true",0,1,"split"
"2166-8",0,0,2,1,0,37,1,1476996359345,"true",0,0,"close"
"2166-8",0,0,0,1,0,36,0,1476996343264,"true",1,0,"split"
"2166-8",0,1,2,0,1,35,1,1476996333879,"true",0,0,"far"
"2166-8",1,0,1,0,2,34,0,1476996328136,"true",0,1,"split"
"2166-8",0,1,1,0,1,33,0,1476996275224,"true",0,1,"far"
"2166-8",0,1,1,0,1,32,0,1476996265736,"true",0,1,"split"
"2166-8",0,1,0,0,1,50,0,1476996590043,"true",1,0,"close"
