"gameid","sClicked_2","sClicked_1","lClickedIndex","sClicked_0","sClickedIndex","roundNum","lClicked_2","time","outcome","lClicked_0","lClicked_1","condition"
"2178-4",0,1,2,0,1,42,1,1476994730277,"true",0,0,"split"
"2178-4",0,0,0,1,0,48,0,1476994790740,"true",1,0,"split"
"2178-4",1,0,1,0,2,43,0,1476994748845,"true",0,1,"close"
"2178-4",1,0,0,0,2,49,0,1476994809917,"true",1,0,"close"
"2178-4",0,0,0,1,0,24,0,1476994578072,"true",1,0,"split"
"2178-4",1,0,1,0,2,25,0,1476994589499,"true",0,1,"split"
"2178-4",0,0,1,1,0,26,0,1476994601808,"true",0,1,"split"
"2178-4",0,0,1,1,0,27,0,1476994608351,"true",0,1,"split"
"2178-4",0,0,1,1,0,20,0,1476994539743,"true",0,1,"close"
"2178-4",0,0,1,1,0,21,0,1476994551703,"true",0,1,"close"
"2178-4",0,0,2,1,0,22,1,1476994563815,"true",0,0,"far"
"2178-4",0,0,0,1,0,23,0,1476994570107,"true",1,0,"far"
"2178-4",0,0,1,1,0,46,0,1476994771107,"true",0,1,"close"
"2178-4",1,0,0,0,2,47,0,1476994777001,"true",1,0,"far"
"2178-4",1,0,0,0,2,44,0,1476994755468,"true",1,0,"far"
"2178-4",0,0,0,1,0,45,0,1476994761629,"true",1,0,"split"
"2178-4",0,1,1,0,1,28,0,1476994615838,"true",0,1,"close"
"2178-4",0,0,1,1,0,29,0,1476994627821,"true",0,1,"split"
"2178-4",0,1,0,0,1,40,0,1476994709021,"true",1,0,"close"
"2178-4",0,1,2,0,1,41,1,1476994719519,"true",0,0,"split"
"2178-4",1,0,0,0,2,1,0,1476994386773,"true",1,0,"close"
"2178-4",1,0,1,0,2,3,0,1476994398336,"true",0,1,"close"
"2178-4",0,0,1,1,0,2,0,1476994392889,"true",0,1,"split"
"2178-4",1,0,1,0,2,5,0,1476994422857,"true",0,1,"close"
"2178-4",0,1,0,0,1,4,0,1476994416431,"true",1,0,"close"
"2178-4",0,0,1,1,0,7,0,1476994438832,"true",0,1,"split"
"2178-4",1,0,1,0,2,6,0,1476994429008,"true",0,1,"far"
"2178-4",0,1,1,0,1,9,0,1476994457399,"true",0,1,"split"
"2178-4",0,1,1,0,1,8,0,1476994446175,"true",0,1,"split"
"2178-4",0,1,1,0,1,39,0,1476994701602,"true",0,1,"far"
"2178-4",1,0,1,0,2,38,0,1476994694629,"true",0,1,"far"
"2178-4",1,0,2,0,2,11,1,1476994476858,"true",0,0,"split"
"2178-4",0,1,2,0,1,10,1,1476994468224,"true",0,0,"far"
"2178-4",0,0,2,1,0,13,1,1476994491691,"true",0,0,"split"
"2178-4",0,0,0,1,0,12,0,1476994485229,"true",1,0,"far"
"2178-4",0,1,1,0,1,15,0,1476994503905,"true",0,1,"split"
"2178-4",0,0,1,1,0,14,0,1476994498303,"true",0,1,"far"
"2178-4",0,0,0,1,0,17,0,1476994516609,"true",1,0,"close"
"2178-4",0,1,2,0,1,16,1,1476994510227,"true",0,0,"far"
"2178-4",1,0,1,0,2,19,0,1476994531199,"true",0,1,"close"
"2178-4",1,0,0,0,2,18,0,1476994522752,"true",1,0,"far"
"2178-4",0,0,0,1,0,31,0,1476994640686,"true",1,0,"close"
"2178-4",1,0,1,0,2,30,0,1476994633975,"true",0,1,"split"
"2178-4",1,0,2,0,2,37,1,1476994678711,"true",0,0,"close"
"2178-4",1,0,2,0,2,36,1,1476994672542,"true",0,0,"far"
"2178-4",0,0,2,1,0,35,1,1476994667205,"true",0,0,"far"
"2178-4",0,0,2,1,0,34,1,1476994661742,"true",0,0,"far"
"2178-4",0,0,2,1,0,33,1,1476994655025,"true",0,0,"far"
"2178-4",0,0,2,1,0,32,1,1476994649437,"true",0,0,"close"
"2178-4",1,0,1,0,2,50,0,1476994815901,"true",0,1,"close"
