"gameid","sClicked_2","sClicked_1","lClickedIndex","sClicked_0","sClickedIndex","roundNum","lClicked_2","time","outcome","lClicked_0","lClicked_1","condition"
"2196-6",1,0,0,0,2,42,0,1476499406977,"false",1,0,"far"
"2196-6",0,0,0,1,0,48,0,1476499535876,"true",1,0,"close"
"2196-6",0,0,1,1,0,43,0,1476499431788,"true",0,1,"split"
"2196-6",0,1,1,0,1,49,0,1476499554228,"true",0,1,"far"
"2196-6",0,0,2,1,0,24,1,1476498881070,"true",0,0,"far"
"2196-6",1,0,2,0,2,25,1,1476498914215,"true",0,0,"close"
"2196-6",0,0,2,1,0,26,1,1476498987508,"true",0,0,"close"
"2196-6",0,1,2,0,1,27,1,1476499006832,"true",0,0,"far"
"2196-6",0,1,2,0,1,20,1,1476498795454,"false",0,0,"split"
"2196-6",0,0,1,1,0,21,0,1476498807160,"true",0,1,"far"
"2196-6",0,1,2,0,1,22,1,1476498839284,"true",0,0,"close"
"2196-6",0,1,0,0,1,23,0,1476498858479,"false",1,0,"split"
"2196-6",0,0,2,1,0,46,1,1476499502436,"true",0,0,"close"
"2196-6",1,0,2,0,2,47,1,1476499519233,"true",0,0,"far"
"2196-6",0,1,2,0,1,44,1,1476499448539,"true",0,0,"split"
"2196-6",0,0,0,1,0,45,0,1476499459279,"true",1,0,"split"
"2196-6",0,1,0,0,1,28,0,1476499016432,"true",1,0,"far"
"2196-6",0,0,2,1,0,29,1,1476499051752,"true",0,0,"close"
"2196-6",0,0,1,1,0,40,0,1476499368515,"true",0,1,"split"
"2196-6",1,0,2,0,2,41,1,1476499383357,"true",0,0,"far"
"2196-6",0,1,1,0,1,1,0,1476498202794,"true",0,1,"split"
"2196-6",0,0,1,1,0,3,0,1476498296159,"true",0,1,"close"
"2196-6",0,0,2,1,0,2,1,1476498229340,"true",0,0,"far"
"2196-6",0,1,0,0,1,5,0,1476498327666,"true",1,0,"far"
"2196-6",0,0,2,1,0,4,1,1476498314923,"true",0,0,"split"
"2196-6",0,0,2,1,0,7,1,1476498371672,"true",0,0,"split"
"2196-6",0,1,0,0,1,6,0,1476498343963,"true",1,0,"close"
"2196-6",1,0,1,0,2,9,0,1476498399356,"true",0,1,"split"
"2196-6",0,1,0,0,1,8,0,1476498384271,"true",1,0,"far"
"2196-6",0,0,1,1,0,39,0,1476499344452,"true",0,1,"far"
"2196-6",0,1,0,0,1,38,0,1476499334574,"true",1,0,"close"
"2196-6",1,0,0,0,2,11,0,1476498514837,"true",1,0,"split"
"2196-6",1,0,0,0,2,10,0,1476498484998,"false",1,0,"close"
"2196-6",0,1,1,0,1,13,0,1476498567052,"true",0,1,"split"
"2196-6",0,1,0,0,1,12,0,1476498536943,"true",1,0,"close"
"2196-6",0,1,2,0,1,15,1,1476498638715,"true",0,0,"far"
"2196-6",0,0,1,1,0,14,0,1476498624420,"true",0,1,"close"
"2196-6",0,1,2,0,1,17,1,1476498703509,"true",0,0,"close"
"2196-6",1,0,0,0,2,16,0,1476498678927,"true",1,0,"far"
"2196-6",0,0,1,1,0,19,0,1476498778423,"true",0,1,"close"
"2196-6",0,0,1,1,0,18,0,1476498742147,"true",0,1,"split"
"2196-6",1,0,1,0,2,31,0,1476499115256,"true",0,1,"split"
"2196-6",0,0,2,1,0,30,1,1476499091637,"true",0,0,"split"
"2196-6",1,0,1,0,2,37,0,1476499301488,"true",0,1,"split"
"2196-6",0,1,1,0,1,36,0,1476499287409,"true",0,1,"far"
"2196-6",0,0,0,1,0,35,0,1476499264534,"true",1,0,"far"
"2196-6",1,0,2,0,2,34,1,1476499248632,"false",0,0,"close"
"2196-6",0,0,0,1,0,33,0,1476499189421,"true",1,0,"far"
"2196-6",1,0,1,0,2,32,0,1476499158124,"false",0,1,"close"
"2196-6",0,1,1,0,1,50,0,1476499569116,"false",0,1,"split"
