"gameid","sClicked_2","sClicked_1","lClickedIndex","sClicked_0","sClickedIndex","roundNum","lClicked_2","time","outcome","lClicked_0","lClicked_1","condition"
"2200-3",0,0,1,1,0,42,0,1477000634985,"false",0,1,"close"
"2200-3",0,0,1,1,0,48,0,1477000696033,"true",0,1,"far"
"2200-3",0,1,1,0,1,43,0,1477000646722,"true",0,1,"split"
"2200-3",1,0,0,0,2,49,0,1477000717833,"true",1,0,"split"
"2200-3",0,1,0,0,1,24,0,1477000172038,"true",1,0,"far"
"2200-3",0,0,0,1,0,25,0,1477000181905,"true",1,0,"far"
"2200-3",0,0,2,1,0,26,1,1477000212504,"true",0,0,"close"
"2200-3",0,0,1,1,0,27,0,1477000220591,"true",0,1,"far"
"2200-3",1,0,2,0,2,20,1,1476999995346,"true",0,0,"far"
"2200-3",0,0,2,1,0,21,1,1477000015251,"true",0,0,"split"
"2200-3",0,1,0,0,1,22,0,1477000047874,"true",1,0,"close"
"2200-3",0,1,2,0,1,23,1,1477000159775,"true",0,0,"split"
"2200-3",1,0,0,0,2,46,0,1477000676658,"true",1,0,"split"
"2200-3",0,1,1,0,1,47,0,1477000690026,"true",0,1,"split"
"2200-3",1,0,2,0,2,44,1,1477000653690,"true",0,0,"far"
"2200-3",0,1,1,0,1,45,0,1477000662353,"true",0,1,"split"
"2200-3",0,0,2,1,0,28,1,1477000315644,"true",0,0,"close"
"2200-3",0,0,2,1,0,29,1,1477000343478,"true",0,0,"close"
"2200-3",1,0,0,0,2,40,0,1477000609354,"true",1,0,"far"
"2200-3",1,0,2,0,2,41,1,1477000619145,"true",0,0,"far"
"2200-3",0,1,2,0,1,1,1,1476999534894,"true",0,0,"close"
"2200-3",0,0,1,1,0,3,0,1476999558190,"true",0,1,"split"
"2200-3",1,0,2,0,2,2,1,1476999542566,"true",0,0,"split"
"2200-3",1,0,0,0,2,5,0,1476999639701,"true",1,0,"split"
"2200-3",1,0,2,0,2,4,1,1476999630989,"false",0,0,"close"
"2200-3",0,0,0,1,0,7,0,1476999668309,"true",1,0,"far"
"2200-3",0,0,1,1,0,6,0,1476999655245,"true",0,1,"split"
"2200-3",0,0,2,1,0,9,1,1476999737386,"true",0,0,"close"
"2200-3",0,1,1,0,1,8,0,1476999713853,"true",0,1,"close"
"2200-3",1,0,0,0,2,39,0,1477000602346,"true",1,0,"close"
"2200-3",0,1,1,0,1,38,0,1477000531307,"true",0,1,"far"
"2200-3",1,0,1,0,2,11,0,1476999797178,"true",0,1,"split"
"2200-3",0,0,1,1,0,10,0,1476999782059,"false",0,1,"far"
"2200-3",1,0,1,0,2,13,0,1476999826115,"true",0,1,"split"
"2200-3",0,0,0,1,0,12,0,1476999809891,"true",1,0,"close"
"2200-3",0,0,1,1,0,15,0,1476999858316,"true",0,1,"close"
"2200-3",0,1,1,0,1,14,0,1476999833762,"true",0,1,"far"
"2200-3",1,0,2,0,2,17,1,1476999955968,"true",0,0,"close"
"2200-3",0,1,0,0,1,16,0,1476999939027,"true",1,0,"split"
"2200-3",0,1,2,0,1,19,1,1476999977698,"true",0,0,"split"
"2200-3",1,0,1,0,2,18,0,1476999968281,"true",0,1,"close"
"2200-3",0,0,1,1,0,31,0,1477000373204,"true",0,1,"far"
"2200-3",0,1,1,0,1,30,0,1477000363453,"true",0,1,"close"
"2200-3",1,0,2,0,2,37,1,1477000519483,"false",0,0,"close"
"2200-3",0,1,2,0,1,36,1,1477000493003,"true",0,0,"close"
"2200-3",1,0,2,0,2,35,1,1477000474171,"true",0,0,"far"
"2200-3",1,0,0,0,2,34,0,1477000464732,"true",1,0,"split"
"2200-3",1,0,0,0,2,33,0,1477000444917,"true",1,0,"split"
"2200-3",1,0,1,0,2,32,0,1477000379108,"true",0,1,"far"
"2200-3",0,0,0,1,0,50,0,1477000733417,"true",1,0,"far"
