"gameid","sClicked_2","sClicked_1","lClickedIndex","sClicked_0","sClickedIndex","roundNum","lClicked_2","time","outcome","lClicked_0","lClicked_1","condition"
"2202-1",0,1,2,0,1,42,1,1476990376737,"true",0,0,"split"
"2202-1",0,1,0,0,1,48,0,1476990461205,"true",1,0,"close"
"2202-1",0,1,0,0,1,43,0,1476990401477,"true",1,0,"split"
"2202-1",1,0,1,0,2,49,0,1476990476784,"true",0,1,"split"
"2202-1",0,1,2,0,1,24,1,1476990082900,"true",0,0,"split"
"2202-1",0,1,0,0,1,25,0,1476990126397,"true",1,0,"split"
"2202-1",0,0,2,1,0,26,1,1476990143012,"true",0,0,"close"
"2202-1",0,1,2,0,1,27,1,1476990154926,"true",0,0,"split"
"2202-1",1,0,2,0,2,20,1,1476990029225,"true",0,0,"split"
"2202-1",0,0,0,1,0,21,0,1476990038437,"true",1,0,"far"
"2202-1",0,0,1,1,0,22,0,1476990055293,"true",0,1,"far"
"2202-1",0,1,1,0,1,23,0,1476990068265,"true",0,1,"far"
"2202-1",1,0,0,0,2,46,0,1476990433372,"true",1,0,"split"
"2202-1",0,0,0,1,0,47,0,1476990448892,"true",1,0,"close"
"2202-1",0,0,1,1,0,44,0,1476990409766,"true",0,1,"far"
"2202-1",0,1,1,0,1,45,0,1476990423152,"true",0,1,"far"
"2202-1",0,0,2,1,0,28,1,1476990166110,"true",0,0,"far"
"2202-1",0,0,2,1,0,29,1,1476990173427,"true",0,0,"far"
"2202-1",1,0,2,0,2,40,1,1476990345465,"true",0,0,"split"
"2202-1",1,0,1,0,2,41,0,1476990356749,"true",0,1,"far"
"2202-1",0,1,1,0,1,1,0,1476989684319,"true",0,1,"split"
"2202-1",1,0,2,0,2,3,1,1476989703190,"true",0,0,"far"
"2202-1",0,0,1,1,0,2,0,1476989694523,"true",0,1,"split"
"2202-1",1,0,0,0,2,5,0,1476989726527,"false",1,0,"close"
"2202-1",0,1,2,0,1,4,1,1476989711629,"true",0,0,"far"
"2202-1",1,0,1,0,2,7,0,1476989768697,"true",0,1,"close"
"2202-1",1,0,0,0,2,6,0,1476989738710,"true",1,0,"far"
"2202-1",0,0,1,1,0,9,0,1476989819737,"true",0,1,"split"
"2202-1",0,1,2,0,1,39,1,1476990328177,"true",0,0,"close"
"2202-1",0,0,0,1,0,38,0,1476990308129,"true",1,0,"split"
"2202-1",0,1,1,0,1,11,0,1476989844968,"true",0,1,"close"
"2202-1",1,0,0,0,2,10,0,1476989831917,"true",1,0,"split"
"2202-1",1,0,2,0,2,13,1,1476989868927,"true",0,0,"close"
"2202-1",1,0,2,0,2,12,1,1476989861816,"true",0,0,"split"
"2202-1",1,0,1,0,2,15,0,1476989919979,"true",0,1,"far"
"2202-1",0,1,2,0,1,14,1,1476989898547,"true",0,0,"close"
"2202-1",1,0,1,0,2,17,0,1476989966775,"true",0,1,"far"
"2202-1",1,0,0,0,2,16,0,1476989945971,"true",1,0,"close"
"2202-1",0,0,0,1,0,19,0,1476990004812,"true",1,0,"close"
"2202-1",0,1,0,0,1,18,0,1476989982963,"true",1,0,"close"
"2202-1",1,0,0,0,2,31,0,1476990197658,"true",1,0,"close"
"2202-1",0,0,0,1,0,30,0,1476990187028,"true",1,0,"split"
"2202-1",0,1,2,0,1,37,1,1476990291273,"true",0,0,"far"
"2202-1",1,0,0,0,2,36,0,1476990282469,"true",1,0,"far"
"2202-1",1,0,1,0,2,35,0,1476990268491,"false",0,1,"far"
"2202-1",1,0,0,0,2,34,0,1476990233654,"true",1,0,"close"
"2202-1",1,0,2,0,2,33,1,1476990222126,"true",0,0,"close"
"2202-1",0,0,2,1,0,32,1,1476990206546,"true",0,0,"close"
"2202-1",0,1,1,0,1,50,0,1476990491431,"true",0,1,"far"
