"gameid","sClicked_2","sClicked_1","lClickedIndex","sClicked_0","sClickedIndex","roundNum","lClicked_2","time","outcome","lClicked_0","lClicked_1","condition"
"2220-9",0,1,1,0,1,42,0,1476992807728,"true",0,1,"close"
"2220-9",0,0,0,1,0,48,0,1476992863185,"true",1,0,"close"
"2220-9",0,1,1,0,1,43,0,1476992817441,"true",0,1,"split"
"2220-9",0,1,2,0,1,49,1,1476992872051,"true",0,0,"far"
"2220-9",1,0,0,0,2,24,0,1476992537046,"true",1,0,"close"
"2220-9",1,0,1,0,2,25,0,1476992553055,"true",0,1,"close"
"2220-9",0,0,2,1,0,26,1,1476992560117,"true",0,0,"far"
"2220-9",1,0,0,0,2,27,0,1476992567533,"true",1,0,"far"
"2220-9",1,0,0,0,2,20,0,1476992498989,"true",1,0,"far"
"2220-9",0,1,0,0,1,21,0,1476992504901,"true",1,0,"far"
"2220-9",0,1,0,0,1,22,0,1476992513157,"true",1,0,"split"
"2220-9",0,0,0,1,0,23,0,1476992523709,"true",1,0,"far"
"2220-9",0,0,2,1,0,46,1,1476992840864,"true",0,0,"close"
"2220-9",0,1,1,0,1,47,0,1476992847177,"true",0,1,"far"
"2220-9",0,0,1,1,0,44,0,1476992823704,"true",0,1,"far"
"2220-9",1,0,1,0,2,45,0,1476992832464,"true",0,1,"close"
"2220-9",1,0,1,0,2,28,0,1476992573877,"true",0,1,"far"
"2220-9",0,1,1,0,1,29,0,1476992597502,"false",0,1,"split"
"2220-9",0,0,2,1,0,40,1,1476992751264,"true",0,0,"split"
"2220-9",0,0,1,1,0,41,0,1476992797464,"true",0,1,"close"
"2220-9",1,0,2,0,2,1,1,1476992031371,"true",0,0,"far"
"2220-9",1,0,1,0,2,3,0,1476992087641,"true",0,1,"close"
"2220-9",0,1,0,0,1,2,0,1476992058651,"false",1,0,"split"
"2220-9",1,0,1,0,2,5,0,1476992166889,"true",0,1,"far"
"2220-9",1,0,2,0,2,4,1,1476992148291,"false",0,0,"split"
"2220-9",0,0,0,1,0,7,0,1476992285026,"false",1,0,"split"
"2220-9",0,0,0,1,0,6,0,1476992218525,"false",1,0,"close"
"2220-9",0,0,0,1,0,9,0,1476992360532,"true",1,0,"split"
"2220-9",1,0,0,0,2,8,0,1476992316970,"true",1,0,"split"
"2220-9",1,0,1,0,2,39,0,1476992741648,"true",0,1,"far"
"2220-9",1,0,1,0,2,38,0,1476992721327,"true",0,1,"close"
"2220-9",0,0,0,1,0,11,0,1476992381267,"true",1,0,"far"
"2220-9",0,0,0,1,0,10,0,1476992371443,"true",1,0,"split"
"2220-9",1,0,1,0,2,13,0,1476992396475,"true",0,1,"close"
"2220-9",0,1,0,0,1,12,0,1476992389331,"true",1,0,"far"
"2220-9",1,0,2,0,2,15,1,1476992424891,"true",0,0,"split"
"2220-9",1,0,1,0,2,14,0,1476992410795,"true",0,1,"close"
"2220-9",0,1,2,0,1,17,1,1476992450902,"true",0,0,"split"
"2220-9",0,0,2,1,0,16,1,1476992438403,"true",0,0,"split"
"2220-9",0,1,0,0,1,19,0,1476992492916,"true",1,0,"split"
"2220-9",0,1,2,0,1,18,1,1476992486141,"false",0,0,"close"
"2220-9",1,0,0,0,2,31,0,1476992626175,"true",1,0,"close"
"2220-9",0,0,2,1,0,30,1,1476992605493,"true",0,0,"close"
"2220-9",1,0,0,0,2,37,0,1476992704375,"true",1,0,"split"
"2220-9",1,0,0,0,2,36,0,1476992690791,"false",1,0,"split"
"2220-9",0,1,0,0,1,35,0,1476992664402,"true",1,0,"close"
"2220-9",0,1,2,0,1,34,1,1476992651243,"true",0,0,"far"
"2220-9",0,1,1,0,1,33,0,1476992638589,"true",0,1,"far"
"2220-9",0,0,2,1,0,32,1,1476992631949,"true",0,0,"far"
"2220-9",1,0,1,0,2,50,0,1476992884633,"true",0,1,"close"
