"gameid","sClicked_2","sClicked_1","lClickedIndex","sClicked_0","sClickedIndex","roundNum","lClicked_2","time","outcome","lClicked_0","lClicked_1","condition"
"2227-c",0,1,0,0,1,42,0,1476472124553,"true",1,0,"split"
"2227-c",1,0,2,0,2,48,1,1476472204335,"true",0,0,"far"
"2227-c",0,0,0,1,0,43,0,1476472134151,"true",1,0,"split"
"2227-c",1,0,0,0,2,49,0,1476472213503,"true",1,0,"far"
"2227-c",1,0,2,0,2,24,1,1476471710866,"true",0,0,"close"
"2227-c",0,0,2,1,0,25,1,1476471722825,"true",0,0,"far"
"2227-c",0,1,1,0,1,26,0,1476471736073,"true",0,1,"far"
"2227-c",1,0,0,0,2,27,0,1476471754295,"true",1,0,"close"
"2227-c",0,0,0,1,0,20,0,1476471642627,"true",1,0,"close"
"2227-c",0,0,0,1,0,21,0,1476471657651,"true",1,0,"close"
"2227-c",0,0,0,1,0,22,0,1476471673412,"false",1,0,"close"
"2227-c",1,0,1,0,2,23,0,1476471694634,"true",0,1,"split"
"2227-c",0,1,1,0,1,46,0,1476472179480,"true",0,1,"far"
"2227-c",1,0,1,0,2,47,0,1476472191520,"true",0,1,"close"
"2227-c",0,0,2,1,0,44,1,1476472145152,"true",0,0,"split"
"2227-c",0,0,1,1,0,45,0,1476472165827,"true",0,1,"far"
"2227-c",1,0,0,0,2,28,0,1476471764544,"true",1,0,"far"
"2227-c",1,0,0,0,2,29,0,1476471795727,"true",1,0,"split"
"2227-c",0,1,1,0,1,40,0,1476472093642,"true",0,1,"close"
"2227-c",0,1,0,0,1,41,0,1476472103905,"true",1,0,"far"
"2227-c",1,0,0,0,2,1,0,1476471285255,"true",1,0,"far"
"2227-c",1,0,2,0,2,3,1,1476471317369,"true",0,0,"split"
"2227-c",1,0,2,0,2,2,1,1476471303320,"true",0,0,"split"
"2227-c",0,0,0,1,0,5,0,1476471341201,"true",1,0,"far"
"2227-c",1,0,1,0,2,4,0,1476471331169,"true",0,1,"split"
"2227-c",1,0,2,0,2,7,1,1476471368353,"true",0,0,"close"
"2227-c",0,0,1,1,0,6,0,1476471352856,"true",0,1,"far"
"2227-c",0,1,0,0,1,9,0,1476471410975,"false",1,0,"split"
"2227-c",0,1,0,0,1,8,0,1476471390887,"true",1,0,"split"
"2227-c",0,1,2,0,1,39,1,1476472080041,"true",0,0,"close"
"2227-c",1,0,2,0,2,38,1,1476472053862,"true",0,0,"far"
"2227-c",0,0,0,1,0,11,0,1476471444311,"true",1,0,"split"
"2227-c",1,0,1,0,2,10,0,1476471431903,"true",0,1,"far"
"2227-c",0,0,1,1,0,13,0,1476471489110,"true",0,1,"close"
"2227-c",0,0,1,1,0,12,0,1476471456431,"true",0,1,"close"
"2227-c",0,0,0,1,0,15,0,1476471572549,"true",1,0,"close"
"2227-c",1,0,0,0,2,14,0,1476471526500,"true",1,0,"split"
"2227-c",0,0,1,1,0,17,0,1476471599404,"true",0,1,"split"
"2227-c",0,0,1,1,0,16,0,1476471589324,"true",0,1,"close"
"2227-c",0,0,2,1,0,19,1,1476471625699,"true",0,0,"far"
"2227-c",0,0,2,1,0,18,1,1476471614341,"true",0,0,"far"
"2227-c",0,0,0,1,0,31,0,1476471847127,"true",1,0,"split"
"2227-c",0,0,2,1,0,30,1,1476471820406,"false",0,0,"split"
"2227-c",1,0,1,0,2,37,0,1476472034931,"false",0,1,"close"
"2227-c",0,1,1,0,1,36,0,1476471978540,"false",0,1,"close"
"2227-c",0,0,1,1,0,35,0,1476471928173,"true",0,1,"split"
"2227-c",0,0,1,1,0,34,0,1476471915293,"true",0,1,"close"
"2227-c",0,1,0,0,1,33,0,1476471897853,"true",1,0,"split"
"2227-c",1,0,0,0,2,32,0,1476471871574,"true",1,0,"far"
"2227-c",0,0,2,1,0,50,1,1476472245230,"true",0,0,"close"
