"gameid","sClicked_2","sClicked_1","lClickedIndex","sClicked_0","sClickedIndex","roundNum","lClicked_2","time","outcome","lClicked_0","lClicked_1","condition"
"2242-7",0,1,0,0,1,42,0,1476499960531,"true",1,0,"far"
"2242-7",1,0,2,0,2,48,1,1476500048858,"true",0,0,"close"
"2242-7",0,0,1,1,0,43,0,1476499975481,"true",0,1,"split"
"2242-7",1,0,2,0,2,49,1,1476500056039,"true",0,0,"split"
"2242-7",0,0,2,1,0,24,1,1476499804084,"true",0,0,"far"
"2242-7",0,0,2,1,0,25,1,1476499811410,"true",0,0,"far"
"2242-7",0,1,1,0,1,26,0,1476499818590,"true",0,1,"split"
"2242-7",0,0,1,1,0,27,0,1476499825721,"true",0,1,"split"
"2242-7",0,1,0,0,1,20,0,1476499762797,"true",1,0,"far"
"2242-7",0,0,0,1,0,21,0,1476499772930,"true",1,0,"split"
"2242-7",1,0,0,0,2,22,0,1476499779895,"true",1,0,"split"
"2242-7",1,0,1,0,2,23,0,1476499790098,"true",0,1,"split"
"2242-7",0,1,2,0,1,46,1,1476500027032,"true",0,0,"split"
"2242-7",1,0,1,0,2,47,0,1476500040676,"true",0,1,"close"
"2242-7",0,0,2,1,0,44,1,1476499987063,"true",0,0,"far"
"2242-7",0,1,2,0,1,45,1,1476499997676,"true",0,0,"split"
"2242-7",0,1,0,0,1,28,0,1476499835929,"true",1,0,"close"
"2242-7",0,0,0,1,0,29,0,1476499844669,"true",1,0,"far"
"2242-7",0,0,1,1,0,40,0,1476499945310,"true",0,1,"split"
"2242-7",0,1,1,0,1,41,0,1476499953313,"true",0,1,"far"
"2242-7",0,1,0,0,1,1,0,1476499552382,"true",1,0,"close"
"2242-7",1,0,2,0,2,3,1,1476499586611,"true",0,0,"close"
"2242-7",0,0,2,1,0,2,1,1476499576080,"false",0,0,"close"
"2242-7",0,1,2,0,1,5,1,1476499601950,"true",0,0,"far"
"2242-7",1,0,0,0,2,4,0,1476499594785,"true",1,0,"close"
"2242-7",0,0,0,1,0,7,0,1476499627490,"true",1,0,"split"
"2242-7",0,1,2,0,1,6,1,1476499611438,"true",0,0,"close"
"2242-7",0,0,2,1,0,9,1,1476499653417,"true",0,0,"close"
"2242-7",0,1,1,0,1,8,0,1476499634235,"true",0,1,"far"
"2242-7",0,1,1,0,1,39,0,1476499931472,"false",0,1,"split"
"2242-7",0,1,0,0,1,38,0,1476499921762,"true",1,0,"far"
"2242-7",0,0,1,1,0,11,0,1476499671854,"true",0,1,"split"
"2242-7",0,1,2,0,1,10,1,1476499660521,"true",0,0,"far"
"2242-7",0,1,1,0,1,13,0,1476499687002,"true",0,1,"far"
"2242-7",1,0,0,0,2,12,0,1476499679496,"true",1,0,"split"
"2242-7",0,0,1,1,0,15,0,1476499710441,"true",0,1,"close"
"2242-7",0,0,0,1,0,14,0,1476499697395,"true",1,0,"far"
"2242-7",1,0,2,0,2,17,1,1476499732424,"true",0,0,"close"
"2242-7",1,0,0,0,2,16,0,1476499725320,"true",1,0,"close"
"2242-7",0,0,2,1,0,19,1,1476499755537,"true",0,0,"split"
"2242-7",1,0,1,0,2,18,0,1476499744568,"true",0,1,"close"
"2242-7",0,0,1,1,0,31,0,1476499860099,"true",0,1,"far"
"2242-7",0,0,2,1,0,30,1,1476499853320,"true",0,0,"close"
"2242-7",1,0,2,0,2,37,1,1476499912278,"true",0,0,"far"
"2242-7",0,0,0,1,0,36,0,1476499905109,"true",1,0,"close"
"2242-7",0,1,2,0,1,35,1,1476499895890,"true",0,0,"split"
"2242-7",1,0,1,0,2,34,0,1476499885221,"true",0,1,"far"
"2242-7",0,1,1,0,1,33,0,1476499877853,"true",0,1,"split"
"2242-7",1,0,2,0,2,32,1,1476499870962,"true",0,0,"close"
"2242-7",0,1,0,0,1,50,0,1476500071062,"false",1,0,"close"
