"gameid","sClicked_2","sClicked_1","lClickedIndex","sClicked_0","sClickedIndex","roundNum","lClicked_2","time","outcome","lClicked_0","lClicked_1","condition"
"2251-e",0,0,1,1,0,42,0,1476472903857,"true",0,1,"split"
"2251-e",1,0,1,0,2,48,0,1476473004710,"true",0,1,"close"
"2251-e",0,0,2,1,0,43,1,1476472916936,"false",0,0,"close"
"2251-e",0,1,0,0,1,49,0,1476473016366,"true",1,0,"close"
"2251-e",0,0,2,1,0,24,1,1476472680414,"true",0,0,"split"
"2251-e",0,0,2,1,0,25,1,1476472689909,"true",0,0,"far"
"2251-e",0,0,2,1,0,26,1,1476472701365,"true",0,0,"far"
"2251-e",0,0,0,1,0,27,0,1476472712172,"true",1,0,"split"
"2251-e",0,0,0,1,0,20,0,1476472560169,"true",1,0,"far"
"2251-e",0,0,1,1,0,21,0,1476472602374,"true",0,1,"split"
"2251-e",0,0,2,1,0,22,1,1476472628631,"true",0,0,"far"
"2251-e",0,1,2,0,1,23,1,1476472661150,"false",0,0,"close"
"2251-e",1,0,0,0,2,46,0,1476472984135,"true",1,0,"close"
"2251-e",0,1,1,0,1,47,0,1476472994951,"true",0,1,"split"
"2251-e",0,0,1,1,0,44,0,1476472929463,"true",0,1,"split"
"2251-e",0,0,1,1,0,45,0,1476472948391,"true",0,1,"close"
"2251-e",1,0,0,0,2,28,0,1476472720508,"true",1,0,"far"
"2251-e",1,0,0,0,2,29,0,1476472731245,"false",1,0,"split"
"2251-e",0,1,0,0,1,40,0,1476472872353,"true",1,0,"close"
"2251-e",1,0,2,0,2,41,1,1476472893257,"false",0,0,"split"
"2251-e",0,0,0,1,0,1,0,1476472294614,"true",1,0,"split"
"2251-e",0,0,1,1,0,3,0,1476472313637,"true",0,1,"far"
"2251-e",0,1,0,0,1,2,0,1476472302989,"true",1,0,"split"
"2251-e",1,0,0,0,2,5,0,1476472332981,"true",1,0,"far"
"2251-e",0,0,0,1,0,4,0,1476472321612,"true",1,0,"split"
"2251-e",0,1,2,0,1,7,1,1476472355376,"true",0,0,"split"
"2251-e",0,1,2,0,1,6,1,1476472341068,"true",0,0,"close"
"2251-e",0,0,1,1,0,9,0,1476472410155,"true",0,1,"split"
"2251-e",0,1,1,0,1,8,0,1476472380315,"true",0,1,"close"
"2251-e",0,0,0,1,0,39,0,1476472854768,"true",1,0,"far"
"2251-e",1,0,1,0,2,38,0,1476472842650,"true",0,1,"close"
"2251-e",0,0,1,1,0,11,0,1476472440723,"true",0,1,"close"
"2251-e",0,0,2,1,0,10,1,1476472417761,"true",0,0,"far"
"2251-e",0,0,0,1,0,13,0,1476472465296,"false",1,0,"close"
"2251-e",0,0,2,1,0,12,1,1476472452977,"true",0,0,"far"
"2251-e",1,0,0,0,2,15,0,1476472502970,"true",1,0,"close"
"2251-e",1,0,2,0,2,14,1,1476472491649,"true",0,0,"far"
"2251-e",0,0,2,1,0,17,1,1476472525480,"true",0,0,"split"
"2251-e",1,0,0,0,2,16,0,1476472515273,"true",1,0,"split"
"2251-e",1,0,2,0,2,19,1,1476472547463,"true",0,0,"close"
"2251-e",0,1,0,0,1,18,0,1476472537368,"true",1,0,"split"
"2251-e",0,1,2,0,1,31,1,1476472749426,"true",0,0,"far"
"2251-e",0,0,2,1,0,30,1,1476472741812,"true",0,0,"far"
"2251-e",1,0,0,0,2,37,0,1476472817834,"false",1,0,"far"
"2251-e",1,0,2,0,2,36,1,1476472809369,"true",0,0,"far"
"2251-e",0,1,0,0,1,35,0,1476472793289,"true",1,0,"close"
"2251-e",0,0,1,1,0,34,0,1476472780538,"true",0,1,"close"
"2251-e",0,1,1,0,1,33,0,1476472771739,"true",0,1,"far"
"2251-e",0,1,2,0,1,32,1,1476472759043,"true",0,0,"far"
"2251-e",0,0,1,1,0,50,0,1476473029278,"true",0,1,"split"
