"gameid","sClicked_2","sClicked_1","lClickedIndex","sClicked_0","sClickedIndex","roundNum","lClicked_2","time","outcome","lClicked_0","lClicked_1","condition"
"2265-d",0,1,1,0,1,42,0,1459897936508,"true",0,1,"far"
"2265-d",1,0,0,0,2,48,0,1459897992819,"false",1,0,"close"
"2265-d",1,0,1,0,2,43,0,1459897943764,"true",0,1,"split"
"2265-d",0,1,1,0,1,49,0,1459898004268,"true",0,1,"close"
"2265-d",0,0,0,1,0,24,0,1459897676151,"false",1,0,"close"
"2265-d",0,0,2,1,0,25,1,1459897683440,"true",0,0,"far"
"2265-d",0,1,2,0,1,26,1,1459897696983,"true",0,0,"close"
"2265-d",0,0,1,1,0,27,0,1459897717383,"true",0,1,"close"
"2265-d",0,1,0,0,1,20,0,1459897588936,"true",1,0,"split"
"2265-d",0,1,0,0,1,21,0,1459897642103,"true",1,0,"split"
"2265-d",0,1,1,0,1,22,0,1459897658913,"true",0,1,"close"
"2265-d",0,1,1,0,1,23,0,1459897666351,"true",0,1,"far"
"2265-d",0,1,2,0,1,46,1,1459897967428,"true",0,0,"close"
"2265-d",0,0,1,1,0,47,0,1459897982292,"false",0,1,"split"
"2265-d",0,0,1,1,0,44,0,1459897950286,"false",0,1,"split"
"2265-d",0,0,2,1,0,45,1,1459897959076,"true",0,0,"close"
"2265-d",0,0,0,1,0,28,0,1459897725367,"true",1,0,"far"
"2265-d",1,0,2,0,2,29,1,1459897739838,"true",0,0,"close"
"2265-d",1,0,0,0,2,40,0,1459897919476,"false",1,0,"close"
"2265-d",0,0,1,1,0,41,0,1459897928861,"true",0,1,"close"
"2265-d",0,1,0,0,1,1,0,1459897318397,"true",1,0,"close"
"2265-d",0,0,1,1,0,3,0,1459897353066,"false",0,1,"split"
"2265-d",0,0,1,1,0,2,0,1459897331659,"true",0,1,"far"
"2265-d",0,0,2,1,0,5,1,1459897377618,"true",0,0,"split"
"2265-d",1,0,0,0,2,4,0,1459897365585,"true",1,0,"close"
"2265-d",0,1,1,0,1,7,0,1459897416617,"true",0,1,"split"
"2265-d",0,1,2,0,1,6,1,1459897388737,"true",0,0,"far"
"2265-d",1,0,1,0,2,9,0,1459897448858,"false",0,1,"split"
"2265-d",0,1,2,0,1,8,1,1459897434760,"true",0,0,"close"
"2265-d",0,0,0,1,0,39,0,1459897870934,"true",1,0,"far"
"2265-d",1,0,2,0,2,38,1,1459897860198,"true",0,0,"far"
"2265-d",0,0,0,1,0,11,0,1459897478480,"true",1,0,"far"
"2265-d",0,1,0,0,1,10,0,1459897462984,"false",1,0,"split"
"2265-d",1,0,0,0,2,13,0,1459897502488,"true",1,0,"split"
"2265-d",1,0,2,0,2,12,1,1459897490312,"true",0,0,"split"
"2265-d",1,0,2,0,2,15,1,1459897532025,"true",0,0,"far"
"2265-d",1,0,0,0,2,14,0,1459897520226,"true",1,0,"split"
"2265-d",0,1,1,0,1,17,0,1459897559499,"false",0,1,"split"
"2265-d",1,0,0,0,2,16,0,1459897545673,"true",1,0,"far"
"2265-d",0,1,0,0,1,19,0,1459897578713,"true",1,0,"far"
"2265-d",0,1,2,0,1,18,1,1459897566984,"true",0,0,"far"
"2265-d",0,1,1,0,1,31,0,1459897759791,"true",0,1,"far"
"2265-d",0,0,2,1,0,30,1,1459897751407,"true",0,0,"far"
"2265-d",1,0,1,0,2,37,0,1459897846422,"true",0,1,"split"
"2265-d",0,0,2,1,0,36,1,1459897835821,"true",0,0,"split"
"2265-d",0,0,2,1,0,35,1,1459897821086,"true",0,0,"close"
"2265-d",1,0,2,0,2,34,1,1459897801350,"true",0,0,"split"
"2265-d",0,0,1,1,0,33,0,1459897779678,"true",0,1,"far"
"2265-d",0,1,1,0,1,32,0,1459897772214,"true",0,1,"far"
"2265-d",1,0,0,0,2,50,0,1459898014851,"true",1,0,"close"
