"gameid","sClicked_2","sClicked_1","lClickedIndex","sClicked_0","sClickedIndex","roundNum","lClicked_2","time","outcome","lClicked_0","lClicked_1","condition"
"2267-6",1,0,1,0,2,42,0,1459890039061,"true",0,1,"split"
"2267-6",0,1,2,0,1,48,1,1459890120583,"true",0,0,"split"
"2267-6",0,1,1,0,1,43,0,1459890048188,"true",0,1,"close"
"2267-6",0,1,0,0,1,49,0,1459890128844,"true",1,0,"far"
"2267-6",0,1,0,0,1,24,0,1459889728806,"true",1,0,"far"
"2267-6",0,0,2,1,0,25,1,1459889743736,"true",0,0,"split"
"2267-6",0,0,0,1,0,26,0,1459889763227,"true",1,0,"split"
"2267-6",1,0,1,0,2,27,0,1459889776216,"true",0,1,"close"
"2267-6",0,1,2,0,1,20,1,1459889679169,"true",0,0,"far"
"2267-6",0,1,2,0,1,21,1,1459889686240,"true",0,0,"split"
"2267-6",0,1,1,0,1,22,0,1459889716546,"true",0,1,"close"
"2267-6",1,0,0,0,2,23,0,1459889723235,"true",1,0,"far"
"2267-6",1,0,0,0,2,46,0,1459890096151,"true",1,0,"far"
"2267-6",1,0,2,0,2,47,1,1459890108728,"true",0,0,"split"
"2267-6",1,0,0,0,2,44,0,1459890058670,"true",1,0,"close"
"2267-6",0,0,0,1,0,45,0,1459890087356,"true",1,0,"split"
"2267-6",0,0,1,1,0,28,0,1459889809454,"false",0,1,"split"
"2267-6",1,0,0,0,2,29,0,1459889818831,"true",1,0,"far"
"2267-6",1,0,2,0,2,40,1,1459889949688,"false",0,0,"split"
"2267-6",0,0,0,1,0,41,0,1459890027190,"true",1,0,"close"
"2267-6",1,0,1,0,2,1,0,1459889413401,"true",0,1,"close"
"2267-6",0,1,0,0,1,3,0,1459889452683,"true",1,0,"close"
"2267-6",0,0,0,1,0,2,0,1459889431175,"true",1,0,"split"
"2267-6",1,0,0,0,2,5,0,1459889483686,"true",1,0,"far"
"2267-6",1,0,1,0,2,4,0,1459889469869,"true",0,1,"close"
"2267-6",1,0,2,0,2,7,1,1459889514382,"true",0,0,"close"
"2267-6",1,0,1,0,2,6,0,1459889495693,"true",0,1,"split"
"2267-6",1,0,1,0,2,9,0,1459889558699,"true",0,1,"close"
"2267-6",1,0,2,0,2,8,1,1459889525133,"true",0,0,"split"
"2267-6",0,0,2,1,0,39,1,1459889934912,"true",0,0,"far"
"2267-6",0,0,1,1,0,38,0,1459889926328,"true",0,1,"close"
"2267-6",1,0,2,0,2,11,1,1459889579988,"true",0,0,"close"
"2267-6",0,0,0,1,0,10,0,1459889566074,"true",1,0,"far"
"2267-6",0,0,2,1,0,13,1,1459889594042,"true",0,0,"far"
"2267-6",0,0,2,1,0,12,1,1459889586673,"true",0,0,"far"
"2267-6",0,0,2,1,0,15,1,1459889613205,"true",0,0,"far"
"2267-6",0,0,1,1,0,14,0,1459889605721,"true",0,1,"close"
"2267-6",1,0,0,0,2,17,0,1459889633531,"true",1,0,"far"
"2267-6",0,1,0,0,1,16,0,1459889624628,"true",1,0,"close"
"2267-6",0,0,2,1,0,19,1,1459889672486,"true",0,0,"split"
"2267-6",0,0,2,1,0,18,1,1459889664791,"true",0,0,"close"
"2267-6",1,0,2,0,2,31,1,1459889835287,"true",0,0,"far"
"2267-6",0,0,1,1,0,30,0,1459889827346,"true",0,1,"far"
"2267-6",0,1,0,0,1,37,0,1459889914665,"true",1,0,"split"
"2267-6",0,1,1,0,1,36,0,1459889904341,"true",0,1,"close"
"2267-6",1,0,1,0,2,35,0,1459889889826,"true",0,1,"split"
"2267-6",1,0,1,0,2,34,0,1459889873443,"true",0,1,"far"
"2267-6",1,0,1,0,2,33,0,1459889865237,"true",0,1,"split"
"2267-6",0,0,2,1,0,32,1,1459889851393,"false",0,0,"close"
"2267-6",0,0,0,1,0,50,0,1459890136720,"true",1,0,"split"
