"gameid","sClicked_2","sClicked_1","lClickedIndex","sClicked_0","sClickedIndex","roundNum","lClicked_2","time","outcome","lClicked_0","lClicked_1","condition"
"2269-9",1,0,2,0,2,42,1,1476991235110,"true",0,0,"close"
"2269-9",0,0,1,1,0,48,0,1476991320758,"true",0,1,"far"
"2269-9",0,0,1,1,0,43,0,1476991243570,"true",0,1,"far"
"2269-9",0,1,1,0,1,49,0,1476991334186,"false",0,1,"split"
"2269-9",1,0,2,0,2,24,1,1476990958799,"true",0,0,"close"
"2269-9",0,0,1,1,0,25,0,1476990970603,"true",0,1,"far"
"2269-9",1,0,2,0,2,26,1,1476990985463,"true",0,0,"close"
"2269-9",1,0,1,0,2,27,0,1476991001735,"true",0,1,"split"
"2269-9",0,0,1,1,0,20,0,1476990897448,"true",0,1,"close"
"2269-9",0,1,2,0,1,21,1,1476990903843,"true",0,0,"far"
"2269-9",0,1,0,0,1,22,0,1476990915168,"true",1,0,"split"
"2269-9",1,0,1,0,2,23,0,1476990941252,"true",0,1,"split"
"2269-9",0,1,2,0,1,46,1,1476991305667,"true",0,0,"close"
"2269-9",1,0,2,0,2,47,1,1476991314645,"true",0,0,"far"
"2269-9",0,0,2,1,0,45,1,1476991295117,"true",0,0,"close"
"2269-9",0,1,0,0,1,28,0,1476991020009,"false",1,0,"close"
"2269-9",1,0,0,0,2,29,0,1476991028397,"true",1,0,"far"
"2269-9",0,1,1,0,1,40,0,1476991191054,"true",0,1,"far"
"2269-9",1,0,1,0,2,41,0,1476991209692,"true",0,1,"close"
"2269-9",0,1,0,0,1,1,0,1476990555875,"true",1,0,"far"
"2269-9",0,1,0,0,1,3,0,1476990599771,"true",1,0,"close"
"2269-9",1,0,2,0,2,2,1,1476990571317,"true",0,0,"split"
"2269-9",0,0,2,1,0,4,1,1476990619166,"true",0,0,"split"
"2269-9",1,0,2,0,2,7,1,1476990664102,"true",0,0,"split"
"2269-9",1,0,0,0,2,6,0,1476990652461,"true",1,0,"far"
"2269-9",0,0,1,1,0,9,0,1476990711991,"true",0,1,"far"
"2269-9",0,1,0,0,1,39,0,1476991167449,"true",1,0,"far"
"2269-9",1,0,0,0,2,38,0,1476991154587,"true",1,0,"far"
"2269-9",1,0,2,0,2,11,1,1476990745170,"true",0,0,"split"
"2269-9",1,0,1,0,2,10,0,1476990730059,"true",0,1,"split"
"2269-9",0,0,0,1,0,13,0,1476990768716,"true",1,0,"far"
"2269-9",0,0,2,1,0,12,1,1476990756518,"true",0,0,"close"
"2269-9",0,0,1,1,0,15,0,1476990799524,"true",0,1,"split"
"2269-9",0,1,0,0,1,14,0,1476990786777,"true",1,0,"close"
"2269-9",0,0,0,1,0,17,0,1476990838420,"true",1,0,"split"
"2269-9",0,1,0,0,1,16,0,1476990813971,"true",1,0,"split"
"2269-9",0,1,1,0,1,19,0,1476990873057,"true",0,1,"split"
"2269-9",0,0,2,1,0,18,1,1476990855151,"true",0,0,"far"
"2269-9",0,1,0,0,1,31,0,1476991048659,"true",1,0,"far"
"2269-9",0,1,2,0,1,30,1,1476991042176,"true",0,0,"split"
"2269-9",0,0,1,1,0,37,0,1476991143338,"true",0,1,"far"
"2269-9",1,0,1,0,2,36,0,1476991137547,"true",0,1,"far"
"2269-9",1,0,0,0,2,35,0,1476991128076,"true",1,0,"close"
"2269-9",1,0,0,0,2,34,0,1476991108058,"true",1,0,"close"
"2269-9",0,0,1,1,0,33,0,1476991096938,"true",0,1,"close"
"2269-9",1,0,1,0,2,32,0,1476991066127,"true",0,1,"split"
"2269-9",0,1,2,0,1,50,1,1476991345802,"true",0,0,"close"
