"gameid","sClicked_2","sClicked_1","lClickedIndex","sClicked_0","sClickedIndex","roundNum","lClicked_2","time","outcome","lClicked_0","lClicked_1","condition"
"2306-2",0,0,1,1,0,42,0,1476494392471,"true",0,1,"far"
"2306-2",0,1,2,0,1,48,1,1476494442815,"false",0,0,"close"
"2306-2",1,0,2,0,2,43,1,1476494400949,"true",0,0,"far"
"2306-2",0,0,1,1,0,49,0,1476494459241,"false",0,1,"split"
"2306-2",1,0,0,0,2,24,0,1476494160388,"true",1,0,"far"
"2306-2",0,0,1,1,0,25,0,1476494170957,"true",0,1,"split"
"2306-2",0,0,1,1,0,26,0,1476494181934,"true",0,1,"split"
"2306-2",0,1,2,0,1,27,1,1476494194510,"true",0,0,"split"
"2306-2",1,0,2,0,2,20,1,1476494123622,"true",0,0,"close"
"2306-2",1,0,1,0,2,21,0,1476494133451,"true",0,1,"split"
"2306-2",0,1,1,0,1,22,0,1476494143174,"true",0,1,"far"
"2306-2",0,0,1,1,0,23,0,1476494152793,"false",0,1,"close"
"2306-2",0,1,0,0,1,46,0,1476494428319,"true",1,0,"far"
"2306-2",0,0,1,1,0,47,0,1476494434886,"true",0,1,"far"
"2306-2",0,0,1,1,0,44,0,1476494409507,"true",0,1,"split"
"2306-2",0,0,1,1,0,45,0,1476494418176,"true",0,1,"far"
"2306-2",0,1,2,0,1,28,1,1476494218514,"true",0,0,"close"
"2306-2",0,1,0,0,1,29,0,1476494230198,"true",1,0,"far"
"2306-2",0,0,0,1,0,40,0,1476494372767,"true",1,0,"split"
"2306-2",0,1,2,0,1,41,1,1476494383978,"true",0,0,"close"
"2306-2",0,0,2,1,0,1,1,1476493896854,"true",0,0,"far"
"2306-2",0,0,0,1,0,3,0,1476493923677,"false",1,0,"split"
"2306-2",0,0,0,1,0,2,0,1476493908514,"true",1,0,"far"
"2306-2",0,1,0,0,1,5,0,1476493946646,"false",1,0,"close"
"2306-2",1,0,2,0,2,4,1,1476493934872,"true",0,0,"close"
"2306-2",1,0,0,0,2,7,0,1476493966710,"true",1,0,"split"
"2306-2",0,1,1,0,1,6,0,1476493955611,"true",0,1,"split"
"2306-2",0,1,1,0,1,9,0,1476493988935,"true",0,1,"far"
"2306-2",1,0,1,0,2,8,0,1476493977749,"true",0,1,"far"
"2306-2",1,0,1,0,2,39,0,1476494363321,"true",0,1,"split"
"2306-2",0,0,2,1,0,38,1,1476494343252,"true",0,0,"far"
"2306-2",0,1,0,0,1,11,0,1476494022937,"true",1,0,"close"
"2306-2",0,0,0,1,0,10,0,1476494004355,"true",1,0,"split"
"2306-2",0,1,1,0,1,13,0,1476494045299,"true",0,1,"far"
"2306-2",0,0,2,1,0,12,1,1476494037899,"true",0,0,"split"
"2306-2",1,0,0,0,2,15,0,1476494068679,"true",1,0,"far"
"2306-2",1,0,1,0,2,14,0,1476494060520,"true",0,1,"far"
"2306-2",1,0,2,0,2,17,1,1476494087630,"true",0,0,"close"
"2306-2",1,0,0,0,2,16,0,1476494079934,"true",1,0,"close"
"2306-2",1,0,0,0,2,19,0,1476494106743,"true",1,0,"split"
"2306-2",0,1,1,0,1,18,0,1476494096889,"true",0,1,"far"
"2306-2",0,0,1,1,0,31,0,1476494258869,"true",0,1,"close"
"2306-2",1,0,1,0,2,30,0,1476494242260,"true",0,1,"close"
"2306-2",0,0,1,1,0,37,0,1476494330680,"false",0,1,"close"
"2306-2",0,1,1,0,1,36,0,1476494308461,"false",0,1,"close"
"2306-2",1,0,1,0,2,35,0,1476494298408,"true",0,1,"close"
"2306-2",0,1,1,0,1,34,0,1476494288106,"true",0,1,"close"
"2306-2",0,1,2,0,1,33,1,1476494277813,"true",0,0,"split"
"2306-2",0,1,1,0,1,32,0,1476494268357,"true",0,1,"split"
"2306-2",1,0,0,0,2,50,0,1476494512606,"true",1,0,"close"
