"gameid","sClicked_2","sClicked_1","lClickedIndex","sClicked_0","sClickedIndex","roundNum","lClicked_2","time","outcome","lClicked_0","lClicked_1","condition"
"2329-a",0,0,0,1,0,42,0,1476988505178,"true",1,0,"far"
"2329-a",0,1,1,0,1,48,0,1476988562870,"true",0,1,"far"
"2329-a",0,1,2,0,1,43,1,1476988510955,"true",0,0,"far"
"2329-a",1,0,0,0,2,49,0,1476988571593,"true",1,0,"far"
"2329-a",0,1,2,0,1,24,1,1476988295961,"true",0,0,"far"
"2329-a",1,0,1,0,2,25,0,1476988316501,"true",0,1,"close"
"2329-a",0,1,2,0,1,26,1,1476988322741,"true",0,0,"far"
"2329-a",0,0,2,1,0,27,1,1476988333717,"true",0,0,"split"
"2329-a",0,0,1,1,0,20,0,1476988251192,"true",0,1,"split"
"2329-a",0,0,1,1,0,21,0,1476988265622,"true",0,1,"close"
"2329-a",1,0,2,0,2,22,1,1476988270990,"true",0,0,"far"
"2329-a",1,0,2,0,2,23,1,1476988278558,"true",0,0,"close"
"2329-a",0,1,2,0,1,46,1,1476988552506,"true",0,0,"close"
"2329-a",0,1,2,0,1,47,1,1476988557585,"true",0,0,"far"
"2329-a",0,0,2,1,0,44,1,1476988524323,"true",0,0,"split"
"2329-a",0,1,1,0,1,45,0,1476988541161,"true",0,1,"close"
"2329-a",1,0,0,0,2,28,0,1476988344093,"true",1,0,"close"
"2329-a",0,1,2,0,1,29,1,1476988356485,"true",0,0,"split"
"2329-a",0,0,2,1,0,40,1,1476988490267,"true",0,0,"close"
"2329-a",0,0,2,1,0,41,1,1476988498901,"true",0,0,"close"
"2329-a",1,0,0,0,2,1,0,1476988068641,"true",1,0,"far"
"2329-a",0,0,0,1,0,3,0,1476988081520,"true",1,0,"far"
"2329-a",1,0,0,0,2,2,0,1476988075552,"true",1,0,"far"
"2329-a",1,0,0,0,2,5,0,1476988093896,"true",1,0,"close"
"2329-a",0,1,0,0,1,4,0,1476988088496,"true",1,0,"close"
"2329-a",0,1,1,0,1,7,0,1476988111688,"true",0,1,"close"
"2329-a",0,1,1,0,1,6,0,1476988102360,"true",0,1,"split"
"2329-a",0,1,0,0,1,9,0,1476988122223,"true",1,0,"far"
"2329-a",0,1,1,0,1,8,0,1476988116818,"true",0,1,"far"
"2329-a",0,1,0,0,1,39,0,1476988478995,"true",1,0,"close"
"2329-a",1,0,0,0,2,38,0,1476988470259,"true",1,0,"close"
"2329-a",1,0,2,0,2,11,1,1476988153791,"true",0,0,"close"
"2329-a",0,1,0,0,1,10,0,1476988137016,"true",1,0,"split"
"2329-a",1,0,1,0,2,13,0,1476988178272,"true",0,1,"split"
"2329-a",1,0,2,0,2,12,1,1476988167239,"true",0,0,"split"
"2329-a",0,0,1,1,0,15,0,1476988200335,"true",0,1,"split"
"2329-a",0,1,0,0,1,14,0,1476988187431,"true",1,0,"split"
"2329-a",0,0,0,1,0,17,0,1476988216510,"true",1,0,"split"
"2329-a",0,1,1,0,1,16,0,1476988205750,"true",0,1,"far"
"2329-a",0,1,0,0,1,19,0,1476988242302,"true",1,0,"split"
"2329-a",0,0,2,1,0,18,1,1476988228559,"true",0,0,"split"
"2329-a",0,0,2,1,0,31,1,1476988381317,"true",0,0,"close"
"2329-a",1,0,1,0,2,30,0,1476988370086,"true",0,1,"split"
"2329-a",1,0,1,0,2,37,0,1476988455340,"true",0,1,"split"
"2329-a",1,0,2,0,2,36,1,1476988447283,"true",0,0,"far"
"2329-a",0,0,2,1,0,35,1,1476988438332,"true",0,0,"far"
"2329-a",0,0,0,1,0,34,0,1476988430564,"true",1,0,"close"
"2329-a",0,0,0,1,0,33,0,1476988413379,"true",1,0,"close"
"2329-a",0,0,1,1,0,32,0,1476988392357,"true",0,1,"split"
"2329-a",0,1,1,0,1,50,0,1476988585936,"true",0,1,"split"
