"gameid","sClicked_2","sClicked_1","lClickedIndex","sClicked_0","sClickedIndex","roundNum","lClicked_2","time","outcome","lClicked_0","lClicked_1","condition"
"2344-0",0,0,2,1,0,42,1,1476494012868,"true",0,0,"far"
"2344-0",0,0,0,1,0,48,0,1476494147042,"true",1,0,"split"
"2344-0",0,1,0,0,1,43,0,1476494034149,"true",1,0,"far"
"2344-0",0,0,0,1,0,49,0,1476494166856,"true",1,0,"split"
"2344-0",0,1,1,0,1,24,0,1476493745282,"true",0,1,"close"
"2344-0",1,0,0,0,2,25,0,1476493766226,"true",1,0,"split"
"2344-0",0,0,2,1,0,26,1,1476493774661,"true",0,0,"split"
"2344-0",1,0,0,0,2,27,0,1476493795653,"true",1,0,"close"
"2344-0",0,1,2,0,1,20,1,1476493695526,"false",0,0,"close"
"2344-0",1,0,2,0,2,21,1,1476493705506,"true",0,0,"split"
"2344-0",0,0,1,1,0,22,0,1476493727533,"true",0,1,"split"
"2344-0",0,0,1,1,0,23,0,1476493735983,"false",0,1,"split"
"2344-0",0,1,0,0,1,46,0,1476494104451,"true",1,0,"far"
"2344-0",0,0,0,1,0,47,0,1476494121771,"true",1,0,"close"
"2344-0",0,0,1,1,0,44,0,1476494065113,"true",0,1,"close"
"2344-0",1,0,0,0,2,45,0,1476494091240,"true",1,0,"close"
"2344-0",0,1,1,0,1,28,0,1476493804862,"true",0,1,"far"
"2344-0",0,0,2,1,0,29,1,1476493824366,"true",0,0,"split"
"2344-0",0,0,0,1,0,40,0,1476493982554,"false",1,0,"close"
"2344-0",1,0,0,0,2,41,0,1476493991439,"true",1,0,"split"
"2344-0",0,1,2,0,1,1,1,1476493399971,"true",0,0,"far"
"2344-0",0,0,0,1,0,3,0,1476493459344,"true",1,0,"close"
"2344-0",0,0,1,1,0,2,0,1476493413133,"true",0,1,"far"
"2344-0",0,1,0,0,1,5,0,1476493480536,"true",1,0,"far"
"2344-0",0,1,1,0,1,4,0,1476493469486,"true",0,1,"close"
"2344-0",1,0,2,0,2,7,1,1476493513270,"true",0,0,"far"
"2344-0",1,0,1,0,2,6,0,1476493502951,"true",0,1,"far"
"2344-0",0,1,1,0,1,9,0,1476493541140,"true",0,1,"split"
"2344-0",0,0,0,1,0,8,0,1476493525862,"true",1,0,"far"
"2344-0",1,0,0,0,2,39,0,1476493971240,"false",1,0,"close"
"2344-0",1,0,2,0,2,38,1,1476493936393,"false",0,0,"split"
"2344-0",1,0,0,0,2,11,0,1476493562167,"true",1,0,"far"
"2344-0",0,1,0,0,1,10,0,1476493551487,"true",1,0,"far"
"2344-0",1,0,1,0,2,13,0,1476493582272,"true",0,1,"far"
"2344-0",0,1,2,0,1,12,1,1476493574370,"true",0,0,"split"
"2344-0",0,1,2,0,1,15,1,1476493613914,"true",0,0,"close"
"2344-0",0,0,2,1,0,14,1,1476493599034,"true",0,0,"close"
"2344-0",1,0,1,0,2,17,0,1476493639232,"true",0,1,"split"
"2344-0",0,0,2,1,0,16,1,1476493630043,"true",0,0,"far"
"2344-0",0,1,0,0,1,19,0,1476493676532,"true",1,0,"split"
"2344-0",0,1,0,0,1,18,0,1476493658692,"true",1,0,"close"
"2344-0",1,0,0,0,2,31,0,1476493856281,"true",1,0,"close"
"2344-0",0,1,2,0,1,30,1,1476493837557,"true",0,0,"close"
"2344-0",1,0,1,0,2,37,0,1476493927848,"true",0,1,"close"
"2344-0",0,0,0,1,0,36,0,1476493917322,"true",1,0,"close"
"2344-0",0,0,1,1,0,35,0,1476493905083,"true",0,1,"split"
"2344-0",0,1,1,0,1,34,0,1476493894580,"true",0,1,"split"
"2344-0",1,0,2,0,2,33,1,1476493881283,"true",0,0,"far"
"2344-0",0,1,0,0,1,32,0,1476493869408,"true",1,0,"far"
"2344-0",0,0,1,1,0,50,0,1476494180866,"true",0,1,"far"
