"gameid","sClicked_2","sClicked_1","lClickedIndex","sClicked_0","sClickedIndex","roundNum","lClicked_2","time","outcome","lClicked_0","lClicked_1","condition"
"2345-2",0,1,0,0,1,42,0,1476472088531,"true",1,0,"far"
"2345-2",0,1,0,0,1,48,0,1476472164988,"true",1,0,"far"
"2345-2",1,0,2,0,2,43,1,1476472100059,"true",0,0,"split"
"2345-2",0,1,2,0,1,49,1,1476472173244,"true",0,0,"far"
"2345-2",0,1,0,0,1,24,0,1476471832527,"true",1,0,"far"
"2345-2",0,1,2,0,1,25,1,1476471845270,"true",0,0,"close"
"2345-2",0,0,0,1,0,26,0,1476471857439,"true",1,0,"close"
"2345-2",0,0,1,1,0,27,0,1476471870904,"true",0,1,"split"
"2345-2",0,0,0,1,0,20,0,1476471782286,"true",1,0,"split"
"2345-2",1,0,1,0,2,21,0,1476471788702,"true",0,1,"far"
"2345-2",0,0,0,1,0,22,0,1476471797310,"true",1,0,"split"
"2345-2",1,0,1,0,2,23,0,1476471824943,"false",0,1,"close"
"2345-2",0,1,0,0,1,46,0,1476472147731,"true",1,0,"split"
"2345-2",0,0,2,1,0,47,1,1476472157460,"false",0,0,"close"
"2345-2",0,1,0,0,1,44,0,1476472109443,"true",1,0,"far"
"2345-2",1,0,1,0,2,45,0,1476472137004,"true",0,1,"close"
"2345-2",0,1,1,0,1,28,0,1476471878255,"true",0,1,"far"
"2345-2",0,0,2,1,0,29,1,1476471891559,"false",0,0,"split"
"2345-2",1,0,1,0,2,40,0,1476472071250,"true",0,1,"close"
"2345-2",0,0,0,1,0,41,0,1476472080787,"true",1,0,"far"
"2345-2",0,0,1,1,0,1,0,1476471527979,"true",0,1,"far"
"2345-2",0,0,1,1,0,3,0,1476471556577,"true",0,1,"split"
"2345-2",1,0,2,0,2,2,1,1476471544465,"true",0,0,"close"
"2345-2",0,1,1,0,1,5,0,1476471574795,"true",0,1,"close"
"2345-2",1,0,2,0,2,4,1,1476471565426,"true",0,0,"far"
"2345-2",1,0,0,0,2,7,0,1476471595778,"false",1,0,"close"
"2345-2",1,0,1,0,2,6,0,1476471584346,"true",0,1,"far"
"2345-2",0,0,0,1,0,9,0,1476471619771,"true",1,0,"close"
"2345-2",1,0,2,0,2,8,1,1476471604995,"true",0,0,"split"
"2345-2",0,1,1,0,1,39,0,1476472061243,"true",0,1,"split"
"2345-2",1,0,0,0,2,38,0,1476472048994,"false",1,0,"close"
"2345-2",1,0,0,0,2,11,0,1476471652676,"true",1,0,"split"
"2345-2",1,0,1,0,2,10,0,1476471641923,"true",0,1,"close"
"2345-2",1,0,0,0,2,13,0,1476471670267,"true",1,0,"split"
"2345-2",0,1,2,0,1,12,1,1476471660971,"true",0,0,"far"
"2345-2",1,0,0,0,2,15,0,1476471695203,"true",1,0,"split"
"2345-2",1,0,0,0,2,14,0,1476471681276,"true",1,0,"close"
"2345-2",0,1,1,0,1,17,0,1476471728253,"false",0,1,"close"
"2345-2",0,1,0,0,1,16,0,1476471702676,"true",1,0,"close"
"2345-2",0,1,0,0,1,19,0,1476471773997,"true",1,0,"far"
"2345-2",0,0,1,1,0,18,0,1476471751421,"true",0,1,"split"
"2345-2",0,1,1,0,1,31,0,1476471923602,"true",0,1,"close"
"2345-2",1,0,0,0,2,30,0,1476471912576,"true",1,0,"split"
"2345-2",0,1,0,0,1,37,0,1476472029017,"true",1,0,"split"
"2345-2",0,0,1,1,0,36,0,1476472019146,"true",0,1,"far"
"2345-2",0,1,0,0,1,35,0,1476472012226,"true",1,0,"split"
"2345-2",0,1,1,0,1,34,0,1476471990889,"true",0,1,"close"
"2345-2",1,0,1,0,2,33,0,1476471945256,"true",0,1,"split"
"2345-2",0,0,1,1,0,32,0,1476471933112,"true",0,1,"far"
"2345-2",0,0,2,1,0,50,1,1476472186012,"true",0,0,"far"
