"gameid","sClicked_2","sClicked_1","lClickedIndex","sClicked_0","sClickedIndex","roundNum","lClicked_2","time","outcome","lClicked_0","lClicked_1","condition"
"2345-7",1,0,1,0,2,42,0,1476473261871,"true",0,1,"far"
"2345-7",0,1,1,0,1,48,0,1476473311548,"true",0,1,"split"
"2345-7",1,0,2,0,2,43,1,1476473269169,"true",0,0,"close"
"2345-7",1,0,0,0,2,49,0,1476473318920,"true",1,0,"far"
"2345-7",0,0,0,1,0,24,0,1476473092518,"true",1,0,"far"
"2345-7",0,1,0,0,1,25,0,1476473099025,"true",1,0,"far"
"2345-7",1,0,2,0,2,26,1,1476473106469,"true",0,0,"far"
"2345-7",1,0,2,0,2,27,1,1476473117022,"true",0,0,"split"
"2345-7",0,0,0,1,0,20,0,1476473054720,"true",1,0,"close"
"2345-7",0,1,2,0,1,21,1,1476473065593,"true",0,0,"close"
"2345-7",0,0,0,1,0,22,0,1476473077664,"true",1,0,"split"
"2345-7",1,0,1,0,2,23,0,1476473085170,"true",0,1,"close"
"2345-7",0,0,0,1,0,46,0,1476473294225,"true",1,0,"far"
"2345-7",0,0,1,1,0,47,0,1476473303687,"true",0,1,"far"
"2345-7",0,1,0,0,1,44,0,1476473276345,"true",1,0,"far"
"2345-7",0,1,2,0,1,45,1,1476473286916,"false",0,0,"close"
"2345-7",1,0,2,0,2,28,1,1476473123656,"true",0,0,"far"
"2345-7",0,0,0,1,0,29,0,1476473135818,"false",1,0,"close"
"2345-7",1,0,0,0,2,40,0,1476473245799,"true",1,0,"far"
"2345-7",0,1,1,0,1,41,0,1476473255005,"true",0,1,"close"
"2345-7",1,0,0,0,2,1,0,1476472839259,"true",1,0,"far"
"2345-7",0,1,1,0,1,3,0,1476472860457,"true",0,1,"split"
"2345-7",0,1,1,0,1,2,0,1476472848638,"true",0,1,"split"
"2345-7",0,1,1,0,1,5,0,1476472881022,"true",0,1,"close"
"2345-7",1,0,1,0,2,4,0,1476472873948,"true",0,1,"close"
"2345-7",1,0,1,0,2,7,0,1476472894579,"true",0,1,"far"
"2345-7",0,0,2,1,0,6,1,1476472888401,"true",0,0,"far"
"2345-7",0,1,1,0,1,9,0,1476472915280,"true",0,1,"split"
"2345-7",1,0,1,0,2,8,0,1476472901749,"true",0,1,"far"
"2345-7",0,1,0,0,1,39,0,1476473236048,"true",1,0,"split"
"2345-7",0,1,2,0,1,38,1,1476473227016,"true",0,0,"far"
"2345-7",0,0,0,1,0,11,0,1476472940018,"true",1,0,"split"
"2345-7",1,0,2,0,2,10,1,1476472922812,"true",0,0,"split"
"2345-7",0,1,2,0,1,13,1,1476472967290,"true",0,0,"split"
"2345-7",0,1,0,0,1,12,0,1476472951395,"false",1,0,"close"
"2345-7",1,0,0,0,2,15,0,1476473001085,"true",1,0,"close"
"2345-7",0,0,2,1,0,14,1,1476472990614,"true",0,0,"close"
"2345-7",1,0,2,0,2,17,1,1476473023998,"false",0,0,"split"
"2345-7",0,0,0,1,0,16,0,1476473012360,"true",1,0,"split"
"2345-7",0,0,1,1,0,19,0,1476473041335,"true",0,1,"split"
"2345-7",0,0,2,1,0,18,1,1476473033134,"true",0,0,"split"
"2345-7",0,1,0,0,1,31,0,1476473151085,"true",1,0,"far"
"2345-7",0,0,1,1,0,30,0,1476473143965,"true",0,1,"close"
"2345-7",1,0,2,0,2,37,1,1476473219956,"true",0,0,"close"
"2345-7",0,0,0,1,0,36,0,1476473207016,"false",1,0,"close"
"2345-7",0,1,1,0,1,35,0,1476473192225,"true",0,1,"split"
"2345-7",0,0,2,1,0,34,1,1476473182478,"true",0,0,"close"
"2345-7",1,0,1,0,2,33,0,1476473168570,"true",0,1,"far"
"2345-7",0,0,2,1,0,32,1,1476473161182,"true",0,0,"split"
"2345-7",1,0,1,0,2,50,0,1476473328418,"false",0,1,"close"
