"gameid","sClicked_2","sClicked_1","lClickedIndex","sClicked_0","sClickedIndex","roundNum","lClicked_2","time","outcome","lClicked_0","lClicked_1","condition"
"2355-4",1,0,0,0,2,42,0,1459894775528,"true",1,0,"split"
"2355-4",0,0,1,1,0,48,0,1459894851113,"true",0,1,"close"
"2355-4",1,0,2,0,2,43,1,1459894784417,"true",0,0,"split"
"2355-4",0,0,2,1,0,49,1,1459894872624,"true",0,0,"split"
"2355-4",1,0,2,0,2,24,1,1459894564096,"true",0,0,"close"
"2355-4",0,1,1,0,1,25,0,1459894570522,"true",0,1,"close"
"2355-4",1,0,0,0,2,26,0,1459894584238,"true",1,0,"far"
"2355-4",1,0,1,0,2,27,0,1459894591050,"true",0,1,"far"
"2355-4",0,0,0,1,0,20,0,1459894512095,"true",1,0,"far"
"2355-4",1,0,2,0,2,21,1,1459894525728,"true",0,0,"split"
"2355-4",0,1,2,0,1,22,1,1459894544055,"false",0,0,"split"
"2355-4",0,1,1,0,1,23,0,1459894552362,"true",0,1,"split"
"2355-4",0,1,2,0,1,46,1,1459894819208,"false",0,0,"split"
"2355-4",1,0,2,0,2,47,1,1459894834792,"true",0,0,"close"
"2355-4",0,0,1,1,0,44,0,1459894794696,"true",0,1,"split"
"2355-4",0,0,1,1,0,45,0,1459894806744,"true",0,1,"split"
"2355-4",0,1,2,0,1,28,1,1459894597927,"true",0,0,"far"
"2355-4",0,0,2,1,0,29,1,1459894631477,"false",0,0,"close"
"2355-4",1,0,0,0,2,40,0,1459894761201,"true",1,0,"far"
"2355-4",0,0,1,1,0,41,0,1459894768001,"true",0,1,"far"
"2355-4",0,0,1,1,0,1,0,1459894227463,"true",0,1,"close"
"2355-4",1,0,1,0,2,3,0,1459894255043,"true",0,1,"far"
"2355-4",0,0,2,1,0,2,1,1459894240697,"true",0,0,"far"
"2355-4",1,0,1,0,2,5,0,1459894316305,"true",0,1,"close"
"2355-4",0,0,2,1,0,4,1,1459894302548,"false",0,0,"close"
"2355-4",1,0,0,0,2,7,0,1459894357669,"true",1,0,"close"
"2355-4",0,0,0,1,0,6,0,1459894331992,"true",1,0,"close"
"2355-4",0,1,0,0,1,9,0,1459894379090,"true",1,0,"split"
"2355-4",0,0,2,1,0,8,1,1459894367080,"true",0,0,"far"
"2355-4",1,0,1,0,2,39,0,1459894752202,"true",0,1,"split"
"2355-4",0,0,0,1,0,38,0,1459894744823,"true",1,0,"far"
"2355-4",1,0,1,0,2,11,0,1459894400156,"true",0,1,"far"
"2355-4",0,1,0,0,1,10,0,1459894390569,"true",1,0,"split"
"2355-4",0,0,1,1,0,13,0,1459894430837,"false",0,1,"close"
"2355-4",1,0,0,0,2,12,0,1459894412691,"true",1,0,"split"
"2355-4",1,0,1,0,2,15,0,1459894450248,"true",0,1,"close"
"2355-4",0,1,1,0,1,14,0,1459894442907,"true",0,1,"close"
"2355-4",0,0,0,1,0,17,0,1459894463675,"true",1,0,"far"
"2355-4",0,0,0,1,0,16,0,1459894456562,"true",1,0,"far"
"2355-4",1,0,1,0,2,19,0,1459894497970,"true",0,1,"far"
"2355-4",1,0,2,0,2,18,1,1459894481477,"true",0,0,"split"
"2355-4",0,1,2,0,1,31,1,1459894650755,"false",0,0,"split"
"2355-4",0,0,1,1,0,30,0,1459894641096,"false",0,1,"split"
"2355-4",1,0,0,0,2,37,0,1459894737697,"true",1,0,"close"
"2355-4",0,0,0,1,0,36,0,1459894711305,"true",1,0,"far"
"2355-4",0,0,0,1,0,35,0,1459894703922,"true",1,0,"far"
"2355-4",1,0,2,0,2,34,1,1459894685910,"true",0,0,"split"
"2355-4",0,0,1,1,0,33,0,1459894667551,"true",0,1,"close"
"2355-4",0,0,2,1,0,32,1,1459894659320,"true",0,0,"close"
"2355-4",0,1,0,0,1,50,0,1459894887120,"true",1,0,"close"
