"gameid","sClicked_2","sClicked_1","lClickedIndex","sClicked_0","sClickedIndex","roundNum","lClicked_2","time","outcome","lClicked_0","lClicked_1","condition"
"2356-f",1,0,1,0,2,42,0,1476476292043,"true",0,1,"close"
"2356-f",0,1,1,0,1,48,0,1476476379460,"true",0,1,"split"
"2356-f",0,1,0,0,1,43,0,1476476303593,"true",1,0,"close"
"2356-f",0,0,1,1,0,49,0,1476476386292,"true",0,1,"far"
"2356-f",0,1,0,0,1,24,0,1476476033564,"true",1,0,"close"
"2356-f",0,1,0,0,1,25,0,1476476040816,"true",1,0,"split"
"2356-f",1,0,1,0,2,26,0,1476476050065,"true",0,1,"split"
"2356-f",1,0,1,0,2,27,0,1476476059847,"true",0,1,"close"
"2356-f",0,0,1,1,0,20,0,1476476001244,"true",0,1,"split"
"2356-f",0,1,2,0,1,21,1,1476476008985,"true",0,0,"split"
"2356-f",0,0,1,1,0,22,0,1476476016554,"true",0,1,"split"
"2356-f",1,0,1,0,2,23,0,1476476023713,"true",0,1,"split"
"2356-f",1,0,1,0,2,46,0,1476476335395,"true",0,1,"far"
"2356-f",0,0,2,1,0,47,1,1476476361838,"true",0,0,"close"
"2356-f",0,0,1,1,0,44,0,1476476317411,"true",0,1,"far"
"2356-f",1,0,0,0,2,45,0,1476476328868,"true",1,0,"split"
"2356-f",0,0,1,1,0,28,0,1476476093848,"true",0,1,"split"
"2356-f",1,0,1,0,2,29,0,1476476146430,"true",0,1,"split"
"2356-f",0,1,2,0,1,40,1,1476476269556,"true",0,0,"far"
"2356-f",0,0,0,1,0,41,0,1476476279722,"true",1,0,"close"
"2356-f",0,0,2,1,0,1,1,1476475782289,"true",0,0,"far"
"2356-f",0,1,0,0,1,3,0,1476475803426,"true",1,0,"close"
"2356-f",0,1,2,0,1,2,1,1476475795037,"true",0,0,"close"
"2356-f",0,1,1,0,1,5,0,1476475820070,"true",0,1,"far"
"2356-f",0,1,2,0,1,4,1,1476475812494,"true",0,0,"far"
"2356-f",1,0,0,0,2,7,0,1476475833822,"true",1,0,"far"
"2356-f",0,0,0,1,0,6,0,1476475827352,"true",1,0,"far"
"2356-f",0,1,0,0,1,9,0,1476475869704,"true",1,0,"close"
"2356-f",0,0,0,1,0,8,0,1476475860026,"true",1,0,"close"
"2356-f",0,0,2,1,0,39,1,1476476261569,"true",0,0,"split"
"2356-f",1,0,1,0,2,38,0,1476476253197,"true",0,1,"far"
"2356-f",0,1,2,0,1,11,1,1476475897048,"true",0,0,"close"
"2356-f",1,0,2,0,2,10,1,1476475879461,"true",0,0,"far"
"2356-f",0,1,2,0,1,13,1,1476475914936,"true",0,0,"split"
"2356-f",1,0,2,0,2,12,1,1476475905815,"true",0,0,"far"
"2356-f",0,1,1,0,1,15,0,1476475949185,"true",0,1,"close"
"2356-f",0,1,1,0,1,14,0,1476475928250,"true",0,1,"split"
"2356-f",0,0,1,1,0,17,0,1476475976771,"true",0,1,"close"
"2356-f",0,0,2,1,0,16,1,1476475965928,"true",0,0,"close"
"2356-f",1,0,1,0,2,19,0,1476475991718,"true",0,1,"far"
"2356-f",0,1,1,0,1,18,0,1476475983127,"true",0,1,"far"
"2356-f",0,0,2,1,0,31,1,1476476172763,"true",0,0,"far"
"2356-f",1,0,2,0,2,30,1,1476476164705,"true",0,0,"close"
"2356-f",0,0,2,1,0,37,1,1476476245731,"true",0,0,"close"
"2356-f",1,0,0,0,2,36,0,1476476238193,"true",1,0,"split"
"2356-f",0,0,2,1,0,35,1,1476476224452,"true",0,0,"split"
"2356-f",1,0,0,0,2,34,0,1476476211546,"true",1,0,"split"
"2356-f",0,0,1,1,0,33,0,1476476187867,"true",0,1,"far"
"2356-f",0,1,1,0,1,32,0,1476476180731,"true",0,1,"split"
"2356-f",0,1,2,0,1,50,1,1476476393186,"true",0,0,"far"
