"gameid","sClicked_2","sClicked_1","lClickedIndex","sClicked_0","sClickedIndex","roundNum","lClicked_2","time","outcome","lClicked_0","lClicked_1","condition"
"2362-3",1,0,2,0,2,42,1,1476489973912,"false",0,0,"split"
"2362-3",0,0,1,1,0,48,0,1476490132074,"true",0,1,"close"
"2362-3",0,1,2,0,1,43,1,1476489995043,"true",0,0,"close"
"2362-3",0,0,2,1,0,49,1,1476490151364,"true",0,0,"split"
"2362-3",0,0,0,1,0,24,0,1476489580349,"true",1,0,"far"
"2362-3",0,0,2,1,0,25,1,1476489598875,"false",0,0,"close"
"2362-3",1,0,2,0,2,26,1,1476489648378,"true",0,0,"split"
"2362-3",1,0,0,0,2,27,0,1476489666888,"true",1,0,"split"
"2362-3",0,0,2,1,0,20,1,1476489512464,"true",0,0,"far"
"2362-3",1,0,2,0,2,21,1,1476489522670,"true",0,0,"far"
"2362-3",0,1,2,0,1,22,1,1476489533724,"true",0,0,"far"
"2362-3",1,0,1,0,2,23,0,1476489557490,"true",0,1,"close"
"2362-3",1,0,1,0,2,46,0,1476490083483,"true",0,1,"far"
"2362-3",0,0,2,1,0,47,1,1476490092394,"true",0,0,"far"
"2362-3",1,0,2,0,2,44,1,1476490058542,"true",0,0,"close"
"2362-3",1,0,0,0,2,45,0,1476490072200,"true",1,0,"far"
"2362-3",1,0,2,0,2,28,1,1476489685215,"true",0,0,"split"
"2362-3",0,1,2,0,1,29,1,1476489717348,"true",0,0,"close"
"2362-3",1,0,0,0,2,40,0,1476489936182,"true",1,0,"split"
"2362-3",0,0,0,1,0,41,0,1476489951576,"true",1,0,"split"
"2362-3",1,0,1,0,2,1,0,1476489099913,"false",0,1,"split"
"2362-3",0,0,1,1,0,3,0,1476489147744,"true",0,1,"far"
"2362-3",1,0,2,0,2,2,1,1476489126586,"true",0,0,"far"
"2362-3",1,0,1,0,2,5,0,1476489183053,"true",0,1,"far"
"2362-3",0,1,2,0,1,4,1,1476489164387,"true",0,0,"close"
"2362-3",0,1,0,0,1,7,0,1476489222744,"true",1,0,"split"
"2362-3",1,0,2,0,2,6,1,1476489208782,"true",0,0,"close"
"2362-3",0,0,1,1,0,9,0,1476489248909,"true",0,1,"split"
"2362-3",0,1,0,0,1,8,0,1476489234874,"true",1,0,"far"
"2362-3",1,0,2,0,2,39,1,1476489916052,"true",0,0,"close"
"2362-3",0,1,0,0,1,38,0,1476489865958,"true",1,0,"close"
"2362-3",0,1,0,0,1,11,0,1476489296054,"true",1,0,"close"
"2362-3",1,0,2,0,2,10,1,1476489268858,"true",0,0,"close"
"2362-3",1,0,0,0,2,13,0,1476489351847,"true",1,0,"far"
"2362-3",0,0,1,1,0,12,0,1476489329575,"false",0,1,"close"
"2362-3",1,0,1,0,2,15,0,1476489385594,"true",0,1,"far"
"2362-3",1,0,1,0,2,14,0,1476489372775,"true",0,1,"split"
"2362-3",0,1,0,0,1,17,0,1476489414552,"true",1,0,"split"
"2362-3",1,0,1,0,2,16,0,1476489397637,"true",0,1,"far"
"2362-3",0,1,2,0,1,19,1,1476489474242,"true",0,0,"far"
"2362-3",0,1,2,0,1,18,1,1476489456581,"true",0,0,"split"
"2362-3",1,0,2,0,2,31,1,1476489752351,"true",0,0,"split"
"2362-3",0,1,0,0,1,30,0,1476489735154,"true",1,0,"far"
"2362-3",0,1,2,0,1,37,1,1476489854220,"true",0,0,"split"
"2362-3",1,0,2,0,2,36,1,1476489839493,"true",0,0,"split"
"2362-3",0,0,1,1,0,35,0,1476489821941,"true",0,1,"close"
"2362-3",0,0,1,1,0,34,0,1476489808957,"true",0,1,"split"
"2362-3",0,1,1,0,1,33,0,1476489795973,"true",0,1,"close"
"2362-3",0,0,0,1,0,32,0,1476489777134,"true",1,0,"close"
"2362-3",1,0,2,0,2,50,1,1476490177416,"true",0,0,"far"
