"gameid","sClicked_2","sClicked_1","lClickedIndex","sClicked_0","sClickedIndex","roundNum","lClicked_2","time","outcome","lClicked_0","lClicked_1","condition"
"2375-f",1,0,1,0,2,42,0,1476490773335,"true",0,1,"close"
"2375-f",1,0,1,0,2,48,0,1476490930139,"true",0,1,"split"
"2375-f",0,0,2,1,0,43,1,1476490797516,"true",0,0,"close"
"2375-f",0,1,2,0,1,49,1,1476490960396,"true",0,0,"far"
"2375-f",0,1,2,0,1,24,1,1476490390499,"true",0,0,"close"
"2375-f",0,0,2,1,0,25,1,1476490414797,"true",0,0,"close"
"2375-f",0,1,2,0,1,26,1,1476490433494,"true",0,0,"far"
"2375-f",0,1,1,0,1,27,0,1476490457037,"true",0,1,"close"
"2375-f",1,0,2,0,2,20,1,1476490287912,"true",0,0,"far"
"2375-f",0,0,0,1,0,21,0,1476490304529,"true",1,0,"far"
"2375-f",1,0,0,0,2,22,0,1476490331043,"true",1,0,"close"
"2375-f",0,0,2,1,0,23,1,1476490362160,"true",0,0,"split"
"2375-f",0,1,2,0,1,46,1,1476490898875,"true",0,0,"split"
"2375-f",1,0,1,0,2,47,0,1476490914219,"true",0,1,"close"
"2375-f",0,1,1,0,1,44,0,1476490825780,"false",0,1,"close"
"2375-f",0,1,1,0,1,45,0,1476490882135,"true",0,1,"close"
"2375-f",1,0,1,0,2,28,0,1476490474668,"true",0,1,"split"
"2375-f",0,0,2,1,0,29,1,1476490502725,"true",0,0,"split"
"2375-f",1,0,1,0,2,40,0,1476490747354,"false",0,1,"close"
"2375-f",0,1,2,0,1,41,1,1476490762398,"true",0,0,"split"
"2375-f",0,0,2,1,0,1,1,1476489796232,"true",0,0,"split"
"2375-f",1,0,2,0,2,3,1,1476489840693,"true",0,0,"split"
"2375-f",0,1,0,0,1,2,0,1476489816285,"true",1,0,"close"
"2375-f",0,1,2,0,1,5,1,1476489882563,"true",0,0,"far"
"2375-f",1,0,0,0,2,4,0,1476489860300,"true",1,0,"far"
"2375-f",0,0,0,1,0,7,0,1476489947138,"true",1,0,"close"
"2375-f",0,0,0,1,0,6,0,1476489896907,"true",1,0,"far"
"2375-f",1,0,1,0,2,9,0,1476489996270,"true",0,1,"close"
"2375-f",0,1,2,0,1,8,1,1476489960475,"true",0,0,"far"
"2375-f",0,1,1,0,1,39,0,1476490725001,"true",0,1,"split"
"2375-f",1,0,2,0,2,38,1,1476490709194,"true",0,0,"close"
"2375-f",0,0,1,1,0,11,0,1476490064621,"true",0,1,"split"
"2375-f",1,0,1,0,2,10,0,1476490018119,"true",0,1,"split"
"2375-f",0,0,2,1,0,13,1,1476490102844,"true",0,0,"far"
"2375-f",0,0,1,1,0,12,0,1476490085078,"true",0,1,"far"
"2375-f",0,1,0,0,1,15,0,1476490147427,"true",1,0,"far"
"2375-f",0,0,0,1,0,14,0,1476490123378,"true",1,0,"split"
"2375-f",0,0,0,1,0,17,0,1476490222758,"true",1,0,"split"
"2375-f",0,0,2,1,0,16,1,1476490177119,"true",0,0,"split"
"2375-f",0,1,2,0,1,19,1,1476490262814,"true",0,0,"close"
"2375-f",0,0,1,1,0,18,0,1476490242747,"true",0,1,"close"
"2375-f",0,1,1,0,1,31,0,1476490553845,"true",0,1,"far"
"2375-f",0,1,0,0,1,30,0,1476490521710,"true",1,0,"split"
"2375-f",1,0,0,0,2,37,0,1476490679423,"true",1,0,"far"
"2375-f",0,1,0,0,1,36,0,1476490666919,"true",1,0,"far"
"2375-f",1,0,1,0,2,35,0,1476490645362,"true",0,1,"far"
"2375-f",0,0,0,1,0,34,0,1476490613797,"true",1,0,"far"
"2375-f",1,0,2,0,2,33,1,1476490596289,"true",0,0,"close"
"2375-f",0,0,1,1,0,32,0,1476490573627,"true",0,1,"split"
"2375-f",0,1,2,0,1,50,1,1476490974139,"true",0,0,"far"
