"gameid","sClicked_2","sClicked_1","lClickedIndex","sClicked_0","sClickedIndex","roundNum","lClicked_2","time","outcome","lClicked_0","lClicked_1","condition"
"2376-1",1,0,1,0,2,42,0,1476473916107,"true",0,1,"close"
"2376-1",0,1,0,0,1,48,0,1476473989040,"true",1,0,"far"
"2376-1",1,0,2,0,2,43,1,1476473930247,"true",0,0,"split"
"2376-1",1,0,2,0,2,49,1,1476474000057,"true",0,0,"close"
"2376-1",1,0,2,0,2,24,1,1476473695768,"true",0,0,"close"
"2376-1",1,0,2,0,2,25,1,1476473703279,"true",0,0,"split"
"2376-1",0,0,2,1,0,26,1,1476473716392,"true",0,0,"split"
"2376-1",0,0,0,1,0,27,0,1476473726861,"true",1,0,"close"
"2376-1",1,0,0,0,2,20,0,1476473655139,"true",1,0,"split"
"2376-1",0,0,0,1,0,21,0,1476473662858,"true",1,0,"far"
"2376-1",0,0,1,1,0,22,0,1476473673679,"true",0,1,"far"
"2376-1",1,0,1,0,2,23,0,1476473684991,"true",0,1,"split"
"2376-1",0,1,1,0,1,46,0,1476473963770,"true",0,1,"close"
"2376-1",0,0,0,1,0,47,0,1476473975450,"false",1,0,"close"
"2376-1",0,1,0,0,1,44,0,1476473949268,"true",1,0,"far"
"2376-1",1,0,1,0,2,45,0,1476473957329,"true",0,1,"far"
"2376-1",0,0,1,1,0,28,0,1476473744242,"false",0,1,"split"
"2376-1",1,0,0,0,2,29,0,1476473753752,"true",1,0,"far"
"2376-1",1,0,0,0,2,40,0,1476473886745,"true",1,0,"split"
"2376-1",0,0,0,1,0,41,0,1476473899463,"true",1,0,"split"
"2376-1",0,0,0,1,0,1,0,1476473404734,"true",1,0,"far"
"2376-1",0,1,1,0,1,3,0,1476473433022,"true",0,1,"far"
"2376-1",1,0,0,0,2,2,0,1476473423661,"true",1,0,"close"
"2376-1",1,0,2,0,2,5,1,1476473466755,"true",0,0,"close"
"2376-1",1,0,2,0,2,4,1,1476473451173,"true",0,0,"split"
"2376-1",0,0,0,1,0,7,0,1476473491423,"true",1,0,"close"
"2376-1",0,0,2,1,0,6,1,1476473476105,"true",0,0,"far"
"2376-1",0,0,0,1,0,9,0,1476473517065,"true",1,0,"far"
"2376-1",0,0,1,1,0,8,0,1476473510505,"true",0,1,"close"
"2376-1",0,1,2,0,1,39,1,1476473869824,"false",0,0,"close"
"2376-1",0,0,0,1,0,38,0,1476473856864,"true",1,0,"close"
"2376-1",0,1,1,0,1,11,0,1476473554309,"true",0,1,"close"
"2376-1",0,1,0,0,1,10,0,1476473523601,"true",1,0,"split"
"2376-1",0,0,0,1,0,13,0,1476473574107,"true",1,0,"close"
"2376-1",1,0,1,0,2,12,0,1476473561777,"true",0,1,"split"
"2376-1",0,1,0,0,1,15,0,1476473597336,"true",1,0,"close"
"2376-1",0,0,0,1,0,14,0,1476473584297,"true",1,0,"split"
"2376-1",0,1,0,0,1,17,0,1476473618467,"true",1,0,"far"
"2376-1",0,0,2,1,0,16,1,1476473608706,"true",0,0,"close"
"2376-1",0,1,2,0,1,19,1,1476473644517,"true",0,0,"split"
"2376-1",0,0,0,1,0,18,0,1476473631367,"true",1,0,"split"
"2376-1",1,0,2,0,2,31,1,1476473781031,"true",0,0,"split"
"2376-1",0,1,2,0,1,30,1,1476473764343,"true",0,0,"far"
"2376-1",0,0,2,1,0,37,1,1476473843206,"true",0,0,"split"
"2376-1",0,1,1,0,1,36,0,1476473828626,"true",0,1,"far"
"2376-1",0,1,1,0,1,35,0,1476473818583,"true",0,1,"far"
"2376-1",1,0,1,0,2,34,0,1476473810723,"true",0,1,"split"
"2376-1",0,1,1,0,1,33,0,1476473797434,"true",0,1,"far"
"2376-1",0,1,2,0,1,32,1,1476473789122,"true",0,0,"far"
"2376-1",1,0,2,0,2,50,1,1476474008298,"true",0,0,"far"
