"gameid","sClicked_2","sClicked_1","lClickedIndex","sClicked_0","sClickedIndex","roundNum","lClicked_2","time","outcome","lClicked_0","lClicked_1","condition"
"2377-b",0,0,0,1,0,42,0,1476990129438,"true",1,0,"split"
"2377-b",1,0,1,0,2,48,0,1476990191240,"true",0,1,"split"
"2377-b",0,0,1,1,0,43,0,1476990138532,"true",0,1,"far"
"2377-b",0,0,0,1,0,49,0,1476990216892,"true",1,0,"close"
"2377-b",0,1,2,0,1,24,1,1476989933111,"true",0,0,"close"
"2377-b",0,0,2,1,0,25,1,1476989944444,"true",0,0,"far"
"2377-b",1,0,1,0,2,26,0,1476989952546,"true",0,1,"close"
"2377-b",0,1,0,0,1,27,0,1476989962466,"true",1,0,"split"
"2377-b",1,0,2,0,2,20,1,1476989878521,"true",0,0,"close"
"2377-b",0,1,2,0,1,21,1,1476989888001,"true",0,0,"far"
"2377-b",1,0,0,0,2,22,0,1476989909412,"false",1,0,"close"
"2377-b",0,0,0,1,0,23,0,1476989922816,"true",1,0,"close"
"2377-b",0,1,0,0,1,46,0,1476990165660,"false",1,0,"split"
"2377-b",0,0,0,1,0,47,0,1476990183898,"true",1,0,"split"
"2377-b",0,0,0,1,0,44,0,1476990149728,"true",1,0,"far"
"2377-b",0,0,2,1,0,45,1,1476990157372,"true",0,0,"split"
"2377-b",1,0,0,0,2,28,0,1476989969911,"true",1,0,"far"
"2377-b",0,0,0,1,0,29,0,1476989979676,"true",1,0,"split"
"2377-b",0,1,0,0,1,40,0,1476990098840,"true",1,0,"close"
"2377-b",0,1,0,0,1,41,0,1476990116950,"false",1,0,"far"
"2377-b",1,0,2,0,2,1,1,1476989591672,"true",0,0,"split"
"2377-b",0,0,1,1,0,3,0,1476989652105,"true",0,1,"close"
"2377-b",0,1,1,0,1,2,0,1476989605307,"true",0,1,"split"
"2377-b",0,0,1,1,0,5,0,1476989694937,"true",0,1,"split"
"2377-b",1,0,1,0,2,4,0,1476989677967,"true",0,1,"close"
"2377-b",1,0,1,0,2,7,0,1476989720335,"false",0,1,"far"
"2377-b",0,1,2,0,1,6,1,1476989704348,"true",0,0,"far"
"2377-b",1,0,1,0,2,9,0,1476989740627,"true",0,1,"close"
"2377-b",0,0,0,1,0,8,0,1476989731750,"true",1,0,"split"
"2377-b",1,0,2,0,2,39,1,1476990088890,"true",0,0,"far"
"2377-b",0,0,0,1,0,38,0,1476990081825,"true",1,0,"far"
"2377-b",0,0,2,1,0,11,1,1476989766845,"true",0,0,"close"
"2377-b",1,0,0,0,2,10,0,1476989750500,"true",1,0,"far"
"2377-b",1,0,0,0,2,13,0,1476989795155,"true",1,0,"far"
"2377-b",1,0,2,0,2,12,1,1476989786123,"true",0,0,"close"
"2377-b",0,1,0,0,1,15,0,1476989825458,"true",1,0,"far"
"2377-b",1,0,2,0,2,14,1,1476989804235,"true",0,0,"close"
"2377-b",0,0,2,1,0,17,1,1476989846285,"true",0,0,"split"
"2377-b",0,1,0,0,1,16,0,1476989835813,"true",1,0,"far"
"2377-b",0,0,1,1,0,19,0,1476989870828,"true",0,1,"close"
"2377-b",0,1,2,0,1,18,1,1476989862131,"true",0,0,"close"
"2377-b",0,0,0,1,0,31,0,1476990004335,"true",1,0,"split"
"2377-b",0,0,0,1,0,30,0,1476989995642,"true",1,0,"far"
"2377-b",0,0,2,1,0,37,1,1476990074632,"true",0,0,"split"
"2377-b",0,1,0,0,1,36,0,1476990066508,"true",1,0,"far"
"2377-b",0,0,0,1,0,35,0,1476990059170,"true",1,0,"split"
"2377-b",0,1,1,0,1,34,0,1476990048574,"false",0,1,"split"
"2377-b",0,1,0,0,1,33,0,1476990029872,"true",1,0,"split"
"2377-b",1,0,0,0,2,32,0,1476990016172,"true",1,0,"close"
"2377-b",0,0,1,1,0,50,0,1476990226878,"true",0,1,"far"
