"gameid","sClicked_2","sClicked_1","lClickedIndex","sClicked_0","sClickedIndex","roundNum","lClicked_2","time","outcome","lClicked_0","lClicked_1","condition"
"2377-f",1,0,1,0,2,42,0,1476993031420,"false",0,1,"close"
"2377-f",0,0,0,1,0,48,0,1476993113468,"true",1,0,"far"
"2377-f",0,0,1,1,0,43,0,1476993059266,"false",0,1,"close"
"2377-f",1,0,0,0,2,49,0,1476993125097,"true",1,0,"close"
"2377-f",0,0,2,1,0,24,1,1476992717912,"true",0,0,"far"
"2377-f",0,0,2,1,0,25,1,1476992734748,"true",0,0,"split"
"2377-f",1,0,0,0,2,26,0,1476992763276,"true",1,0,"close"
"2377-f",0,1,1,0,1,27,0,1476992777410,"false",0,1,"far"
"2377-f",0,1,1,0,1,20,0,1476992668706,"true",0,1,"split"
"2377-f",1,0,1,0,2,21,0,1476992678149,"true",0,1,"split"
"2377-f",0,1,0,0,1,22,0,1476992696764,"true",1,0,"split"
"2377-f",0,0,0,1,0,23,0,1476992709579,"true",1,0,"close"
"2377-f",0,0,1,1,0,46,0,1476993094879,"true",0,1,"far"
"2377-f",0,0,2,1,0,47,1,1476993103804,"true",0,0,"split"
"2377-f",0,0,0,1,0,44,0,1476993068059,"true",1,0,"split"
"2377-f",1,0,0,0,2,45,0,1476993086540,"false",1,0,"close"
"2377-f",0,1,1,0,1,28,0,1476992799151,"true",0,1,"split"
"2377-f",1,0,2,0,2,29,1,1476992816658,"false",0,0,"split"
"2377-f",0,0,0,1,0,40,0,1476993005484,"true",1,0,"far"
"2377-f",1,0,1,0,2,41,0,1476993015513,"true",0,1,"far"
"2377-f",1,0,1,0,2,1,0,1476992306610,"false",0,1,"far"
"2377-f",0,1,0,0,1,3,0,1476992366739,"true",1,0,"split"
"2377-f",0,1,0,0,1,2,0,1476992349260,"true",1,0,"close"
"2377-f",0,0,1,1,0,5,0,1476992390156,"true",0,1,"split"
"2377-f",1,0,1,0,2,4,0,1476992377404,"true",0,1,"far"
"2377-f",0,0,0,1,0,7,0,1476992413256,"true",1,0,"far"
"2377-f",1,0,0,0,2,6,0,1476992404732,"true",1,0,"close"
"2377-f",0,1,1,0,1,9,0,1476992451618,"true",0,1,"close"
"2377-f",0,0,2,1,0,8,1,1476992426665,"false",0,0,"close"
"2377-f",0,1,2,0,1,39,1,1476992995666,"false",0,0,"far"
"2377-f",1,0,2,0,2,38,1,1476992982236,"true",0,0,"close"
"2377-f",1,0,0,0,2,11,0,1476992480156,"true",1,0,"split"
"2377-f",1,0,1,0,2,10,0,1476992461003,"true",0,1,"split"
"2377-f",0,0,2,1,0,13,1,1476992503429,"true",0,0,"far"
"2377-f",0,0,0,1,0,12,0,1476992492860,"false",1,0,"close"
"2377-f",1,0,2,0,2,15,1,1476992558124,"true",0,0,"close"
"2377-f",0,0,0,1,0,14,0,1476992546792,"false",1,0,"close"
"2377-f",0,1,0,0,1,17,0,1476992629819,"true",1,0,"split"
"2377-f",1,0,2,0,2,16,1,1476992579250,"true",0,0,"far"
"2377-f",0,1,1,0,1,19,0,1476992654927,"true",0,1,"split"
"2377-f",1,0,1,0,2,18,0,1476992639758,"true",0,1,"split"
"2377-f",0,0,2,1,0,31,1,1476992838956,"true",0,0,"far"
"2377-f",0,0,0,1,0,30,0,1476992826591,"true",1,0,"far"
"2377-f",1,0,0,0,2,37,0,1476992972633,"true",1,0,"far"
"2377-f",1,0,2,0,2,36,1,1476992963568,"false",0,0,"far"
"2377-f",1,0,2,0,2,35,1,1476992926902,"true",0,0,"split"
"2377-f",0,0,1,1,0,34,0,1476992917433,"true",0,1,"split"
"2377-f",0,1,0,0,1,33,0,1476992904201,"true",1,0,"far"
"2377-f",0,1,0,0,1,32,0,1476992896629,"false",1,0,"close"
"2377-f",0,1,0,0,1,50,0,1476993146658,"true",1,0,"close"
