"gameid","sClicked_2","sClicked_1","lClickedIndex","sClicked_0","sClickedIndex","roundNum","lClicked_2","time","outcome","lClicked_0","lClicked_1","condition"
"2386-b",1,0,0,0,2,42,0,1476991161173,"true",1,0,"split"
"2386-b",1,0,0,0,2,48,0,1476991214375,"true",1,0,"split"
"2386-b",0,0,2,1,0,43,1,1476991168398,"true",0,0,"far"
"2386-b",0,1,0,0,1,49,0,1476991225057,"true",1,0,"close"
"2386-b",0,1,1,0,1,24,0,1476990976849,"true",0,1,"close"
"2386-b",0,0,2,1,0,25,1,1476990988572,"true",0,0,"close"
"2386-b",1,0,2,0,2,26,1,1476991003821,"true",0,0,"far"
"2386-b",1,0,0,0,2,27,0,1476991011790,"true",1,0,"split"
"2386-b",0,0,0,1,0,20,0,1476990935326,"true",1,0,"close"
"2386-b",0,0,0,1,0,21,0,1476990944491,"true",1,0,"split"
"2386-b",0,0,2,1,0,22,1,1476990955782,"true",0,0,"split"
"2386-b",0,0,1,1,0,23,0,1476990966508,"true",0,1,"far"
"2386-b",1,0,2,0,2,46,1,1476991197988,"true",0,0,"far"
"2386-b",0,0,1,1,0,47,0,1476991206058,"true",0,1,"far"
"2386-b",1,0,0,0,2,44,0,1476991178974,"true",1,0,"far"
"2386-b",0,1,0,0,1,45,0,1476991189078,"true",1,0,"close"
"2386-b",0,0,1,1,0,28,0,1476991020489,"true",0,1,"split"
"2386-b",0,0,1,1,0,29,0,1476991031744,"true",0,1,"close"
"2386-b",1,0,1,0,2,40,0,1476991144352,"true",0,1,"close"
"2386-b",1,0,2,0,2,41,1,1476991152156,"true",0,0,"split"
"2386-b",0,0,1,1,0,1,0,1476990691909,"true",0,1,"split"
"2386-b",0,0,0,1,0,3,0,1476990719572,"true",1,0,"split"
"2386-b",0,0,2,1,0,2,1,1476990709020,"true",0,0,"far"
"2386-b",0,0,1,1,0,5,0,1476990747930,"true",0,1,"close"
"2386-b",1,0,2,0,2,4,1,1476990729767,"true",0,0,"far"
"2386-b",1,0,0,0,2,6,0,1476990756992,"true",1,0,"split"
"2386-b",0,1,0,0,1,9,0,1476990817672,"true",1,0,"split"
"2386-b",1,0,0,0,2,8,0,1476990806531,"true",1,0,"close"
"2386-b",0,0,0,1,0,39,0,1476991129000,"true",1,0,"far"
"2386-b",0,0,1,1,0,38,0,1476991122110,"true",0,1,"close"
"2386-b",0,0,1,1,0,11,0,1476990837801,"true",0,1,"split"
"2386-b",1,0,0,0,2,10,0,1476990827799,"true",1,0,"split"
"2386-b",0,0,1,1,0,13,0,1476990856946,"true",0,1,"close"
"2386-b",0,0,1,1,0,12,0,1476990845483,"true",0,1,"far"
"2386-b",0,0,1,1,0,15,0,1476990875169,"true",0,1,"far"
"2386-b",0,0,0,1,0,14,0,1476990864977,"true",1,0,"far"
"2386-b",1,0,0,0,2,17,0,1476990902110,"true",1,0,"far"
"2386-b",0,0,1,1,0,16,0,1476990894590,"true",0,1,"split"
"2386-b",0,1,2,0,1,19,1,1476990926287,"true",0,0,"split"
"2386-b",0,0,0,1,0,18,0,1476990911152,"true",1,0,"close"
"2386-b",1,0,2,0,2,31,1,1476991048239,"true",0,0,"close"
"2386-b",0,1,1,0,1,30,0,1476991039953,"true",0,1,"far"
"2386-b",1,0,1,0,2,37,0,1476991113823,"false",0,1,"close"
"2386-b",1,0,1,0,2,36,0,1476991097270,"true",0,1,"close"
"2386-b",0,0,2,1,0,35,1,1476991086381,"true",0,0,"far"
"2386-b",0,1,2,0,1,34,1,1476991078685,"true",0,0,"split"
"2386-b",0,0,2,1,0,33,1,1476991067692,"false",0,0,"close"
"2386-b",0,0,2,1,0,32,1,1476991056523,"true",0,0,"far"
"2386-b",0,0,0,1,0,50,0,1476991231803,"true",1,0,"split"
