"gameid","sClicked_2","sClicked_1","lClickedIndex","sClicked_0","sClickedIndex","roundNum","lClicked_2","time","outcome","lClicked_0","lClicked_1","condition"
"2400-e",0,0,2,1,0,42,1,1459887244466,"true",0,0,"far"
"2400-e",0,1,0,0,1,48,0,1459887352108,"true",1,0,"far"
"2400-e",0,1,2,0,1,43,1,1459887262470,"true",0,0,"close"
"2400-e",0,1,0,0,1,49,0,1459887378690,"false",1,0,"close"
"2400-e",1,0,2,0,2,24,1,1459886973202,"true",0,0,"split"
"2400-e",0,0,2,1,0,25,1,1459886986724,"true",0,0,"split"
"2400-e",1,0,2,0,2,26,1,1459887005724,"true",0,0,"close"
"2400-e",0,0,1,1,0,27,0,1459887018022,"true",0,1,"far"
"2400-e",1,0,2,0,2,20,1,1459886929782,"true",0,0,"far"
"2400-e",0,1,0,0,1,21,0,1459886938423,"true",1,0,"far"
"2400-e",1,0,0,0,2,22,0,1459886957612,"true",1,0,"split"
"2400-e",0,0,2,1,0,23,1,1459886965911,"true",0,0,"far"
"2400-e",0,1,0,0,1,46,0,1459887332405,"true",1,0,"close"
"2400-e",0,1,2,0,1,47,1,1459887341968,"true",0,0,"close"
"2400-e",0,0,1,1,0,44,0,1459887282470,"true",0,1,"split"
"2400-e",0,1,1,0,1,45,0,1459887299037,"true",0,1,"far"
"2400-e",0,1,0,0,1,28,0,1459887026053,"true",1,0,"far"
"2400-e",1,0,0,0,2,29,0,1459887043498,"true",1,0,"split"
"2400-e",0,0,2,1,0,40,1,1459887221704,"true",0,0,"close"
"2400-e",0,0,2,1,0,41,1,1459887236777,"true",0,0,"close"
"2400-e",0,1,1,0,1,1,0,1459886674449,"true",0,1,"split"
"2400-e",1,0,1,0,2,3,0,1459886703168,"true",0,1,"split"
"2400-e",0,0,1,1,0,2,0,1459886688017,"true",0,1,"split"
"2400-e",1,0,1,0,2,5,0,1459886733362,"true",0,1,"split"
"2400-e",0,1,1,0,1,4,0,1459886718583,"false",0,1,"close"
"2400-e",1,0,1,0,2,7,0,1459886758227,"true",0,1,"close"
"2400-e",0,0,2,1,0,6,1,1459886740795,"true",0,0,"far"
"2400-e",1,0,2,0,2,9,1,1459886790162,"true",0,0,"close"
"2400-e",1,0,0,0,2,8,0,1459886775643,"true",1,0,"split"
"2400-e",0,0,0,1,0,39,0,1459887209367,"true",1,0,"close"
"2400-e",0,1,2,0,1,38,1,1459887195502,"true",0,0,"close"
"2400-e",0,0,2,1,0,11,1,1459886809016,"true",0,0,"far"
"2400-e",0,1,0,0,1,10,0,1459886799974,"true",1,0,"far"
"2400-e",0,0,1,1,0,13,0,1459886836681,"true",0,1,"close"
"2400-e",0,0,1,1,0,12,0,1459886820599,"true",0,1,"far"
"2400-e",1,0,1,0,2,15,0,1459886882295,"true",0,1,"split"
"2400-e",1,0,2,0,2,14,1,1459886861750,"true",0,0,"close"
"2400-e",0,0,1,1,0,17,0,1459886906221,"true",0,1,"far"
"2400-e",0,1,1,0,1,16,0,1459886895696,"true",0,1,"split"
"2400-e",0,0,2,1,0,19,1,1459886923158,"true",0,0,"split"
"2400-e",0,1,2,0,1,18,1,1459886913901,"true",0,0,"far"
"2400-e",0,1,1,0,1,31,0,1459887080394,"true",0,1,"split"
"2400-e",0,0,0,1,0,30,0,1459887061210,"false",1,0,"close"
"2400-e",1,0,1,0,2,37,0,1459887187186,"true",0,1,"far"
"2400-e",0,0,2,1,0,36,1,1459887177246,"true",0,0,"split"
"2400-e",0,0,0,1,0,34,0,1459887144212,"false",1,0,"close"
"2400-e",0,1,0,0,1,33,0,1459887103199,"true",1,0,"far"
"2400-e",0,1,0,0,1,32,0,1459887094731,"true",1,0,"far"
"2400-e",0,1,0,0,1,50,0,1459887387380,"true",1,0,"split"
