"gameid","sClicked_2","sClicked_1","lClickedIndex","sClicked_0","sClickedIndex","roundNum","lClicked_2","time","outcome","lClicked_0","lClicked_1","condition"
"2406-5",0,1,1,0,1,42,0,1476992750323,"true",0,1,"close"
"2406-5",0,0,2,1,0,48,1,1476992843562,"true",0,0,"split"
"2406-5",1,0,1,0,2,43,0,1476992759343,"true",0,1,"split"
"2406-5",0,1,1,0,1,49,0,1476992854288,"true",0,1,"close"
"2406-5",0,1,2,0,1,24,1,1476992455580,"true",0,0,"split"
"2406-5",0,1,1,0,1,25,0,1476992463585,"true",0,1,"split"
"2406-5",0,0,2,1,0,26,1,1476992486805,"false",0,0,"close"
"2406-5",1,0,0,0,2,27,0,1476992504172,"true",1,0,"far"
"2406-5",1,0,0,0,2,20,0,1476992423580,"true",1,0,"far"
"2406-5",0,1,2,0,1,21,1,1476992433053,"true",0,0,"close"
"2406-5",0,1,2,0,1,22,1,1476992440377,"true",0,0,"far"
"2406-5",0,1,0,0,1,23,0,1476992447491,"true",1,0,"far"
"2406-5",0,0,0,1,0,46,0,1476992824967,"true",1,0,"close"
"2406-5",0,1,0,0,1,47,0,1476992831707,"true",1,0,"split"
"2406-5",0,1,0,0,1,44,0,1476992803038,"true",1,0,"close"
"2406-5",0,0,1,1,0,45,0,1476992817869,"true",0,1,"close"
"2406-5",0,0,0,1,0,28,0,1476992512028,"true",1,0,"far"
"2406-5",0,1,1,0,1,29,0,1476992518838,"true",0,1,"close"
"2406-5",1,0,0,0,2,40,0,1476992667402,"true",1,0,"far"
"2406-5",0,1,0,0,1,41,0,1476992674188,"true",1,0,"far"
"2406-5",0,0,0,1,0,1,0,1476992106636,"true",1,0,"split"
"2406-5",1,0,1,0,2,3,0,1476992147825,"true",0,1,"split"
"2406-5",0,0,0,1,0,2,0,1476992122965,"false",1,0,"split"
"2406-5",0,1,0,0,1,5,0,1476992171422,"true",1,0,"far"
"2406-5",1,0,1,0,2,4,0,1476992163901,"true",0,1,"split"
"2406-5",1,0,0,0,2,7,0,1476992216156,"true",1,0,"close"
"2406-5",0,1,1,0,1,6,0,1476992180752,"true",0,1,"far"
"2406-5",1,0,1,0,2,9,0,1476992276621,"true",0,1,"close"
"2406-5",0,0,2,1,0,8,1,1476992223542,"true",0,0,"far"
"2406-5",1,0,2,0,2,39,1,1476992659820,"true",0,0,"close"
"2406-5",0,1,2,0,1,38,1,1476992647427,"true",0,0,"close"
"2406-5",1,0,2,0,2,11,1,1476992329776,"true",0,0,"split"
"2406-5",0,1,2,0,1,10,1,1476992284007,"true",0,0,"far"
"2406-5",0,1,2,0,1,13,1,1476992344647,"true",0,0,"close"
"2406-5",0,1,2,0,1,12,1,1476992337230,"true",0,0,"far"
"2406-5",1,0,1,0,2,15,0,1476992381141,"true",0,1,"close"
"2406-5",0,1,2,0,1,14,1,1476992351594,"true",0,0,"far"
"2406-5",0,1,1,0,1,17,0,1476992404043,"true",0,1,"close"
"2406-5",0,0,2,1,0,16,1,1476992387935,"true",0,0,"far"
"2406-5",1,0,1,0,2,19,0,1476992416654,"true",0,1,"far"
"2406-5",0,0,0,1,0,18,0,1476992410665,"true",1,0,"split"
"2406-5",0,1,2,0,1,31,1,1476992541514,"true",0,0,"split"
"2406-5",0,0,2,1,0,30,1,1476992531402,"true",0,0,"close"
"2406-5",1,0,0,0,2,37,0,1476992619332,"true",1,0,"split"
"2406-5",1,0,0,0,2,36,0,1476992611328,"true",1,0,"split"
"2406-5",0,0,1,1,0,35,0,1476992603036,"true",0,1,"far"
"2406-5",0,0,0,1,0,34,0,1476992593142,"true",1,0,"close"
"2406-5",0,1,2,0,1,33,1,1476992563540,"true",0,0,"split"
"2406-5",0,1,0,0,1,32,0,1476992552393,"true",1,0,"split"
"2406-5",1,0,2,0,2,50,1,1476992868877,"true",0,0,"far"
