"gameid","sClicked_2","sClicked_1","lClickedIndex","sClicked_0","sClickedIndex","roundNum","lClicked_2","time","outcome","lClicked_0","lClicked_1","condition"
"2409-5",0,0,0,1,0,42,0,1476491143981,"true",1,0,"far"
"2409-5",0,1,1,0,1,48,0,1476491264890,"false",0,1,"close"
"2409-5",1,0,1,0,2,43,0,1476491160141,"true",0,1,"split"
"2409-5",0,0,0,1,0,49,0,1476491287498,"true",1,0,"close"
"2409-5",0,0,2,1,0,24,1,1476490663375,"true",0,0,"split"
"2409-5",0,1,2,0,1,25,1,1476490687734,"true",0,0,"split"
"2409-5",0,0,1,1,0,26,0,1476490700938,"true",0,1,"far"
"2409-5",0,1,2,0,1,27,1,1476490720050,"true",0,0,"far"
"2409-5",0,0,2,1,0,20,1,1476490569335,"true",0,0,"far"
"2409-5",1,0,2,0,2,21,1,1476490590649,"true",0,0,"split"
"2409-5",0,0,0,1,0,22,0,1476490620441,"false",1,0,"close"
"2409-5",0,0,2,1,0,23,1,1476490649630,"true",0,0,"split"
"2409-5",0,0,0,1,0,46,0,1476491220402,"true",1,0,"close"
"2409-5",0,0,1,1,0,47,0,1476491235191,"true",0,1,"split"
"2409-5",0,0,0,1,0,44,0,1476491177136,"true",1,0,"split"
"2409-5",0,1,2,0,1,45,1,1476491193247,"true",0,0,"close"
"2409-5",0,1,1,0,1,28,0,1476490736996,"true",0,1,"far"
"2409-5",1,0,2,0,2,29,1,1476490767353,"true",0,0,"far"
"2409-5",0,0,0,1,0,40,0,1476491108170,"true",1,0,"far"
"2409-5",0,0,0,1,0,41,0,1476491125498,"true",1,0,"far"
"2409-5",1,0,1,0,2,1,0,1476490140559,"true",0,1,"far"
"2409-5",0,0,0,1,0,3,0,1476490181539,"true",1,0,"split"
"2409-5",0,0,2,1,0,2,1,1476490161274,"true",0,0,"far"
"2409-5",0,0,1,1,0,5,0,1476490222999,"true",0,1,"split"
"2409-5",0,1,2,0,1,4,1,1476490201534,"true",0,0,"far"
"2409-5",0,1,1,0,1,7,0,1476490283775,"true",0,1,"close"
"2409-5",0,0,1,1,0,6,0,1476490252899,"true",0,1,"split"
"2409-5",0,1,1,0,1,9,0,1476490329305,"true",0,1,"far"
"2409-5",0,0,1,1,0,8,0,1476490310713,"true",0,1,"close"
"2409-5",0,1,0,0,1,39,0,1476491093942,"true",1,0,"split"
"2409-5",0,0,0,1,0,38,0,1476491079397,"true",1,0,"close"
"2409-5",1,0,2,0,2,11,1,1476490373925,"true",0,0,"close"
"2409-5",1,0,1,0,2,10,0,1476490350417,"false",0,1,"split"
"2409-5",0,0,0,1,0,13,0,1476490420278,"true",1,0,"split"
"2409-5",1,0,2,0,2,12,1,1476490393635,"true",0,0,"close"
"2409-5",0,0,2,1,0,15,1,1476490461618,"true",0,0,"close"
"2409-5",0,1,0,0,1,14,0,1476490435865,"true",1,0,"split"
"2409-5",1,0,1,0,2,17,0,1476490512768,"true",0,1,"far"
"2409-5",0,0,2,1,0,16,1,1476490484541,"true",0,0,"split"
"2409-5",1,0,1,0,2,19,0,1476490549275,"true",0,1,"close"
"2409-5",0,0,0,1,0,18,0,1476490534694,"true",1,0,"split"
"2409-5",0,0,2,1,0,31,1,1476490809201,"true",0,0,"close"
"2409-5",1,0,0,0,2,30,0,1476490790140,"true",1,0,"close"
"2409-5",1,0,1,0,2,37,0,1476491045496,"true",0,1,"split"
"2409-5",0,0,0,1,0,36,0,1476491015486,"true",1,0,"close"
"2409-5",0,1,2,0,1,35,1,1476490982420,"true",0,0,"far"
"2409-5",1,0,2,0,2,34,1,1476490965851,"true",0,0,"far"
"2409-5",0,1,2,0,1,33,1,1476490944635,"true",0,0,"far"
"2409-5",1,0,2,0,2,32,1,1476490927930,"true",0,0,"close"
"2409-5",1,0,1,0,2,50,0,1476491310761,"true",0,1,"close"
