"gameid","sClicked_2","sClicked_1","lClickedIndex","sClicked_0","sClickedIndex","roundNum","lClicked_2","time","outcome","lClicked_0","lClicked_1","condition"
"2427-e",1,0,0,0,2,42,0,1476990227160,"true",1,0,"close"
"2427-e",0,0,1,1,0,48,0,1476990332855,"true",0,1,"far"
"2427-e",1,0,1,0,2,43,0,1476990233984,"true",0,1,"far"
"2427-e",1,0,2,0,2,49,1,1476990375144,"true",0,0,"far"
"2427-e",1,0,1,0,2,24,0,1476990047913,"true",0,1,"split"
"2427-e",0,1,1,0,1,25,0,1476990059074,"false",0,1,"close"
"2427-e",0,1,0,0,1,26,0,1476990069129,"true",1,0,"far"
"2427-e",0,1,1,0,1,27,0,1476990076811,"true",0,1,"far"
"2427-e",1,0,2,0,2,20,1,1476989982985,"true",0,0,"split"
"2427-e",0,1,2,0,1,21,1,1476989995906,"false",0,0,"split"
"2427-e",0,1,0,0,1,22,0,1476990016354,"true",1,0,"split"
"2427-e",0,0,1,1,0,23,0,1476990038274,"false",0,1,"split"
"2427-e",1,0,0,0,2,46,0,1476990269410,"true",1,0,"close"
"2427-e",1,0,1,0,2,47,0,1476990284434,"false",0,1,"split"
"2427-e",0,1,2,0,1,44,1,1476990241753,"true",0,0,"far"
"2427-e",0,0,2,1,0,45,1,1476990256649,"true",0,0,"split"
"2427-e",0,0,1,1,0,28,0,1476990083161,"true",0,1,"far"
"2427-e",0,1,2,0,1,29,1,1476990089489,"true",0,0,"close"
"2427-e",1,0,2,0,2,40,1,1476990189771,"true",0,0,"split"
"2427-e",1,0,0,0,2,41,0,1476990203227,"true",1,0,"split"
"2427-e",0,1,1,0,1,1,0,1476989734404,"true",0,1,"split"
"2427-e",0,1,1,0,1,3,0,1476989756979,"false",0,1,"close"
"2427-e",1,0,1,0,2,2,0,1476989742811,"true",0,1,"close"
"2427-e",0,0,1,1,0,5,0,1476989785371,"true",0,1,"close"
"2427-e",0,1,2,0,1,4,1,1476989765003,"true",0,0,"close"
"2427-e",0,1,2,0,1,7,1,1476989824691,"true",0,0,"close"
"2427-e",0,0,2,1,0,6,1,1476989799723,"false",0,0,"close"
"2427-e",1,0,2,0,2,9,1,1476989838571,"true",0,0,"far"
"2427-e",0,0,2,1,0,8,1,1476989832050,"true",0,0,"far"
"2427-e",0,1,0,0,1,39,0,1476990170720,"true",1,0,"split"
"2427-e",1,0,1,0,2,38,0,1476990163497,"true",0,1,"far"
"2427-e",1,0,0,0,2,11,0,1476989884561,"true",1,0,"close"
"2427-e",1,0,2,0,2,10,1,1476989870986,"true",0,0,"far"
"2427-e",1,0,0,0,2,13,0,1476989917697,"true",1,0,"close"
"2427-e",1,0,1,0,2,12,0,1476989899419,"true",0,1,"split"
"2427-e",0,1,0,0,1,15,0,1476989935730,"true",1,0,"split"
"2427-e",0,1,2,0,1,14,1,1476989927130,"true",0,0,"close"
"2427-e",0,0,0,1,0,17,0,1476989952994,"true",1,0,"close"
"2427-e",1,0,1,0,2,16,0,1476989944642,"true",0,1,"far"
"2427-e",1,0,1,0,2,19,0,1476989970201,"true",0,1,"far"
"2427-e",0,1,2,0,1,18,1,1476989961561,"false",0,0,"close"
"2427-e",0,0,2,1,0,31,1,1476990107858,"true",0,0,"split"
"2427-e",0,0,1,1,0,30,0,1476990100739,"false",0,1,"split"
"2427-e",0,1,0,0,1,37,0,1476990153681,"true",1,0,"split"
"2427-e",0,1,2,0,1,36,1,1476990144320,"true",0,0,"far"
"2427-e",1,0,0,0,2,35,0,1476990137753,"true",1,0,"far"
"2427-e",0,0,2,1,0,34,1,1476990131529,"true",0,0,"close"
"2427-e",1,0,2,0,2,33,1,1476990120481,"true",0,0,"far"
"2427-e",1,0,1,0,2,32,0,1476990113985,"true",0,1,"far"
"2427-e",1,0,2,0,2,50,1,1476990399953,"false",0,0,"close"
