"gameid","sClicked_2","sClicked_1","lClickedIndex","sClicked_0","sClickedIndex","roundNum","lClicked_2","time","outcome","lClicked_0","lClicked_1","condition"
"2427-6",0,0,1,1,0,42,0,1476991514327,"true",0,1,"close"
"2427-6",0,0,0,1,0,48,0,1476991633233,"true",1,0,"split"
"2427-6",0,1,2,0,1,43,1,1476991538889,"true",0,0,"close"
"2427-6",1,0,0,0,2,49,0,1476991640698,"true",1,0,"far"
"2427-6",1,0,1,0,2,24,0,1476991266001,"true",0,1,"split"
"2427-6",0,1,2,0,1,25,1,1476991291875,"true",0,0,"close"
"2427-6",0,0,1,1,0,26,0,1476991308888,"true",0,1,"close"
"2427-6",1,0,1,0,2,27,0,1476991326589,"true",0,1,"close"
"2427-6",1,0,1,0,2,20,0,1476991189822,"true",0,1,"far"
"2427-6",1,0,1,0,2,21,0,1476991206492,"true",0,1,"far"
"2427-6",0,1,1,0,1,22,0,1476991217157,"true",0,1,"far"
"2427-6",1,0,0,0,2,23,0,1476991243235,"true",1,0,"split"
"2427-6",1,0,0,0,2,46,0,1476991607753,"true",1,0,"split"
"2427-6",1,0,2,0,2,47,1,1476991621193,"false",0,0,"close"
"2427-6",0,1,2,0,1,44,1,1476991556466,"true",0,0,"close"
"2427-6",0,1,2,0,1,45,1,1476991588109,"true",0,0,"split"
"2427-6",1,0,0,0,2,28,0,1476991337888,"true",1,0,"split"
"2427-6",0,0,0,1,0,29,0,1476991350123,"true",1,0,"far"
"2427-6",1,0,2,0,2,40,1,1476991492561,"true",0,0,"far"
"2427-6",1,0,2,0,2,41,1,1476991500756,"true",0,0,"far"
"2427-6",0,1,0,0,1,1,0,1476990957762,"true",1,0,"close"
"2427-6",1,0,2,0,2,3,1,1476990979014,"true",0,0,"split"
"2427-6",0,1,2,0,1,2,1,1476990968547,"true",0,0,"close"
"2427-6",0,1,0,0,1,5,0,1476990997897,"false",1,0,"close"
"2427-6",0,1,2,0,1,4,1,1476990987601,"true",0,0,"far"
"2427-6",0,1,2,0,1,7,1,1476991018656,"true",0,0,"far"
"2427-6",0,1,1,0,1,6,0,1476991009176,"true",0,1,"far"
"2427-6",0,0,0,1,0,9,0,1476991041409,"true",1,0,"split"
"2427-6",0,0,0,1,0,8,0,1476991030872,"true",1,0,"far"
"2427-6",1,0,2,0,2,39,1,1476991483157,"true",0,0,"far"
"2427-6",1,0,1,0,2,38,0,1476991473793,"true",0,1,"close"
"2427-6",0,1,2,0,1,11,1,1476991076478,"true",0,0,"split"
"2427-6",0,1,2,0,1,10,1,1476991052651,"true",0,0,"split"
"2427-6",0,0,0,1,0,13,0,1476991106076,"false",1,0,"close"
"2427-6",0,0,2,1,0,12,1,1476991093690,"true",0,0,"close"
"2427-6",0,0,0,1,0,15,0,1476991125257,"true",1,0,"far"
"2427-6",1,0,2,0,2,14,1,1476991117645,"true",0,0,"far"
"2427-6",0,1,2,0,1,17,1,1476991144920,"true",0,0,"far"
"2427-6",0,0,0,1,0,16,0,1476991136310,"false",1,0,"split"
"2427-6",1,0,1,0,2,19,0,1476991172952,"true",0,1,"close"
"2427-6",0,0,1,1,0,18,0,1476991153756,"true",0,1,"split"
"2427-6",0,1,2,0,1,31,1,1476991366635,"true",0,0,"far"
"2427-6",0,0,1,1,0,30,0,1476991358759,"false",0,1,"split"
"2427-6",0,0,1,1,0,37,0,1476991461246,"true",0,1,"split"
"2427-6",1,0,2,0,2,36,1,1476991450656,"true",0,0,"split"
"2427-6",0,1,0,0,1,35,0,1476991439655,"true",1,0,"close"
"2427-6",0,1,0,0,1,34,0,1476991418370,"true",1,0,"close"
"2427-6",0,1,0,0,1,33,0,1476991402486,"true",1,0,"close"
"2427-6",1,0,2,0,2,32,1,1476991383704,"true",0,0,"split"
"2427-6",1,0,0,0,2,50,0,1476991647414,"true",1,0,"far"
