"gameid","sClicked_2","sClicked_1","lClickedIndex","sClicked_0","sClickedIndex","roundNum","lClicked_2","time","outcome","lClicked_0","lClicked_1","condition"
"2448-0",0,1,2,0,1,42,1,1476506225580,"true",0,0,"close"
"2448-0",0,1,1,0,1,48,0,1476506305532,"true",0,1,"far"
"2448-0",1,0,2,0,2,43,1,1476506238079,"true",0,0,"close"
"2448-0",0,1,0,0,1,49,0,1476506313177,"true",1,0,"split"
"2448-0",1,0,0,0,2,24,0,1476505923915,"true",1,0,"split"
"2448-0",0,1,0,0,1,25,0,1476505937910,"true",1,0,"close"
"2448-0",0,1,1,0,1,26,0,1476505954256,"true",0,1,"close"
"2448-0",0,0,1,1,0,27,0,1476505966893,"false",0,1,"far"
"2448-0",0,0,2,1,0,20,1,1476505861925,"true",0,0,"close"
"2448-0",1,0,1,0,2,21,0,1476505869245,"true",0,1,"far"
"2448-0",1,0,2,0,2,22,1,1476505888805,"true",0,0,"far"
"2448-0",1,0,0,0,2,23,0,1476505902735,"true",1,0,"split"
"2448-0",1,0,2,0,2,46,1,1476506284240,"true",0,0,"close"
"2448-0",0,0,2,1,0,47,1,1476506298731,"true",0,0,"split"
"2448-0",0,0,0,1,0,44,0,1476506260590,"false",1,0,"split"
"2448-0",0,1,1,0,1,45,0,1476506271420,"true",0,1,"far"
"2448-0",1,0,2,0,2,28,1,1476505986386,"true",0,0,"close"
"2448-0",0,0,2,1,0,29,1,1476506002646,"true",0,0,"close"
"2448-0",0,0,2,1,0,40,1,1476506172684,"true",0,0,"far"
"2448-0",1,0,2,0,2,41,1,1476506208223,"true",0,0,"close"
"2448-0",0,1,1,0,1,1,0,1476505551571,"true",0,1,"close"
"2448-0",0,1,0,0,1,3,0,1476505605787,"true",1,0,"far"
"2448-0",0,1,0,0,1,2,0,1476505566452,"true",1,0,"split"
"2448-0",1,0,0,0,2,5,0,1476505645067,"true",1,0,"far"
"2448-0",0,0,0,1,0,4,0,1476505631101,"false",1,0,"split"
"2448-0",0,0,1,1,0,7,0,1476505667192,"false",0,1,"split"
"2448-0",0,0,0,1,0,6,0,1476505653168,"true",1,0,"far"
"2448-0",0,0,2,1,0,9,1,1476505711713,"true",0,0,"close"
"2448-0",1,0,1,0,2,8,0,1476505677530,"true",0,1,"far"
"2448-0",0,0,1,1,0,39,0,1476506161714,"true",0,1,"close"
"2448-0",0,1,2,0,1,38,1,1476506148795,"true",0,0,"split"
"2448-0",0,1,1,0,1,11,0,1476505725729,"true",0,1,"far"
"2448-0",0,1,1,0,1,10,0,1476505719489,"true",0,1,"far"
"2448-0",1,0,0,0,2,13,0,1476505744173,"true",1,0,"far"
"2448-0",0,0,0,1,0,12,0,1476505738118,"true",1,0,"split"
"2448-0",0,1,2,0,1,15,1,1476505761613,"true",0,0,"far"
"2448-0",0,1,2,0,1,14,1,1476505752019,"true",0,0,"far"
"2448-0",1,0,2,0,2,17,1,1476505785439,"true",0,0,"close"
"2448-0",0,1,0,0,1,16,0,1476505772055,"true",1,0,"split"
"2448-0",0,1,1,0,1,19,0,1476505842900,"true",0,1,"split"
"2448-0",0,0,2,1,0,18,1,1476505827000,"true",0,0,"split"
"2448-0",0,1,1,0,1,31,0,1476506044803,"true",0,1,"split"
"2448-0",1,0,0,0,2,30,0,1476506028019,"false",1,0,"close"
"2448-0",0,1,1,0,1,37,0,1476506137160,"true",0,1,"close"
"2448-0",0,0,1,1,0,36,0,1476506122197,"true",0,1,"far"
"2448-0",0,0,0,1,0,35,0,1476506114349,"true",1,0,"split"
"2448-0",0,1,2,0,1,34,1,1476506103268,"false",0,0,"split"
"2448-0",0,1,0,0,1,33,0,1476506087498,"true",1,0,"far"
"2448-0",0,1,0,0,1,32,0,1476506076123,"true",1,0,"close"
"2448-0",1,0,2,0,2,50,1,1476506330284,"false",0,0,"split"
