"gameid","sClicked_2","sClicked_1","lClickedIndex","sClicked_0","sClickedIndex","roundNum","lClicked_2","time","outcome","lClicked_0","lClicked_1","condition"
"2457-4",1,0,0,0,2,42,0,1476469812712,"true",1,0,"close"
"2457-4",0,0,0,1,0,48,0,1476469874908,"true",1,0,"close"
"2457-4",0,0,1,1,0,43,0,1476469824849,"true",0,1,"close"
"2457-4",0,0,2,1,0,49,1,1476469888259,"true",0,0,"split"
"2457-4",0,0,1,1,0,24,0,1476469606993,"true",0,1,"far"
"2457-4",0,1,0,0,1,25,0,1476469619476,"true",1,0,"close"
"2457-4",1,0,0,0,2,26,0,1476469628357,"true",1,0,"far"
"2457-4",1,0,0,0,2,27,0,1476469642250,"true",1,0,"split"
"2457-4",0,1,0,0,1,20,0,1476469579298,"true",1,0,"far"
"2457-4",0,1,0,0,1,21,0,1476469586155,"true",1,0,"far"
"2457-4",1,0,0,0,2,22,0,1476469592911,"false",1,0,"close"
"2457-4",1,0,1,0,2,23,0,1476469600639,"true",0,1,"far"
"2457-4",0,0,2,1,0,46,1,1476469855876,"true",0,0,"far"
"2457-4",0,0,0,1,0,47,0,1476469864738,"true",1,0,"far"
"2457-4",1,0,1,0,2,44,0,1476469839849,"true",0,1,"split"
"2457-4",1,0,0,0,2,45,0,1476469848552,"true",1,0,"close"
"2457-4",0,0,1,1,0,28,0,1476469654353,"true",0,1,"close"
"2457-4",0,0,2,1,0,29,1,1476469666587,"true",0,0,"split"
"2457-4",0,0,1,1,0,40,0,1476469790219,"true",0,1,"close"
"2457-4",0,1,2,0,1,41,1,1476469798315,"true",0,0,"far"
"2457-4",1,0,1,0,2,1,0,1476469365588,"true",0,1,"far"
"2457-4",0,1,2,0,1,3,1,1476469392275,"true",0,0,"split"
"2457-4",0,0,2,1,0,2,1,1476469384050,"true",0,0,"split"
"2457-4",0,0,2,1,0,5,1,1476469416597,"true",0,0,"far"
"2457-4",0,1,0,0,1,4,0,1476469409240,"true",1,0,"split"
"2457-4",1,0,2,0,2,7,1,1476469435586,"true",0,0,"far"
"2457-4",0,0,1,1,0,6,0,1476469425504,"true",0,1,"close"
"2457-4",0,0,0,1,0,9,0,1476469452842,"true",1,0,"split"
"2457-4",0,1,1,0,1,8,0,1476469446086,"true",0,1,"split"
"2457-4",0,0,1,1,0,39,0,1476469778959,"true",0,1,"close"
"2457-4",0,0,1,1,0,38,0,1476469766228,"true",0,1,"split"
"2457-4",1,0,0,0,2,11,0,1476469474142,"true",1,0,"split"
"2457-4",0,1,0,0,1,10,0,1476469463758,"true",1,0,"close"
"2457-4",0,1,0,0,1,13,0,1476469491038,"true",1,0,"close"
"2457-4",0,1,2,0,1,12,1,1476469480673,"true",0,0,"split"
"2457-4",0,0,1,1,0,15,0,1476469511623,"true",0,1,"far"
"2457-4",0,0,0,1,0,14,0,1476469502713,"true",1,0,"split"
"2457-4",1,0,1,0,2,17,0,1476469542634,"false",0,1,"far"
"2457-4",1,0,1,0,2,16,0,1476469530231,"true",0,1,"split"
"2457-4",0,0,1,1,0,19,0,1476469572237,"true",0,1,"close"
"2457-4",0,1,1,0,1,18,0,1476469559121,"true",0,1,"close"
"2457-4",1,0,1,0,2,31,0,1476469693685,"true",0,1,"split"
"2457-4",0,0,1,1,0,30,0,1476469676598,"true",0,1,"far"
"2457-4",0,0,1,1,0,37,0,1476469752237,"true",0,1,"far"
"2457-4",0,0,2,1,0,36,1,1476469744809,"true",0,0,"close"
"2457-4",1,0,2,0,2,35,1,1476469737346,"true",0,0,"far"
"2457-4",0,1,2,0,1,34,1,1476469726186,"true",0,0,"close"
"2457-4",0,0,1,1,0,33,0,1476469717996,"true",0,1,"close"
"2457-4",0,1,1,0,1,32,0,1476469701229,"true",0,1,"far"
"2457-4",1,0,1,0,2,50,0,1476469897805,"true",0,1,"split"
