"gameid","sClicked_2","sClicked_1","lClickedIndex","sClicked_0","sClickedIndex","roundNum","lClicked_2","time","outcome","lClicked_0","lClicked_1","condition"
"2470-e",0,1,2,0,1,42,1,1459882098690,"true",0,0,"close"
"2470-e",0,0,1,1,0,48,0,1459882157442,"true",0,1,"close"
"2470-e",0,1,0,0,1,43,0,1459882105111,"true",1,0,"far"
"2470-e",1,0,0,0,2,49,0,1459882164779,"true",1,0,"split"
"2470-e",0,1,0,0,1,24,0,1459881915442,"false",1,0,"split"
"2470-e",0,1,2,0,1,25,1,1459881921850,"true",0,0,"far"
"2470-e",0,0,0,1,0,26,0,1459881929386,"true",1,0,"far"
"2470-e",1,0,0,0,2,27,0,1459881943082,"true",1,0,"split"
"2470-e",0,0,1,1,0,20,0,1459881875970,"true",0,1,"split"
"2470-e",0,0,2,1,0,21,1,1459881882403,"true",0,0,"far"
"2470-e",0,0,0,1,0,22,0,1459881894283,"true",1,0,"close"
"2470-e",0,0,0,1,0,23,0,1459881902290,"true",1,0,"far"
"2470-e",1,0,0,0,2,46,0,1459882141237,"true",1,0,"far"
"2470-e",1,0,0,0,2,47,0,1459882149892,"true",1,0,"far"
"2470-e",0,1,1,0,1,44,0,1459882127819,"true",0,1,"close"
"2470-e",1,0,2,0,2,45,1,1459882134972,"true",0,0,"close"
"2470-e",0,0,2,1,0,28,1,1459881949634,"true",0,0,"far"
"2470-e",0,0,2,1,0,29,1,1459881956677,"true",0,0,"split"
"2470-e",0,0,2,1,0,40,1,1459882078866,"true",0,0,"split"
"2470-e",1,0,1,0,2,41,0,1459882091027,"true",0,1,"close"
"2470-e",0,0,0,1,0,1,0,1459881648972,"false",1,0,"split"
"2470-e",1,0,2,0,2,3,1,1459881684817,"true",0,0,"split"
"2470-e",0,1,0,0,1,2,0,1459881665527,"false",1,0,"close"
"2470-e",0,1,2,0,1,5,1,1459881708115,"true",0,0,"far"
"2470-e",0,1,0,0,1,4,0,1459881697616,"false",1,0,"close"
"2470-e",1,0,1,0,2,7,0,1459881732017,"true",0,1,"split"
"2470-e",0,1,2,0,1,6,1,1459881721617,"true",0,0,"split"
"2470-e",0,1,0,0,1,9,0,1459881751778,"true",1,0,"far"
"2470-e",0,0,2,1,0,8,1,1459881741461,"true",0,0,"split"
"2470-e",1,0,2,0,2,39,1,1459882071722,"true",0,0,"split"
"2470-e",0,0,2,1,0,38,1,1459882063043,"true",0,0,"far"
"2470-e",0,1,2,0,1,11,1,1459881771600,"true",0,0,"close"
"2470-e",0,0,2,1,0,10,1,1459881760035,"true",0,0,"far"
"2470-e",0,0,1,1,0,13,0,1459881800529,"true",0,1,"close"
"2470-e",0,1,2,0,1,12,1,1459881781642,"true",0,0,"close"
"2470-e",1,0,2,0,2,15,1,1459881820443,"true",0,0,"split"
"2470-e",0,0,2,1,0,14,1,1459881811553,"true",0,0,"close"
"2470-e",0,1,2,0,1,17,1,1459881847100,"false",0,0,"close"
"2470-e",1,0,1,0,2,16,0,1459881826643,"true",0,1,"far"
"2470-e",0,0,0,1,0,19,0,1459881867842,"true",1,0,"split"
"2470-e",1,0,2,0,2,18,1,1459881858659,"true",0,0,"split"
"2470-e",0,1,0,0,1,31,0,1459881970426,"true",1,0,"split"
"2470-e",0,1,0,0,1,30,0,1459881963802,"true",1,0,"split"
"2470-e",0,0,0,1,0,37,0,1459882056748,"true",1,0,"close"
"2470-e",1,0,2,0,2,36,1,1459882026146,"true",0,0,"close"
"2470-e",1,0,2,0,2,35,1,1459882006322,"true",0,0,"far"
"2470-e",1,0,1,0,2,34,0,1459881999714,"true",0,1,"far"
"2470-e",1,0,2,0,2,33,1,1459881993291,"false",0,0,"close"
"2470-e",0,0,0,1,0,32,0,1459881977091,"true",1,0,"far"
"2470-e",0,1,2,0,1,50,1,1459882171972,"true",0,0,"far"
