"gameid","sClicked_2","sClicked_1","lClickedIndex","sClicked_0","sClickedIndex","roundNum","lClicked_2","time","outcome","lClicked_0","lClicked_1","condition"
"2472-9",0,0,2,1,0,42,1,1476996991562,"true",0,0,"far"
"2472-9",0,1,2,0,1,48,1,1476997075302,"true",0,0,"split"
"2472-9",1,0,2,0,2,43,1,1476996999303,"true",0,0,"far"
"2472-9",0,0,1,1,0,49,0,1476997096481,"true",0,1,"close"
"2472-9",0,1,0,0,1,24,0,1476996752743,"true",1,0,"split"
"2472-9",1,0,2,0,2,25,1,1476996763456,"true",0,0,"far"
"2472-9",0,0,0,1,0,26,0,1476996776372,"true",1,0,"far"
"2472-9",1,0,0,0,2,27,0,1476996792689,"true",1,0,"split"
"2472-9",0,0,1,1,0,20,0,1476996677492,"true",0,1,"split"
"2472-9",0,0,1,1,0,21,0,1476996698488,"true",0,1,"split"
"2472-9",0,0,1,1,0,22,0,1476996718283,"true",0,1,"split"
"2472-9",1,0,0,0,2,23,0,1476996740701,"false",1,0,"split"
"2472-9",1,0,0,0,2,46,0,1476997058336,"true",1,0,"close"
"2472-9",1,0,2,0,2,47,1,1476997067139,"true",0,0,"split"
"2472-9",0,0,0,1,0,44,0,1476997008742,"false",1,0,"close"
"2472-9",1,0,2,0,2,45,1,1476997033268,"true",0,0,"close"
"2472-9",0,1,1,0,1,28,0,1476996799988,"true",0,1,"far"
"2472-9",1,0,1,0,2,29,0,1476996819678,"true",0,1,"far"
"2472-9",0,1,1,0,1,40,0,1476996974789,"true",0,1,"close"
"2472-9",0,0,1,1,0,41,0,1476996981411,"true",0,1,"far"
"2472-9",0,0,0,1,0,1,0,1476996324822,"true",1,0,"close"
"2472-9",1,0,2,0,2,3,1,1476996355734,"true",0,0,"split"
"2472-9",1,0,0,0,2,2,0,1476996338911,"true",1,0,"split"
"2472-9",0,1,0,0,1,5,0,1476996407203,"true",1,0,"close"
"2472-9",0,1,0,0,1,4,0,1476996372567,"true",1,0,"far"
"2472-9",1,0,0,0,2,7,0,1476996456943,"true",1,0,"close"
"2472-9",0,0,2,1,0,6,1,1476996444048,"true",0,0,"split"
"2472-9",0,0,0,1,0,9,0,1476996477860,"true",1,0,"far"
"2472-9",0,0,0,1,0,8,0,1476996470222,"true",1,0,"far"
"2472-9",0,0,0,1,0,39,0,1476996961880,"true",1,0,"close"
"2472-9",0,1,2,0,1,38,1,1476996951447,"false",0,0,"close"
"2472-9",0,1,1,0,1,11,0,1476996510214,"true",0,1,"far"
"2472-9",1,0,0,0,2,10,0,1476996501371,"false",1,0,"close"
"2472-9",0,0,2,1,0,13,1,1476996546408,"true",0,0,"far"
"2472-9",0,0,0,1,0,12,0,1476996532235,"true",1,0,"close"
"2472-9",0,1,1,0,1,15,0,1476996585633,"true",0,1,"close"
"2472-9",0,1,1,0,1,14,0,1476996562505,"true",0,1,"close"
"2472-9",1,0,1,0,2,17,0,1476996643666,"false",0,1,"split"
"2472-9",1,0,1,0,2,16,0,1476996620620,"false",0,1,"close"
"2472-9",0,1,1,0,1,19,0,1476996661112,"true",0,1,"split"
"2472-9",0,0,0,1,0,18,0,1476996652891,"true",1,0,"far"
"2472-9",0,1,0,0,1,31,0,1476996856534,"false",1,0,"split"
"2472-9",1,0,0,0,2,30,0,1476996845446,"true",1,0,"split"
"2472-9",0,1,1,0,1,37,0,1476996931425,"true",0,1,"split"
"2472-9",0,0,0,1,0,36,0,1476996922049,"true",1,0,"close"
"2472-9",1,0,1,0,2,35,0,1476996902523,"true",0,1,"far"
"2472-9",1,0,0,0,2,34,0,1476996896061,"false",1,0,"split"
"2472-9",0,0,1,1,0,33,0,1476996872683,"true",0,1,"far"
"2472-9",0,1,1,0,1,32,0,1476996865860,"true",0,1,"far"
"2472-9",0,1,1,0,1,50,0,1476997106951,"false",0,1,"close"
