"gameid","sClicked_2","sClicked_1","lClickedIndex","sClicked_0","sClickedIndex","roundNum","lClicked_2","time","outcome","lClicked_0","lClicked_1","condition"
"2548-6",1,0,1,0,2,42,0,1476476818700,"true",0,1,"far"
"2548-6",1,0,1,0,2,48,0,1476476892125,"true",0,1,"close"
"2548-6",0,1,0,0,1,43,0,1476476840244,"false",1,0,"split"
"2548-6",1,0,1,0,2,49,0,1476476902150,"true",0,1,"far"
"2548-6",0,0,1,1,0,24,0,1476476619168,"true",0,1,"split"
"2548-6",0,1,1,0,1,25,0,1476476628040,"true",0,1,"close"
"2548-6",0,0,2,1,0,26,1,1476476644008,"false",0,0,"split"
"2548-6",0,0,0,1,0,27,0,1476476651689,"true",1,0,"far"
"2548-6",0,1,0,0,1,20,0,1476476579943,"true",1,0,"far"
"2548-6",0,1,0,0,1,21,0,1476476589959,"true",1,0,"close"
"2548-6",0,0,1,1,0,22,0,1476476602704,"true",0,1,"close"
"2548-6",0,0,0,1,0,23,0,1476476611600,"true",1,0,"split"
"2548-6",1,0,1,0,2,46,0,1476476871798,"true",0,1,"close"
"2548-6",1,0,1,0,2,47,0,1476476879941,"true",0,1,"split"
"2548-6",0,1,0,0,1,44,0,1476476853333,"true",1,0,"far"
"2548-6",0,0,2,1,0,45,1,1476476862229,"true",0,0,"far"
"2548-6",0,0,0,1,0,28,0,1476476659881,"true",1,0,"far"
"2548-6",0,0,2,1,0,29,1,1476476669322,"true",0,0,"close"
"2548-6",0,1,0,0,1,40,0,1476476795740,"true",1,0,"split"
"2548-6",0,1,0,0,1,41,0,1476476810724,"true",1,0,"split"
"2548-6",0,1,1,0,1,1,0,1476476386301,"false",0,1,"close"
"2548-6",0,1,1,0,1,3,0,1476476406979,"true",0,1,"close"
"2548-6",1,0,1,0,2,2,0,1476476396211,"true",0,1,"split"
"2548-6",1,0,2,0,2,5,1,1476476427036,"true",0,0,"split"
"2548-6",1,0,0,0,2,4,0,1476476419467,"true",1,0,"split"
"2548-6",1,0,1,0,2,7,0,1476476442892,"true",0,1,"close"
"2548-6",0,1,2,0,1,6,1,1476476433534,"true",0,0,"close"
"2548-6",1,0,1,0,2,9,0,1476476463644,"true",0,1,"far"
"2548-6",0,0,1,1,0,8,0,1476476453036,"true",0,1,"split"
"2548-6",0,0,0,1,0,39,0,1476476785531,"true",1,0,"far"
"2548-6",0,0,0,1,0,38,0,1476476775275,"true",1,0,"split"
"2548-6",0,0,0,1,0,11,0,1476476484509,"true",1,0,"far"
"2548-6",1,0,2,0,2,10,1,1476476474917,"true",0,0,"far"
"2548-6",1,0,1,0,2,13,0,1476476507437,"true",0,1,"far"
"2548-6",0,0,2,1,0,12,1,1476476495341,"false",0,0,"far"
"2548-6",0,0,0,1,0,15,0,1476476526286,"true",1,0,"close"
"2548-6",1,0,2,0,2,14,1,1476476515357,"true",0,0,"far"
"2548-6",0,0,1,1,0,17,0,1476476553783,"true",0,1,"close"
"2548-6",0,1,1,0,1,16,0,1476476543287,"true",0,1,"close"
"2548-6",0,1,0,0,1,19,0,1476476572967,"true",1,0,"close"
"2548-6",0,1,2,0,1,18,1,1476476563711,"true",0,0,"split"
"2548-6",1,0,2,0,2,31,1,1476476688849,"true",0,0,"close"
"2548-6",1,0,2,0,2,30,1,1476476679379,"true",0,0,"close"
"2548-6",0,0,1,1,0,37,0,1476476765347,"true",0,1,"close"
"2548-6",1,0,0,0,2,36,0,1476476756262,"true",1,0,"split"
"2548-6",0,1,0,0,1,35,0,1476476733818,"true",1,0,"split"
"2548-6",1,0,2,0,2,34,1,1476476724666,"true",0,0,"far"
"2548-6",0,0,1,1,0,33,0,1476476715482,"true",0,1,"far"
"2548-6",0,1,1,0,1,32,0,1476476703979,"true",0,1,"split"
"2548-6",0,1,0,0,1,50,0,1476476912998,"true",1,0,"split"
