"gameid","sClicked_2","sClicked_1","lClickedIndex","sClicked_0","sClickedIndex","roundNum","lClicked_2","time","outcome","lClicked_0","lClicked_1","condition"
"2576-f",0,0,1,1,0,42,0,1476993606278,"true",0,1,"split"
"2576-f",0,1,1,0,1,48,0,1476993673884,"true",0,1,"far"
"2576-f",1,0,0,0,2,43,0,1476993626397,"true",1,0,"close"
"2576-f",0,0,2,1,0,49,1,1476993690524,"true",0,0,"split"
"2576-f",0,0,0,1,0,24,0,1476993346253,"true",1,0,"far"
"2576-f",0,0,0,1,0,25,0,1476993362211,"true",1,0,"split"
"2576-f",0,0,2,1,0,26,1,1476993369876,"true",0,0,"split"
"2576-f",1,0,2,0,2,27,1,1476993376023,"true",0,0,"far"
"2576-f",1,0,1,0,2,20,0,1476993299343,"true",0,1,"far"
"2576-f",0,0,1,1,0,21,0,1476993305865,"true",0,1,"close"
"2576-f",0,0,0,1,0,22,0,1476993315411,"true",1,0,"split"
"2576-f",0,1,2,0,1,23,1,1476993328468,"true",0,0,"split"
"2576-f",0,0,0,1,0,46,0,1476993660482,"true",1,0,"close"
"2576-f",0,0,1,1,0,47,0,1476993667566,"true",0,1,"far"
"2576-f",0,0,2,1,0,44,1,1476993635696,"true",0,0,"far"
"2576-f",0,0,0,1,0,45,0,1476993644132,"false",1,0,"close"
"2576-f",0,0,1,1,0,28,0,1476993397097,"true",0,1,"close"
"2576-f",1,0,1,0,2,29,0,1476993413308,"false",0,1,"split"
"2576-f",0,0,1,1,0,40,0,1476993569530,"true",0,1,"far"
"2576-f",0,0,0,1,0,41,0,1476993582900,"true",1,0,"split"
"2576-f",0,1,1,0,1,1,0,1476993069736,"true",0,1,"far"
"2576-f",1,0,0,0,2,3,0,1476993098972,"true",1,0,"close"
"2576-f",0,1,1,0,1,2,0,1476993079666,"true",0,1,"far"
"2576-f",0,1,1,0,1,5,0,1476993126631,"true",0,1,"close"
"2576-f",0,0,0,1,0,4,0,1476993113366,"true",1,0,"close"
"2576-f",1,0,0,0,2,7,0,1476993149429,"true",1,0,"far"
"2576-f",1,0,2,0,2,6,1,1476993141544,"true",0,0,"split"
"2576-f",1,0,1,0,2,9,0,1476993186015,"true",0,1,"close"
"2576-f",0,1,1,0,1,8,0,1476993164058,"false",0,1,"split"
"2576-f",0,1,1,0,1,39,0,1476993549867,"true",0,1,"far"
"2576-f",0,0,1,1,0,38,0,1476993542773,"true",0,1,"far"
"2576-f",0,1,1,0,1,11,0,1476993204254,"true",0,1,"far"
"2576-f",1,0,1,0,2,10,0,1476993196251,"true",0,1,"split"
"2576-f",1,0,2,0,2,13,1,1476993223245,"true",0,0,"far"
"2576-f",0,1,0,0,1,12,0,1476993214406,"true",1,0,"split"
"2576-f",0,1,2,0,1,15,1,1476993251832,"false",0,0,"close"
"2576-f",1,0,1,0,2,14,0,1476993240545,"true",0,1,"close"
"2576-f",1,0,2,0,2,17,1,1476993272450,"true",0,0,"close"
"2576-f",0,0,2,1,0,16,1,1476993260768,"true",0,0,"close"
"2576-f",0,0,1,1,0,19,0,1476993291912,"true",0,1,"far"
"2576-f",1,0,0,0,2,18,0,1476993280925,"true",1,0,"split"
"2576-f",0,1,1,0,1,31,0,1476993440532,"true",0,1,"split"
"2576-f",0,0,0,1,0,30,0,1476993429447,"true",1,0,"close"
"2576-f",0,1,0,0,1,37,0,1476993534542,"false",1,0,"split"
"2576-f",0,1,1,0,1,36,0,1476993526478,"true",0,1,"close"
"2576-f",0,1,2,0,1,35,1,1476993493613,"true",0,0,"close"
"2576-f",0,1,1,0,1,34,0,1476993467313,"false",0,1,"split"
"2576-f",1,0,0,0,2,33,0,1476993456800,"true",1,0,"split"
"2576-f",0,1,2,0,1,32,1,1476993447404,"true",0,0,"close"
"2576-f",1,0,0,0,2,50,0,1476993698603,"true",1,0,"far"
