"gameid","sClicked_2","sClicked_1","lClickedIndex","sClicked_0","sClickedIndex","roundNum","lClicked_2","time","outcome","lClicked_0","lClicked_1","condition"
"2580-b",0,1,0,0,1,42,0,1476485603986,"true",1,0,"split"
"2580-b",0,1,2,0,1,48,1,1476485688962,"true",0,0,"split"
"2580-b",0,1,2,0,1,43,1,1476485614276,"true",0,0,"split"
"2580-b",0,1,1,0,1,49,0,1476485695662,"true",0,1,"far"
"2580-b",1,0,2,0,2,24,1,1476485276226,"false",0,0,"split"
"2580-b",0,1,0,0,1,25,0,1476485291914,"true",1,0,"close"
"2580-b",1,0,2,0,2,26,1,1476485318094,"false",0,0,"split"
"2580-b",0,1,1,0,1,27,0,1476485331358,"true",0,1,"close"
"2580-b",0,1,2,0,1,20,1,1476485205082,"true",0,0,"far"
"2580-b",0,0,1,1,0,21,0,1476485214107,"true",0,1,"split"
"2580-b",0,0,0,1,0,22,0,1476485232541,"true",1,0,"close"
"2580-b",0,0,2,1,0,23,1,1476485262424,"true",0,0,"close"
"2580-b",1,0,1,0,2,46,0,1476485654255,"true",0,1,"far"
"2580-b",0,1,0,0,1,47,0,1476485678905,"true",1,0,"close"
"2580-b",0,0,1,1,0,44,0,1476485623324,"true",0,1,"far"
"2580-b",0,0,2,1,0,45,1,1476485647134,"true",0,0,"split"
"2580-b",1,0,2,0,2,28,1,1476485359146,"true",0,0,"close"
"2580-b",0,0,1,1,0,29,0,1476485373499,"true",0,1,"far"
"2580-b",0,0,0,1,0,40,0,1476485574015,"true",1,0,"close"
"2580-b",1,0,0,0,2,41,0,1476485595129,"true",1,0,"close"
"2580-b",1,0,2,0,2,1,1,1476484941097,"true",0,0,"far"
"2580-b",0,0,2,1,0,3,1,1476484987477,"true",0,0,"close"
"2580-b",0,1,0,0,1,2,0,1476484962385,"true",1,0,"split"
"2580-b",0,1,0,0,1,5,0,1476485022072,"true",1,0,"close"
"2580-b",1,0,0,0,2,4,0,1476485001901,"false",1,0,"close"
"2580-b",0,0,2,1,0,7,1,1476485060403,"true",0,0,"far"
"2580-b",0,0,1,1,0,6,0,1476485051339,"true",0,1,"split"
"2580-b",1,0,2,0,2,9,1,1476485076557,"true",0,0,"far"
"2580-b",1,0,1,0,2,8,0,1476485068180,"true",0,1,"far"
"2580-b",1,0,1,0,2,39,0,1476485547032,"true",0,1,"split"
"2580-b",0,1,1,0,1,38,0,1476485529618,"true",0,1,"split"
"2580-b",0,1,2,0,1,11,1,1476485110217,"true",0,0,"close"
"2580-b",1,0,0,0,2,10,0,1476485082534,"true",1,0,"far"
"2580-b",0,0,0,1,0,13,0,1476485144348,"true",1,0,"far"
"2580-b",0,0,1,1,0,12,0,1476485119481,"true",0,1,"far"
"2580-b",1,0,2,0,2,15,1,1476485159205,"true",0,0,"split"
"2580-b",0,0,2,1,0,14,1,1476485151349,"true",0,0,"far"
"2580-b",0,1,0,0,1,17,0,1476485179823,"true",1,0,"far"
"2580-b",0,1,0,0,1,16,0,1476485168598,"true",1,0,"far"
"2580-b",0,1,2,0,1,19,1,1476485197361,"true",0,0,"split"
"2580-b",0,0,1,1,0,18,0,1476485189329,"true",0,1,"split"
"2580-b",0,0,2,1,0,31,1,1476485421393,"true",0,0,"close"
"2580-b",0,0,1,1,0,30,0,1476485393910,"true",0,1,"split"
"2580-b",0,0,1,1,0,37,0,1476485521962,"true",0,1,"close"
"2580-b",0,1,0,0,1,50,0,1476485702516,"true",1,0,"far"
"2580-b",0,1,1,0,1,35,0,1476485479117,"true",0,1,"close"
"2580-b",0,0,0,1,0,34,0,1476485466750,"true",1,0,"close"
"2580-b",0,0,2,1,0,33,1,1476485449827,"true",0,0,"far"
"2580-b",1,0,2,0,2,32,1,1476485438433,"true",0,0,"split"
