"gameid","sClicked_2","sClicked_1","lClickedIndex","sClicked_0","sClickedIndex","roundNum","lClicked_2","time","outcome","lClicked_0","lClicked_1","condition"
"2600-1",0,1,0,0,1,42,0,1476998189154,"true",1,0,"close"
"2600-1",0,0,2,1,0,48,1,1476998257151,"true",0,0,"split"
"2600-1",0,0,2,1,0,43,1,1476998205422,"false",0,0,"close"
"2600-1",0,1,2,0,1,49,1,1476998263527,"true",0,0,"far"
"2600-1",1,0,2,0,2,24,1,1476997997824,"true",0,0,"close"
"2600-1",0,0,1,1,0,25,0,1476998004974,"true",0,1,"far"
"2600-1",1,0,2,0,2,26,1,1476998017937,"true",0,0,"split"
"2600-1",0,1,1,0,1,27,0,1476998027089,"true",0,1,"far"
"2600-1",1,0,0,0,2,20,0,1476997911931,"true",1,0,"split"
"2600-1",0,0,0,1,0,21,0,1476997918972,"true",1,0,"far"
"2600-1",1,0,1,0,2,22,0,1476997953363,"true",0,1,"close"
"2600-1",1,0,2,0,2,23,1,1476997968432,"true",0,0,"close"
"2600-1",0,0,0,1,0,46,0,1476998238231,"true",1,0,"split"
"2600-1",1,0,0,0,2,47,0,1476998247285,"true",1,0,"close"
"2600-1",0,0,0,1,0,44,0,1476998215658,"true",1,0,"split"
"2600-1",1,0,1,0,2,45,0,1476998225738,"true",0,1,"split"
"2600-1",1,0,2,0,2,28,1,1476998040871,"true",0,0,"split"
"2600-1",0,1,2,0,1,29,1,1476998074376,"true",0,0,"close"
"2600-1",0,0,0,1,0,40,0,1476998174397,"true",1,0,"close"
"2600-1",0,0,0,1,0,41,0,1476998183071,"true",1,0,"far"
"2600-1",0,1,0,0,1,1,0,1476997723952,"true",1,0,"split"
"2600-1",1,0,0,0,2,3,0,1476997739522,"true",1,0,"far"
"2600-1",0,0,1,1,0,2,0,1476997732736,"true",0,1,"far"
"2600-1",0,1,0,0,1,5,0,1476997759252,"true",1,0,"split"
"2600-1",0,0,0,1,0,4,0,1476997752858,"true",1,0,"split"
"2600-1",0,1,1,0,1,7,0,1476997778966,"true",0,1,"far"
"2600-1",0,1,2,0,1,6,1,1476997771068,"true",0,0,"far"
"2600-1",0,0,1,1,0,9,0,1476997805932,"true",0,1,"far"
"2600-1",1,0,1,0,2,8,0,1476997799806,"true",0,1,"close"
"2600-1",1,0,0,0,2,39,0,1476998166529,"true",1,0,"far"
"2600-1",0,0,2,1,0,38,1,1476998159876,"true",0,0,"close"
"2600-1",0,1,2,0,1,11,1,1476997834106,"true",0,0,"close"
"2600-1",0,0,1,1,0,10,0,1476997813811,"true",0,1,"far"
"2600-1",1,0,1,0,2,13,0,1476997853754,"true",0,1,"close"
"2600-1",0,0,0,1,0,12,0,1476997846612,"false",1,0,"split"
"2600-1",0,0,2,1,0,15,1,1476997871466,"true",0,0,"split"
"2600-1",0,0,2,1,0,14,1,1476997863014,"true",0,0,"close"
"2600-1",1,0,0,0,2,17,0,1476997886856,"true",1,0,"far"
"2600-1",1,0,1,0,2,16,0,1476997877975,"true",0,1,"far"
"2600-1",0,1,1,0,1,19,0,1476997903314,"true",0,1,"split"
"2600-1",0,0,2,1,0,18,1,1476997894765,"true",0,0,"split"
"2600-1",0,0,2,1,0,31,1,1476998091198,"true",0,0,"far"
"2600-1",1,0,0,0,2,30,0,1476998084941,"true",1,0,"close"
"2600-1",0,0,1,1,0,37,0,1476998150748,"true",0,1,"close"
"2600-1",0,0,0,1,0,36,0,1476998143018,"true",1,0,"split"
"2600-1",1,0,2,0,2,35,1,1476998133523,"true",0,0,"split"
"2600-1",0,0,1,1,0,34,0,1476998125372,"true",0,1,"close"
"2600-1",0,1,2,0,1,33,1,1476998115128,"true",0,0,"far"
"2600-1",0,0,0,1,0,32,0,1476998107694,"true",1,0,"close"
"2600-1",1,0,2,0,2,50,1,1476998269949,"true",0,0,"split"
