"gameid","sClicked_2","sClicked_1","lClickedIndex","sClicked_0","sClickedIndex","roundNum","lClicked_2","time","outcome","lClicked_0","lClicked_1","condition"
"2617-5",0,0,0,1,0,42,0,1476992678555,"true",1,0,"split"
"2617-5",0,0,0,1,0,48,0,1476992741955,"false",1,0,"split"
"2617-5",0,1,2,0,1,43,1,1476992688276,"true",0,0,"split"
"2617-5",0,1,0,0,1,49,0,1476992752806,"false",1,0,"split"
"2617-5",0,1,1,0,1,24,0,1476992473056,"true",0,1,"split"
"2617-5",1,0,0,0,2,25,0,1476992485816,"false",1,0,"far"
"2617-5",1,0,0,0,2,26,0,1476992496117,"false",1,0,"close"
"2617-5",0,0,0,1,0,27,0,1476992506407,"true",1,0,"split"
"2617-5",0,0,2,1,0,20,1,1476992412776,"true",0,0,"split"
"2617-5",0,1,0,0,1,21,0,1476992444839,"true",1,0,"close"
"2617-5",1,0,0,0,2,22,0,1476992454006,"true",1,0,"split"
"2617-5",1,0,1,0,2,23,0,1476992463696,"false",0,1,"far"
"2617-5",0,1,1,0,1,46,0,1476992725996,"false",0,1,"split"
"2617-5",1,0,2,0,2,47,1,1476992733622,"true",0,0,"far"
"2617-5",0,1,0,0,1,44,0,1476992696706,"true",1,0,"close"
"2617-5",0,0,2,1,0,45,1,1476992712325,"false",0,0,"close"
"2617-5",0,1,1,0,1,28,0,1476992513426,"true",0,1,"far"
"2617-5",1,0,2,0,2,29,1,1476992522364,"false",0,0,"close"
"2617-5",0,0,1,1,0,40,0,1476992662326,"true",0,1,"far"
"2617-5",1,0,1,0,2,41,0,1476992670957,"true",0,1,"split"
"2617-5",0,0,0,1,0,1,0,1476992086602,"false",1,0,"far"
"2617-5",0,1,0,0,1,3,0,1476992110775,"false",1,0,"close"
"2617-5",0,1,2,0,1,2,1,1476992098167,"true",0,0,"far"
"2617-5",0,0,2,1,0,5,1,1476992137375,"true",0,0,"far"
"2617-5",1,0,0,0,2,4,0,1476992127405,"true",1,0,"split"
"2617-5",0,1,1,0,1,7,0,1476992162864,"false",0,1,"split"
"2617-5",1,0,2,0,2,6,1,1476992149415,"true",0,0,"close"
"2617-5",1,0,1,0,2,9,0,1476992198415,"true",0,1,"far"
"2617-5",1,0,2,0,2,8,1,1476992188974,"false",0,0,"close"
"2617-5",0,0,1,1,0,39,0,1476992638716,"false",0,1,"close"
"2617-5",0,1,2,0,1,38,1,1476992623913,"false",0,0,"split"
"2617-5",0,1,1,0,1,11,0,1476992247935,"true",0,1,"close"
"2617-5",0,1,2,0,1,10,1,1476992231206,"true",0,0,"close"
"2617-5",0,0,2,1,0,13,1,1476992320696,"true",0,0,"far"
"2617-5",0,0,0,1,0,12,0,1476992312374,"true",1,0,"split"
"2617-5",0,0,2,1,0,15,1,1476992339734,"true",0,0,"far"
"2617-5",0,0,0,1,0,14,0,1476992332307,"false",1,0,"far"
"2617-5",1,0,0,0,2,17,0,1476992375883,"false",1,0,"close"
"2617-5",0,1,2,0,1,16,1,1476992358996,"true",0,0,"split"
"2617-5",0,1,1,0,1,19,0,1476992401254,"true",0,1,"far"
"2617-5",0,1,2,0,1,18,1,1476992392975,"false",0,0,"close"
"2617-5",1,0,2,0,2,31,1,1476992553284,"false",0,0,"far"
"2617-5",0,1,1,0,1,30,0,1476992534591,"false",0,1,"far"
"2617-5",0,1,2,0,1,37,1,1476992614487,"true",0,0,"close"
"2617-5",0,1,1,0,1,36,0,1476992599335,"true",0,1,"far"
"2617-5",0,1,0,0,1,35,0,1476992591316,"true",1,0,"close"
"2617-5",0,0,1,1,0,34,0,1476992581146,"true",0,1,"close"
"2617-5",0,1,1,0,1,33,0,1476992572276,"false",0,1,"split"
"2617-5",1,0,0,0,2,32,0,1476992562285,"true",1,0,"far"
"2617-5",0,0,1,1,0,50,0,1476992762277,"true",0,1,"close"
