"gameid","sClicked_2","sClicked_1","lClickedIndex","sClicked_0","sClickedIndex","roundNum","lClicked_2","time","outcome","lClicked_0","lClicked_1","condition"
"2629-5",0,0,1,1,0,42,0,1476499635425,"false",0,1,"close"
"2629-5",0,0,1,1,0,48,0,1476499769623,"true",0,1,"split"
"2629-5",0,0,0,1,0,43,0,1476499649149,"true",1,0,"close"
"2629-5",0,0,1,1,0,49,0,1476499789864,"true",0,1,"far"
"2629-5",0,0,2,1,0,24,1,1476499354246,"true",0,0,"far"
"2629-5",0,0,2,1,0,25,1,1476499368739,"true",0,0,"close"
"2629-5",0,1,0,0,1,26,0,1476499385499,"true",1,0,"close"
"2629-5",0,1,0,0,1,27,0,1476499396347,"true",1,0,"far"
"2629-5",0,1,0,0,1,20,0,1476499288050,"true",1,0,"split"
"2629-5",0,0,0,1,0,21,0,1476499294679,"true",1,0,"far"
"2629-5",0,0,2,1,0,22,1,1476499308577,"true",0,0,"close"
"2629-5",0,0,2,1,0,23,1,1476499338477,"true",0,0,"split"
"2629-5",0,0,1,1,0,46,0,1476499741606,"true",0,1,"split"
"2629-5",0,1,0,0,1,47,0,1476499757034,"true",1,0,"close"
"2629-5",0,0,2,1,0,44,1,1476499682854,"true",0,0,"close"
"2629-5",0,1,0,0,1,45,0,1476499728044,"true",1,0,"split"
"2629-5",0,1,0,0,1,28,0,1476499407266,"true",1,0,"close"
"2629-5",1,0,1,0,2,29,0,1476499414747,"true",0,1,"split"
"2629-5",1,0,2,0,2,40,1,1476499571768,"true",0,0,"far"
"2629-5",0,1,2,0,1,41,1,1476499591259,"true",0,0,"close"
"2629-5",0,1,1,0,1,1,0,1476499020539,"true",0,1,"split"
"2629-5",0,1,1,0,1,3,0,1476499039697,"true",0,1,"far"
"2629-5",1,0,2,0,2,2,1,1476499031819,"true",0,0,"close"
"2629-5",0,1,1,0,1,5,0,1476499066256,"true",0,1,"split"
"2629-5",1,0,0,0,2,4,0,1476499054368,"true",1,0,"close"
"2629-5",1,0,2,0,2,7,1,1476499098663,"true",0,0,"far"
"2629-5",0,1,2,0,1,6,1,1476499089591,"false",0,0,"split"
"2629-5",0,1,0,0,1,9,0,1476499141047,"false",1,0,"split"
"2629-5",0,0,0,1,0,8,0,1476499128823,"true",1,0,"close"
"2629-5",0,0,2,1,0,39,1,1476499565471,"true",0,0,"far"
"2629-5",0,1,2,0,1,38,1,1476499549049,"true",0,0,"split"
"2629-5",0,1,0,0,1,11,0,1476499174790,"true",1,0,"far"
"2629-5",0,1,1,0,1,10,0,1476499151182,"true",0,1,"close"
"2629-5",0,1,2,0,1,13,1,1476499194759,"true",0,0,"far"
"2629-5",0,1,1,0,1,12,0,1476499183016,"true",0,1,"far"
"2629-5",0,1,1,0,1,15,0,1476499224277,"false",0,1,"split"
"2629-5",0,1,0,0,1,14,0,1476499205094,"true",1,0,"far"
"2629-5",0,1,0,0,1,17,0,1476499255304,"true",1,0,"close"
"2629-5",0,0,0,1,0,16,0,1476499240485,"true",1,0,"close"
"2629-5",0,1,0,0,1,19,0,1476499274573,"true",1,0,"split"
"2629-5",0,1,0,0,1,18,0,1476499265237,"true",1,0,"split"
"2629-5",1,0,1,0,2,31,0,1476499437754,"true",0,1,"far"
"2629-5",1,0,0,0,2,30,0,1476499421782,"true",1,0,"split"
"2629-5",0,0,2,1,0,37,1,1476499540267,"true",0,0,"far"
"2629-5",0,1,0,0,1,36,0,1476499511921,"true",1,0,"split"
"2629-5",1,0,1,0,2,35,0,1476499501119,"true",0,1,"far"
"2629-5",0,1,1,0,1,34,0,1476499493497,"true",0,1,"split"
"2629-5",0,1,1,0,1,33,0,1476499485345,"true",0,1,"far"
"2629-5",1,0,1,0,2,32,0,1476499465346,"true",0,1,"close"
"2629-5",0,0,2,1,0,50,1,1476499807869,"true",0,0,"close"
