"gameid","sClicked_2","sClicked_1","lClickedIndex","sClicked_0","sClickedIndex","roundNum","lClicked_2","time","outcome","lClicked_0","lClicked_1","condition"
"2637-4",0,1,2,0,1,42,1,1476487957490,"true",0,0,"split"
"2637-4",1,0,2,0,2,48,1,1476488024444,"true",0,0,"far"
"2637-4",0,1,2,0,1,43,1,1476487970056,"true",0,0,"split"
"2637-4",0,0,0,1,0,49,0,1476488031659,"true",1,0,"far"
"2637-4",0,0,1,1,0,24,0,1476487759576,"true",0,1,"far"
"2637-4",1,0,1,0,2,25,0,1476487767255,"true",0,1,"far"
"2637-4",1,0,1,0,2,26,0,1476487781467,"true",0,1,"split"
"2637-4",1,0,0,0,2,27,0,1476487793509,"true",1,0,"far"
"2637-4",0,1,0,0,1,20,0,1476487714671,"false",1,0,"split"
"2637-4",0,0,2,1,0,21,1,1476487725431,"true",0,0,"split"
"2637-4",0,1,2,0,1,22,1,1476487735252,"true",0,0,"far"
"2637-4",1,0,0,0,2,23,0,1476487749992,"true",1,0,"split"
"2637-4",0,0,2,1,0,46,1,1476488001673,"true",0,0,"far"
"2637-4",0,0,1,1,0,47,0,1476488016739,"true",0,1,"close"
"2637-4",0,1,0,0,1,44,0,1476487986907,"true",1,0,"close"
"2637-4",0,0,1,1,0,45,0,1476487994170,"true",0,1,"split"
"2637-4",0,0,0,1,0,28,0,1476487808709,"true",1,0,"close"
"2637-4",0,0,2,1,0,29,1,1476487819452,"false",0,0,"far"
"2637-4",0,1,0,0,1,40,0,1476487940934,"true",1,0,"split"
"2637-4",1,0,0,0,2,41,0,1476487950194,"true",1,0,"close"
"2637-4",1,0,0,0,2,3,0,1476487458623,"true",1,0,"far"
"2637-4",0,0,1,1,0,2,0,1476487435014,"true",0,1,"close"
"2637-4",0,0,2,1,0,5,1,1476487487888,"true",0,0,"far"
"2637-4",1,0,2,0,2,4,1,1476487476428,"true",0,0,"split"
"2637-4",0,1,1,0,1,7,0,1476487519410,"true",0,1,"split"
"2637-4",0,1,0,0,1,6,0,1476487506637,"true",1,0,"split"
"2637-4",0,0,0,1,0,9,0,1476487545993,"true",1,0,"close"
"2637-4",1,0,2,0,2,8,1,1476487528189,"true",0,0,"far"
"2637-4",1,0,1,0,2,39,0,1476487930185,"true",0,1,"close"
"2637-4",0,0,1,1,0,38,0,1476487919053,"true",0,1,"close"
"2637-4",0,0,1,1,0,11,0,1476487570902,"true",0,1,"split"
"2637-4",1,0,1,0,2,10,0,1476487561183,"true",0,1,"far"
"2637-4",0,0,0,1,0,13,0,1476487593539,"true",1,0,"far"
"2637-4",0,0,0,1,0,12,0,1476487582186,"true",1,0,"split"
"2637-4",1,0,1,0,2,15,0,1476487636579,"true",0,1,"close"
"2637-4",0,1,2,0,1,14,1,1476487606686,"true",0,0,"far"
"2637-4",0,0,0,1,0,17,0,1476487679288,"false",1,0,"split"
"2637-4",1,0,2,0,2,16,1,1476487663449,"true",0,0,"close"
"2637-4",0,1,2,0,1,19,1,1476487701499,"true",0,0,"close"
"2637-4",0,1,2,0,1,18,1,1476487688271,"true",0,0,"split"
"2637-4",0,1,2,0,1,31,1,1476487846804,"true",0,0,"close"
"2637-4",0,1,1,0,1,30,0,1476487835747,"false",0,1,"close"
"2637-4",1,0,2,0,2,37,1,1476487911384,"true",0,0,"far"
"2637-4",0,1,2,0,1,36,1,1476487904310,"true",0,0,"close"
"2637-4",0,0,1,1,0,35,0,1476487887854,"true",0,1,"far"
"2637-4",0,1,1,0,1,34,0,1476487880024,"true",0,1,"split"
"2637-4",0,1,1,0,1,33,0,1476487871700,"true",0,1,"close"
"2637-4",0,0,2,1,0,32,1,1476487859457,"true",0,0,"split"
"2637-4",0,1,2,0,1,50,1,1476488042191,"true",0,0,"far"
