"gameid","sClicked_2","sClicked_1","lClickedIndex","sClicked_0","sClickedIndex","roundNum","lClicked_2","time","outcome","lClicked_0","lClicked_1","condition"
"2639-b",1,0,0,0,2,42,0,1476989545477,"false",1,0,"close"
"2639-b",0,1,2,0,1,48,1,1476989656307,"false",0,0,"close"
"2639-b",0,1,1,0,1,43,0,1476989560525,"true",0,1,"split"
"2639-b",1,0,2,0,2,49,1,1476989673205,"true",0,0,"close"
"2639-b",0,1,1,0,1,24,0,1476989154948,"true",0,1,"close"
"2639-b",0,0,2,1,0,25,1,1476989165036,"true",0,0,"far"
"2639-b",1,0,1,0,2,26,0,1476989175276,"true",0,1,"far"
"2639-b",0,0,1,1,0,27,0,1476989187887,"true",0,1,"far"
"2639-b",0,0,1,1,0,20,0,1476989057836,"true",0,1,"far"
"2639-b",0,1,2,0,1,21,1,1476989076029,"true",0,0,"split"
"2639-b",0,0,0,1,0,22,0,1476989090708,"true",1,0,"far"
"2639-b",0,1,0,0,1,23,0,1476989139516,"false",1,0,"close"
"2639-b",1,0,2,0,2,46,1,1476989596725,"true",0,0,"close"
"2639-b",0,1,1,0,1,47,0,1476989627050,"false",0,1,"close"
"2639-b",0,0,1,1,0,44,0,1476989571200,"true",0,1,"close"
"2639-b",0,0,0,1,0,45,0,1476989582125,"true",1,0,"far"
"2639-b",1,0,2,0,2,28,1,1476989217168,"true",0,0,"split"
"2639-b",1,0,0,0,2,29,0,1476989232876,"true",1,0,"far"
"2639-b",1,0,1,0,2,40,0,1476989511158,"true",0,1,"close"
"2639-b",1,0,2,0,2,41,1,1476989520357,"true",0,0,"far"
"2639-b",1,0,1,0,2,1,0,1476988714442,"true",0,1,"split"
"2639-b",1,0,0,0,2,3,0,1476988741930,"true",1,0,"split"
"2639-b",0,0,0,1,0,2,0,1476988730523,"false",1,0,"split"
"2639-b",0,1,0,0,1,5,0,1476988783483,"true",1,0,"close"
"2639-b",0,1,2,0,1,4,1,1476988762483,"true",0,0,"split"
"2639-b",1,0,2,0,2,7,1,1476988814619,"false",0,0,"split"
"2639-b",0,1,2,0,1,6,1,1476988794131,"true",0,0,"split"
"2639-b",1,0,2,0,2,9,1,1476988840091,"true",0,0,"far"
"2639-b",0,0,1,1,0,8,0,1476988826755,"true",0,1,"split"
"2639-b",0,0,2,1,0,39,1,1476989496805,"true",0,0,"far"
"2639-b",0,0,1,1,0,38,0,1476989488485,"true",0,1,"far"
"2639-b",0,0,1,1,0,11,0,1476988876995,"true",0,1,"split"
"2639-b",0,1,2,0,1,10,1,1476988852843,"true",0,0,"split"
"2639-b",0,0,1,1,0,13,0,1476988907235,"true",0,1,"far"
"2639-b",0,1,0,0,1,12,0,1476988891363,"true",1,0,"far"
"2639-b",1,0,2,0,2,15,1,1476988948122,"true",0,0,"close"
"2639-b",0,1,1,0,1,14,0,1476988919885,"true",0,1,"split"
"2639-b",1,0,0,0,2,17,0,1476988974803,"true",1,0,"far"
"2639-b",0,0,0,1,0,16,0,1476988958115,"true",1,0,"far"
"2639-b",1,0,0,0,2,19,0,1476989044508,"false",1,0,"close"
"2639-b",0,1,1,0,1,18,0,1476989004723,"true",0,1,"split"
"2639-b",0,1,2,0,1,31,1,1476989270153,"true",0,0,"far"
"2639-b",0,1,0,0,1,30,0,1476989260634,"false",1,0,"close"
"2639-b",0,1,1,0,1,37,0,1476989478805,"true",0,1,"close"
"2639-b",1,0,1,0,2,36,0,1476989394527,"true",0,1,"split"
"2639-b",0,0,0,1,0,35,0,1476989348994,"true",1,0,"split"
"2639-b",1,0,0,0,2,34,0,1476989328073,"false",1,0,"far"
"2639-b",1,0,0,0,2,33,0,1476989310633,"false",1,0,"split"
"2639-b",0,1,2,0,1,32,1,1476989295513,"true",0,0,"close"
"2639-b",0,0,0,1,0,50,0,1476989696277,"false",1,0,"close"
