"gameid","sClicked_2","sClicked_1","lClickedIndex","sClicked_0","sClickedIndex","roundNum","lClicked_2","time","outcome","lClicked_0","lClicked_1","condition"
"2641-2",0,0,2,1,0,42,1,1476490141017,"true",0,0,"far"
"2641-2",1,0,2,0,2,48,1,1476490205312,"true",0,0,"far"
"2641-2",1,0,0,0,2,43,0,1476490151376,"true",1,0,"close"
"2641-2",0,1,2,0,1,49,1,1476490224867,"true",0,0,"split"
"2641-2",0,0,1,1,0,24,0,1476489794959,"true",0,1,"far"
"2641-2",0,0,1,1,0,25,0,1476489809254,"false",0,1,"close"
"2641-2",1,0,1,0,2,26,0,1476489846860,"true",0,1,"close"
"2641-2",0,1,0,0,1,27,0,1476489876686,"true",1,0,"close"
"2641-2",0,1,1,0,1,20,0,1476489754759,"true",0,1,"far"
"2641-2",0,1,2,0,1,21,1,1476489767390,"true",0,0,"split"
"2641-2",0,0,1,1,0,22,0,1476489777072,"true",0,1,"far"
"2641-2",0,1,0,0,1,23,0,1476489786735,"true",1,0,"far"
"2641-2",0,1,2,0,1,46,1,1476490178227,"true",0,0,"far"
"2641-2",1,0,2,0,2,47,1,1476490193503,"true",0,0,"split"
"2641-2",1,0,1,0,2,44,0,1476490158771,"true",0,1,"close"
"2641-2",0,0,0,1,0,45,0,1476490171781,"true",1,0,"split"
"2641-2",1,0,2,0,2,28,1,1476489892299,"true",0,0,"close"
"2641-2",1,0,0,0,2,29,0,1476489910720,"true",1,0,"close"
"2641-2",1,0,0,0,2,40,0,1476490123414,"true",1,0,"split"
"2641-2",0,1,0,0,1,41,0,1476490134203,"true",1,0,"split"
"2641-2",0,1,0,0,1,1,0,1476489510197,"true",1,0,"split"
"2641-2",0,1,1,0,1,3,0,1476489541868,"true",0,1,"far"
"2641-2",1,0,2,0,2,2,1,1476489518639,"true",0,0,"split"
"2641-2",0,0,1,1,0,5,0,1476489559788,"true",0,1,"far"
"2641-2",0,0,0,1,0,4,0,1476489551995,"true",1,0,"split"
"2641-2",0,0,2,1,0,7,1,1476489582576,"true",0,0,"far"
"2641-2",0,0,0,1,0,6,0,1476489574753,"true",1,0,"close"
"2641-2",1,0,2,0,2,9,1,1476489604809,"true",0,0,"close"
"2641-2",0,0,0,1,0,8,0,1476489590138,"true",1,0,"far"
"2641-2",0,0,1,1,0,39,0,1476490111091,"true",0,1,"split"
"2641-2",0,1,2,0,1,38,1,1476490085935,"true",0,0,"far"
"2641-2",0,1,2,0,1,11,1,1476489623038,"true",0,0,"far"
"2641-2",1,0,1,0,2,10,0,1476489612417,"true",0,1,"far"
"2641-2",0,1,1,0,1,13,0,1476489660809,"true",0,1,"close"
"2641-2",1,0,2,0,2,12,1,1476489642070,"true",0,0,"split"
"2641-2",1,0,1,0,2,15,0,1476489683468,"false",0,1,"split"
"2641-2",0,0,0,1,0,14,0,1476489668478,"true",1,0,"far"
"2641-2",0,0,0,1,0,17,0,1476489728074,"true",1,0,"split"
"2641-2",1,0,0,0,2,16,0,1476489719304,"false",1,0,"close"
"2641-2",0,0,0,1,0,19,0,1476489745104,"false",1,0,"split"
"2641-2",1,0,2,0,2,18,1,1476489734469,"true",0,0,"far"
"2641-2",0,0,0,1,0,31,0,1476489999081,"true",1,0,"close"
"2641-2",0,1,2,0,1,30,1,1476489989472,"false",0,0,"close"
"2641-2",0,0,2,1,0,37,1,1476490075670,"true",0,0,"close"
"2641-2",0,1,0,0,1,36,0,1476490049765,"true",1,0,"close"
"2641-2",0,0,0,1,0,35,0,1476490037986,"true",1,0,"split"
"2641-2",0,0,0,1,0,34,0,1476490029415,"true",1,0,"far"
"2641-2",0,1,2,0,1,33,1,1476490019126,"true",0,0,"split"
"2641-2",1,0,0,0,2,32,0,1476490010021,"true",1,0,"close"
"2641-2",0,0,2,1,0,50,1,1476490236472,"true",0,0,"split"
