"gameid","sClicked_2","sClicked_1","lClickedIndex","sClicked_0","sClickedIndex","roundNum","lClicked_2","time","outcome","lClicked_0","lClicked_1","condition"
"2647-a",0,1,2,0,1,42,1,1476498026296,"false",0,0,"split"
"2647-a",0,0,2,1,0,48,1,1476498145686,"true",0,0,"far"
"2647-a",0,0,2,1,0,43,1,1476498035624,"true",0,0,"split"
"2647-a",0,0,1,1,0,49,0,1476498155687,"true",0,1,"far"
"2647-a",0,0,0,1,0,24,0,1476497653396,"true",1,0,"far"
"2647-a",0,0,2,1,0,25,1,1476497678764,"false",0,0,"split"
"2647-a",1,0,0,0,2,26,0,1476497688259,"true",1,0,"far"
"2647-a",0,1,0,0,1,27,0,1476497727115,"true",1,0,"close"
"2647-a",0,1,1,0,1,20,0,1476497568613,"true",0,1,"close"
"2647-a",1,0,1,0,2,21,0,1476497596190,"true",0,1,"split"
"2647-a",1,0,2,0,2,22,1,1476497604069,"true",0,0,"far"
"2647-a",0,1,1,0,1,23,0,1476497629788,"true",0,1,"split"
"2647-a",0,0,0,1,0,46,0,1476498067316,"true",1,0,"close"
"2647-a",1,0,0,0,2,47,0,1476498134567,"true",1,0,"close"
"2647-a",0,0,1,1,0,44,0,1476498042841,"true",0,1,"close"
"2647-a",1,0,1,0,2,45,0,1476498055792,"true",0,1,"close"
"2647-a",1,0,2,0,2,28,1,1476497750291,"false",0,0,"split"
"2647-a",0,0,2,1,0,29,1,1476497770908,"true",0,0,"far"
"2647-a",1,0,0,0,2,40,0,1476497971464,"true",1,0,"split"
"2647-a",0,0,1,1,0,41,0,1476498000553,"true",0,1,"close"
"2647-a",0,1,2,0,1,1,1,1476497214171,"true",0,0,"close"
"2647-a",0,0,1,1,0,3,0,1476497241059,"true",0,1,"far"
"2647-a",0,0,0,1,0,2,0,1476497228719,"true",1,0,"split"
"2647-a",0,1,0,0,1,5,0,1476497268827,"true",1,0,"close"
"2647-a",1,0,2,0,2,4,1,1476497254418,"true",0,0,"split"
"2647-a",1,0,1,0,2,7,0,1476497295354,"true",0,1,"close"
"2647-a",0,0,1,1,0,6,0,1476497281122,"true",0,1,"far"
"2647-a",1,0,1,0,2,9,0,1476497354946,"true",0,1,"close"
"2647-a",0,0,2,1,0,8,1,1476497313457,"true",0,0,"split"
"2647-a",0,1,2,0,1,39,1,1476497958569,"true",0,0,"close"
"2647-a",1,0,1,0,2,38,0,1476497918416,"true",0,1,"far"
"2647-a",1,0,0,0,2,11,0,1476497384297,"true",1,0,"split"
"2647-a",0,1,0,0,1,10,0,1476497364030,"true",1,0,"far"
"2647-a",1,0,0,0,2,13,0,1476497412367,"true",1,0,"close"
"2647-a",1,0,0,0,2,12,0,1476497391463,"true",1,0,"far"
"2647-a",1,0,1,0,2,15,0,1476497462111,"true",0,1,"split"
"2647-a",1,0,2,0,2,14,1,1476497441758,"true",0,0,"split"
"2647-a",0,1,0,0,1,17,0,1476497518382,"true",1,0,"close"
"2647-a",1,0,2,0,2,16,1,1476497487934,"false",0,0,"split"
"2647-a",0,0,2,1,0,19,1,1476497547632,"true",0,0,"far"
"2647-a",0,1,0,0,1,18,0,1476497539578,"true",1,0,"split"
"2647-a",1,0,2,0,2,31,1,1476497803195,"true",0,0,"far"
"2647-a",0,1,2,0,1,30,1,1476497780978,"true",0,0,"far"
"2647-a",1,0,2,0,2,37,1,1476497910641,"true",0,0,"far"
"2647-a",1,0,1,0,2,36,0,1476497903065,"true",0,1,"split"
"2647-a",1,0,2,0,2,35,1,1476497891729,"true",0,0,"split"
"2647-a",1,0,0,0,2,34,0,1476497858738,"true",1,0,"close"
"2647-a",1,0,2,0,2,33,1,1476497840349,"true",0,0,"far"
"2647-a",0,0,2,1,0,32,1,1476497819122,"true",0,0,"far"
"2647-a",0,1,2,0,1,50,1,1476498166870,"true",0,0,"close"
