"gameid","sClicked_2","sClicked_1","lClickedIndex","sClicked_0","sClickedIndex","roundNum","lClicked_2","time","outcome","lClicked_0","lClicked_1","condition"
"2651-e",1,0,0,0,2,42,0,1476504583756,"true",1,0,"split"
"2651-e",0,0,0,1,0,48,0,1476504693415,"true",1,0,"close"
"2651-e",0,1,1,0,1,43,0,1476504594308,"true",0,1,"far"
"2651-e",1,0,0,0,2,49,0,1476504705030,"true",1,0,"far"
"2651-e",1,0,0,0,2,24,0,1476504031328,"true",1,0,"close"
"2651-e",0,1,2,0,1,25,1,1476504085493,"true",0,0,"close"
"2651-e",0,0,0,1,0,26,0,1476504101768,"true",1,0,"close"
"2651-e",1,0,1,0,2,27,0,1476504114690,"true",0,1,"far"
"2651-e",1,0,2,0,2,20,1,1476503881579,"true",0,0,"split"
"2651-e",1,0,0,0,2,21,0,1476503965682,"true",1,0,"split"
"2651-e",0,0,1,1,0,22,0,1476503983597,"true",0,1,"split"
"2651-e",0,0,0,1,0,23,0,1476504002298,"true",1,0,"close"
"2651-e",0,1,2,0,1,46,1,1476504621995,"true",0,0,"far"
"2651-e",0,1,1,0,1,47,0,1476504630760,"true",0,1,"split"
"2651-e",1,0,2,0,2,44,1,1476504603244,"true",0,0,"far"
"2651-e",0,0,0,1,0,45,0,1476504612183,"true",1,0,"far"
"2651-e",0,0,0,1,0,28,0,1476504142906,"true",1,0,"split"
"2651-e",0,0,1,1,0,29,0,1476504171268,"true",0,1,"split"
"2651-e",0,1,1,0,1,40,0,1476504495970,"true",0,1,"close"
"2651-e",1,0,1,0,2,41,0,1476504526923,"true",0,1,"split"
"2651-e",0,1,2,0,1,1,1,1476503432474,"true",0,0,"far"
"2651-e",1,0,0,0,2,3,0,1476503453591,"true",1,0,"split"
"2651-e",0,1,2,0,1,2,1,1476503443006,"true",0,0,"far"
"2651-e",1,0,2,0,2,5,1,1476503487944,"true",0,0,"split"
"2651-e",0,1,2,0,1,4,1,1476503468133,"true",0,0,"close"
"2651-e",1,0,2,0,2,7,1,1476503520818,"true",0,0,"split"
"2651-e",0,0,0,1,0,6,0,1476503501099,"true",1,0,"far"
"2651-e",1,0,0,0,2,9,0,1476503625124,"true",1,0,"close"
"2651-e",1,0,1,0,2,8,0,1476503602996,"true",0,1,"close"
"2651-e",0,0,1,1,0,39,0,1476504474208,"true",0,1,"close"
"2651-e",0,0,2,1,0,38,1,1476504408763,"true",0,0,"close"
"2651-e",0,1,2,0,1,11,1,1476503684327,"true",0,0,"far"
"2651-e",0,0,1,1,0,10,0,1476503638953,"true",0,1,"far"
"2651-e",0,0,2,1,0,13,1,1476503727198,"true",0,0,"far"
"2651-e",1,0,1,0,2,12,0,1476503698890,"false",0,1,"close"
"2651-e",0,1,0,0,1,15,0,1476503790431,"true",1,0,"close"
"2651-e",0,0,0,1,0,14,0,1476503757572,"true",1,0,"split"
"2651-e",0,1,0,0,1,17,0,1476503814565,"true",1,0,"far"
"2651-e",0,1,1,0,1,16,0,1476503803999,"true",0,1,"close"
"2651-e",0,1,2,0,1,19,1,1476503830131,"true",0,0,"far"
"2651-e",0,1,0,0,1,18,0,1476503821975,"true",1,0,"far"
"2651-e",0,0,2,1,0,31,1,1476504219848,"true",0,0,"split"
"2651-e",0,0,2,1,0,30,1,1476504207577,"true",0,0,"split"
"2651-e",0,1,0,0,1,37,0,1476504376734,"true",1,0,"far"
"2651-e",0,0,2,1,0,36,1,1476504368888,"true",0,0,"split"
"2651-e",0,1,0,0,1,35,0,1476504344927,"true",1,0,"far"
"2651-e",1,0,2,0,2,34,1,1476504331187,"true",0,0,"close"
"2651-e",0,0,0,1,0,33,0,1476504302803,"true",1,0,"split"
"2651-e",0,0,2,1,0,32,1,1476504270560,"true",0,0,"split"
"2651-e",0,1,1,0,1,50,0,1476504723875,"false",0,1,"close"
