"gameid","sClicked_2","sClicked_1","lClickedIndex","sClicked_0","sClickedIndex","roundNum","lClicked_2","time","outcome","lClicked_0","lClicked_1","condition"
"2653-0",0,0,1,1,0,42,0,1459891875359,"true",0,1,"close"
"2653-0",0,1,2,0,1,48,1,1459891924289,"true",0,0,"close"
"2653-0",1,0,2,0,2,43,1,1459891884455,"true",0,0,"far"
"2653-0",0,1,1,0,1,49,0,1459891934790,"true",0,1,"close"
"2653-0",1,0,1,0,2,24,0,1459891674863,"true",0,1,"close"
"2653-0",0,0,0,1,0,25,0,1459891686155,"true",1,0,"close"
"2653-0",1,0,1,0,2,26,0,1459891697655,"true",0,1,"close"
"2653-0",1,0,1,0,2,27,0,1459891705351,"true",0,1,"close"
"2653-0",0,1,2,0,1,20,1,1459891642494,"true",0,0,"far"
"2653-0",1,0,1,0,2,21,0,1459891653572,"false",0,1,"split"
"2653-0",0,1,1,0,1,22,0,1459891660085,"true",0,1,"far"
"2653-0",0,0,2,1,0,23,1,1459891667898,"true",0,0,"split"
"2653-0",0,0,2,1,0,46,1,1459891908260,"true",0,0,"far"
"2653-0",0,0,2,1,0,47,1,1459891915444,"true",0,0,"split"
"2653-0",0,0,0,1,0,44,0,1459891893090,"true",1,0,"split"
"2653-0",1,0,2,0,2,45,1,1459891901800,"true",0,0,"close"
"2653-0",1,0,0,0,2,28,0,1459891712506,"true",1,0,"far"
"2653-0",0,1,2,0,1,29,1,1459891723120,"true",0,0,"close"
"2653-0",0,0,0,1,0,40,0,1459891856487,"false",1,0,"close"
"2653-0",1,0,2,0,2,41,1,1459891866149,"true",0,0,"split"
"2653-0",1,0,0,0,2,1,0,1459891441457,"false",1,0,"far"
"2653-0",0,1,1,0,1,3,0,1459891469653,"true",0,1,"split"
"2653-0",0,1,2,0,1,2,1,1459891458919,"false",0,0,"far"
"2653-0",0,1,2,0,1,5,1,1459891487478,"true",0,0,"far"
"2653-0",0,0,2,1,0,4,1,1459891478259,"true",0,0,"close"
"2653-0",0,1,1,0,1,7,0,1459891505029,"true",0,1,"split"
"2653-0",1,0,0,0,2,6,0,1459891494377,"true",1,0,"close"
"2653-0",1,0,1,0,2,9,0,1459891527698,"true",0,1,"far"
"2653-0",0,1,1,0,1,8,0,1459891512674,"true",0,1,"close"
"2653-0",0,1,1,0,1,39,0,1459891842635,"true",0,1,"split"
"2653-0",0,1,1,0,1,38,0,1459891830425,"true",0,1,"split"
"2653-0",1,0,0,0,2,11,0,1459891549790,"true",1,0,"close"
"2653-0",0,1,0,0,1,10,0,1459891535992,"true",1,0,"far"
"2653-0",1,0,1,0,2,13,0,1459891572081,"false",0,1,"close"
"2653-0",1,0,1,0,2,12,0,1459891562432,"true",0,1,"split"
"2653-0",0,0,1,1,0,15,0,1459891590418,"false",0,1,"split"
"2653-0",1,0,0,0,2,14,0,1459891579445,"true",1,0,"split"
"2653-0",0,1,0,0,1,17,0,1459891619273,"true",1,0,"far"
"2653-0",0,0,2,1,0,16,1,1459891597499,"true",0,0,"split"
"2653-0",0,0,1,1,0,19,0,1459891635090,"true",0,1,"far"
"2653-0",0,0,1,1,0,18,0,1459891627940,"true",0,1,"close"
"2653-0",0,0,0,1,0,31,0,1459891754262,"true",1,0,"split"
"2653-0",1,0,2,0,2,30,1,1459891732781,"false",0,0,"split"
"2653-0",0,1,0,0,1,37,0,1459891823885,"true",1,0,"far"
"2653-0",0,1,0,0,1,36,0,1459891815201,"false",1,0,"far"
"2653-0",1,0,2,0,2,35,1,1459891807116,"false",0,0,"split"
"2653-0",1,0,0,0,2,34,0,1459891795224,"true",1,0,"far"
"2653-0",0,0,0,1,0,33,0,1459891787237,"true",1,0,"split"
"2653-0",0,1,0,0,1,32,0,1459891778192,"true",1,0,"far"
"2653-0",0,0,1,1,0,50,0,1459891946566,"true",0,1,"far"
