"gameid","sClicked_2","sClicked_1","lClickedIndex","sClicked_0","sClickedIndex","roundNum","lClicked_2","time","outcome","lClicked_0","lClicked_1","condition"
"2660-a",0,0,0,1,0,42,0,1476995018567,"true",1,0,"split"
"2660-a",0,1,2,0,1,48,1,1476995107294,"true",0,0,"far"
"2660-a",0,0,2,1,0,43,1,1476995035550,"true",0,0,"far"
"2660-a",1,0,1,0,2,49,0,1476995117584,"true",0,1,"close"
"2660-a",0,1,0,0,1,24,0,1476994710518,"true",1,0,"close"
"2660-a",0,0,0,1,0,25,0,1476994727289,"true",1,0,"far"
"2660-a",0,1,0,0,1,26,0,1476994738046,"true",1,0,"split"
"2660-a",0,1,1,0,1,27,0,1476994751520,"true",0,1,"far"
"2660-a",0,0,0,1,0,20,0,1476994668538,"true",1,0,"far"
"2660-a",1,0,0,0,2,21,0,1476994680818,"true",1,0,"far"
"2660-a",0,1,1,0,1,22,0,1476994693527,"true",0,1,"close"
"2660-a",0,0,0,1,0,23,0,1476994700806,"true",1,0,"far"
"2660-a",0,0,0,1,0,46,0,1476995083723,"true",1,0,"far"
"2660-a",0,1,0,0,1,47,0,1476995095993,"true",1,0,"split"
"2660-a",0,1,1,0,1,44,0,1476995049211,"false",0,1,"split"
"2660-a",1,0,0,0,2,45,0,1476995071554,"true",1,0,"close"
"2660-a",1,0,1,0,2,28,0,1476994765494,"true",0,1,"split"
"2660-a",0,1,1,0,1,29,0,1476994789161,"true",0,1,"split"
"2660-a",0,0,1,1,0,40,0,1476994997557,"true",0,1,"far"
"2660-a",0,1,2,0,1,41,1,1476995004782,"true",0,0,"far"
"2660-a",0,0,1,1,0,1,0,1476994348992,"true",0,1,"far"
"2660-a",0,0,2,1,0,3,1,1476994368366,"true",0,0,"far"
"2660-a",1,0,2,0,2,2,1,1476994360777,"true",0,0,"close"
"2660-a",0,1,2,0,1,5,1,1476994383579,"true",0,0,"close"
"2660-a",1,0,0,0,2,4,0,1476994377066,"true",1,0,"far"
"2660-a",0,1,0,0,1,7,0,1476994416542,"true",1,0,"far"
"2660-a",1,0,0,0,2,6,0,1476994393352,"false",1,0,"split"
"2660-a",1,0,0,0,2,9,0,1476994444540,"true",1,0,"close"
"2660-a",1,0,0,0,2,8,0,1476994433852,"true",1,0,"close"
"2660-a",1,0,2,0,2,39,1,1476994981106,"false",0,0,"close"
"2660-a",1,0,1,0,2,38,0,1476994966671,"true",0,1,"close"
"2660-a",0,0,2,1,0,11,1,1476994473185,"true",0,0,"split"
"2660-a",0,0,0,1,0,10,0,1476994464484,"true",1,0,"close"
"2660-a",0,0,2,1,0,13,1,1476994490092,"true",0,0,"split"
"2660-a",0,1,2,0,1,12,1,1476994480097,"true",0,0,"far"
"2660-a",1,0,2,0,2,15,1,1476994516325,"true",0,0,"split"
"2660-a",0,1,2,0,1,14,1,1476994502456,"false",0,0,"split"
"2660-a",0,0,2,1,0,17,1,1476994625630,"true",0,0,"close"
"2660-a",0,1,0,0,1,16,0,1476994522686,"true",1,0,"far"
"2660-a",0,1,0,0,1,19,0,1476994662016,"true",1,0,"split"
"2660-a",0,1,2,0,1,18,1,1476994640891,"true",0,0,"close"
"2660-a",1,0,0,0,2,31,0,1476994823306,"true",1,0,"far"
"2660-a",1,0,2,0,2,30,1,1476994807721,"true",0,0,"close"
"2660-a",1,0,2,0,2,37,1,1476994942294,"false",0,0,"close"
"2660-a",0,1,2,0,1,36,1,1476994920130,"true",0,0,"split"
"2660-a",1,0,1,0,2,35,0,1476994912928,"true",0,1,"close"
"2660-a",0,1,2,0,1,34,1,1476994902588,"true",0,0,"close"
"2660-a",0,0,2,1,0,33,1,1476994875847,"true",0,0,"split"
"2660-a",0,1,0,0,1,32,0,1476994848252,"false",1,0,"split"
"2660-a",0,1,1,0,1,50,0,1476995129720,"true",0,1,"split"
