"gameid","sClicked_2","sClicked_1","lClickedIndex","sClicked_0","sClickedIndex","roundNum","lClicked_2","time","outcome","lClicked_0","lClicked_1","condition"
"2662-a",0,0,1,1,0,42,0,1476498082509,"true",0,1,"split"
"2662-a",0,1,0,0,1,48,0,1476498162910,"true",1,0,"split"
"2662-a",0,0,1,1,0,43,0,1476498098459,"true",0,1,"close"
"2662-a",0,0,0,1,0,49,0,1476498174038,"true",1,0,"split"
"2662-a",0,1,1,0,1,24,0,1476497748637,"true",0,1,"close"
"2662-a",1,0,2,0,2,25,1,1476497781977,"true",0,0,"split"
"2662-a",1,0,1,0,2,26,0,1476497795491,"true",0,1,"close"
"2662-a",0,0,0,1,0,27,0,1476497824738,"true",1,0,"close"
"2662-a",0,0,0,1,0,20,0,1476497688768,"true",1,0,"close"
"2662-a",0,0,2,1,0,21,1,1476497709297,"true",0,0,"split"
"2662-a",0,0,0,1,0,22,0,1476497722967,"true",1,0,"far"
"2662-a",0,1,2,0,1,23,1,1476497734143,"true",0,0,"far"
"2662-a",0,0,0,1,0,46,0,1476498130021,"true",1,0,"split"
"2662-a",0,0,1,1,0,47,0,1476498143138,"true",0,1,"close"
"2662-a",1,0,2,0,2,44,1,1476498109221,"true",0,0,"far"
"2662-a",1,0,2,0,2,45,1,1476498120677,"true",0,0,"far"
"2662-a",0,0,2,1,0,28,1,1476497841349,"true",0,0,"far"
"2662-a",1,0,0,0,2,29,0,1476497858599,"true",1,0,"close"
"2662-a",0,0,1,1,0,40,0,1476498057869,"true",0,1,"close"
"2662-a",0,0,0,1,0,41,0,1476498070859,"true",1,0,"split"
"2662-a",0,1,2,0,1,1,1,1476497271686,"true",0,0,"far"
"2662-a",0,0,1,1,0,3,0,1476497328494,"true",0,1,"close"
"2662-a",0,1,1,0,1,2,0,1476497310595,"true",0,1,"close"
"2662-a",0,0,1,1,0,5,0,1476497403995,"true",0,1,"split"
"2662-a",0,1,1,0,1,4,0,1476497351486,"true",0,1,"split"
"2662-a",0,1,2,0,1,7,1,1476497427427,"true",0,0,"far"
"2662-a",0,0,2,1,0,6,1,1476497415575,"true",0,0,"split"
"2662-a",0,1,2,0,1,9,1,1476497461219,"true",0,0,"close"
"2662-a",0,0,1,1,0,8,0,1476497444080,"true",0,1,"close"
"2662-a",1,0,1,0,2,39,0,1476498041328,"true",0,1,"far"
"2662-a",0,0,0,1,0,38,0,1476498029479,"true",1,0,"close"
"2662-a",0,1,2,0,1,11,1,1476497488476,"true",0,0,"far"
"2662-a",0,0,0,1,0,10,0,1476497475537,"true",1,0,"far"
"2662-a",0,0,1,1,0,13,0,1476497532356,"true",0,1,"far"
"2662-a",0,1,2,0,1,12,1,1476497512807,"true",0,0,"split"
"2662-a",1,0,2,0,2,15,1,1476497562613,"true",0,0,"far"
"2662-a",0,0,2,1,0,14,1,1476497549547,"true",0,0,"close"
"2662-a",1,0,1,0,2,17,0,1476497601297,"true",0,1,"far"
"2662-a",0,0,2,1,0,16,1,1476497592447,"true",0,0,"close"
"2662-a",0,1,0,0,1,19,0,1476497655531,"true",1,0,"close"
"2662-a",0,0,1,1,0,18,0,1476497618089,"true",0,1,"far"
"2662-a",1,0,0,0,2,31,0,1476497895468,"true",1,0,"split"
"2662-a",0,1,0,0,1,30,0,1476497877467,"true",1,0,"split"
"2662-a",1,0,2,0,2,37,1,1476498013091,"true",0,0,"close"
"2662-a",0,0,0,1,0,36,0,1476497999328,"false",1,0,"split"
"2662-a",0,0,0,1,0,35,0,1476497971170,"true",1,0,"split"
"2662-a",0,0,2,1,0,34,1,1476497950328,"true",0,0,"far"
"2662-a",0,1,0,0,1,33,0,1476497938069,"false",1,0,"split"
"2662-a",0,1,1,0,1,32,0,1476497911819,"true",0,1,"split"
"2662-a",0,1,1,0,1,50,0,1476498186082,"true",0,1,"far"
