"gameid","sClicked_2","sClicked_1","lClickedIndex","sClicked_0","sClickedIndex","roundNum","lClicked_2","time","outcome","lClicked_0","lClicked_1","condition"
"2664-4",0,0,0,1,0,42,0,1476495977305,"false",1,0,"close"
"2664-4",0,1,1,0,1,48,0,1476496034776,"true",0,1,"split"
"2664-4",1,0,1,0,2,43,0,1476495984358,"true",0,1,"far"
"2664-4",0,1,0,0,1,49,0,1476496043434,"true",1,0,"far"
"2664-4",0,0,1,1,0,24,0,1476495683418,"true",0,1,"far"
"2664-4",0,1,1,0,1,25,0,1476495690104,"true",0,1,"far"
"2664-4",0,1,2,0,1,26,1,1476495699316,"true",0,0,"split"
"2664-4",1,0,1,0,2,27,0,1476495705689,"true",0,1,"far"
"2664-4",0,1,1,0,1,20,0,1476495650846,"true",0,1,"split"
"2664-4",0,1,1,0,1,21,0,1476495657432,"true",0,1,"split"
"2664-4",0,1,0,0,1,22,0,1476495667959,"true",1,0,"far"
"2664-4",0,0,2,1,0,23,1,1476495675558,"false",0,0,"close"
"2664-4",0,1,1,0,1,46,0,1476496014751,"true",0,1,"far"
"2664-4",0,1,0,0,1,47,0,1476496022184,"true",1,0,"far"
"2664-4",0,1,2,0,1,44,1,1476495995842,"true",0,0,"split"
"2664-4",0,0,2,1,0,45,1,1476496007568,"true",0,0,"close"
"2664-4",0,1,1,0,1,28,0,1476495754438,"true",0,1,"close"
"2664-4",0,1,0,0,1,29,0,1476495761775,"true",1,0,"far"
"2664-4",1,0,0,0,2,40,0,1476495933744,"true",1,0,"close"
"2664-4",0,1,2,0,1,41,1,1476495941320,"true",0,0,"split"
"2664-4",0,1,0,0,1,1,0,1476495365683,"true",1,0,"close"
"2664-4",0,1,0,0,1,3,0,1476495387599,"true",1,0,"split"
"2664-4",0,1,2,0,1,2,1,1476495374959,"true",0,0,"far"
"2664-4",0,1,0,0,1,5,0,1476495404164,"true",1,0,"far"
"2664-4",1,0,1,0,2,4,0,1476495396878,"true",0,1,"split"
"2664-4",0,1,1,0,1,7,0,1476495420838,"true",0,1,"close"
"2664-4",1,0,1,0,2,6,0,1476495410710,"true",0,1,"far"
"2664-4",1,0,0,0,2,9,0,1476495437807,"true",1,0,"far"
"2664-4",0,1,2,0,1,8,1,1476495431303,"true",0,0,"split"
"2664-4",1,0,1,0,2,39,0,1476495909299,"true",0,1,"far"
"2664-4",1,0,1,0,2,38,0,1476495899099,"true",0,1,"close"
"2664-4",0,1,1,0,1,11,0,1476495484338,"true",0,1,"split"
"2664-4",1,0,0,0,2,10,0,1476495473076,"true",1,0,"split"
"2664-4",0,0,1,1,0,13,0,1476495568848,"true",0,1,"close"
"2664-4",1,0,1,0,2,12,0,1476495559496,"false",0,1,"close"
"2664-4",0,1,1,0,1,15,0,1476495591456,"true",0,1,"split"
"2664-4",0,1,2,0,1,14,1,1476495580448,"true",0,0,"split"
"2664-4",1,0,0,0,2,17,0,1476495622696,"true",1,0,"split"
"2664-4",0,1,2,0,1,16,1,1476495609344,"true",0,0,"split"
"2664-4",0,1,0,0,1,19,0,1476495642777,"true",1,0,"close"
"2664-4",0,1,0,0,1,18,0,1476495635544,"true",1,0,"split"
"2664-4",0,1,0,0,1,31,0,1476495775823,"true",1,0,"far"
"2664-4",0,0,1,1,0,30,0,1476495769720,"false",0,1,"far"
"2664-4",0,0,1,1,0,37,0,1476495873569,"true",0,1,"split"
"2664-4",1,0,2,0,2,36,1,1476495856454,"true",0,0,"close"
"2664-4",0,1,1,0,1,35,0,1476495849234,"true",0,1,"far"
"2664-4",1,0,2,0,2,34,1,1476495841537,"true",0,0,"close"
"2664-4",0,0,2,1,0,33,1,1476495828042,"true",0,0,"close"
"2664-4",0,0,2,1,0,32,1,1476495817848,"false",0,0,"close"
"2664-4",0,1,2,0,1,50,1,1476496052648,"true",0,0,"close"
