"gameid","sClicked_2","sClicked_1","lClickedIndex","sClicked_0","sClickedIndex","roundNum","lClicked_2","time","outcome","lClicked_0","lClicked_1","condition"
"2673-3",0,1,2,0,1,42,1,1476504946404,"true",0,0,"split"
"2673-3",1,0,1,0,2,48,0,1476505083632,"true",0,1,"split"
"2673-3",0,0,1,1,0,43,0,1476504969073,"true",0,1,"close"
"2673-3",0,0,0,1,0,49,0,1476505094201,"true",1,0,"far"
"2673-3",1,0,2,0,2,24,1,1476504610909,"true",0,0,"close"
"2673-3",1,0,0,0,2,25,0,1476504620436,"true",1,0,"split"
"2673-3",0,0,0,1,0,26,0,1476504627588,"true",1,0,"far"
"2673-3",1,0,1,0,2,27,0,1476504634405,"true",0,1,"far"
"2673-3",0,0,2,1,0,20,1,1476504502584,"true",0,0,"close"
"2673-3",0,0,2,1,0,21,1,1476504519383,"true",0,0,"split"
"2673-3",0,1,1,0,1,22,0,1476504529351,"true",0,1,"far"
"2673-3",0,1,2,0,1,23,1,1476504539935,"true",0,0,"far"
"2673-3",1,0,0,0,2,46,0,1476505016546,"true",1,0,"split"
"2673-3",0,1,2,0,1,47,1,1476505043297,"true",0,0,"split"
"2673-3",0,0,1,1,0,44,0,1476504978153,"true",0,1,"far"
"2673-3",0,0,2,1,0,45,1,1476504996762,"true",0,0,"close"
"2673-3",1,0,1,0,2,28,0,1476504642508,"true",0,1,"far"
"2673-3",0,1,2,0,1,29,1,1476504653412,"true",0,0,"close"
"2673-3",0,0,0,1,0,40,0,1476504878410,"true",1,0,"split"
"2673-3",1,0,1,0,2,41,0,1476504916450,"true",0,1,"close"
"2673-3",0,1,0,0,1,1,0,1476504149674,"true",1,0,"close"
"2673-3",1,0,0,0,2,3,0,1476504219786,"true",1,0,"close"
"2673-3",0,0,1,1,0,2,0,1476504163128,"true",0,1,"split"
"2673-3",1,0,0,0,2,5,0,1476504239545,"true",1,0,"far"
"2673-3",0,1,2,0,1,4,1,1476504230936,"true",0,0,"close"
"2673-3",0,0,0,1,0,7,0,1476504257695,"true",1,0,"far"
"2673-3",0,1,2,0,1,6,1,1476504247528,"true",0,0,"far"
"2673-3",1,0,0,0,2,8,0,1476504280288,"true",1,0,"close"
"2673-3",0,1,2,0,1,39,1,1476504861099,"true",0,0,"close"
"2673-3",0,1,2,0,1,38,1,1476504831954,"true",0,0,"far"
"2673-3",1,0,2,0,2,11,1,1476504363423,"true",0,0,"split"
"2673-3",1,0,1,0,2,10,0,1476504351949,"true",0,1,"close"
"2673-3",1,0,2,0,2,13,1,1476504379799,"true",0,0,"far"
"2673-3",0,0,2,1,0,12,1,1476504369863,"true",0,0,"far"
"2673-3",0,0,0,1,0,15,0,1476504404127,"true",1,0,"far"
"2673-3",0,0,1,1,0,14,0,1476504397326,"true",0,1,"split"
"2673-3",0,0,0,1,0,17,0,1476504453672,"true",1,0,"split"
"2673-3",1,0,1,0,2,16,0,1476504435160,"true",0,1,"close"
"2673-3",0,1,2,0,1,19,1,1476504482055,"true",0,0,"split"
"2673-3",0,1,2,0,1,18,1,1476504470613,"true",0,0,"far"
"2673-3",0,1,2,0,1,31,1,1476504683461,"true",0,0,"far"
"2673-3",0,1,0,0,1,30,0,1476504669980,"true",1,0,"split"
"2673-3",0,1,2,0,1,37,1,1476504824546,"true",0,0,"close"
"2673-3",1,0,0,0,2,36,0,1476504812714,"true",1,0,"close"
"2673-3",0,0,2,1,0,35,1,1476504787715,"true",0,0,"split"
"2673-3",1,0,0,0,2,34,0,1476504777003,"true",1,0,"split"
"2673-3",1,0,0,0,2,33,0,1476504715748,"false",1,0,"split"
"2673-3",0,0,0,1,0,32,0,1476504697700,"true",1,0,"far"
"2673-3",1,0,0,0,2,50,0,1476505122296,"true",1,0,"split"
