"gameid","sClicked_2","sClicked_1","lClickedIndex","sClicked_0","sClickedIndex","roundNum","lClicked_2","time","outcome","lClicked_0","lClicked_1","condition"
"2678-f",0,1,2,0,1,42,1,1477000134621,"true",0,0,"close"
"2678-f",1,0,1,0,2,48,0,1477000226080,"true",0,1,"split"
"2678-f",1,0,2,0,2,43,1,1477000143379,"true",0,0,"close"
"2678-f",0,0,2,1,0,49,1,1477000233181,"true",0,0,"far"
"2678-f",0,1,0,0,1,24,0,1476999904977,"true",1,0,"close"
"2678-f",0,0,1,1,0,25,0,1476999914755,"true",0,1,"split"
"2678-f",1,0,2,0,2,26,1,1476999925818,"true",0,0,"split"
"2678-f",1,0,0,0,2,27,0,1476999934237,"true",1,0,"split"
"2678-f",0,0,0,1,0,20,0,1476999856009,"true",1,0,"far"
"2678-f",0,1,2,0,1,21,1,1476999865353,"true",0,0,"close"
"2678-f",0,0,2,1,0,22,1,1476999873262,"true",0,0,"far"
"2678-f",1,0,1,0,2,23,0,1476999890089,"true",0,1,"far"
"2678-f",1,0,0,0,2,46,0,1477000192369,"true",1,0,"close"
"2678-f",0,1,2,0,1,47,1,1477000211254,"true",0,0,"split"
"2678-f",0,1,1,0,1,44,0,1477000156631,"true",0,1,"split"
"2678-f",0,0,1,1,0,45,0,1477000175839,"true",0,1,"close"
"2678-f",0,1,0,0,1,28,0,1476999952755,"true",1,0,"close"
"2678-f",1,0,2,0,2,29,1,1476999967068,"true",0,0,"split"
"2678-f",1,0,2,0,2,40,1,1477000096320,"true",0,0,"far"
"2678-f",1,0,2,0,2,41,1,1477000122209,"false",0,0,"split"
"2678-f",0,0,0,1,0,1,0,1476999560674,"true",1,0,"far"
"2678-f",1,0,0,0,2,3,0,1476999585530,"true",1,0,"split"
"2678-f",1,0,1,0,2,2,0,1476999569491,"true",0,1,"far"
"2678-f",1,0,0,0,2,5,0,1476999620485,"true",1,0,"split"
"2678-f",1,0,1,0,2,4,0,1476999613144,"false",0,1,"close"
"2678-f",0,0,0,1,0,7,0,1476999649346,"true",1,0,"far"
"2678-f",0,1,0,0,1,6,0,1476999642335,"true",1,0,"close"
"2678-f",0,0,0,1,0,9,0,1476999671649,"true",1,0,"far"
"2678-f",0,0,2,1,0,8,1,1476999664330,"true",0,0,"close"
"2678-f",0,0,0,1,0,39,0,1477000088274,"true",1,0,"far"
"2678-f",1,0,0,0,2,38,0,1477000081394,"true",1,0,"far"
"2678-f",1,0,2,0,2,11,1,1476999694005,"true",0,0,"close"
"2678-f",0,1,1,0,1,10,0,1476999678489,"true",0,1,"far"
"2678-f",1,0,0,0,2,13,0,1476999736931,"true",1,0,"close"
"2678-f",1,0,2,0,2,12,1,1476999710482,"true",0,0,"split"
"2678-f",1,0,2,0,2,15,1,1476999773739,"true",0,0,"close"
"2678-f",1,0,0,0,2,14,0,1476999746879,"true",1,0,"far"
"2678-f",1,0,1,0,2,17,0,1476999805917,"true",0,1,"split"
"2678-f",1,0,1,0,2,16,0,1476999791222,"true",0,1,"far"
"2678-f",0,0,2,1,0,19,1,1476999849098,"true",0,0,"far"
"2678-f",1,0,1,0,2,18,0,1476999842675,"true",0,1,"close"
"2678-f",1,0,2,0,2,31,1,1477000005773,"true",0,0,"far"
"2678-f",1,0,0,0,2,30,0,1476999998077,"true",1,0,"close"
"2678-f",1,0,0,0,2,37,0,1477000072054,"true",1,0,"far"
"2678-f",0,0,1,1,0,36,0,1477000065506,"true",0,1,"split"
"2678-f",0,1,2,0,1,35,1,1477000055536,"true",0,0,"split"
"2678-f",1,0,0,0,2,34,0,1477000045399,"true",1,0,"split"
"2678-f",1,0,2,0,2,33,1,1477000033617,"true",0,0,"close"
"2678-f",1,0,2,0,2,32,1,1477000014983,"true",0,0,"split"
"2678-f",0,1,0,0,1,50,0,1477000250096,"true",1,0,"split"
