"gameid","sClicked_2","sClicked_1","lClickedIndex","sClicked_0","sClickedIndex","roundNum","lClicked_2","time","outcome","lClicked_0","lClicked_1","condition"
"2679-a",0,1,0,0,1,42,0,1476489957160,"true",1,0,"split"
"2679-a",0,1,1,0,1,48,0,1476490053297,"true",0,1,"close"
"2679-a",1,0,0,0,2,43,0,1476489974469,"true",1,0,"close"
"2679-a",0,0,1,1,0,49,0,1476490063906,"true",0,1,"close"
"2679-a",1,0,1,0,2,24,0,1476489591764,"true",0,1,"close"
"2679-a",0,1,0,0,1,25,0,1476489613051,"true",1,0,"close"
"2679-a",0,1,0,0,1,26,0,1476489647266,"true",1,0,"split"
"2679-a",1,0,2,0,2,27,1,1476489657554,"true",0,0,"split"
"2679-a",0,0,0,1,0,20,0,1476489486299,"true",1,0,"close"
"2679-a",0,0,0,1,0,21,0,1476489531273,"true",1,0,"close"
"2679-a",0,1,1,0,1,22,0,1476489562519,"true",0,1,"close"
"2679-a",1,0,2,0,2,23,1,1476489574230,"true",0,0,"far"
"2679-a",0,1,1,0,1,46,0,1476490021979,"false",0,1,"close"
"2679-a",1,0,1,0,2,47,0,1476490030631,"true",0,1,"far"
"2679-a",0,0,2,1,0,44,1,1476489989426,"true",0,0,"far"
"2679-a",0,1,2,0,1,45,1,1476490004695,"true",0,0,"split"
"2679-a",0,1,1,0,1,28,0,1476489681071,"true",0,1,"far"
"2679-a",0,0,2,1,0,29,1,1476489690943,"true",0,0,"far"
"2679-a",1,0,2,0,2,40,1,1476489926626,"false",0,0,"split"
"2679-a",0,1,0,0,1,41,0,1476489943279,"true",1,0,"close"
"2679-a",0,1,0,0,1,1,0,1476489134526,"false",1,0,"far"
"2679-a",0,1,0,0,1,3,0,1476489153937,"true",1,0,"close"
"2679-a",0,1,2,0,1,2,1,1476489145831,"true",0,0,"close"
"2679-a",0,0,0,1,0,5,0,1476489181402,"false",1,0,"split"
"2679-a",1,0,1,0,2,4,0,1476489165186,"true",0,1,"far"
"2679-a",0,0,2,1,0,7,1,1476489226468,"true",0,0,"far"
"2679-a",1,0,0,0,2,6,0,1476489197046,"true",1,0,"split"
"2679-a",0,0,2,1,0,9,1,1476489272125,"false",0,0,"close"
"2679-a",0,1,2,0,1,8,1,1476489254390,"false",0,0,"split"
"2679-a",1,0,1,0,2,39,0,1476489873921,"true",0,1,"close"
"2679-a",0,0,2,1,0,38,1,1476489855490,"true",0,0,"far"
"2679-a",1,0,1,0,2,11,0,1476489320273,"true",0,1,"split"
"2679-a",0,0,2,1,0,10,1,1476489290337,"true",0,0,"split"
"2679-a",0,1,0,0,1,13,0,1476489363612,"true",1,0,"far"
"2679-a",1,0,2,0,2,12,1,1476489348009,"true",0,0,"close"
"2679-a",1,0,2,0,2,15,1,1476489393366,"true",0,0,"close"
"2679-a",1,0,1,0,2,14,0,1476489375379,"true",0,1,"split"
"2679-a",0,0,1,1,0,17,0,1476489417348,"true",0,1,"far"
"2679-a",0,1,1,0,1,16,0,1476489403572,"true",0,1,"split"
"2679-a",0,0,1,1,0,19,0,1476489465702,"true",0,1,"far"
"2679-a",1,0,1,0,2,18,0,1476489439892,"false",0,1,"close"
"2679-a",1,0,2,0,2,31,1,1476489752236,"false",0,0,"split"
"2679-a",1,0,1,0,2,30,0,1476489706690,"true",0,1,"far"
"2679-a",0,1,0,0,1,37,0,1476489830006,"true",1,0,"far"
"2679-a",0,0,0,1,0,36,0,1476489817970,"true",1,0,"split"
"2679-a",0,1,0,0,1,35,0,1476489797137,"true",1,0,"far"
"2679-a",0,0,2,1,0,34,1,1476489789095,"true",0,0,"far"
"2679-a",0,1,1,0,1,33,0,1476489780596,"true",0,1,"far"
"2679-a",0,1,1,0,1,32,0,1476489770212,"true",0,1,"split"
"2679-a",1,0,0,0,2,50,0,1476490073578,"false",1,0,"split"
