"gameid","sClicked_2","sClicked_1","lClickedIndex","sClicked_0","sClickedIndex","roundNum","lClicked_2","time","outcome","lClicked_0","lClicked_1","condition"
"2687-b",0,1,2,0,1,43,1,1476485314157,"true",0,0,"close"
"2687-b",1,0,1,0,2,49,0,1476485482445,"true",0,1,"close"
"2687-b",0,0,2,1,0,24,1,1476484712684,"true",0,0,"far"
"2687-b",0,1,1,0,1,25,0,1476484726724,"false",0,1,"split"
"2687-b",0,0,2,1,0,26,1,1476484760206,"true",0,0,"split"
"2687-b",0,0,2,1,0,20,1,1476484619142,"true",0,0,"far"
"2687-b",0,1,2,0,1,21,1,1476484646585,"true",0,0,"split"
"2687-b",1,0,1,0,2,22,0,1476484674998,"true",0,1,"close"
"2687-b",0,0,1,1,0,23,0,1476484700386,"false",0,1,"split"
"2687-b",1,0,1,0,2,46,0,1476485364827,"true",0,1,"far"
"2687-b",1,0,2,0,2,47,1,1476485394655,"true",0,0,"far"
"2687-b",1,0,2,0,2,44,1,1476485332311,"true",0,0,"far"
"2687-b",0,0,0,1,0,45,0,1476485338386,"true",1,0,"far"
"2687-b",0,0,1,1,0,28,0,1476484846566,"true",0,1,"split"
"2687-b",1,0,1,0,2,29,0,1476484859991,"true",0,1,"far"
"2687-b",0,0,1,1,0,40,0,1476485147278,"false",0,1,"split"
"2687-b",0,1,0,0,1,41,0,1476485196202,"true",1,0,"close"
"2687-b",0,0,0,1,0,1,0,1476484077687,"true",1,0,"split"
"2687-b",0,1,1,0,1,3,0,1476484144502,"true",0,1,"split"
"2687-b",1,0,0,0,2,2,0,1476484114931,"true",1,0,"close"
"2687-b",0,0,0,1,0,5,0,1476484162129,"true",1,0,"split"
"2687-b",1,0,0,0,2,4,0,1476484152830,"true",1,0,"far"
"2687-b",1,0,0,0,2,7,0,1476484183228,"true",1,0,"split"
"2687-b",0,1,0,0,1,6,0,1476484172257,"true",1,0,"far"
"2687-b",0,0,2,1,0,9,1,1476484201133,"true",0,0,"far"
"2687-b",0,1,1,0,1,8,0,1476484194701,"true",0,1,"split"
"2687-b",1,0,0,0,2,39,0,1476485134227,"true",1,0,"far"
"2687-b",1,0,1,0,2,38,0,1476485124721,"true",0,1,"split"
"2687-b",0,1,1,0,1,11,0,1476484281752,"true",0,1,"split"
"2687-b",0,1,1,0,1,13,0,1476484298471,"true",0,1,"far"
"2687-b",0,1,1,0,1,12,0,1476484289865,"true",0,1,"far"
"2687-b",0,1,2,0,1,15,1,1476484443007,"false",0,0,"close"
"2687-b",1,0,2,0,2,17,1,1476484490100,"true",0,0,"close"
"2687-b",0,0,0,1,0,16,0,1476484479814,"true",1,0,"close"
"2687-b",1,0,1,0,2,19,0,1476484610277,"true",0,1,"close"
"2687-b",0,1,2,0,1,18,1,1476484571263,"true",0,0,"close"
"2687-b",0,1,1,0,1,31,0,1476484934456,"true",0,1,"split"
"2687-b",0,0,2,1,0,30,1,1476484883148,"true",0,0,"close"
"2687-b",0,1,1,0,1,37,0,1476485100313,"true",0,1,"far"
"2687-b",1,0,2,0,2,50,1,1476485542164,"true",0,0,"far"
"2687-b",1,0,2,0,2,35,1,1476485027270,"true",0,0,"close"
"2687-b",0,0,2,1,0,34,1,1476485006578,"true",0,0,"close"
"2687-b",0,0,1,1,0,33,0,1476484987086,"true",0,1,"split"
"2687-b",1,0,2,0,2,32,1,1476484976285,"true",0,0,"split"
