"gameid","sClicked_2","sClicked_1","lClickedIndex","sClicked_0","sClickedIndex","roundNum","lClicked_2","time","outcome","lClicked_0","lClicked_1","condition"
"2722-7",0,1,0,0,1,42,0,1476461976974,"false",1,0,"split"
"2722-7",0,0,2,1,0,48,1,1476462037519,"true",0,0,"split"
"2722-7",1,0,2,0,2,43,1,1476461984485,"true",0,0,"far"
"2722-7",1,0,2,0,2,49,1,1476462046634,"true",0,0,"close"
"2722-7",0,1,0,0,1,24,0,1476461757909,"true",1,0,"split"
"2722-7",1,0,1,0,2,25,0,1476461771076,"false",0,1,"close"
"2722-7",1,0,0,0,2,26,0,1476461779062,"true",1,0,"far"
"2722-7",1,0,2,0,2,27,1,1476461794193,"true",0,0,"far"
"2722-7",0,1,1,0,1,20,0,1476461705453,"true",0,1,"close"
"2722-7",0,0,2,1,0,21,1,1476461724410,"true",0,0,"split"
"2722-7",0,1,2,0,1,22,1,1476461737588,"true",0,0,"close"
"2722-7",0,0,1,1,0,23,0,1476461746120,"true",0,1,"split"
"2722-7",0,1,2,0,1,46,1,1476462014536,"true",0,0,"split"
"2722-7",0,1,1,0,1,47,0,1476462023266,"true",0,1,"far"
"2722-7",0,1,0,0,1,44,0,1476461991538,"true",1,0,"split"
"2722-7",0,1,1,0,1,45,0,1476461998836,"true",0,1,"far"
"2722-7",0,1,0,0,1,28,0,1476461813366,"true",1,0,"split"
"2722-7",1,0,0,0,2,29,0,1476461823447,"false",1,0,"split"
"2722-7",1,0,2,0,2,40,1,1476461944467,"true",0,0,"far"
"2722-7",0,0,1,1,0,41,0,1476461955055,"true",0,1,"split"
"2722-7",0,0,1,1,0,1,0,1476461461794,"true",0,1,"close"
"2722-7",0,1,1,0,1,3,0,1476461491014,"true",0,1,"far"
"2722-7",1,0,0,0,2,2,0,1476461482650,"true",1,0,"split"
"2722-7",1,0,0,0,2,5,0,1476461511256,"true",1,0,"close"
"2722-7",1,0,1,0,2,4,0,1476461500611,"true",0,1,"close"
"2722-7",0,1,1,0,1,7,0,1476461541422,"false",0,1,"close"
"2722-7",1,0,1,0,2,6,0,1476461520468,"true",0,1,"far"
"2722-7",0,1,2,0,1,9,1,1476461575045,"false",0,0,"close"
"2722-7",0,0,1,1,0,8,0,1476461558085,"true",0,1,"split"
"2722-7",1,0,1,0,2,39,0,1476461937090,"true",0,1,"close"
"2722-7",1,0,2,0,2,38,1,1476461915159,"true",0,0,"split"
"2722-7",1,0,0,0,2,11,0,1476461596383,"true",1,0,"far"
"2722-7",1,0,2,0,2,10,1,1476461589344,"true",0,0,"close"
"2722-7",0,0,1,1,0,13,0,1476461610777,"true",0,1,"far"
"2722-7",0,0,1,1,0,12,0,1476461602924,"true",0,1,"far"
"2722-7",1,0,2,0,2,15,1,1476461627325,"true",0,0,"far"
"2722-7",1,0,2,0,2,14,1,1476461619451,"true",0,0,"close"
"2722-7",0,0,0,1,0,17,0,1476461653935,"true",1,0,"split"
"2722-7",1,0,0,0,2,16,0,1476461638605,"true",1,0,"close"
"2722-7",0,1,1,0,1,19,0,1476461698390,"true",0,1,"split"
"2722-7",0,0,0,1,0,18,0,1476461684799,"true",1,0,"close"
"2722-7",1,0,0,0,2,31,0,1476461850273,"true",1,0,"close"
"2722-7",1,0,2,0,2,30,1,1476461840629,"true",0,0,"close"
"2722-7",0,0,0,1,0,37,0,1476461907807,"false",1,0,"split"
"2722-7",0,1,2,0,1,36,1,1476461897767,"true",0,0,"far"
"2722-7",0,1,2,0,1,35,1,1476461891067,"true",0,0,"far"
"2722-7",1,0,0,0,2,34,0,1476461882729,"true",1,0,"far"
"2722-7",0,1,0,0,1,33,0,1476461874192,"true",1,0,"split"
"2722-7",1,0,1,0,2,32,0,1476461858857,"true",0,1,"far"
"2722-7",0,1,1,0,1,50,0,1476462058405,"true",0,1,"far"
