"gameid","sClicked_2","sClicked_1","lClickedIndex","sClicked_0","sClickedIndex","roundNum","lClicked_2","time","outcome","lClicked_0","lClicked_1","condition"
"2730-a",1,0,0,0,2,42,0,1476990606700,"true",1,0,"far"
"2730-a",0,0,0,1,0,48,0,1476990768895,"true",1,0,"close"
"2730-a",1,0,2,0,2,43,1,1476990617628,"true",0,0,"far"
"2730-a",0,1,2,0,1,49,1,1476990776799,"true",0,0,"split"
"2730-a",0,1,1,0,1,24,0,1476990355893,"true",0,1,"split"
"2730-a",0,1,2,0,1,25,1,1476990363215,"true",0,0,"split"
"2730-a",1,0,1,0,2,26,0,1476990374025,"true",0,1,"far"
"2730-a",1,0,2,0,2,27,1,1476990400690,"true",0,0,"close"
"2730-a",0,1,0,0,1,20,0,1476990217745,"true",1,0,"split"
"2730-a",0,1,2,0,1,21,1,1476990239756,"true",0,0,"split"
"2730-a",1,0,0,0,2,22,0,1476990255090,"true",1,0,"far"
"2730-a",0,1,1,0,1,23,0,1476990348482,"false",0,1,"close"
"2730-a",0,0,2,1,0,46,1,1476990668258,"true",0,0,"far"
"2730-a",0,0,1,1,0,47,0,1476990759705,"true",0,1,"split"
"2730-a",0,1,1,0,1,44,0,1476990625340,"true",0,1,"split"
"2730-a",0,0,2,1,0,45,1,1476990660824,"true",0,0,"split"
"2730-a",0,1,0,0,1,28,0,1476990435093,"true",1,0,"close"
"2730-a",0,1,1,0,1,29,0,1476990450415,"true",0,1,"close"
"2730-a",0,1,2,0,1,40,1,1476990588882,"true",0,0,"far"
"2730-a",0,1,0,0,1,41,0,1476990599132,"true",1,0,"split"
"2730-a",1,0,0,0,2,1,0,1476989868187,"true",1,0,"close"
"2730-a",1,0,2,0,2,3,1,1476989912855,"true",0,0,"close"
"2730-a",0,0,2,1,0,2,1,1476989882763,"true",0,0,"close"
"2730-a",0,1,2,0,1,5,1,1476989942776,"true",0,0,"far"
"2730-a",0,0,1,1,0,4,0,1476989929601,"false",0,1,"split"
"2730-a",0,0,0,1,0,7,0,1476990005214,"false",1,0,"close"
"2730-a",0,1,0,0,1,6,0,1476989963416,"true",1,0,"close"
"2730-a",0,0,2,1,0,9,1,1476990046808,"true",0,0,"close"
"2730-a",1,0,2,0,2,8,1,1476990029349,"false",0,0,"split"
"2730-a",0,1,0,0,1,39,0,1476990578075,"false",1,0,"close"
"2730-a",0,1,0,0,1,38,0,1476990570588,"true",1,0,"far"
"2730-a",0,0,0,1,0,11,0,1476990093678,"false",1,0,"close"
"2730-a",0,0,2,1,0,10,1,1476990072629,"true",0,0,"close"
"2730-a",0,1,0,0,1,13,0,1476990125477,"true",1,0,"split"
"2730-a",0,0,2,1,0,12,1,1476990108805,"true",0,0,"far"
"2730-a",0,0,2,1,0,15,1,1476990153301,"true",0,0,"far"
"2730-a",0,1,1,0,1,14,0,1476990138948,"true",0,1,"close"
"2730-a",0,1,0,0,1,17,0,1476990182443,"true",1,0,"split"
"2730-a",1,0,2,0,2,16,1,1476990168572,"true",0,0,"far"
"2730-a",1,0,0,0,2,19,0,1476990208443,"true",1,0,"split"
"2730-a",0,0,0,1,0,18,0,1476990193589,"true",1,0,"far"
"2730-a",1,0,1,0,2,31,0,1476990475459,"true",0,1,"far"
"2730-a",0,0,0,1,0,30,0,1476990465519,"true",1,0,"split"
"2730-a",0,0,2,1,0,37,1,1476990564091,"true",0,0,"far"
"2730-a",0,0,0,1,0,36,0,1476990557023,"true",1,0,"far"
"2730-a",1,0,0,0,2,35,0,1476990547468,"true",1,0,"split"
"2730-a",0,0,0,1,0,34,0,1476990521324,"true",1,0,"split"
"2730-a",1,0,0,0,2,33,0,1476990504156,"true",1,0,"close"
"2730-a",1,0,2,0,2,32,1,1476990487033,"true",0,0,"far"
"2730-a",1,0,1,0,2,50,0,1476990801183,"true",0,1,"far"
