"gameid","sClicked_2","sClicked_1","lClickedIndex","sClicked_0","sClickedIndex","roundNum","lClicked_2","time","outcome","lClicked_0","lClicked_1","condition"
"2753-b",0,0,0,1,0,42,0,1476990365668,"true",1,0,"far"
"2753-b",0,0,1,1,0,48,0,1476990465330,"true",0,1,"close"
"2753-b",0,1,1,0,1,43,0,1476990374263,"true",0,1,"far"
"2753-b",0,1,2,0,1,49,1,1476990476690,"true",0,0,"far"
"2753-b",1,0,1,0,2,24,0,1476990110418,"true",0,1,"close"
"2753-b",1,0,1,0,2,25,0,1476990124412,"true",0,1,"close"
"2753-b",1,0,1,0,2,26,0,1476990140913,"true",0,1,"split"
"2753-b",0,1,1,0,1,27,0,1476990156802,"true",0,1,"close"
"2753-b",0,1,2,0,1,20,1,1476990061194,"true",0,0,"close"
"2753-b",0,1,0,0,1,21,0,1476990074094,"true",1,0,"close"
"2753-b",0,0,2,1,0,22,1,1476990081355,"true",0,0,"far"
"2753-b",0,0,2,1,0,23,1,1476990094923,"true",0,0,"split"
"2753-b",0,1,1,0,1,46,0,1476990405120,"true",0,1,"far"
"2753-b",0,1,0,0,1,47,0,1476990428606,"false",1,0,"close"
"2753-b",0,0,2,1,0,44,1,1476990388891,"true",0,0,"close"
"2753-b",0,0,0,1,0,45,0,1476990396561,"true",1,0,"split"
"2753-b",0,0,1,1,0,28,0,1476990171546,"true",0,1,"split"
"2753-b",0,0,1,1,0,29,0,1476990194909,"true",0,1,"close"
"2753-b",0,1,1,0,1,40,0,1476990350737,"true",0,1,"far"
"2753-b",1,0,1,0,2,41,0,1476990357757,"true",0,1,"far"
"2753-b",1,0,0,0,2,1,0,1476989768971,"true",1,0,"split"
"2753-b",1,0,0,0,2,3,0,1476989792298,"true",1,0,"far"
"2753-b",1,0,2,0,2,2,1,1476989783063,"true",0,0,"close"
"2753-b",0,1,1,0,1,5,0,1476989828623,"true",0,1,"split"
"2753-b",1,0,0,0,2,4,0,1476989807781,"false",1,0,"split"
"2753-b",0,1,2,0,1,7,1,1476989855574,"true",0,0,"close"
"2753-b",0,0,2,1,0,6,1,1476989839224,"true",0,0,"far"
"2753-b",0,0,1,1,0,9,0,1476989871928,"true",0,1,"far"
"2753-b",0,0,0,1,0,8,0,1476989864226,"true",1,0,"close"
"2753-b",1,0,0,0,2,39,0,1476990341987,"true",1,0,"close"
"2753-b",0,0,2,1,0,38,1,1476990305906,"true",0,0,"close"
"2753-b",1,0,2,0,2,11,1,1476989895369,"true",0,0,"far"
"2753-b",0,0,2,1,0,10,1,1476989886461,"true",0,0,"split"
"2753-b",1,0,2,0,2,13,1,1476989916520,"true",0,0,"far"
"2753-b",1,0,0,0,2,12,0,1476989908435,"true",1,0,"far"
"2753-b",0,0,0,1,0,15,0,1476989977430,"true",1,0,"split"
"2753-b",0,0,0,1,0,14,0,1476989954779,"true",1,0,"split"
"2753-b",0,0,1,1,0,17,0,1476990014511,"true",0,1,"close"
"2753-b",0,1,1,0,1,16,0,1476990000397,"true",0,1,"split"
"2753-b",1,0,1,0,2,19,0,1476990041721,"true",0,1,"close"
"2753-b",0,1,1,0,1,18,0,1476990027298,"true",0,1,"split"
"2753-b",0,0,2,1,0,31,1,1476990228663,"true",0,0,"close"
"2753-b",0,0,2,1,0,30,1,1476990211117,"true",0,0,"split"
"2753-b",1,0,1,0,2,37,0,1476990295115,"true",0,1,"far"
"2753-b",0,1,1,0,1,36,0,1476990287249,"true",0,1,"far"
"2753-b",0,1,1,0,1,35,0,1476990275213,"true",0,1,"far"
"2753-b",1,0,0,0,2,34,0,1476990263742,"true",1,0,"far"
"2753-b",0,1,2,0,1,33,1,1476990250301,"true",0,0,"split"
"2753-b",0,1,1,0,1,32,0,1476990238963,"true",0,1,"split"
"2753-b",0,1,0,0,1,50,0,1476990490541,"true",1,0,"split"
