"gameid","sClicked_2","sClicked_1","lClickedIndex","sClicked_0","sClickedIndex","roundNum","lClicked_2","time","outcome","lClicked_0","lClicked_1","condition"
"2755-a",0,1,0,0,1,42,0,1476991921251,"true",1,0,"far"
"2755-a",1,0,1,0,2,48,0,1476991997512,"true",0,1,"split"
"2755-a",0,1,1,0,1,43,0,1476991933637,"true",0,1,"far"
"2755-a",0,0,1,1,0,49,0,1476992011812,"true",0,1,"split"
"2755-a",0,0,0,1,0,24,0,1476991672482,"true",1,0,"split"
"2755-a",0,1,2,0,1,25,1,1476991681581,"false",0,0,"close"
"2755-a",1,0,1,0,2,26,0,1476991716282,"true",0,1,"close"
"2755-a",0,0,2,1,0,27,1,1476991731674,"true",0,0,"close"
"2755-a",1,0,0,0,2,20,0,1476991558861,"true",1,0,"close"
"2755-a",1,0,1,0,2,21,0,1476991598490,"true",0,1,"close"
"2755-a",1,0,0,0,2,22,0,1476991610572,"true",1,0,"close"
"2755-a",0,1,0,0,1,23,0,1476991658512,"false",1,0,"close"
"2755-a",0,1,0,0,1,46,0,1476991976162,"true",1,0,"far"
"2755-a",0,1,1,0,1,47,0,1476991982741,"true",0,1,"split"
"2755-a",0,1,0,0,1,44,0,1476991948272,"true",1,0,"far"
"2755-a",1,0,0,0,2,45,0,1476991966832,"true",1,0,"close"
"2755-a",1,0,0,0,2,28,0,1476991747394,"true",1,0,"far"
"2755-a",0,1,1,0,1,29,0,1476991759882,"true",0,1,"far"
"2755-a",1,0,1,0,2,40,0,1476991894962,"true",0,1,"close"
"2755-a",0,0,2,1,0,41,1,1476991902861,"true",0,0,"far"
"2755-a",0,1,2,0,1,1,1,1476991192704,"false",0,0,"close"
"2755-a",1,0,2,0,2,3,1,1476991250813,"true",0,0,"close"
"2755-a",0,1,2,0,1,2,1,1476991204292,"true",0,0,"split"
"2755-a",0,0,2,1,0,5,1,1476991294991,"false",0,0,"close"
"2755-a",0,0,2,1,0,4,1,1476991258591,"true",0,0,"far"
"2755-a",0,0,1,1,0,7,0,1476991354090,"true",0,1,"close"
"2755-a",1,0,0,0,2,6,0,1476991304692,"true",1,0,"split"
"2755-a",0,0,0,1,0,9,0,1476991375191,"false",1,0,"split"
"2755-a",1,0,1,0,2,8,0,1476991361702,"true",0,1,"far"
"2755-a",0,1,1,0,1,39,0,1476991886202,"true",0,1,"split"
"2755-a",0,1,2,0,1,38,1,1476991875482,"true",0,0,"split"
"2755-a",1,0,0,0,2,11,0,1476991396571,"true",1,0,"split"
"2755-a",0,0,0,1,0,10,0,1476991384229,"true",1,0,"far"
"2755-a",1,0,1,0,2,13,0,1476991413421,"true",0,1,"split"
"2755-a",0,1,2,0,1,12,1,1476991403500,"true",0,0,"split"
"2755-a",0,0,1,1,0,15,0,1476991473891,"true",0,1,"split"
"2755-a",0,0,2,1,0,14,1,1476991421991,"true",0,0,"split"
"2755-a",0,0,2,1,0,17,1,1476991492390,"true",0,0,"close"
"2755-a",0,0,0,1,0,16,0,1476991482351,"true",1,0,"close"
"2755-a",0,1,2,0,1,19,1,1476991508932,"true",0,0,"far"
"2755-a",0,1,2,0,1,18,1,1476991500392,"true",0,0,"far"
"2755-a",0,1,1,0,1,31,0,1476991783071,"true",0,1,"close"
"2755-a",0,1,0,0,1,30,0,1476991769609,"true",1,0,"far"
"2755-a",0,0,0,1,0,37,0,1476991854173,"true",1,0,"far"
"2755-a",0,1,1,0,1,36,0,1476991844951,"true",0,1,"split"
"2755-a",1,0,0,0,2,35,0,1476991834281,"true",1,0,"split"
"2755-a",0,0,1,1,0,34,0,1476991822895,"false",0,1,"far"
"2755-a",0,0,2,1,0,33,1,1476991812671,"true",0,0,"far"
"2755-a",0,1,0,0,1,32,0,1476991798282,"true",1,0,"split"
"2755-a",1,0,0,0,2,50,0,1476992022291,"true",1,0,"far"
