"gameid","sClicked_2","sClicked_1","lClickedIndex","sClicked_0","sClickedIndex","roundNum","lClicked_2","time","outcome","lClicked_0","lClicked_1","condition"
"2761-9",0,1,1,0,1,42,0,1476474428417,"true",0,1,"close"
"2761-9",0,1,1,0,1,48,0,1476474547108,"true",0,1,"split"
"2761-9",0,0,1,1,0,43,0,1476474451313,"true",0,1,"far"
"2761-9",0,0,1,1,0,49,0,1476474554575,"true",0,1,"split"
"2761-9",1,0,2,0,2,24,1,1476474010977,"true",0,0,"close"
"2761-9",1,0,1,0,2,25,0,1476474048935,"true",0,1,"close"
"2761-9",0,1,1,0,1,26,0,1476474095038,"true",0,1,"split"
"2761-9",0,0,2,1,0,27,1,1476474108015,"true",0,0,"far"
"2761-9",0,0,1,1,0,20,0,1476473906415,"true",0,1,"split"
"2761-9",0,0,1,1,0,21,0,1476473921866,"true",0,1,"far"
"2761-9",0,1,1,0,1,22,0,1476473936844,"true",0,1,"split"
"2761-9",0,0,1,1,0,23,0,1476473980337,"true",0,1,"close"
"2761-9",1,0,1,0,2,46,0,1476474509550,"true",0,1,"close"
"2761-9",0,1,0,0,1,47,0,1476474517483,"true",1,0,"far"
"2761-9",0,0,2,1,0,44,1,1476474476125,"true",0,0,"split"
"2761-9",0,1,2,0,1,45,1,1476474488899,"true",0,0,"split"
"2761-9",0,1,2,0,1,28,1,1476474117969,"true",0,0,"far"
"2761-9",0,0,2,1,0,29,1,1476474126965,"true",0,0,"far"
"2761-9",1,0,1,0,2,40,0,1476474393234,"true",0,1,"split"
"2761-9",0,1,1,0,1,41,0,1476474409764,"true",0,1,"far"
"2761-9",0,1,2,0,1,1,1,1476473524857,"true",0,0,"close"
"2761-9",0,0,1,1,0,3,0,1476473555343,"true",0,1,"split"
"2761-9",1,0,2,0,2,2,1,1476473543710,"false",0,0,"close"
"2761-9",1,0,1,0,2,5,0,1476473609306,"true",0,1,"close"
"2761-9",0,0,1,1,0,4,0,1476473572354,"false",0,1,"close"
"2761-9",0,1,1,0,1,7,0,1476473647515,"true",0,1,"close"
"2761-9",0,0,0,1,0,6,0,1476473622011,"true",1,0,"far"
"2761-9",1,0,1,0,2,9,0,1476473685389,"true",0,1,"close"
"2761-9",1,0,0,0,2,8,0,1476473658228,"true",1,0,"far"
"2761-9",1,0,1,0,2,39,0,1476474353822,"true",0,1,"far"
"2761-9",1,0,0,0,2,38,0,1476474344605,"true",1,0,"close"
"2761-9",0,0,1,1,0,11,0,1476473719962,"true",0,1,"far"
"2761-9",0,1,2,0,1,10,1,1476473702265,"true",0,0,"far"
"2761-9",0,0,1,1,0,13,0,1476473746009,"true",0,1,"far"
"2761-9",1,0,1,0,2,12,0,1476473736072,"true",0,1,"split"
"2761-9",0,1,1,0,1,15,0,1476473779026,"true",0,1,"split"
"2761-9",0,1,0,0,1,14,0,1476473765665,"true",1,0,"close"
"2761-9",0,0,0,1,0,17,0,1476473812972,"true",1,0,"split"
"2761-9",0,1,2,0,1,16,1,1476473795740,"true",0,0,"split"
"2761-9",1,0,1,0,2,19,0,1476473883637,"true",0,1,"close"
"2761-9",1,0,2,0,2,18,1,1476473829525,"true",0,0,"close"
"2761-9",0,1,2,0,1,31,1,1476474157032,"true",0,0,"far"
"2761-9",0,1,2,0,1,30,1,1476474142643,"true",0,0,"close"
"2761-9",0,0,1,1,0,37,0,1476474316688,"true",0,1,"close"
"2761-9",1,0,2,0,2,36,1,1476474295907,"true",0,0,"split"
"2761-9",0,1,0,0,1,35,0,1476474282749,"true",1,0,"far"
"2761-9",1,0,0,0,2,34,0,1476474250980,"true",1,0,"split"
"2761-9",1,0,1,0,2,33,0,1476474234868,"true",0,1,"far"
"2761-9",1,0,2,0,2,32,1,1476474211963,"true",0,0,"split"
"2761-9",0,0,2,1,0,50,1,1476474568254,"true",0,0,"split"
