"gameid","sClicked_2","sClicked_1","lClickedIndex","sClicked_0","sClickedIndex","roundNum","lClicked_2","time","outcome","lClicked_0","lClicked_1","condition"
"2762-9",0,1,0,0,1,42,0,1459900853970,"true",1,0,"far"
"2762-9",0,0,1,1,0,48,0,1459900928033,"false",0,1,"split"
"2762-9",1,0,1,0,2,43,0,1459900865308,"true",0,1,"close"
"2762-9",0,0,2,1,0,49,1,1459900941447,"true",0,0,"far"
"2762-9",0,1,2,0,1,24,1,1459900580278,"true",0,0,"far"
"2762-9",1,0,0,0,2,25,0,1459900595294,"false",1,0,"far"
"2762-9",0,1,1,0,1,26,0,1459900607274,"true",0,1,"split"
"2762-9",0,1,0,0,1,27,0,1459900621777,"true",1,0,"close"
"2762-9",0,0,0,1,0,20,0,1459900499656,"true",1,0,"split"
"2762-9",1,0,0,0,2,21,0,1459900527824,"true",1,0,"far"
"2762-9",1,0,1,0,2,22,0,1459900546628,"true",0,1,"split"
"2762-9",1,0,1,0,2,23,0,1459900562628,"true",0,1,"far"
"2762-9",0,0,0,1,0,46,0,1459900906007,"true",1,0,"close"
"2762-9",0,0,2,1,0,47,1,1459900915805,"false",0,0,"split"
"2762-9",0,0,1,1,0,44,0,1459900879159,"true",0,1,"close"
"2762-9",1,0,1,0,2,45,0,1459900892525,"true",0,1,"far"
"2762-9",1,0,1,0,2,28,0,1459900644086,"false",0,1,"split"
"2762-9",1,0,0,0,2,29,0,1459900663334,"false",1,0,"close"
"2762-9",0,0,0,1,0,40,0,1459900832245,"false",1,0,"close"
"2762-9",0,1,0,0,1,41,0,1459900845805,"true",1,0,"split"
"2762-9",0,0,2,1,0,1,1,1459900124839,"false",0,0,"split"
"2762-9",0,1,2,0,1,3,1,1459900155806,"false",0,0,"close"
"2762-9",1,0,0,0,2,2,0,1459900141792,"true",1,0,"far"
"2762-9",0,1,0,0,1,5,0,1459900227294,"false",1,0,"close"
"2762-9",0,0,0,1,0,4,0,1459900174676,"true",1,0,"close"
"2762-9",1,0,0,0,2,7,0,1459900259958,"true",1,0,"split"
"2762-9",0,1,1,0,1,6,0,1459900249211,"true",0,1,"close"
"2762-9",1,0,1,0,2,9,0,1459900283760,"true",0,1,"split"
"2762-9",1,0,0,0,2,8,0,1459900271200,"true",1,0,"far"
"2762-9",0,0,0,1,0,39,0,1459900817563,"true",1,0,"split"
"2762-9",1,0,0,0,2,38,0,1459900804506,"true",1,0,"close"
"2762-9",0,0,0,1,0,11,0,1459900316690,"true",1,0,"close"
"2762-9",0,1,0,0,1,10,0,1459900295355,"false",1,0,"split"
"2762-9",0,1,1,0,1,13,0,1459900355563,"true",0,1,"far"
"2762-9",1,0,0,0,2,12,0,1459900342119,"true",1,0,"split"
"2762-9",1,0,1,0,2,15,0,1459900401861,"true",0,1,"close"
"2762-9",0,1,0,0,1,14,0,1459900385896,"true",1,0,"far"
"2762-9",0,1,2,0,1,17,1,1459900436825,"true",0,0,"close"
"2762-9",0,0,0,1,0,16,0,1459900424778,"false",1,0,"close"
"2762-9",1,0,1,0,2,19,0,1459900489394,"true",0,1,"far"
"2762-9",0,1,1,0,1,18,0,1459900471269,"false",0,1,"close"
"2762-9",0,1,0,0,1,31,0,1459900699432,"true",1,0,"split"
"2762-9",0,1,1,0,1,30,0,1459900674857,"true",0,1,"split"
"2762-9",0,0,0,1,0,37,0,1459900790666,"true",1,0,"split"
"2762-9",0,0,1,1,0,36,0,1459900776317,"true",0,1,"far"
"2762-9",0,0,0,1,0,35,0,1459900760854,"true",1,0,"close"
"2762-9",0,0,0,1,0,34,0,1459900746737,"true",1,0,"far"
"2762-9",0,1,0,0,1,33,0,1459900736158,"true",1,0,"far"
"2762-9",0,0,0,1,0,32,0,1459900723230,"true",1,0,"far"
"2762-9",0,1,0,0,1,50,0,1459900957622,"false",1,0,"split"
