"gameid","sClicked_2","sClicked_1","lClickedIndex","sClicked_0","sClickedIndex","roundNum","lClicked_2","time","outcome","lClicked_0","lClicked_1","condition"
"2780-1",0,0,2,1,0,42,1,1459887398102,"true",0,0,"far"
"2780-1",1,0,0,0,2,48,0,1459887534735,"true",1,0,"split"
"2780-1",1,0,1,0,2,43,0,1459887412440,"true",0,1,"split"
"2780-1",1,0,0,0,2,49,0,1459887582855,"true",1,0,"far"
"2780-1",0,1,1,0,1,24,0,1459887159799,"true",0,1,"far"
"2780-1",1,0,2,0,2,25,1,1459887185264,"true",0,0,"split"
"2780-1",0,1,1,0,1,26,0,1459887197657,"true",0,1,"split"
"2780-1",0,1,1,0,1,27,0,1459887212525,"true",0,1,"close"
"2780-1",1,0,0,0,2,20,0,1459887067863,"false",1,0,"split"
"2780-1",1,0,0,0,2,21,0,1459887124963,"true",1,0,"close"
"2780-1",0,0,1,1,0,22,0,1459887136879,"true",0,1,"close"
"2780-1",0,0,1,1,0,23,0,1459887149563,"true",0,1,"close"
"2780-1",1,0,1,0,2,46,0,1459887498029,"true",0,1,"close"
"2780-1",0,1,2,0,1,47,1,1459887516471,"true",0,0,"far"
"2780-1",0,0,2,1,0,45,1,1459887479612,"true",0,0,"close"
"2780-1",0,1,0,0,1,28,0,1459887221993,"true",1,0,"far"
"2780-1",0,1,1,0,1,29,0,1459887243166,"true",0,1,"close"
"2780-1",0,1,1,0,1,40,0,1459887371697,"true",0,1,"far"
"2780-1",1,0,2,0,2,41,1,1459887387309,"false",0,0,"split"
"2780-1",1,0,1,0,2,1,0,1459886493168,"true",0,1,"far"
"2780-1",0,1,1,0,1,3,0,1459886552945,"true",0,1,"far"
"2780-1",1,0,1,0,2,2,0,1459886528301,"true",0,1,"split"
"2780-1",1,0,0,0,2,5,0,1459886632324,"false",1,0,"far"
"2780-1",1,0,1,0,2,4,0,1459886609486,"true",0,1,"far"
"2780-1",1,0,1,0,2,7,0,1459886692517,"true",0,1,"split"
"2780-1",0,1,1,0,1,6,0,1459886662229,"true",0,1,"far"
"2780-1",0,0,0,1,0,9,0,1459886758423,"true",1,0,"close"
"2780-1",1,0,1,0,2,8,0,1459886743927,"true",0,1,"split"
"2780-1",0,0,0,1,0,39,0,1459887361217,"true",1,0,"close"
"2780-1",1,0,1,0,2,38,0,1459887353626,"true",0,1,"split"
"2780-1",1,0,0,0,2,11,0,1459886866474,"true",1,0,"split"
"2780-1",1,0,0,0,2,10,0,1459886847974,"false",1,0,"close"
"2780-1",1,0,2,0,2,13,1,1459886891938,"true",0,0,"close"
"2780-1",0,0,2,1,0,12,1,1459886883842,"true",0,0,"close"
"2780-1",1,0,0,0,2,15,0,1459886955696,"true",1,0,"far"
"2780-1",0,1,2,0,1,14,1,1459886926908,"true",0,0,"split"
"2780-1",0,1,0,0,1,17,0,1459887004056,"true",1,0,"split"
"2780-1",0,0,0,1,0,16,0,1459886993876,"true",1,0,"far"
"2780-1",1,0,1,0,2,19,0,1459887050330,"true",0,1,"close"
"2780-1",1,0,0,0,2,18,0,1459887022174,"true",1,0,"split"
"2780-1",0,1,1,0,1,31,0,1459887264552,"true",0,1,"far"
"2780-1",0,0,2,1,0,30,1,1459887252180,"true",0,0,"close"
"2780-1",1,0,1,0,2,37,0,1459887328596,"true",0,1,"close"
"2780-1",1,0,1,0,2,36,0,1459887318050,"true",0,1,"far"
"2780-1",0,0,1,1,0,35,0,1459887308923,"true",0,1,"split"
"2780-1",1,0,1,0,2,34,0,1459887298049,"true",0,1,"far"
"2780-1",0,0,0,1,0,33,0,1459887290640,"true",1,0,"far"
"2780-1",0,1,0,0,1,32,0,1459887281554,"true",1,0,"split"
"2780-1",0,1,1,0,1,50,0,1459887600084,"true",0,1,"close"
