"gameid","sClicked_2","sClicked_1","lClickedIndex","sClicked_0","sClickedIndex","roundNum","lClicked_2","time","outcome","lClicked_0","lClicked_1","condition"
"2783-c",0,0,0,1,0,42,0,1477000262699,"true",1,0,"split"
"2783-c",0,1,0,0,1,48,0,1477000358206,"true",1,0,"split"
"2783-c",1,0,1,0,2,43,0,1477000277258,"true",0,1,"split"
"2783-c",1,0,2,0,2,49,1,1477000379263,"true",0,0,"split"
"2783-c",1,0,2,0,2,24,1,1476999912302,"true",0,0,"split"
"2783-c",0,0,0,1,0,25,0,1476999934789,"true",1,0,"close"
"2783-c",0,0,1,1,0,26,0,1476999946098,"true",0,1,"close"
"2783-c",0,0,0,1,0,27,0,1476999959622,"true",1,0,"close"
"2783-c",0,0,0,1,0,20,0,1476999802255,"true",1,0,"far"
"2783-c",1,0,0,0,2,21,0,1476999816606,"true",1,0,"close"
"2783-c",0,0,1,1,0,22,0,1476999863333,"true",0,1,"close"
"2783-c",0,1,1,0,1,23,0,1476999872606,"false",0,1,"far"
"2783-c",0,1,1,0,1,46,0,1477000325772,"true",0,1,"split"
"2783-c",1,0,2,0,2,47,1,1477000337011,"true",0,0,"close"
"2783-c",0,0,1,1,0,44,0,1477000301768,"true",0,1,"close"
"2783-c",1,0,0,0,2,45,0,1477000312426,"true",1,0,"far"
"2783-c",0,1,1,0,1,28,0,1476999998834,"true",0,1,"close"
"2783-c",0,0,0,1,0,29,0,1477000007824,"true",1,0,"far"
"2783-c",1,0,2,0,2,40,1,1477000225173,"true",0,0,"far"
"2783-c",0,1,2,0,1,41,1,1477000252003,"true",0,0,"split"
"2783-c",1,0,1,0,2,1,0,1476999432600,"true",0,1,"split"
"2783-c",1,0,0,0,2,3,0,1476999460108,"true",1,0,"split"
"2783-c",0,1,2,0,1,2,1,1476999443504,"true",0,0,"far"
"2783-c",0,1,2,0,1,5,1,1476999500731,"true",0,0,"split"
"2783-c",1,0,0,0,2,4,0,1476999472207,"true",1,0,"split"
"2783-c",0,1,2,0,1,7,1,1476999529178,"false",0,0,"close"
"2783-c",0,0,1,1,0,6,0,1476999509891,"true",0,1,"far"
"2783-c",0,0,1,1,0,9,0,1476999574969,"true",0,1,"far"
"2783-c",0,1,1,0,1,8,0,1476999545879,"true",0,1,"close"
"2783-c",0,1,1,0,1,39,0,1477000215104,"true",0,1,"close"
"2783-c",0,0,0,1,0,38,0,1477000198752,"true",1,0,"close"
"2783-c",1,0,2,0,2,11,1,1476999610878,"true",0,0,"far"
"2783-c",0,0,1,1,0,10,0,1476999597967,"true",0,1,"close"
"2783-c",0,1,0,0,1,13,0,1476999665894,"true",1,0,"far"
"2783-c",1,0,0,0,2,12,0,1476999644404,"true",1,0,"split"
"2783-c",0,0,2,1,0,15,1,1476999709362,"true",0,0,"close"
"2783-c",0,0,2,1,0,14,1,1476999680632,"true",0,0,"far"
"2783-c",0,1,0,0,1,17,0,1476999746197,"true",1,0,"far"
"2783-c",0,0,1,1,0,16,0,1476999736253,"true",0,1,"split"
"2783-c",0,0,2,1,0,19,1,1476999784613,"false",0,0,"split"
"2783-c",0,1,2,0,1,18,1,1476999762403,"true",0,0,"far"
"2783-c",0,0,0,1,0,31,0,1477000029879,"true",1,0,"close"
"2783-c",0,1,2,0,1,30,1,1477000018570,"true",0,0,"far"
"2783-c",0,0,1,1,0,37,0,1477000186203,"true",0,1,"far"
"2783-c",0,0,1,1,0,36,0,1477000172981,"true",0,1,"split"
"2783-c",0,1,0,0,1,35,0,1477000142341,"true",1,0,"split"
"2783-c",0,0,2,1,0,34,1,1477000131157,"true",0,0,"close"
"2783-c",1,0,2,0,2,33,1,1477000116303,"true",0,0,"far"
"2783-c",1,0,2,0,2,32,1,1477000051616,"true",0,0,"split"
"2783-c",0,0,1,1,0,50,0,1477000395083,"true",0,1,"far"
