"gameid","sClicked_2","sClicked_1","lClickedIndex","sClicked_0","sClickedIndex","roundNum","lClicked_2","time","outcome","lClicked_0","lClicked_1","condition"
"2794-c",1,0,1,0,2,42,0,1476997357355,"false",0,1,"close"
"2794-c",1,0,1,0,2,48,0,1476997414960,"false",0,1,"close"
"2794-c",1,0,1,0,2,43,0,1476997365412,"true",0,1,"split"
"2794-c",1,0,2,0,2,49,1,1476997422551,"true",0,0,"far"
"2794-c",1,0,0,0,2,24,0,1476997202980,"true",1,0,"close"
"2794-c",0,0,1,1,0,25,0,1476997211197,"true",0,1,"split"
"2794-c",0,0,0,1,0,26,0,1476997218615,"true",1,0,"close"
"2794-c",0,0,0,1,0,27,0,1476997227372,"false",1,0,"split"
"2794-c",0,1,1,0,1,20,0,1476997167864,"true",0,1,"far"
"2794-c",0,0,1,1,0,21,0,1476997176525,"true",0,1,"close"
"2794-c",0,0,0,1,0,22,0,1476997186056,"true",1,0,"split"
"2794-c",1,0,0,0,2,23,0,1476997194310,"true",1,0,"far"
"2794-c",0,0,2,1,0,46,1,1476997393021,"true",0,0,"split"
"2794-c",0,0,1,1,0,47,0,1476997405176,"true",0,1,"far"
"2794-c",0,1,1,0,1,44,0,1476997372264,"true",0,1,"close"
"2794-c",0,1,2,0,1,45,1,1476997380412,"true",0,0,"far"
"2794-c",1,0,0,0,2,28,0,1476997235732,"true",1,0,"split"
"2794-c",0,0,2,1,0,29,1,1476997249981,"false",0,0,"close"
"2794-c",1,0,0,0,2,40,0,1476997342980,"true",1,0,"far"
"2794-c",1,0,2,0,2,41,1,1476997349940,"true",0,0,"far"
"2794-c",0,1,2,0,1,1,1,1476997000636,"true",0,0,"far"
"2794-c",1,0,0,0,2,3,0,1476997025227,"true",1,0,"close"
"2794-c",0,0,0,1,0,2,0,1476997010327,"true",1,0,"close"
"2794-c",0,1,0,0,1,5,0,1476997040379,"false",1,0,"split"
"2794-c",1,0,0,0,2,4,0,1476997032386,"true",1,0,"close"
"2794-c",0,1,1,0,1,7,0,1476997059946,"false",0,1,"far"
"2794-c",0,1,2,0,1,6,1,1476997050120,"true",0,0,"far"
"2794-c",0,1,0,0,1,9,0,1476997080439,"true",1,0,"far"
"2794-c",0,1,2,0,1,8,1,1476997073781,"true",0,0,"split"
"2794-c",1,0,0,0,2,39,0,1476997336656,"true",1,0,"far"
"2794-c",0,1,1,0,1,38,0,1476997329245,"true",0,1,"split"
"2794-c",0,1,2,0,1,11,1,1476997098690,"true",0,0,"split"
"2794-c",0,0,0,1,0,10,0,1476997088451,"true",1,0,"far"
"2794-c",1,0,1,0,2,13,0,1476997112382,"true",0,1,"far"
"2794-c",0,0,2,1,0,12,1,1476997105305,"true",0,0,"far"
"2794-c",0,0,0,1,0,15,0,1476997132044,"true",1,0,"close"
"2794-c",1,0,0,0,2,14,0,1476997118313,"true",1,0,"split"
"2794-c",0,1,1,0,1,17,0,1476997146337,"true",0,1,"close"
"2794-c",0,0,0,1,0,16,0,1476997138595,"true",1,0,"split"
"2794-c",1,0,2,0,2,19,1,1476997160552,"true",0,0,"close"
"2794-c",0,0,1,1,0,18,0,1476997154570,"true",0,1,"split"
"2794-c",0,0,0,1,0,31,0,1476997269567,"true",1,0,"far"
"2794-c",1,0,1,0,2,30,0,1476997260101,"true",0,1,"close"
"2794-c",1,0,2,0,2,37,1,1476997320225,"true",0,0,"far"
"2794-c",1,0,1,0,2,36,0,1476997313195,"true",0,1,"split"
"2794-c",0,1,0,0,1,35,0,1476997306635,"true",1,0,"close"
"2794-c",1,0,0,0,2,34,0,1476997299702,"true",1,0,"close"
"2794-c",0,0,2,1,0,33,1,1476997286677,"true",0,0,"split"
"2794-c",0,1,2,0,1,32,1,1476997279151,"true",0,0,"split"
"2794-c",0,0,2,1,0,50,1,1476997429436,"true",0,0,"split"
