"gameid","sClicked_2","sClicked_1","lClickedIndex","sClicked_0","sClickedIndex","roundNum","lClicked_2","time","outcome","lClicked_0","lClicked_1","condition"
"2796-8",1,0,0,0,2,42,0,1476481566373,"true",1,0,"close"
"2796-8",1,0,1,0,2,48,0,1476481647310,"false",0,1,"split"
"2796-8",1,0,2,0,2,43,1,1476481575707,"true",0,0,"far"
"2796-8",0,1,1,0,1,49,0,1476481665214,"false",0,1,"close"
"2796-8",1,0,2,0,2,24,1,1476481223386,"false",0,0,"close"
"2796-8",1,0,1,0,2,25,0,1476481234456,"true",0,1,"far"
"2796-8",0,1,0,0,1,26,0,1476481250922,"true",1,0,"far"
"2796-8",0,0,2,1,0,27,1,1476481267724,"true",0,0,"far"
"2796-8",0,0,0,1,0,20,0,1476481145720,"true",1,0,"split"
"2796-8",1,0,2,0,2,21,1,1476481161140,"true",0,0,"split"
"2796-8",0,0,1,1,0,22,0,1476481193474,"true",0,1,"close"
"2796-8",1,0,1,0,2,23,0,1476481203813,"true",0,1,"far"
"2796-8",0,1,2,0,1,46,1,1476481612332,"true",0,0,"close"
"2796-8",0,1,2,0,1,47,1,1476481630657,"false",0,0,"close"
"2796-8",0,1,1,0,1,44,0,1476481585666,"true",0,1,"split"
"2796-8",0,1,2,0,1,45,1,1476481598049,"true",0,0,"close"
"2796-8",0,1,0,0,1,28,0,1476481289833,"true",1,0,"split"
"2796-8",0,1,0,0,1,29,0,1476481302302,"true",1,0,"split"
"2796-8",0,0,1,1,0,40,0,1476481531014,"true",0,1,"split"
"2796-8",0,1,1,0,1,41,0,1476481558652,"true",0,1,"close"
"2796-8",1,0,0,0,2,1,0,1476480650767,"false",1,0,"far"
"2796-8",0,1,0,0,1,3,0,1476480699309,"true",1,0,"far"
"2796-8",0,0,1,1,0,2,0,1476480667511,"true",0,1,"close"
"2796-8",1,0,2,0,2,5,1,1476480750565,"false",0,0,"split"
"2796-8",0,1,1,0,1,4,0,1476480709362,"true",0,1,"far"
"2796-8",0,0,2,1,0,7,1,1476480858865,"true",0,0,"far"
"2796-8",0,0,1,1,0,6,0,1476480819842,"true",0,1,"close"
"2796-8",0,1,0,0,1,9,0,1476480919106,"true",1,0,"split"
"2796-8",0,1,2,0,1,8,1,1476480884071,"false",0,0,"close"
"2796-8",0,1,1,0,1,39,0,1476481490724,"true",0,1,"split"
"2796-8",1,0,2,0,2,38,1,1476481462034,"true",0,0,"split"
"2796-8",0,1,2,0,1,11,1,1476480961423,"true",0,0,"split"
"2796-8",0,0,0,1,0,10,0,1476480951865,"true",1,0,"split"
"2796-8",0,0,0,1,0,13,0,1476481016636,"true",1,0,"close"
"2796-8",0,1,0,0,1,12,0,1476480983697,"true",1,0,"far"
"2796-8",0,0,1,1,0,15,0,1476481038805,"true",0,1,"split"
"2796-8",0,0,2,1,0,14,1,1476481026153,"true",0,0,"close"
"2796-8",1,0,1,0,2,17,0,1476481070308,"false",0,1,"split"
"2796-8",0,1,2,0,1,16,1,1476481054834,"true",0,0,"close"
"2796-8",0,1,1,0,1,19,0,1476481124508,"true",0,1,"far"
"2796-8",0,0,1,1,0,18,0,1476481095926,"true",0,1,"far"
"2796-8",1,0,1,0,2,31,0,1476481340983,"true",0,1,"split"
"2796-8",1,0,0,0,2,30,0,1476481312207,"true",1,0,"far"
"2796-8",0,1,1,0,1,37,0,1476481450973,"true",0,1,"far"
"2796-8",0,0,0,1,0,36,0,1476481438734,"true",1,0,"split"
"2796-8",1,0,1,0,2,35,0,1476481404994,"true",0,1,"far"
"2796-8",1,0,1,0,2,34,0,1476481391207,"true",0,1,"close"
"2796-8",0,0,2,1,0,33,1,1476481372984,"true",0,0,"close"
"2796-8",1,0,1,0,2,32,0,1476481356403,"true",0,1,"far"
"2796-8",0,0,2,1,0,50,1,1476481692424,"true",0,0,"far"
