"gameid","sClicked_2","sClicked_1","lClickedIndex","sClicked_0","sClickedIndex","roundNum","lClicked_2","time","outcome","lClicked_0","lClicked_1","condition"
"2799-8",0,1,2,0,1,42,1,1476989252819,"true",0,0,"close"
"2799-8",0,1,0,0,1,48,0,1476989332585,"true",1,0,"split"
"2799-8",0,0,2,1,0,43,1,1476989265019,"true",0,0,"close"
"2799-8",0,1,1,0,1,49,0,1476989341487,"true",0,1,"far"
"2799-8",1,0,0,0,2,24,0,1476988836296,"true",1,0,"far"
"2799-8",1,0,0,0,2,25,0,1476988848081,"true",1,0,"far"
"2799-8",1,0,1,0,2,26,0,1476988884871,"false",0,1,"close"
"2799-8",1,0,2,0,2,27,1,1476988898808,"true",0,0,"split"
"2799-8",0,0,0,1,0,20,0,1476988755607,"false",1,0,"split"
"2799-8",0,1,1,0,1,21,0,1476988781709,"true",0,1,"split"
"2799-8",0,0,1,1,0,22,0,1476988807938,"false",0,1,"close"
"2799-8",0,1,2,0,1,23,1,1476988825862,"true",0,0,"close"
"2799-8",0,0,0,1,0,46,0,1476989311827,"true",1,0,"far"
"2799-8",0,0,1,1,0,47,0,1476989320864,"true",0,1,"far"
"2799-8",1,0,2,0,2,44,1,1476989274494,"true",0,0,"split"
"2799-8",0,1,2,0,1,45,1,1476989297876,"true",0,0,"split"
"2799-8",0,0,0,1,0,28,0,1476988908126,"true",1,0,"split"
"2799-8",0,0,1,1,0,29,0,1476988935156,"true",0,1,"far"
"2799-8",0,1,0,0,1,40,0,1476989224616,"true",1,0,"split"
"2799-8",0,1,0,0,1,41,0,1476989236538,"true",1,0,"far"
"2799-8",0,1,2,0,1,1,1,1476988428851,"true",0,0,"far"
"2799-8",1,0,2,0,2,3,1,1476988464390,"true",0,0,"close"
"2799-8",0,1,0,0,1,2,0,1476988441952,"true",1,0,"far"
"2799-8",0,1,0,0,1,5,0,1476988496378,"true",1,0,"split"
"2799-8",1,0,1,0,2,4,0,1476988475229,"true",0,1,"far"
"2799-8",1,0,1,0,2,7,0,1476988527260,"true",0,1,"close"
"2799-8",1,0,0,0,2,6,0,1476988516214,"true",1,0,"split"
"2799-8",0,1,2,0,1,9,1,1476988548268,"false",0,0,"far"
"2799-8",0,1,0,0,1,8,0,1476988537806,"true",1,0,"split"
"2799-8",0,1,0,0,1,39,0,1476989209163,"true",1,0,"far"
"2799-8",1,0,1,0,2,38,0,1476989190598,"true",0,1,"close"
"2799-8",0,1,0,0,1,11,0,1476988585797,"true",1,0,"close"
"2799-8",1,0,1,0,2,10,0,1476988572715,"true",0,1,"split"
"2799-8",0,1,1,0,1,13,0,1476988618501,"true",0,1,"far"
"2799-8",1,0,1,0,2,12,0,1476988605140,"true",0,1,"split"
"2799-8",0,1,2,0,1,15,1,1476988658780,"true",0,0,"close"
"2799-8",0,1,0,0,1,14,0,1476988633338,"true",1,0,"split"
"2799-8",1,0,1,0,2,17,0,1476988710005,"true",0,1,"far"
"2799-8",0,1,2,0,1,16,1,1476988685079,"true",0,0,"close"
"2799-8",1,0,1,0,2,19,0,1476988743859,"true",0,1,"close"
"2799-8",1,0,2,0,2,18,1,1476988724949,"true",0,0,"far"
"2799-8",0,0,0,1,0,31,0,1476988969084,"true",1,0,"far"
"2799-8",0,0,1,1,0,30,0,1476988958491,"true",0,1,"split"
"2799-8",1,0,0,0,2,37,0,1476989175388,"true",1,0,"close"
"2799-8",1,0,2,0,2,36,1,1476989146144,"true",0,0,"close"
"2799-8",1,0,1,0,2,35,0,1476989078819,"true",0,1,"split"
"2799-8",0,0,2,1,0,34,1,1476989038745,"true",0,0,"far"
"2799-8",0,1,1,0,1,33,0,1476989025929,"true",0,1,"split"
"2799-8",0,0,1,1,0,32,0,1476989016339,"true",0,1,"close"
"2799-8",1,0,2,0,2,50,1,1476989365202,"true",0,0,"close"
