"gameid","sClicked_2","sClicked_1","lClickedIndex","sClicked_0","sClickedIndex","roundNum","lClicked_2","time","outcome","lClicked_0","lClicked_1","condition"
"2802-b",0,1,2,0,1,42,1,1476995206540,"true",0,0,"far"
"2802-b",1,0,0,0,2,48,0,1476995372163,"true",1,0,"split"
"2802-b",0,1,1,0,1,43,0,1476995226587,"true",0,1,"split"
"2802-b",0,1,1,0,1,49,0,1476995379714,"true",0,1,"far"
"2802-b",0,0,0,1,0,24,0,1476994852168,"true",1,0,"close"
"2802-b",0,1,2,0,1,25,1,1476994884960,"true",0,0,"split"
"2802-b",0,1,2,0,1,26,1,1476994891559,"true",0,0,"far"
"2802-b",0,0,1,1,0,27,0,1476994918254,"true",0,1,"close"
"2802-b",0,0,1,1,0,20,0,1476994786247,"true",0,1,"split"
"2802-b",0,0,0,1,0,21,0,1476994792776,"true",1,0,"far"
"2802-b",0,0,1,1,0,22,0,1476994813002,"true",0,1,"close"
"2802-b",0,0,1,1,0,23,0,1476994819962,"true",0,1,"split"
"2802-b",1,0,0,0,2,46,0,1476995297244,"false",1,0,"close"
"2802-b",0,0,2,1,0,47,1,1476995335459,"true",0,0,"split"
"2802-b",0,0,2,1,0,45,1,1476995272995,"true",0,0,"close"
"2802-b",0,1,0,0,1,28,0,1476994950702,"true",1,0,"split"
"2802-b",0,0,2,1,0,29,1,1476994979941,"true",0,0,"split"
"2802-b",1,0,2,0,2,41,1,1476995197949,"true",0,0,"split"
"2802-b",0,0,0,1,0,1,0,1476994337159,"true",1,0,"split"
"2802-b",1,0,0,0,2,3,0,1476994371629,"true",1,0,"split"
"2802-b",1,0,1,0,2,2,0,1476994349365,"false",0,1,"split"
"2802-b",0,1,0,0,1,5,0,1476994394645,"true",1,0,"split"
"2802-b",0,1,1,0,1,4,0,1476994378443,"true",0,1,"far"
"2802-b",0,1,1,0,1,7,0,1476994423972,"true",0,1,"far"
"2802-b",0,1,2,0,1,6,1,1476994404269,"true",0,0,"far"
"2802-b",0,0,1,1,0,9,0,1476994519442,"false",0,1,"split"
"2802-b",0,0,0,1,0,8,0,1476994475308,"true",1,0,"close"
"2802-b",1,0,2,0,2,38,1,1476995107814,"true",0,0,"close"
"2802-b",0,1,2,0,1,11,1,1476994597714,"true",0,0,"close"
"2802-b",0,1,2,0,1,10,1,1476994586234,"true",0,0,"close"
"2802-b",1,0,0,0,2,13,0,1476994620329,"true",1,0,"close"
"2802-b",1,0,1,0,2,12,0,1476994604954,"true",0,1,"far"
"2802-b",0,0,1,1,0,15,0,1476994644714,"true",0,1,"far"
"2802-b",1,0,1,0,2,14,0,1476994628234,"true",0,1,"far"
"2802-b",1,0,0,0,2,17,0,1476994663457,"true",1,0,"far"
"2802-b",0,0,0,1,0,16,0,1476994653289,"true",1,0,"far"
"2802-b",1,0,1,0,2,19,0,1476994765770,"true",0,1,"close"
"2802-b",0,0,2,1,0,18,1,1476994699321,"true",0,0,"close"
"2802-b",1,0,2,0,2,31,1,1476995003287,"true",0,0,"close"
"2802-b",0,0,0,1,0,30,0,1476994991112,"true",1,0,"close"
"2802-b",0,0,1,1,0,37,0,1476995074974,"true",0,1,"far"
"2802-b",0,0,0,1,0,36,0,1476995054358,"true",1,0,"far"
"2802-b",0,1,0,0,1,35,0,1476995048214,"true",1,0,"close"
"2802-b",0,1,0,0,1,34,0,1476995023853,"true",1,0,"far"
"2802-b",1,0,0,0,2,33,0,1476995017254,"true",1,0,"far"
"2802-b",0,0,1,1,0,32,0,1476995010374,"true",0,1,"far"
"2802-b",1,0,2,0,2,50,1,1476995386313,"true",0,0,"close"
