"gameid","sClicked_2","sClicked_1","lClickedIndex","sClicked_0","sClickedIndex","roundNum","lClicked_2","time","outcome","lClicked_0","lClicked_1","condition"
"2806-5",0,1,1,0,1,42,0,1459893331346,"true",0,1,"close"
"2806-5",1,0,1,0,2,48,0,1459893454788,"true",0,1,"close"
"2806-5",1,0,1,0,2,43,0,1459893349906,"true",0,1,"close"
"2806-5",1,0,2,0,2,49,1,1459893472124,"true",0,0,"split"
"2806-5",1,0,0,0,2,24,0,1459892892134,"false",1,0,"split"
"2806-5",1,0,0,0,2,25,0,1459892926806,"true",1,0,"split"
"2806-5",1,0,2,0,2,26,1,1459892938682,"true",0,0,"close"
"2806-5",0,1,1,0,1,27,0,1459892979186,"false",0,1,"far"
"2806-5",1,0,2,0,2,20,1,1459892791416,"true",0,0,"split"
"2806-5",1,0,0,0,2,21,0,1459892815242,"true",1,0,"split"
"2806-5",0,1,1,0,1,22,0,1459892855570,"false",0,1,"split"
"2806-5",1,0,2,0,2,23,1,1459892870536,"true",0,0,"far"
"2806-5",0,1,0,0,1,46,0,1459893400900,"true",1,0,"close"
"2806-5",0,0,0,1,0,47,0,1459893424204,"true",1,0,"close"
"2806-5",1,0,2,0,2,44,1,1459893373818,"true",0,0,"far"
"2806-5",0,1,2,0,1,45,1,1459893383804,"true",0,0,"split"
"2806-5",1,0,2,0,2,28,1,1459893007972,"true",0,0,"far"
"2806-5",1,0,1,0,2,29,0,1459893036558,"true",0,1,"far"
"2806-5",1,0,1,0,2,40,0,1459893292112,"true",0,1,"close"
"2806-5",1,0,0,0,2,41,0,1459893311797,"true",1,0,"far"
"2806-5",0,0,1,1,0,1,0,1459892267188,"true",0,1,"split"
"2806-5",1,0,2,0,2,3,1,1459892347238,"true",0,0,"close"
"2806-5",1,0,2,0,2,2,1,1459892281300,"true",0,0,"far"
"2806-5",1,0,0,0,2,5,0,1459892415721,"true",1,0,"far"
"2806-5",0,1,1,0,1,4,0,1459892405504,"true",0,1,"split"
"2806-5",0,0,0,1,0,7,0,1459892470647,"true",1,0,"split"
"2806-5",0,1,0,0,1,6,0,1459892439683,"true",1,0,"close"
"2806-5",0,0,1,1,0,9,0,1459892509417,"true",0,1,"close"
"2806-5",0,0,2,1,0,8,1,1459892489760,"true",0,0,"close"
"2806-5",0,0,2,1,0,39,1,1459893265704,"true",0,0,"far"
"2806-5",1,0,0,0,2,38,0,1459893237232,"true",1,0,"far"
"2806-5",0,1,1,0,1,11,0,1459892562732,"false",0,1,"close"
"2806-5",0,1,1,0,1,10,0,1459892534625,"true",0,1,"split"
"2806-5",0,0,2,1,0,13,1,1459892606907,"true",0,0,"split"
"2806-5",0,1,0,0,1,12,0,1459892583413,"true",1,0,"far"
"2806-5",1,0,2,0,2,15,1,1459892651084,"false",0,0,"split"
"2806-5",1,0,1,0,2,14,0,1459892630195,"false",0,1,"close"
"2806-5",0,0,0,1,0,17,0,1459892697813,"true",1,0,"far"
"2806-5",1,0,2,0,2,16,1,1459892679484,"true",0,0,"far"
"2806-5",1,0,1,0,2,19,0,1459892764831,"false",0,1,"split"
"2806-5",0,1,0,0,1,18,0,1459892715405,"true",1,0,"split"
"2806-5",0,1,2,0,1,31,1,1459893102286,"true",0,0,"close"
"2806-5",0,1,1,0,1,30,0,1459893077477,"true",0,1,"split"
"2806-5",0,1,0,0,1,37,0,1459893214833,"true",1,0,"far"
"2806-5",0,1,1,0,1,36,0,1459893206647,"true",0,1,"split"
"2806-5",0,1,1,0,1,35,0,1459893194824,"false",0,1,"close"
"2806-5",0,0,1,1,0,34,0,1459893159558,"true",0,1,"close"
"2806-5",0,1,1,0,1,33,0,1459893137392,"true",0,1,"far"
"2806-5",0,0,0,1,0,32,0,1459893122511,"false",1,0,"far"
"2806-5",0,0,1,1,0,50,0,1459893484308,"true",0,1,"far"
