"gameid","sClicked_2","sClicked_1","lClickedIndex","sClicked_0","sClickedIndex","roundNum","lClicked_2","time","outcome","lClicked_0","lClicked_1","condition"
"2811-d",0,1,0,0,1,42,0,1476993137748,"true",1,0,"far"
"2811-d",1,0,0,0,2,43,0,1476993146231,"true",1,0,"far"
"2811-d",1,0,0,0,2,49,0,1476993335618,"true",1,0,"close"
"2811-d",1,0,0,0,2,24,0,1476992614911,"true",1,0,"split"
"2811-d",1,0,0,0,2,25,0,1476992637923,"true",1,0,"split"
"2811-d",0,1,1,0,1,26,0,1476992649443,"true",0,1,"far"
"2811-d",0,0,1,1,0,27,0,1476992673752,"true",0,1,"close"
"2811-d",0,0,2,1,0,20,1,1476992557800,"true",0,0,"close"
"2811-d",0,0,2,1,0,21,1,1476992570303,"true",0,0,"far"
"2811-d",0,0,0,1,0,22,0,1476992585809,"true",1,0,"close"
"2811-d",1,0,0,0,2,23,0,1476992603047,"true",1,0,"close"
"2811-d",1,0,2,0,2,46,1,1476993235114,"true",0,0,"close"
"2811-d",0,1,2,0,1,47,1,1476993249000,"true",0,0,"far"
"2811-d",0,0,1,1,0,44,0,1476993196133,"true",0,1,"far"
"2811-d",0,0,2,1,0,45,1,1476993218568,"true",0,0,"split"
"2811-d",0,0,2,1,0,28,1,1476992683896,"true",0,0,"split"
"2811-d",1,0,0,0,2,29,0,1476992697643,"true",1,0,"close"
"2811-d",0,1,2,0,1,40,1,1476993089031,"true",0,0,"far"
"2811-d",1,0,0,0,2,41,0,1476993119015,"true",1,0,"far"
"2811-d",0,1,2,0,1,1,1,1476992174067,"true",0,0,"split"
"2811-d",0,1,2,0,1,3,1,1476992209850,"true",0,0,"far"
"2811-d",1,0,2,0,2,2,1,1476992192338,"true",0,0,"far"
"2811-d",0,1,2,0,1,5,1,1476992253487,"false",0,0,"far"
"2811-d",0,1,0,0,1,4,0,1476992232962,"false",1,0,"close"
"2811-d",1,0,0,0,2,7,0,1476992299828,"true",1,0,"split"
"2811-d",0,0,0,1,0,6,0,1476992278411,"true",1,0,"split"
"2811-d",1,0,1,0,2,9,0,1476992342571,"true",0,1,"split"
"2811-d",0,1,1,0,1,8,0,1476992315731,"true",0,1,"far"
"2811-d",1,0,2,0,2,39,1,1476993063456,"true",0,0,"split"
"2811-d",0,0,0,1,0,38,0,1476993028458,"true",1,0,"split"
"2811-d",0,0,0,1,0,11,0,1476992373104,"true",1,0,"far"
"2811-d",0,0,0,1,0,10,0,1476992356276,"true",1,0,"split"
"2811-d",0,0,1,1,0,13,0,1476992415805,"true",0,1,"far"
"2811-d",0,0,1,1,0,12,0,1476992406635,"true",0,1,"close"
"2811-d",0,0,1,1,0,15,0,1476992451760,"true",0,1,"split"
"2811-d",1,0,2,0,2,14,1,1476992431814,"true",0,0,"close"
"2811-d",0,1,2,0,1,17,1,1476992507401,"true",0,0,"close"
"2811-d",0,1,2,0,1,16,1,1476992480655,"true",0,0,"close"
"2811-d",0,0,0,1,0,19,0,1476992535166,"true",1,0,"far"
"2811-d",1,0,2,0,2,18,1,1476992521862,"true",0,0,"far"
"2811-d",0,0,2,1,0,31,1,1476992739562,"true",0,0,"far"
"2811-d",0,1,0,0,1,30,0,1476992720601,"true",1,0,"close"
"2811-d",1,0,0,0,2,37,0,1476993013520,"true",1,0,"split"
"2811-d",0,0,1,1,0,36,0,1476992994160,"false",0,1,"close"
"2811-d",0,0,2,1,0,35,1,1476992978749,"true",0,0,"split"
"2811-d",0,0,2,1,0,34,1,1476992947710,"true",0,0,"close"
"2811-d",1,0,0,0,2,33,0,1476992867108,"true",1,0,"split"
"2811-d",0,0,2,1,0,32,1,1476992762082,"true",0,0,"split"
"2811-d",0,0,1,1,0,50,0,1476993353665,"true",0,1,"close"
