"gameid","sClicked_2","sClicked_1","lClickedIndex","sClicked_0","sClickedIndex","roundNum","lClicked_2","time","outcome","lClicked_0","lClicked_1","condition"
"2841-a",1,0,0,0,2,42,0,1476498168967,"true",1,0,"close"
"2841-a",0,0,1,1,0,48,0,1476498309406,"true",0,1,"far"
"2841-a",0,0,1,1,0,43,0,1476498214457,"true",0,1,"close"
"2841-a",0,0,0,1,0,49,0,1476498323336,"true",1,0,"split"
"2841-a",0,0,2,1,0,24,1,1476497901760,"true",0,0,"close"
"2841-a",1,0,2,0,2,25,1,1476497915784,"true",0,0,"split"
"2841-a",0,1,1,0,1,26,0,1476497923834,"true",0,1,"split"
"2841-a",1,0,1,0,2,27,0,1476497937608,"true",0,1,"close"
"2841-a",0,1,0,0,1,20,0,1476497823631,"true",1,0,"close"
"2841-a",1,0,2,0,2,21,1,1476497844703,"true",0,0,"split"
"2841-a",1,0,0,0,2,22,0,1476497867551,"true",1,0,"close"
"2841-a",1,0,1,0,2,23,0,1476497878295,"true",0,1,"split"
"2841-a",0,0,0,1,0,46,0,1476498285729,"true",1,0,"split"
"2841-a",0,1,1,0,1,47,0,1476498302563,"false",0,1,"split"
"2841-a",0,0,1,1,0,44,0,1476498243293,"true",0,1,"close"
"2841-a",1,0,1,0,2,45,0,1476498270061,"false",0,1,"close"
"2841-a",1,0,2,0,2,28,1,1476497946338,"true",0,0,"split"
"2841-a",0,0,0,1,0,29,0,1476497955379,"true",1,0,"far"
"2841-a",0,0,2,1,0,40,1,1476498137574,"false",0,0,"split"
"2841-a",0,1,2,0,1,41,1,1476498154174,"true",0,0,"split"
"2841-a",0,0,0,1,0,3,0,1476497530641,"true",1,0,"close"
"2841-a",0,0,1,1,0,5,0,1476497580165,"true",0,1,"split"
"2841-a",0,0,0,1,0,4,0,1476497558762,"true",1,0,"close"
"2841-a",1,0,2,0,2,7,1,1476497610171,"false",0,0,"close"
"2841-a",0,0,0,1,0,6,0,1476497592324,"true",1,0,"far"
"2841-a",0,0,1,1,0,9,0,1476497643565,"true",0,1,"far"
"2841-a",1,0,1,0,2,8,0,1476497630627,"true",0,1,"far"
"2841-a",0,0,2,1,0,39,1,1476498123928,"true",0,0,"far"
"2841-a",0,0,2,1,0,38,1,1476498107980,"true",0,0,"close"
"2841-a",0,1,0,0,1,11,0,1476497678945,"true",1,0,"far"
"2841-a",0,1,1,0,1,10,0,1476497667944,"true",0,1,"close"
"2841-a",0,1,0,0,1,13,0,1476497707833,"true",1,0,"split"
"2841-a",0,1,0,0,1,12,0,1476497697182,"true",1,0,"far"
"2841-a",0,1,1,0,1,15,0,1476497740012,"true",0,1,"far"
"2841-a",0,0,0,1,0,14,0,1476497728646,"true",1,0,"split"
"2841-a",0,0,0,1,0,17,0,1476497758089,"true",1,0,"far"
"2841-a",0,1,2,0,1,16,1,1476497749799,"true",0,0,"far"
"2841-a",0,0,0,1,0,19,0,1476497792892,"true",1,0,"split"
"2841-a",0,0,1,1,0,18,0,1476497782014,"false",0,1,"close"
"2841-a",0,1,2,0,1,31,1,1476497975683,"false",0,0,"far"
"2841-a",0,0,1,1,0,30,0,1476497966877,"true",0,1,"far"
"2841-a",0,1,0,0,1,37,0,1476498081099,"true",1,0,"split"
"2841-a",0,0,0,1,0,36,0,1476498056673,"true",1,0,"far"
"2841-a",0,1,0,0,1,35,0,1476498047355,"true",1,0,"split"
"2841-a",0,0,2,1,0,34,1,1476498035046,"true",0,0,"far"
"2841-a",0,0,0,1,0,33,0,1476498021199,"false",1,0,"close"
"2841-a",1,0,2,0,2,32,1,1476497999620,"false",0,0,"close"
"2841-a",0,0,1,1,0,50,0,1476498341351,"true",0,1,"close"
