"gameid","sClicked_2","sClicked_1","lClickedIndex","sClicked_0","sClickedIndex","roundNum","lClicked_2","time","outcome","lClicked_0","lClicked_1","condition"
"2851-a",0,1,1,0,1,42,0,1476495701557,"false",0,1,"close"
"2851-a",0,1,2,0,1,48,1,1476495764896,"true",0,0,"far"
"2851-a",1,0,0,0,2,43,0,1476495713421,"true",1,0,"split"
"2851-a",1,0,0,0,2,49,0,1476495776422,"true",1,0,"far"
"2851-a",1,0,2,0,2,24,1,1476495458989,"true",0,0,"close"
"2851-a",0,1,1,0,1,25,0,1476495475797,"true",0,1,"split"
"2851-a",1,0,2,0,2,26,1,1476495498643,"true",0,0,"split"
"2851-a",0,0,2,1,0,27,1,1476495509285,"true",0,0,"far"
"2851-a",0,1,2,0,1,20,1,1476495379575,"true",0,0,"close"
"2851-a",0,0,1,1,0,21,0,1476495397948,"true",0,1,"split"
"2851-a",1,0,1,0,2,22,0,1476495410487,"true",0,1,"split"
"2851-a",1,0,2,0,2,23,1,1476495430637,"true",0,0,"close"
"2851-a",0,1,1,0,1,46,0,1476495744135,"true",0,1,"far"
"2851-a",1,0,2,0,2,47,1,1476495754966,"true",0,0,"close"
"2851-a",0,1,0,0,1,44,0,1476495722851,"true",1,0,"split"
"2851-a",0,1,1,0,1,45,0,1476495732383,"true",0,1,"split"
"2851-a",1,0,0,0,2,28,0,1476495520286,"true",1,0,"far"
"2851-a",1,0,2,0,2,29,1,1476495534670,"true",0,0,"close"
"2851-a",0,1,0,0,1,40,0,1476495656719,"true",1,0,"far"
"2851-a",0,0,2,1,0,41,1,1476495680135,"true",0,0,"split"
"2851-a",0,0,1,1,0,1,0,1476495038589,"true",0,1,"split"
"2851-a",0,1,1,0,1,3,0,1476495067364,"true",0,1,"far"
"2851-a",0,1,1,0,1,2,0,1476495051317,"true",0,1,"far"
"2851-a",0,1,1,0,1,5,0,1476495100219,"true",0,1,"far"
"2851-a",0,1,1,0,1,4,0,1476495083195,"false",0,1,"split"
"2851-a",0,1,1,0,1,7,0,1476495122115,"true",0,1,"split"
"2851-a",0,0,0,1,0,6,0,1476495113767,"false",1,0,"close"
"2851-a",0,1,1,0,1,9,0,1476495174860,"true",0,1,"close"
"2851-a",0,1,0,0,1,8,0,1476495161884,"false",1,0,"close"
"2851-a",1,0,1,0,2,39,0,1476495649486,"true",0,1,"close"
"2851-a",0,0,1,1,0,38,0,1476495639190,"false",0,1,"close"
"2851-a",0,0,2,1,0,11,1,1476495225156,"true",0,0,"split"
"2851-a",0,1,2,0,1,10,1,1476495203700,"true",0,0,"close"
"2851-a",0,0,0,1,0,13,0,1476495250797,"true",1,0,"split"
"2851-a",0,1,2,0,1,12,1,1476495237557,"true",0,0,"far"
"2851-a",1,0,0,0,2,15,0,1476495286973,"true",1,0,"split"
"2851-a",0,1,2,0,1,14,1,1476495264657,"true",0,0,"far"
"2851-a",0,1,1,0,1,17,0,1476495320742,"true",0,1,"close"
"2851-a",0,0,2,1,0,16,1,1476495296125,"true",0,0,"split"
"2851-a",1,0,0,0,2,19,0,1476495353122,"false",1,0,"close"
"2851-a",0,1,1,0,1,18,0,1476495332437,"true",0,1,"close"
"2851-a",1,0,2,0,2,31,1,1476495561255,"true",0,0,"split"
"2851-a",0,1,0,0,1,30,0,1476495544157,"true",1,0,"far"
"2851-a",0,0,1,1,0,37,0,1476495621094,"true",0,1,"close"
"2851-a",1,0,0,0,2,36,0,1476495612666,"true",1,0,"far"
"2851-a",1,0,1,0,2,35,0,1476495605926,"true",0,1,"far"
"2851-a",0,0,2,1,0,34,1,1476495598616,"true",0,0,"far"
"2851-a",1,0,1,0,2,33,0,1476495591134,"false",0,1,"close"
"2851-a",1,0,1,0,2,32,0,1476495574078,"true",0,1,"far"
"2851-a",1,0,0,0,2,50,0,1476495784442,"true",1,0,"far"
