"gameid","sClicked_2","sClicked_1","lClickedIndex","sClicked_0","sClickedIndex","roundNum","lClicked_2","time","outcome","lClicked_0","lClicked_1","condition"
"2867-c",1,0,2,0,2,42,1,1476468061812,"true",0,0,"split"
"2867-c",1,0,2,0,2,48,1,1476468191467,"true",0,0,"close"
"2867-c",1,0,1,0,2,43,0,1476468092612,"true",0,1,"close"
"2867-c",0,1,0,0,1,49,0,1476468198882,"true",1,0,"far"
"2867-c",1,0,1,0,2,24,0,1476467778327,"true",0,1,"close"
"2867-c",0,0,1,1,0,25,0,1476467787541,"true",0,1,"split"
"2867-c",0,1,2,0,1,26,1,1476467803100,"true",0,0,"split"
"2867-c",0,0,1,1,0,27,0,1476467817776,"true",0,1,"close"
"2867-c",0,0,1,1,0,20,0,1476467687835,"true",0,1,"close"
"2867-c",1,0,2,0,2,21,1,1476467727670,"true",0,0,"close"
"2867-c",0,1,1,0,1,22,0,1476467734580,"true",0,1,"far"
"2867-c",0,0,1,1,0,23,0,1476467742368,"true",0,1,"far"
"2867-c",0,0,2,1,0,46,1,1476468168637,"true",0,0,"split"
"2867-c",1,0,2,0,2,47,1,1476468176002,"true",0,0,"far"
"2867-c",1,0,0,0,2,44,0,1476468138696,"true",1,0,"close"
"2867-c",0,0,1,1,0,45,0,1476468152168,"true",0,1,"split"
"2867-c",1,0,1,0,2,28,0,1476467830720,"false",0,1,"close"
"2867-c",0,1,0,0,1,29,0,1476467838336,"true",1,0,"split"
"2867-c",0,1,0,0,1,40,0,1476467978488,"true",1,0,"far"
"2867-c",1,0,0,0,2,41,0,1476468017105,"true",1,0,"close"
"2867-c",0,1,0,0,1,1,0,1476467430460,"true",1,0,"close"
"2867-c",0,1,1,0,1,3,0,1476467459476,"true",0,1,"far"
"2867-c",1,0,1,0,2,2,0,1476467451890,"false",0,1,"split"
"2867-c",0,0,1,1,0,5,0,1476467477980,"true",0,1,"far"
"2867-c",0,0,2,1,0,4,1,1476467471465,"false",0,0,"split"
"2867-c",0,1,1,0,1,7,0,1476467493565,"true",0,1,"split"
"2867-c",1,0,2,0,2,6,1,1476467484369,"true",0,0,"far"
"2867-c",0,1,2,0,1,9,1,1476467530556,"false",0,0,"close"
"2867-c",0,1,1,0,1,8,0,1476467501125,"true",0,1,"far"
"2867-c",0,1,1,0,1,39,0,1476467971251,"true",0,1,"far"
"2867-c",0,1,0,0,1,38,0,1476467964045,"true",1,0,"far"
"2867-c",1,0,2,0,2,11,1,1476467561063,"true",0,0,"close"
"2867-c",0,0,1,1,0,10,0,1476467541690,"true",0,1,"close"
"2867-c",1,0,2,0,2,13,1,1476467583020,"true",0,0,"far"
"2867-c",1,0,0,0,2,12,0,1476467576668,"true",1,0,"close"
"2867-c",1,0,1,0,2,15,0,1476467600410,"true",0,1,"split"
"2867-c",0,1,2,0,1,14,1,1476467591143,"true",0,0,"far"
"2867-c",0,0,2,1,0,17,1,1476467636700,"true",0,0,"close"
"2867-c",0,0,0,1,0,16,0,1476467611364,"true",1,0,"split"
"2867-c",1,0,1,0,2,19,0,1476467657790,"true",0,1,"split"
"2867-c",1,0,1,0,2,18,0,1476467644490,"true",0,1,"far"
"2867-c",1,0,0,0,2,31,0,1476467856416,"true",1,0,"split"
"2867-c",0,1,2,0,1,30,1,1476467848951,"true",0,0,"far"
"2867-c",0,0,1,1,0,37,0,1476467957305,"true",0,1,"far"
"2867-c",0,0,1,1,0,36,0,1476467950136,"true",0,1,"split"
"2867-c",0,0,0,1,0,35,0,1476467939966,"false",1,0,"close"
"2867-c",1,0,2,0,2,34,1,1476467913838,"true",0,0,"split"
"2867-c",0,1,1,0,1,33,0,1476467898531,"true",0,1,"split"
"2867-c",0,0,0,1,0,32,0,1476467863361,"true",1,0,"close"
"2867-c",1,0,0,0,2,50,0,1476468229735,"true",1,0,"split"
