"gameid","sClicked_2","sClicked_1","lClickedIndex","sClicked_0","sClickedIndex","roundNum","lClicked_2","time","outcome","lClicked_0","lClicked_1","condition"
"2891-d",1,0,1,0,2,42,0,1476999017898,"true",0,1,"close"
"2891-d",1,0,1,0,2,48,0,1476999073116,"true",0,1,"split"
"2891-d",0,1,0,0,1,43,0,1476999030447,"true",1,0,"close"
"2891-d",1,0,0,0,2,49,0,1476999085856,"true",1,0,"close"
"2891-d",0,1,1,0,1,24,0,1476998838492,"true",0,1,"close"
"2891-d",0,1,0,0,1,25,0,1476998847128,"false",1,0,"close"
"2891-d",0,0,0,1,0,26,0,1476998856111,"true",1,0,"close"
"2891-d",0,0,0,1,0,27,0,1476998863316,"true",1,0,"split"
"2891-d",1,0,2,0,2,20,1,1476998805104,"true",0,0,"far"
"2891-d",1,0,2,0,2,21,1,1476998814036,"true",0,0,"split"
"2891-d",0,0,2,1,0,22,1,1476998821667,"true",0,0,"far"
"2891-d",0,1,2,0,1,23,1,1476998830511,"true",0,0,"split"
"2891-d",0,1,1,0,1,46,0,1476999056256,"true",0,1,"split"
"2891-d",1,0,0,0,2,47,0,1476999064626,"true",1,0,"split"
"2891-d",1,0,0,0,2,44,0,1476999039267,"true",1,0,"split"
"2891-d",1,0,0,0,2,45,0,1476999047014,"true",1,0,"far"
"2891-d",0,1,1,0,1,28,0,1476998870631,"true",0,1,"far"
"2891-d",0,0,2,1,0,29,1,1476998881582,"true",0,0,"split"
"2891-d",0,1,1,0,1,40,0,1476999001397,"true",0,1,"far"
"2891-d",1,0,0,0,2,41,0,1476999010464,"true",1,0,"far"
"2891-d",1,0,1,0,2,1,0,1476998625932,"true",0,1,"split"
"2891-d",0,0,0,1,0,3,0,1476998649203,"true",1,0,"close"
"2891-d",1,0,1,0,2,2,0,1476998637665,"true",0,1,"close"
"2891-d",1,0,1,0,2,5,0,1476998678636,"false",0,1,"close"
"2891-d",1,0,0,0,2,4,0,1476998658157,"true",1,0,"far"
"2891-d",0,0,1,1,0,7,0,1476998693307,"true",0,1,"far"
"2891-d",0,0,1,1,0,6,0,1476998686309,"true",0,1,"split"
"2891-d",0,1,0,0,1,9,0,1476998709916,"true",1,0,"far"
"2891-d",0,0,2,1,0,8,1,1476998700971,"true",0,0,"split"
"2891-d",0,1,0,0,1,39,0,1476998991572,"true",1,0,"close"
"2891-d",0,1,1,0,1,38,0,1476998973273,"true",0,1,"far"
"2891-d",0,1,2,0,1,11,1,1476998727406,"true",0,0,"close"
"2891-d",0,0,0,1,0,10,0,1476998718342,"true",1,0,"split"
"2891-d",1,0,0,0,2,13,0,1476998745636,"false",1,0,"split"
"2891-d",0,1,1,0,1,12,0,1476998735283,"true",0,1,"far"
"2891-d",1,0,1,0,2,15,0,1476998761958,"true",0,1,"close"
"2891-d",0,0,1,1,0,14,0,1476998752995,"true",0,1,"close"
"2891-d",0,0,1,1,0,17,0,1476998778096,"false",0,1,"close"
"2891-d",0,1,2,0,1,16,1,1476998768937,"true",0,0,"far"
"2891-d",0,1,0,0,1,19,0,1476998797576,"true",1,0,"far"
"2891-d",0,0,1,1,0,18,0,1476998788611,"true",0,1,"close"
"2891-d",0,0,1,1,0,31,0,1476998897926,"true",0,1,"split"
"2891-d",0,1,0,0,1,30,0,1476998889936,"true",1,0,"far"
"2891-d",1,0,1,0,2,37,0,1476998965857,"true",0,1,"far"
"2891-d",1,0,0,0,2,36,0,1476998957196,"true",1,0,"far"
"2891-d",0,0,0,1,0,35,0,1476998950332,"true",1,0,"split"
"2891-d",1,0,2,0,2,34,1,1476998938421,"true",0,0,"split"
"2891-d",0,1,0,0,1,33,0,1476998923616,"true",1,0,"close"
"2891-d",0,1,2,0,1,32,1,1476998916358,"true",0,0,"close"
"2891-d",0,0,1,1,0,50,0,1476999092863,"true",0,1,"split"
