"gameid","sClicked_2","sClicked_1","lClickedIndex","sClicked_0","sClickedIndex","roundNum","lClicked_2","time","outcome","lClicked_0","lClicked_1","condition"
"2901-6",0,1,1,0,1,42,0,1476991534730,"true",0,1,"close"
"2901-6",0,1,2,0,1,48,1,1476991641497,"true",0,0,"split"
"2901-6",0,1,2,0,1,50,1,1476991702210,"true",0,0,"far"
"2901-6",1,0,2,0,2,49,1,1476991650708,"true",0,0,"far"
"2901-6",1,0,0,0,2,24,0,1476991136546,"true",1,0,"close"
"2901-6",0,1,1,0,1,25,0,1476991152517,"true",0,1,"close"
"2901-6",1,0,1,0,2,26,0,1476991160734,"true",0,1,"close"
"2901-6",1,0,2,0,2,27,1,1476991182806,"true",0,0,"close"
"2901-6",1,0,2,0,2,20,1,1476991067708,"true",0,0,"far"
"2901-6",0,1,1,0,1,21,0,1476991077854,"true",0,1,"split"
"2901-6",0,1,1,0,1,22,0,1476991099602,"true",0,1,"close"
"2901-6",0,0,1,1,0,23,0,1476991115621,"true",0,1,"split"
"2901-6",0,1,2,0,1,46,1,1476991609335,"true",0,0,"far"
"2901-6",0,0,2,1,0,47,1,1476991627702,"true",0,0,"split"
"2901-6",0,1,2,0,1,44,1,1476991555157,"true",0,0,"close"
"2901-6",0,0,0,1,0,45,0,1476991602036,"true",1,0,"split"
"2901-6",0,1,2,0,1,28,1,1476991211654,"true",0,0,"split"
"2901-6",1,0,1,0,2,43,0,1476991542783,"true",0,1,"split"
"2901-6",1,0,1,0,2,40,0,1476991488672,"true",0,1,"far"
"2901-6",0,1,1,0,1,41,0,1476991500813,"true",0,1,"far"
"2901-6",0,1,1,0,1,1,0,1476990636047,"true",0,1,"split"
"2901-6",0,1,1,0,1,3,0,1476990707079,"true",0,1,"split"
"2901-6",1,0,0,0,2,2,0,1476990653659,"true",1,0,"far"
"2901-6",1,0,1,0,2,5,0,1476990768698,"true",0,1,"far"
"2901-6",0,0,2,1,0,4,1,1476990756353,"true",0,0,"close"
"2901-6",1,0,0,0,2,7,0,1476990793669,"true",1,0,"close"
"2901-6",0,0,1,1,0,6,0,1476990777149,"true",0,1,"far"
"2901-6",0,0,0,1,0,9,0,1476990834001,"true",1,0,"close"
"2901-6",0,0,2,1,0,8,1,1476990804242,"true",0,0,"split"
"2901-6",0,0,1,1,0,39,0,1476991473168,"true",0,1,"close"
"2901-6",1,0,1,0,2,38,0,1476991448410,"true",0,1,"close"
"2901-6",1,0,1,0,2,11,0,1476990909076,"true",0,1,"far"
"2901-6",0,0,2,1,0,10,1,1476990901447,"true",0,0,"close"
"2901-6",0,0,1,1,0,13,0,1476990931328,"true",0,1,"split"
"2901-6",0,0,2,1,0,12,1,1476990920034,"true",0,0,"far"
"2901-6",0,0,2,1,0,15,1,1476990957876,"true",0,0,"far"
"2901-6",1,0,2,0,2,14,1,1476990950133,"true",0,0,"split"
"2901-6",0,1,1,0,1,17,0,1476991005006,"true",0,1,"far"
"2901-6",1,0,0,0,2,19,0,1476991059467,"false",1,0,"close"
"2901-6",0,1,2,0,1,18,1,1476991015294,"true",0,0,"split"
"2901-6",0,1,1,0,1,31,0,1476991304067,"true",0,1,"split"
"2901-6",0,0,2,1,0,30,1,1476991271967,"true",0,0,"far"
"2901-6",0,0,0,1,0,37,0,1476991436220,"true",1,0,"split"
"2901-6",0,1,2,0,1,36,1,1476991417218,"true",0,0,"far"
"2901-6",0,1,1,0,1,35,0,1476991410279,"true",0,1,"far"
"2901-6",0,1,0,0,1,34,0,1476991402285,"true",1,0,"far"
"2901-6",0,0,2,1,0,33,1,1476991382766,"true",0,0,"close"
"2901-6",1,0,2,0,2,32,1,1476991320382,"true",0,0,"split"
