"gameid","sClicked_2","sClicked_1","lClickedIndex","sClicked_0","sClickedIndex","roundNum","lClicked_2","time","outcome","lClicked_0","lClicked_1","condition"
"2914-3",1,0,2,0,2,42,1,1476991507304,"true",0,0,"far"
"2914-3",1,0,1,0,2,48,0,1476991567943,"true",0,1,"far"
"2914-3",0,1,2,0,1,43,1,1476991514960,"true",0,0,"split"
"2914-3",0,1,0,0,1,49,0,1476991574088,"true",1,0,"far"
"2914-3",0,0,0,1,0,24,0,1476991225098,"true",1,0,"split"
"2914-3",0,1,1,0,1,25,0,1476991231778,"true",0,1,"split"
"2914-3",0,0,1,1,0,26,0,1476991250017,"true",0,1,"close"
"2914-3",0,1,1,0,1,27,0,1476991260762,"true",0,1,"close"
"2914-3",1,0,1,0,2,20,0,1476991158406,"true",0,1,"far"
"2914-3",1,0,2,0,2,21,1,1476991192395,"false",0,0,"close"
"2914-3",1,0,2,0,2,22,1,1476991204215,"true",0,0,"far"
"2914-3",0,1,2,0,1,23,1,1476991213594,"true",0,0,"far"
"2914-3",0,1,2,0,1,46,1,1476991553560,"true",0,0,"far"
"2914-3",0,0,1,1,0,47,0,1476991562440,"true",0,1,"split"
"2914-3",1,0,2,0,2,44,1,1476991531216,"false",0,0,"close"
"2914-3",0,1,0,0,1,45,0,1476991543960,"true",1,0,"far"
"2914-3",0,1,0,0,1,28,0,1476991270097,"true",1,0,"close"
"2914-3",1,0,1,0,2,29,0,1476991278914,"true",0,1,"far"
"2914-3",0,0,2,1,0,40,1,1476991475889,"true",0,0,"split"
"2914-3",1,0,1,0,2,41,0,1476991498848,"false",0,1,"close"
"2914-3",1,0,2,0,2,1,1,1476990925926,"true",0,0,"split"
"2914-3",1,0,0,0,2,3,0,1476990945043,"true",1,0,"close"
"2914-3",0,1,1,0,1,2,0,1476990933548,"true",0,1,"far"
"2914-3",0,1,1,0,1,5,0,1476990964115,"true",0,1,"far"
"2914-3",0,1,0,0,1,4,0,1476990956700,"true",1,0,"close"
"2914-3",1,0,1,0,2,7,0,1476990983067,"true",0,1,"close"
"2914-3",1,0,1,0,2,6,0,1476990973682,"true",0,1,"split"
"2914-3",0,0,1,1,0,9,0,1476991013418,"true",0,1,"close"
"2914-3",1,0,0,0,2,8,0,1476990992571,"true",1,0,"close"
"2914-3",1,0,1,0,2,39,0,1476991466760,"true",0,1,"split"
"2914-3",0,1,0,0,1,38,0,1476991443816,"true",1,0,"split"
"2914-3",1,0,2,0,2,11,1,1476991031746,"true",0,0,"split"
"2914-3",1,0,2,0,2,10,1,1476991022931,"true",0,0,"split"
"2914-3",1,0,2,0,2,13,1,1476991063954,"true",0,0,"far"
"2914-3",0,0,0,1,0,12,0,1476991054677,"true",1,0,"split"
"2914-3",1,0,2,0,2,15,1,1476991091370,"true",0,0,"far"
"2914-3",0,0,0,1,0,14,0,1476991084227,"true",1,0,"close"
"2914-3",0,1,0,0,1,17,0,1476991125170,"true",1,0,"far"
"2914-3",0,1,2,0,1,16,1,1476991117506,"true",0,0,"close"
"2914-3",1,0,1,0,2,19,0,1476991150821,"true",0,1,"split"
"2914-3",1,0,0,0,2,18,0,1476991138810,"true",1,0,"close"
"2914-3",0,0,1,1,0,31,0,1476991356977,"true",0,1,"split"
"2914-3",1,0,0,0,2,30,0,1476991345057,"true",1,0,"close"
"2914-3",0,0,2,1,0,37,1,1476991437385,"true",0,0,"far"
"2914-3",0,1,2,0,1,36,1,1476991424432,"true",0,0,"far"
"2914-3",1,0,1,0,2,35,0,1476991411321,"true",0,1,"split"
"2914-3",1,0,1,0,2,34,0,1476991404089,"true",0,1,"far"
"2914-3",0,1,2,0,1,33,1,1476991396272,"true",0,0,"close"
"2914-3",0,0,2,1,0,32,1,1476991375657,"true",0,0,"split"
"2914-3",0,0,0,1,0,50,0,1476991589096,"true",1,0,"split"
