"gameid","sClicked_2","sClicked_1","lClickedIndex","sClicked_0","sClickedIndex","roundNum","lClicked_2","time","outcome","lClicked_0","lClicked_1","condition"
"2918-7",0,1,0,0,1,42,0,1476489866752,"true",1,0,"split"
"2918-7",1,0,2,0,2,48,1,1476490002702,"true",0,0,"split"
"2918-7",0,0,0,1,0,43,0,1476489879870,"true",1,0,"close"
"2918-7",0,1,1,0,1,49,0,1476490011719,"true",0,1,"far"
"2918-7",1,0,1,0,2,24,0,1476489364978,"true",0,1,"far"
"2918-7",0,1,2,0,1,25,1,1476489410275,"true",0,0,"close"
"2918-7",0,0,0,1,0,26,0,1476489426172,"true",1,0,"split"
"2918-7",0,1,0,0,1,27,0,1476489455388,"true",1,0,"split"
"2918-7",0,0,2,1,0,20,1,1476489310109,"false",0,0,"split"
"2918-7",1,0,0,0,2,21,0,1476489322996,"true",1,0,"close"
"2918-7",0,1,1,0,1,22,0,1476489333429,"true",0,1,"far"
"2918-7",0,0,1,1,0,23,0,1476489355362,"true",0,1,"far"
"2918-7",1,0,2,0,2,46,1,1476489920871,"true",0,0,"split"
"2918-7",1,0,1,0,2,47,0,1476489930215,"true",0,1,"far"
"2918-7",0,0,0,1,0,44,0,1476489895039,"false",1,0,"split"
"2918-7",0,0,0,1,0,45,0,1476489907207,"true",1,0,"close"
"2918-7",1,0,1,0,2,28,0,1476489489515,"true",0,1,"split"
"2918-7",0,1,0,0,1,29,0,1476489501797,"true",1,0,"far"
"2918-7",0,1,0,0,1,40,0,1476489740048,"true",1,0,"far"
"2918-7",0,0,2,1,0,41,1,1476489780320,"true",0,0,"far"
"2918-7",0,0,2,1,0,1,1,1476488864680,"true",0,0,"close"
"2918-7",0,0,0,1,0,3,0,1476488885422,"true",1,0,"split"
"2918-7",1,0,1,0,2,2,0,1476488876465,"true",0,1,"far"
"2918-7",1,0,2,0,2,5,1,1476488942520,"true",0,0,"far"
"2918-7",0,1,2,0,1,4,1,1476488932033,"true",0,0,"close"
"2918-7",1,0,2,0,2,7,1,1476488981569,"true",0,0,"split"
"2918-7",0,1,0,0,1,6,0,1476488956864,"true",1,0,"close"
"2918-7",0,0,2,1,0,9,1,1476489004556,"true",0,0,"split"
"2918-7",0,0,0,1,0,8,0,1476488990302,"true",1,0,"far"
"2918-7",0,1,1,0,1,39,0,1476489726003,"true",0,1,"split"
"2918-7",0,0,0,1,0,38,0,1476489714155,"true",1,0,"far"
"2918-7",0,0,0,1,0,11,0,1476489061656,"true",1,0,"far"
"2918-7",0,1,2,0,1,10,1,1476489049704,"false",0,0,"split"
"2918-7",0,1,0,0,1,13,0,1476489117745,"true",1,0,"close"
"2918-7",1,0,2,0,2,12,1,1476489093558,"true",0,0,"far"
"2918-7",0,1,1,0,1,15,0,1476489220229,"true",0,1,"close"
"2918-7",1,0,2,0,2,14,1,1476489142752,"false",0,0,"close"
"2918-7",0,0,2,1,0,17,1,1476489240892,"true",0,0,"far"
"2918-7",0,0,2,1,0,16,1,1476489229621,"true",0,0,"split"
"2918-7",0,1,1,0,1,19,0,1476489269908,"true",0,1,"close"
"2918-7",1,0,2,0,2,18,1,1476489252677,"true",0,0,"split"
"2918-7",0,0,2,1,0,31,1,1476489544978,"true",0,0,"close"
"2918-7",0,0,2,1,0,30,1,1476489530522,"true",0,0,"split"
"2918-7",0,0,2,1,0,37,1,1476489686672,"false",0,0,"close"
"2918-7",1,0,1,0,2,36,0,1476489636377,"false",0,1,"close"
"2918-7",1,0,2,0,2,35,1,1476489607161,"false",0,0,"close"
"2918-7",0,1,2,0,1,34,1,1476489582953,"true",0,0,"close"
"2918-7",1,0,1,0,2,33,0,1476489565481,"true",0,1,"far"
"2918-7",0,1,0,0,1,32,0,1476489557049,"true",1,0,"close"
"2918-7",1,0,0,0,2,50,0,1476490028974,"true",1,0,"split"
