"gameid","sClicked_2","sClicked_1","lClickedIndex","sClicked_0","sClickedIndex","roundNum","lClicked_2","time","outcome","lClicked_0","lClicked_1","condition"
"2919-4",0,1,1,0,1,42,0,1476495614443,"true",0,1,"close"
"2919-4",1,0,2,0,2,43,1,1476495624545,"true",0,0,"close"
"2919-4",0,1,1,0,1,49,0,1476495699578,"true",0,1,"split"
"2919-4",0,0,0,1,0,24,0,1476495354230,"false",1,0,"far"
"2919-4",1,0,2,0,2,25,1,1476495362209,"true",0,0,"split"
"2919-4",1,0,0,0,2,26,0,1476495373999,"true",1,0,"split"
"2919-4",0,0,0,1,0,27,0,1476495391634,"true",1,0,"close"
"2919-4",1,0,1,0,2,20,0,1476495310116,"true",0,1,"far"
"2919-4",1,0,1,0,2,21,0,1476495319188,"true",0,1,"far"
"2919-4",1,0,0,0,2,22,0,1476495331613,"true",1,0,"split"
"2919-4",0,0,1,1,0,23,0,1476495343413,"true",0,1,"split"
"2919-4",1,0,1,0,2,46,0,1476495667033,"true",0,1,"far"
"2919-4",0,1,2,0,1,47,1,1476495675091,"true",0,0,"split"
"2919-4",0,0,1,1,0,44,0,1476495630173,"true",0,1,"far"
"2919-4",0,1,0,0,1,45,0,1476495652753,"false",1,0,"close"
"2919-4",0,0,0,1,0,28,0,1476495398671,"true",1,0,"far"
"2919-4",0,1,2,0,1,29,1,1476495421446,"true",0,0,"close"
"2919-4",1,0,0,0,2,40,0,1476495576788,"true",1,0,"far"
"2919-4",1,0,1,0,2,41,0,1476495603083,"true",0,1,"split"
"2919-4",0,1,0,0,1,1,0,1476495055312,"false",1,0,"split"
"2919-4",1,0,1,0,2,3,0,1476495075529,"true",0,1,"split"
"2919-4",0,1,2,0,1,2,1,1476495063549,"true",0,0,"far"
"2919-4",0,1,0,0,1,5,0,1476495104766,"true",1,0,"close"
"2919-4",0,0,2,1,0,4,1,1476495084641,"true",0,0,"split"
"2919-4",1,0,1,0,2,7,0,1476495130580,"true",0,1,"close"
"2919-4",0,1,0,0,1,6,0,1476495119357,"true",1,0,"split"
"2919-4",0,0,1,1,0,9,0,1476495158638,"true",0,1,"close"
"2919-4",0,0,0,1,0,8,0,1476495143781,"false",1,0,"close"
"2919-4",1,0,2,0,2,39,1,1476495570519,"true",0,0,"split"
"2919-4",1,0,0,0,2,38,0,1476495557304,"true",1,0,"split"
"2919-4",0,0,0,1,0,11,0,1476495176358,"true",1,0,"far"
"2919-4",1,0,2,0,2,10,1,1476495167581,"true",0,0,"far"
"2919-4",0,0,0,1,0,13,0,1476495195440,"true",1,0,"far"
"2919-4",1,0,2,0,2,12,1,1476495185128,"false",0,0,"far"
"2919-4",0,0,2,1,0,15,1,1476495240409,"false",0,0,"split"
"2919-4",1,0,1,0,2,48,0,1476495688966,"true",0,1,"split"
"2919-4",0,1,1,0,1,17,0,1476495273093,"true",0,1,"close"
"2919-4",1,0,1,0,2,16,0,1476495260237,"false",0,1,"close"
"2919-4",0,1,0,0,1,19,0,1476495304108,"true",1,0,"close"
"2919-4",0,1,2,0,1,18,1,1476495284343,"true",0,0,"far"
"2919-4",0,0,1,1,0,31,0,1476495446757,"true",0,1,"split"
"2919-4",1,0,0,0,2,30,0,1476495430059,"true",1,0,"far"
"2919-4",0,1,0,0,1,37,0,1476495532094,"true",1,0,"close"
"2919-4",0,1,0,0,1,36,0,1476495520117,"true",1,0,"close"
"2919-4",0,1,2,0,1,35,1,1476495498922,"true",0,0,"far"
"2919-4",0,0,2,1,0,34,1,1476495484335,"true",0,0,"far"
"2919-4",0,1,0,0,1,33,0,1476495476277,"true",1,0,"close"
"2919-4",0,0,1,1,0,32,0,1476495453231,"true",0,1,"far"
"2919-4",0,0,2,1,0,50,1,1476495724126,"false",0,0,"close"
