"gameid","sClicked_2","sClicked_1","lClickedIndex","sClicked_0","sClickedIndex","roundNum","lClicked_2","time","outcome","lClicked_0","lClicked_1","condition"
"2921-f",0,1,2,0,1,42,1,1476992294582,"true",0,0,"split"
"2921-f",0,1,1,0,1,48,0,1476992423685,"true",0,1,"split"
"2921-f",0,0,0,1,0,43,0,1476992311647,"true",1,0,"close"
"2921-f",1,0,0,0,2,49,0,1476992435103,"true",1,0,"far"
"2921-f",1,0,2,0,2,24,1,1476991881491,"true",0,0,"far"
"2921-f",1,0,0,0,2,25,0,1476991907747,"true",1,0,"close"
"2921-f",1,0,2,0,2,26,1,1476991919713,"true",0,0,"far"
"2921-f",0,1,0,0,1,27,0,1476991926833,"true",1,0,"far"
"2921-f",0,1,2,0,1,20,1,1476991787425,"true",0,0,"split"
"2921-f",1,0,1,0,2,21,0,1476991796810,"true",0,1,"split"
"2921-f",1,0,1,0,2,22,0,1476991840338,"true",0,1,"close"
"2921-f",0,1,1,0,1,23,0,1476991866985,"true",0,1,"split"
"2921-f",0,0,1,1,0,46,0,1476992391048,"true",0,1,"far"
"2921-f",1,0,1,0,2,47,0,1476992398869,"true",0,1,"far"
"2921-f",1,0,2,0,2,44,1,1476992323754,"true",0,0,"split"
"2921-f",1,0,1,0,2,45,0,1476992377275,"true",0,1,"close"
"2921-f",0,0,1,1,0,28,0,1476991943006,"true",0,1,"close"
"2921-f",0,1,1,0,1,29,0,1476991964263,"true",0,1,"close"
"2921-f",1,0,1,0,2,40,0,1476992263893,"true",0,1,"split"
"2921-f",0,0,1,1,0,41,0,1476992276741,"true",0,1,"far"
"2921-f",0,0,2,1,0,1,1,1476991441983,"false",0,0,"split"
"2921-f",1,0,0,0,2,3,0,1476991464614,"true",1,0,"far"
"2921-f",0,1,1,0,1,2,0,1476991449967,"true",0,1,"far"
"2921-f",1,0,2,0,2,5,1,1476991489384,"true",0,0,"close"
"2921-f",1,0,1,0,2,4,0,1476991474462,"true",0,1,"far"
"2921-f",1,0,0,0,2,7,0,1476991546958,"true",1,0,"close"
"2921-f",0,0,0,1,0,6,0,1476991530293,"true",1,0,"close"
"2921-f",1,0,1,0,2,9,0,1476991573694,"true",0,1,"far"
"2921-f",1,0,1,0,2,8,0,1476991564328,"true",0,1,"far"
"2921-f",0,1,1,0,1,39,0,1476992248367,"true",0,1,"close"
"2921-f",0,1,0,0,1,38,0,1476992223647,"true",1,0,"split"
"2921-f",1,0,1,0,2,11,0,1476991607511,"true",0,1,"split"
"2921-f",1,0,1,0,2,10,0,1476991588257,"true",0,1,"far"
"2921-f",0,0,0,1,0,13,0,1476991644040,"true",1,0,"close"
"2921-f",0,0,1,1,0,12,0,1476991629064,"true",0,1,"far"
"2921-f",0,1,0,0,1,15,0,1476991709851,"true",1,0,"split"
"2921-f",1,0,0,0,2,14,0,1476991679299,"true",1,0,"close"
"2921-f",1,0,0,0,2,17,0,1476991746759,"true",1,0,"close"
"2921-f",0,0,0,1,0,16,0,1476991727736,"true",1,0,"split"
"2921-f",1,0,0,0,2,19,0,1476991769400,"true",1,0,"split"
"2921-f",0,0,1,1,0,18,0,1476991759519,"false",0,1,"split"
"2921-f",0,1,2,0,1,31,1,1476992011874,"true",0,0,"close"
"2921-f",0,1,0,0,1,30,0,1476991979107,"true",1,0,"close"
"2921-f",1,0,2,0,2,36,1,1476992131523,"true",0,0,"far"
"2921-f",1,0,0,0,2,35,0,1476992116709,"true",1,0,"split"
"2921-f",0,0,0,1,0,34,0,1476992080782,"true",1,0,"split"
"2921-f",1,0,2,0,2,33,1,1476992055771,"true",0,0,"far"
"2921-f",0,1,2,0,1,32,1,1476992034142,"true",0,0,"split"
"2921-f",0,1,1,0,1,50,0,1476992442832,"true",0,1,"far"
