"gameid","sClicked_2","sClicked_1","lClickedIndex","sClicked_0","sClickedIndex","roundNum","lClicked_2","time","outcome","lClicked_0","lClicked_1","condition"
"2927-4",0,1,1,0,1,42,0,1477004949167,"true",0,1,"far"
"2927-4",0,1,2,0,1,48,1,1477005064849,"true",0,0,"split"
"2927-4",1,0,0,0,2,43,0,1477004956908,"true",1,0,"far"
"2927-4",0,0,2,1,0,49,1,1477005073274,"true",0,0,"split"
"2927-4",1,0,1,0,2,24,0,1477004589985,"true",0,1,"close"
"2927-4",0,1,0,0,1,25,0,1477004598224,"true",1,0,"close"
"2927-4",1,0,1,0,2,26,0,1477004607767,"true",0,1,"split"
"2927-4",1,0,0,0,2,27,0,1477004658733,"true",1,0,"split"
"2927-4",0,0,1,1,0,20,0,1477004536746,"true",0,1,"close"
"2927-4",1,0,0,0,2,21,0,1477004547741,"false",1,0,"close"
"2927-4",1,0,0,0,2,22,0,1477004556298,"true",1,0,"far"
"2927-4",0,1,0,0,1,23,0,1477004569751,"false",1,0,"close"
"2927-4",1,0,1,0,2,46,0,1477005046842,"true",0,1,"close"
"2927-4",0,1,0,0,1,47,0,1477005053169,"true",1,0,"far"
"2927-4",1,0,1,0,2,44,0,1477005003677,"true",0,1,"close"
"2927-4",0,1,1,0,1,45,0,1477005029601,"false",0,1,"close"
"2927-4",0,1,1,0,1,28,0,1477004688753,"true",0,1,"far"
"2927-4",0,1,1,0,1,29,0,1477004762807,"true",0,1,"split"
"2927-4",0,0,0,1,0,40,0,1477004916893,"true",1,0,"split"
"2927-4",0,1,2,0,1,41,1,1477004934367,"true",0,0,"split"
"2927-4",0,0,1,1,0,1,0,1477004228708,"true",0,1,"far"
"2927-4",0,1,2,0,1,3,1,1477004259312,"false",0,0,"split"
"2927-4",0,1,2,0,1,2,1,1477004237012,"true",0,0,"far"
"2927-4",0,1,0,0,1,5,0,1477004285101,"true",1,0,"far"
"2927-4",1,0,2,0,2,4,1,1477004276788,"true",0,0,"close"
"2927-4",0,1,1,0,1,7,0,1477004308689,"true",0,1,"split"
"2927-4",1,0,2,0,2,6,1,1477004293470,"true",0,0,"split"
"2927-4",0,1,1,0,1,9,0,1477004328456,"true",0,1,"far"
"2927-4",0,0,2,1,0,8,1,1477004318638,"true",0,0,"far"
"2927-4",1,0,1,0,2,39,0,1477004899114,"true",0,1,"far"
"2927-4",0,1,2,0,1,38,1,1477004889959,"true",0,0,"close"
"2927-4",0,1,2,0,1,11,1,1477004352218,"true",0,0,"split"
"2927-4",1,0,2,0,2,10,1,1477004343293,"true",0,0,"split"
"2927-4",0,1,2,0,1,13,1,1477004376580,"true",0,0,"far"
"2927-4",0,0,2,1,0,12,1,1477004369830,"true",0,0,"split"
"2927-4",0,1,1,0,1,15,0,1477004405497,"true",0,1,"close"
"2927-4",0,1,0,0,1,14,0,1477004387351,"true",1,0,"split"
"2927-4",0,1,0,0,1,17,0,1477004453028,"true",1,0,"split"
"2927-4",1,0,2,0,2,16,1,1477004416080,"true",0,0,"close"
"2927-4",1,0,2,0,2,19,1,1477004474637,"true",0,0,"close"
"2927-4",0,1,0,0,1,18,0,1477004461124,"true",1,0,"far"
"2927-4",1,0,1,0,2,31,0,1477004793143,"true",0,1,"far"
"2927-4",0,1,1,0,1,30,0,1477004783930,"false",0,1,"close"
"2927-4",1,0,1,0,2,37,0,1477004871704,"true",0,1,"far"
"2927-4",0,0,2,1,0,36,1,1477004864823,"true",0,0,"far"
"2927-4",1,0,0,0,2,35,0,1477004856504,"true",1,0,"split"
"2927-4",0,0,2,1,0,34,1,1477004836869,"true",0,0,"close"
"2927-4",0,0,0,1,0,33,0,1477004826813,"true",1,0,"close"
"2927-4",1,0,1,0,2,32,0,1477004803402,"true",0,1,"split"
"2927-4",1,0,2,0,2,50,1,1477005113425,"true",0,0,"close"
