"gameid","sClicked_2","sClicked_1","lClickedIndex","sClicked_0","sClickedIndex","roundNum","lClicked_2","time","outcome","lClicked_0","lClicked_1","condition"
"2955-4",1,0,1,0,2,42,0,1477002247290,"true",0,1,"split"
"2955-4",0,1,1,0,1,48,0,1477002311969,"false",0,1,"split"
"2955-4",0,0,1,1,0,43,0,1477002259948,"true",0,1,"far"
"2955-4",1,0,1,0,2,49,0,1477002320500,"true",0,1,"far"
"2955-4",0,0,0,1,0,24,0,1477002064267,"false",1,0,"close"
"2955-4",0,1,0,0,1,25,0,1477002077889,"true",1,0,"close"
"2955-4",0,1,1,0,1,26,0,1477002086135,"true",0,1,"split"
"2955-4",0,1,1,0,1,27,0,1477002093439,"true",0,1,"split"
"2955-4",0,0,2,1,0,20,1,1477002025678,"true",0,0,"close"
"2955-4",1,0,2,0,2,21,1,1477002037687,"true",0,0,"close"
"2955-4",1,0,0,0,2,22,0,1477002045104,"true",1,0,"far"
"2955-4",0,1,0,0,1,23,0,1477002054272,"true",1,0,"far"
"2955-4",0,1,1,0,1,46,0,1477002287980,"true",0,1,"split"
"2955-4",1,0,2,0,2,47,1,1477002299675,"true",0,0,"close"
"2955-4",0,0,2,1,0,44,1,1477002271597,"true",0,0,"far"
"2955-4",0,0,2,1,0,45,1,1477002280409,"false",0,0,"close"
"2955-4",1,0,0,0,2,28,0,1477002104355,"true",1,0,"far"
"2955-4",0,0,1,1,0,29,0,1477002111777,"true",0,1,"far"
"2955-4",1,0,1,0,2,40,0,1477002225635,"true",0,1,"close"
"2955-4",0,0,1,1,0,41,0,1477002238993,"true",0,1,"split"
"2955-4",0,1,1,0,1,1,0,1477001812943,"true",0,1,"close"
"2955-4",1,0,0,0,2,3,0,1477001829658,"true",1,0,"far"
"2955-4",0,1,1,0,1,2,0,1477001820231,"true",0,1,"far"
"2955-4",0,1,1,0,1,5,0,1477001851752,"true",0,1,"far"
"2955-4",0,1,0,0,1,4,0,1477001843816,"true",1,0,"close"
"2955-4",0,1,2,0,1,7,1,1477001881762,"true",0,0,"far"
"2955-4",1,0,2,0,2,6,1,1477001872003,"true",0,0,"close"
"2955-4",0,0,2,1,0,9,1,1477001901793,"true",0,0,"far"
"2955-4",1,0,1,0,2,8,0,1477001890821,"true",0,1,"far"
"2955-4",1,0,0,0,2,39,0,1477002212558,"true",1,0,"split"
"2955-4",1,0,2,0,2,38,1,1477002199816,"true",0,0,"far"
"2955-4",0,0,2,1,0,11,1,1477001927126,"true",0,0,"split"
"2955-4",1,0,0,0,2,10,0,1477001916778,"true",1,0,"split"
"2955-4",1,0,2,0,2,13,1,1477001944898,"true",0,0,"split"
"2955-4",0,0,0,1,0,12,0,1477001936351,"true",1,0,"split"
"2955-4",1,0,2,0,2,15,1,1477001963009,"true",0,0,"far"
"2955-4",0,0,1,1,0,14,0,1477001954999,"false",0,1,"close"
"2955-4",1,0,2,0,2,17,1,1477001987079,"false",0,0,"close"
"2955-4",0,1,0,0,1,16,0,1477001972705,"true",1,0,"split"
"2955-4",1,0,1,0,2,19,0,1477002012903,"true",0,1,"close"
"2955-4",0,0,0,1,0,18,0,1477001998916,"true",1,0,"split"
"2955-4",0,1,0,0,1,31,0,1477002129737,"true",1,0,"close"
"2955-4",1,0,1,0,2,30,0,1477002119180,"true",0,1,"far"
"2955-4",1,0,2,0,2,37,1,1477002192647,"true",0,0,"close"
"2955-4",1,0,1,0,2,36,0,1477002183229,"true",0,1,"split"
"2955-4",0,1,1,0,1,35,0,1477002168397,"false",0,1,"close"
"2955-4",1,0,1,0,2,34,0,1477002157122,"true",0,1,"split"
"2955-4",0,0,0,1,0,33,0,1477002148983,"true",1,0,"split"
"2955-4",1,0,1,0,2,32,0,1477002140842,"true",0,1,"split"
"2955-4",0,1,1,0,1,50,0,1477002326922,"true",0,1,"far"
