"gameid","sClicked_2","sClicked_1","lClickedIndex","sClicked_0","sClickedIndex","roundNum","lClicked_2","time","outcome","lClicked_0","lClicked_1","condition"
"2965-7",0,1,1,0,1,42,0,1476997237948,"true",0,1,"split"
"2965-7",1,0,2,0,2,48,1,1476997313526,"true",0,0,"split"
"2965-7",0,0,1,1,0,43,0,1476997248754,"true",0,1,"close"
"2965-7",1,0,1,0,2,49,0,1476997330841,"true",0,1,"split"
"2965-7",1,0,0,0,2,24,0,1476997028495,"true",1,0,"close"
"2965-7",0,1,0,0,1,25,0,1476997046409,"false",1,0,"close"
"2965-7",1,0,2,0,2,26,1,1476997055222,"true",0,0,"far"
"2965-7",0,1,2,0,1,27,1,1476997063733,"true",0,0,"far"
"2965-7",1,0,0,0,2,20,0,1476996977385,"true",1,0,"close"
"2965-7",0,0,0,1,0,21,0,1476996984360,"true",1,0,"split"
"2965-7",1,0,2,0,2,22,1,1476996997049,"true",0,0,"close"
"2965-7",0,1,2,0,1,23,1,1476997008495,"false",0,0,"close"
"2965-7",0,1,0,0,1,46,0,1476997290517,"true",1,0,"split"
"2965-7",0,1,1,0,1,47,0,1476997306207,"false",0,1,"split"
"2965-7",0,0,1,1,0,44,0,1476997268864,"true",0,1,"split"
"2965-7",0,1,2,0,1,45,1,1476997275492,"true",0,0,"far"
"2965-7",1,0,2,0,2,28,1,1476997071384,"true",0,0,"close"
"2965-7",0,1,0,0,1,29,0,1476997079833,"true",1,0,"far"
"2965-7",1,0,2,0,2,40,1,1476997218652,"true",0,0,"split"
"2965-7",0,1,1,0,1,41,0,1476997227618,"true",0,1,"far"
"2965-7",0,1,0,0,1,1,0,1476996789900,"true",1,0,"far"
"2965-7",1,0,2,0,2,3,1,1476996805987,"true",0,0,"far"
"2965-7",0,1,0,0,1,2,0,1476996798985,"true",1,0,"close"
"2965-7",0,0,0,1,0,5,0,1476996822598,"true",1,0,"far"
"2965-7",0,1,2,0,1,4,1,1476996813282,"true",0,0,"close"
"2965-7",0,0,1,1,0,7,0,1476996843247,"true",0,1,"close"
"2965-7",0,0,0,1,0,6,0,1476996831896,"true",1,0,"far"
"2965-7",1,0,0,0,2,9,0,1476996861798,"true",1,0,"far"
"2965-7",0,0,1,1,0,8,0,1476996852626,"true",0,1,"split"
"2965-7",0,0,2,1,0,39,1,1476997209052,"true",0,0,"far"
"2965-7",0,0,0,1,0,38,0,1476997200092,"true",1,0,"split"
"2965-7",0,0,1,1,0,11,0,1476996882866,"true",0,1,"split"
"2965-7",1,0,0,0,2,10,0,1476996874341,"true",1,0,"far"
"2965-7",0,1,2,0,1,13,1,1476996907206,"true",0,0,"far"
"2965-7",0,0,1,1,0,12,0,1476996897554,"true",0,1,"split"
"2965-7",0,1,1,0,1,15,0,1476996934688,"true",0,1,"close"
"2965-7",1,0,0,0,2,14,0,1476996921541,"true",1,0,"close"
"2965-7",0,0,1,1,0,17,0,1476996950194,"true",0,1,"far"
"2965-7",0,1,0,0,1,16,0,1476996942764,"true",1,0,"far"
"2965-7",0,1,0,0,1,19,0,1476996968431,"true",1,0,"close"
"2965-7",0,0,0,1,0,18,0,1476996956383,"true",1,0,"split"
"2965-7",1,0,0,0,2,31,0,1476997110561,"true",1,0,"close"
"2965-7",0,0,2,1,0,30,1,1476997086095,"true",0,0,"far"
"2965-7",1,0,0,0,2,37,0,1476997190962,"true",1,0,"close"
"2965-7",0,1,0,0,1,36,0,1476997177993,"true",1,0,"close"
"2965-7",1,0,1,0,2,35,0,1476997152636,"true",0,1,"far"
"2965-7",0,0,1,1,0,34,0,1476997144729,"true",0,1,"split"
"2965-7",0,1,1,0,1,33,0,1476997134133,"true",0,1,"split"
"2965-7",0,0,0,1,0,32,0,1476997126956,"true",1,0,"close"
"2965-7",1,0,2,0,2,50,1,1476997353068,"true",0,0,"split"
