"gameid","sClicked_2","sClicked_1","lClickedIndex","sClicked_0","sClickedIndex","roundNum","lClicked_2","time","outcome","lClicked_0","lClicked_1","condition"
"2971-5",0,0,0,1,0,42,0,1476991579964,"true",1,0,"close"
"2971-5",0,1,1,0,1,48,0,1476991793141,"true",0,1,"far"
"2971-5",0,0,1,1,0,43,0,1476991614870,"true",0,1,"far"
"2971-5",0,1,1,0,1,49,0,1476991822228,"true",0,1,"close"
"2971-5",0,0,0,1,0,24,0,1476990887108,"true",1,0,"close"
"2971-5",1,0,1,0,2,25,0,1476990910511,"true",0,1,"split"
"2971-5",0,1,0,0,1,26,0,1476990929996,"true",1,0,"close"
"2971-5",1,0,1,0,2,27,0,1476990956782,"true",0,1,"far"
"2971-5",0,0,2,1,0,20,1,1476990687110,"true",0,0,"split"
"2971-5",0,0,2,1,0,21,1,1476990720475,"false",0,0,"far"
"2971-5",0,1,0,0,1,22,0,1476990801834,"true",1,0,"close"
"2971-5",0,1,0,0,1,23,0,1476990858035,"true",1,0,"far"
"2971-5",1,0,0,0,2,46,0,1476991722793,"true",1,0,"split"
"2971-5",1,0,2,0,2,47,1,1476991761470,"true",0,0,"split"
"2971-5",1,0,1,0,2,44,0,1476991650574,"true",0,1,"far"
"2971-5",1,0,2,0,2,45,1,1476991675426,"true",0,0,"split"
"2971-5",0,1,0,0,1,28,0,1476990983743,"true",1,0,"close"
"2971-5",1,0,0,0,2,29,0,1476991004773,"true",1,0,"far"
"2971-5",0,1,0,0,1,40,0,1476991471644,"true",1,0,"far"
"2971-5",0,0,2,1,0,41,1,1476991539953,"true",0,0,"split"
"2971-5",1,0,2,0,2,1,1,1476989864784,"true",0,0,"close"
"2971-5",0,1,2,0,1,3,1,1476989968087,"true",0,0,"close"
"2971-5",0,1,2,0,1,2,1,1476989921175,"true",0,0,"far"
"2971-5",1,0,2,0,2,5,1,1476990045395,"true",0,0,"split"
"2971-5",0,1,0,0,1,4,0,1476990005786,"true",1,0,"far"
"2971-5",0,0,2,1,0,7,1,1476990114843,"true",0,0,"split"
"2971-5",0,0,1,1,0,6,0,1476990077557,"true",0,1,"far"
"2971-5",1,0,0,0,2,9,0,1476990188780,"true",1,0,"far"
"2971-5",1,0,0,0,2,8,0,1476990140805,"true",1,0,"far"
"2971-5",0,0,0,1,0,39,0,1476991425219,"true",1,0,"split"
"2971-5",0,0,1,1,0,38,0,1476991391417,"true",0,1,"split"
"2971-5",0,0,2,1,0,11,1,1476990270133,"true",0,0,"split"
"2971-5",0,0,1,1,0,10,0,1476990212275,"true",0,1,"close"
"2971-5",0,1,0,0,1,13,0,1476990361150,"true",1,0,"close"
"2971-5",0,1,0,0,1,12,0,1476990299309,"true",1,0,"split"
"2971-5",0,1,0,0,1,15,0,1476990448278,"true",1,0,"split"
"2971-5",0,0,0,1,0,14,0,1476990406685,"true",1,0,"split"
"2971-5",0,1,1,0,1,17,0,1476990572604,"true",0,1,"close"
"2971-5",0,0,2,1,0,16,1,1476990527419,"true",0,0,"close"
"2971-5",0,0,1,1,0,19,0,1476990644578,"false",0,1,"close"
"2971-5",0,1,2,0,1,18,1,1476990608512,"true",0,0,"close"
"2971-5",1,0,0,0,2,31,0,1476991086667,"true",1,0,"far"
"2971-5",1,0,2,0,2,30,1,1476991032017,"true",0,0,"split"
"2971-5",0,1,0,0,1,37,0,1476991356351,"true",1,0,"close"
"2971-5",0,0,2,1,0,36,1,1476991310191,"true",0,0,"far"
"2971-5",1,0,1,0,2,35,0,1476991286040,"true",0,1,"split"
"2971-5",0,0,0,1,0,34,0,1476991250784,"true",1,0,"split"
"2971-5",0,0,0,1,0,33,0,1476991211413,"true",1,0,"close"
"2971-5",0,0,2,1,0,32,1,1476991179308,"true",0,0,"far"
"2971-5",0,1,1,0,1,50,0,1476991846079,"false",0,1,"close"
