"gameid","sClicked_2","sClicked_1","lClickedIndex","sClicked_0","sClickedIndex","roundNum","lClicked_2","time","outcome","lClicked_0","lClicked_1","condition"
"2986-c",0,0,0,1,0,42,0,1476487990979,"true",1,0,"far"
"2986-c",0,0,2,1,0,48,1,1476488122733,"true",0,0,"split"
"2986-c",0,1,0,0,1,43,0,1476488009719,"true",1,0,"close"
"2986-c",1,0,1,0,2,49,0,1476488133866,"true",0,1,"split"
"2986-c",1,0,2,0,2,24,1,1476487580109,"true",0,0,"split"
"2986-c",0,1,2,0,1,25,1,1476487610202,"true",0,0,"close"
"2986-c",0,1,1,0,1,26,0,1476487669584,"true",0,1,"far"
"2986-c",0,1,2,0,1,27,1,1476487687773,"true",0,0,"far"
"2986-c",1,0,0,0,2,20,0,1476487518387,"true",1,0,"far"
"2986-c",0,0,1,1,0,21,0,1476487529434,"true",0,1,"far"
"2986-c",0,0,0,1,0,22,0,1476487537437,"true",1,0,"far"
"2986-c",0,1,2,0,1,23,1,1476487563827,"true",0,0,"close"
"2986-c",0,1,0,0,1,46,0,1476488103806,"true",1,0,"split"
"2986-c",1,0,0,0,2,47,0,1476488114365,"true",1,0,"far"
"2986-c",1,0,0,0,2,44,0,1476488065821,"true",1,0,"close"
"2986-c",0,1,2,0,1,45,1,1476488087658,"true",0,0,"split"
"2986-c",0,1,2,0,1,28,1,1476487699143,"true",0,0,"far"
"2986-c",1,0,0,0,2,29,0,1476487713079,"true",1,0,"split"
"2986-c",1,0,1,0,2,40,0,1476487969495,"true",0,1,"split"
"2986-c",1,0,2,0,2,41,1,1476487982212,"true",0,0,"far"
"2986-c",1,0,2,0,2,1,1,1476487197878,"true",0,0,"split"
"2986-c",1,0,2,0,2,3,1,1476487227882,"true",0,0,"split"
"2986-c",1,0,2,0,2,2,1,1476487212535,"true",0,0,"far"
"2986-c",0,1,2,0,1,5,1,1476487254637,"true",0,0,"close"
"2986-c",0,1,0,0,1,4,0,1476487240410,"true",1,0,"far"
"2986-c",0,1,2,0,1,7,1,1476487280550,"true",0,0,"close"
"2986-c",1,0,2,0,2,6,1,1476487263174,"true",0,0,"far"
"2986-c",1,0,1,0,2,9,0,1476487303251,"true",0,1,"far"
"2986-c",0,1,2,0,1,8,1,1476487292611,"true",0,0,"split"
"2986-c",0,0,2,1,0,39,1,1476487917082,"true",0,0,"far"
"2986-c",1,0,0,0,2,38,0,1476487901120,"true",1,0,"close"
"2986-c",0,1,2,0,1,11,1,1476487322125,"true",0,0,"split"
"2986-c",0,1,0,0,1,10,0,1476487313830,"true",1,0,"close"
"2986-c",0,0,0,1,0,13,0,1476487358493,"true",1,0,"far"
"2986-c",0,0,0,1,0,12,0,1476487335213,"true",1,0,"close"
"2986-c",0,0,2,1,0,15,1,1476487383594,"false",0,0,"close"
"2986-c",1,0,1,0,2,14,0,1476487370397,"true",0,1,"split"
"2986-c",0,0,0,1,0,17,0,1476487416759,"true",1,0,"far"
"2986-c",1,0,1,0,2,16,0,1476487401920,"false",0,1,"split"
"2986-c",1,0,0,0,2,19,0,1476487509085,"true",1,0,"split"
"2986-c",0,1,1,0,1,18,0,1476487466400,"true",0,1,"split"
"2986-c",1,0,1,0,2,31,0,1476487761694,"false",0,1,"close"
"2986-c",1,0,1,0,2,30,0,1476487736452,"true",0,1,"close"
"2986-c",1,0,1,0,2,37,0,1476487884941,"true",0,1,"close"
"2986-c",0,1,2,0,1,36,1,1476487866695,"true",0,0,"split"
"2986-c",1,0,1,0,2,35,0,1476487829258,"true",0,1,"split"
"2986-c",0,1,2,0,1,34,1,1476487820330,"false",0,0,"far"
"2986-c",1,0,1,0,2,33,0,1476487808285,"true",0,1,"close"
"2986-c",1,0,2,0,2,32,1,1476487772433,"true",0,0,"close"
"2986-c",0,1,2,0,1,50,1,1476488157876,"true",0,0,"close"
