"gameid","sClicked_2","sClicked_1","lClickedIndex","sClicked_0","sClickedIndex","roundNum","lClicked_2","time","outcome","lClicked_0","lClicked_1","condition"
"2986-a",0,1,2,0,1,42,1,1459892531794,"true",0,0,"close"
"2986-a",0,1,0,0,1,48,0,1459892610181,"true",1,0,"far"
"2986-a",0,0,1,1,0,43,0,1459892539571,"true",0,1,"split"
"2986-a",0,1,0,0,1,49,0,1459892631444,"true",1,0,"close"
"2986-a",0,0,2,1,0,24,1,1459892318659,"true",0,0,"close"
"2986-a",1,0,1,0,2,25,0,1459892329584,"true",0,1,"far"
"2986-a",0,0,0,1,0,26,0,1459892335367,"true",1,0,"far"
"2986-a",0,0,0,1,0,27,0,1459892360624,"true",1,0,"close"
"2986-a",0,0,1,1,0,20,0,1459892287089,"true",0,1,"far"
"2986-a",0,0,1,1,0,21,0,1459892293966,"true",0,1,"far"
"2986-a",0,0,2,1,0,22,1,1459892302859,"true",0,0,"close"
"2986-a",1,0,1,0,2,23,0,1459892309258,"true",0,1,"far"
"2986-a",0,1,2,0,1,46,1,1459892594954,"true",0,0,"split"
"2986-a",0,0,2,1,0,47,1,1459892602874,"true",0,0,"far"
"2986-a",0,0,2,1,0,44,1,1459892546676,"true",0,0,"far"
"2986-a",1,0,2,0,2,45,1,1459892561906,"true",0,0,"split"
"2986-a",1,0,1,0,2,28,0,1459892395327,"true",0,1,"split"
"2986-a",0,0,1,1,0,29,0,1459892406530,"true",0,1,"split"
"2986-a",1,0,2,0,2,40,1,1459892512260,"true",0,0,"close"
"2986-a",0,0,1,1,0,41,0,1459892519195,"true",0,1,"split"
"2986-a",0,1,0,0,1,1,0,1459891975570,"true",1,0,"far"
"2986-a",0,1,2,0,1,3,1,1459891991911,"true",0,0,"far"
"2986-a",0,1,0,0,1,2,0,1459891985366,"true",1,0,"split"
"2986-a",1,0,1,0,2,5,0,1459892055620,"true",0,1,"close"
"2986-a",0,1,2,0,1,4,1,1459892018856,"true",0,0,"split"
"2986-a",1,0,2,0,2,7,1,1459892097417,"true",0,0,"far"
"2986-a",1,0,2,0,2,6,1,1459892088553,"true",0,0,"close"
"2986-a",0,0,1,1,0,9,0,1459892157614,"true",0,1,"split"
"2986-a",0,0,2,1,0,8,1,1459892138503,"true",0,0,"close"
"2986-a",0,1,2,0,1,39,1,1459892501404,"true",0,0,"split"
"2986-a",1,0,0,0,2,38,0,1459892489754,"true",1,0,"close"
"2986-a",0,0,0,1,0,11,0,1459892174078,"true",1,0,"far"
"2986-a",1,0,0,0,2,10,0,1459892168160,"true",1,0,"split"
"2986-a",0,1,0,0,1,13,0,1459892191414,"true",1,0,"far"
"2986-a",1,0,1,0,2,12,0,1459892184823,"true",0,1,"far"
"2986-a",0,0,1,1,0,15,0,1459892209834,"true",0,1,"close"
"2986-a",0,0,2,1,0,14,1,1459892201689,"true",0,0,"close"
"2986-a",0,1,0,0,1,17,0,1459892230384,"true",1,0,"split"
"2986-a",0,0,2,1,0,16,1,1459892218859,"true",0,0,"close"
"2986-a",1,0,2,0,2,19,1,1459892277964,"true",0,0,"close"
"2986-a",0,1,0,0,1,18,0,1459892243664,"true",1,0,"split"
"2986-a",0,0,1,1,0,31,0,1459892422105,"true",0,1,"split"
"2986-a",0,1,1,0,1,30,0,1459892414748,"true",0,1,"close"
"2986-a",0,1,2,0,1,37,1,1459892479714,"true",0,0,"close"
"2986-a",0,1,1,0,1,36,0,1459892468410,"true",0,1,"far"
"2986-a",0,1,0,0,1,35,0,1459892461771,"true",1,0,"far"
"2986-a",0,0,1,1,0,34,0,1459892455584,"true",0,1,"far"
"2986-a",1,0,1,0,2,33,0,1459892449194,"true",0,1,"close"
"2986-a",0,0,0,1,0,32,0,1459892435465,"true",1,0,"split"
"2986-a",1,0,0,0,2,50,0,1459892754823,"true",1,0,"split"
