"gameid","sClicked_2","sClicked_1","lClickedIndex","sClicked_0","sClickedIndex","roundNum","lClicked_2","time","outcome","lClicked_0","lClicked_1","condition"
"3000-6",0,1,2,0,1,42,1,1476996487270,"true",0,0,"far"
"3000-6",0,0,2,1,0,43,1,1476996501109,"true",0,0,"far"
"3000-6",0,1,0,0,1,49,0,1476996610632,"false",1,0,"split"
"3000-6",1,0,2,0,2,24,1,1476996268972,"false",0,0,"close"
"3000-6",0,1,1,0,1,25,0,1476996280099,"true",0,1,"far"
"3000-6",0,1,2,0,1,26,1,1476996290130,"true",0,0,"split"
"3000-6",1,0,2,0,2,27,1,1476996303731,"true",0,0,"far"
"3000-6",0,0,1,1,0,20,0,1476996203692,"true",0,1,"close"
"3000-6",0,1,0,0,1,21,0,1476996213767,"true",1,0,"close"
"3000-6",0,1,0,0,1,22,0,1476996221504,"true",1,0,"close"
"3000-6",0,0,2,1,0,23,1,1476996232510,"false",0,0,"close"
"3000-6",0,0,1,1,0,46,0,1476996546399,"false",0,1,"far"
"3000-6",0,0,2,1,0,47,1,1476996554332,"true",0,0,"close"
"3000-6",0,0,2,1,0,44,1,1476996511712,"true",0,0,"split"
"3000-6",1,0,0,0,2,45,0,1476996522983,"true",1,0,"close"
"3000-6",1,0,0,0,2,28,0,1476996317098,"true",1,0,"far"
"3000-6",0,0,2,1,0,29,1,1476996328876,"true",0,0,"split"
"3000-6",1,0,2,0,2,40,1,1476996466710,"true",0,0,"far"
"3000-6",0,1,1,0,1,41,0,1476996479530,"true",0,1,"far"
"3000-6",0,0,1,1,0,1,0,1476995910334,"true",0,1,"far"
"3000-6",0,0,1,1,0,3,0,1476995934499,"true",0,1,"split"
"3000-6",1,0,2,0,2,2,1,1476995923229,"true",0,0,"far"
"3000-6",0,0,2,1,0,5,1,1476995965147,"true",0,0,"split"
"3000-6",0,1,1,0,1,4,0,1476995952008,"true",0,1,"close"
"3000-6",0,1,0,0,1,7,0,1476995995067,"true",1,0,"split"
"3000-6",1,0,1,0,2,6,0,1476995986080,"true",0,1,"split"
"3000-6",0,0,1,1,0,8,0,1476996009484,"true",0,1,"split"
"3000-6",1,0,1,0,2,39,0,1476996458565,"true",0,1,"close"
"3000-6",1,0,2,0,2,38,1,1476996448957,"false",0,0,"split"
"3000-6",0,0,2,1,0,11,1,1476996087067,"true",0,0,"far"
"3000-6",1,0,0,0,2,10,0,1476996075661,"true",1,0,"split"
"3000-6",1,0,0,0,2,13,0,1476996113264,"true",1,0,"far"
"3000-6",1,0,2,0,2,12,1,1476996097202,"true",0,0,"far"
"3000-6",0,0,1,1,0,15,0,1476996154658,"true",0,1,"close"
"3000-6",1,0,0,0,2,14,0,1476996134502,"true",1,0,"close"
"3000-6",1,0,2,0,2,17,1,1476996173203,"true",0,0,"far"
"3000-6",1,0,1,0,2,16,0,1476996163214,"true",0,1,"split"
"3000-6",1,0,0,0,2,19,0,1476996194440,"true",1,0,"split"
"3000-6",0,0,2,1,0,18,1,1476996182249,"true",0,0,"close"
"3000-6",0,1,1,0,1,31,0,1476996353464,"true",0,1,"split"
"3000-6",0,1,1,0,1,30,0,1476996341996,"true",0,1,"split"
"3000-6",0,0,0,1,0,37,0,1476996427507,"true",1,0,"split"
"3000-6",0,0,2,1,0,36,1,1476996415305,"true",0,0,"close"
"3000-6",1,0,0,0,2,35,0,1476996396909,"true",1,0,"close"
"3000-6",1,0,0,0,2,34,0,1476996381741,"true",1,0,"far"
"3000-6",0,0,2,1,0,33,1,1476996374803,"true",0,0,"far"
"3000-6",0,1,2,0,1,32,1,1476996366368,"true",0,0,"close"
"3000-6",0,1,2,0,1,50,1,1476996631372,"false",0,0,"close"
