"gameid","sClicked_2","sClicked_1","lClickedIndex","sClicked_0","sClickedIndex","roundNum","lClicked_2","time","outcome","lClicked_0","lClicked_1","condition"
"3012-6",1,0,0,0,2,42,0,1476996065747,"true",1,0,"close"
"3012-6",1,0,2,0,2,48,1,1476996203002,"true",0,0,"far"
"3012-6",0,0,0,1,0,43,0,1476996081442,"true",1,0,"split"
"3012-6",1,0,1,0,2,49,0,1476996225865,"true",0,1,"split"
"3012-6",1,0,1,0,2,24,0,1476995452436,"true",0,1,"close"
"3012-6",0,1,0,0,1,25,0,1476995467151,"true",1,0,"split"
"3012-6",0,1,0,0,1,26,0,1476995475056,"true",1,0,"far"
"3012-6",0,1,0,0,1,27,0,1476995485846,"false",1,0,"split"
"3012-6",1,0,1,0,2,20,0,1476995297365,"true",0,1,"split"
"3012-6",0,0,1,1,0,21,0,1476995322231,"true",0,1,"far"
"3012-6",1,0,0,0,2,22,0,1476995335242,"true",1,0,"far"
"3012-6",1,0,0,0,2,23,0,1476995405131,"true",1,0,"close"
"3012-6",0,0,0,1,0,46,0,1476996142580,"true",1,0,"split"
"3012-6",0,0,0,1,0,47,0,1476996186701,"true",1,0,"close"
"3012-6",0,0,0,1,0,44,0,1476996091646,"true",1,0,"far"
"3012-6",0,0,0,1,0,45,0,1476996101144,"true",1,0,"far"
"3012-6",1,0,2,0,2,28,1,1476995516709,"true",0,0,"close"
"3012-6",0,0,2,1,0,29,1,1476995531109,"true",0,0,"split"
"3012-6",0,1,0,0,1,40,0,1476996004702,"false",1,0,"far"
"3012-6",1,0,1,0,2,41,0,1476996031311,"true",0,1,"far"
"3012-6",0,0,0,1,0,1,0,1476994534658,"true",1,0,"close"
"3012-6",0,0,1,1,0,3,0,1476994614209,"true",0,1,"far"
"3012-6",1,0,1,0,2,2,0,1476994599018,"true",0,1,"split"
"3012-6",0,1,0,0,1,5,0,1476994746049,"true",1,0,"close"
"3012-6",0,1,2,0,1,4,1,1476994653485,"true",0,0,"close"
"3012-6",0,1,0,0,1,7,0,1476994846400,"true",1,0,"split"
"3012-6",0,0,1,1,0,6,0,1476994832291,"true",0,1,"split"
"3012-6",0,0,0,1,0,8,0,1476994941829,"true",1,0,"close"
"3012-6",0,0,0,1,0,39,0,1476995992023,"true",1,0,"close"
"3012-6",0,0,1,1,0,11,0,1476995056702,"true",0,1,"close"
"3012-6",1,0,0,0,2,10,0,1476995010844,"true",1,0,"close"
"3012-6",0,0,1,1,0,13,0,1476995140302,"true",0,1,"far"
"3012-6",0,1,1,0,1,12,0,1476995125361,"true",0,1,"split"
"3012-6",0,0,1,1,0,15,0,1476995170918,"true",0,1,"far"
"3012-6",0,0,2,1,0,14,1,1476995152601,"true",0,0,"split"
"3012-6",0,1,1,0,1,17,0,1476995221641,"true",0,1,"far"
"3012-6",0,1,0,0,1,16,0,1476995182958,"true",1,0,"far"
"3012-6",0,1,2,0,1,19,1,1476995255100,"true",0,0,"far"
"3012-6",1,0,0,0,2,18,0,1476995245992,"true",1,0,"close"
"3012-6",0,1,1,0,1,31,0,1476995595770,"true",0,1,"far"
"3012-6",0,0,2,1,0,30,1,1476995582571,"true",0,0,"close"
"3012-6",0,1,2,0,1,37,1,1476995909574,"true",0,0,"close"
"3012-6",0,1,0,0,1,36,0,1476995860023,"true",1,0,"close"
"3012-6",0,1,0,0,1,35,0,1476995744263,"true",1,0,"far"
"3012-6",0,0,1,1,0,34,0,1476995732979,"true",0,1,"split"
"3012-6",0,0,2,1,0,33,1,1476995716806,"true",0,0,"split"
"3012-6",1,0,1,0,2,32,0,1476995616943,"true",0,1,"split"
"3012-6",0,1,0,0,1,50,0,1476996248229,"true",1,0,"split"
