"gameid","sClicked_2","sClicked_1","lClickedIndex","sClicked_0","sClickedIndex","roundNum","lClicked_2","time","outcome","lClicked_0","lClicked_1","condition"
"3014-a",0,0,1,1,0,42,0,1459896249899,"true",0,1,"far"
"3014-a",1,0,0,0,2,48,0,1459896322881,"true",1,0,"far"
"3014-a",0,0,1,1,0,43,0,1459896258818,"true",0,1,"close"
"3014-a",0,1,0,0,1,49,0,1459896332916,"true",1,0,"split"
"3014-a",1,0,0,0,2,24,0,1459895868739,"true",1,0,"far"
"3014-a",0,1,0,0,1,25,0,1459895886970,"true",1,0,"close"
"3014-a",0,1,2,0,1,26,1,1459895907283,"true",0,0,"split"
"3014-a",0,0,1,1,0,27,0,1459895929426,"true",0,1,"far"
"3014-a",1,0,1,0,2,20,0,1459895800331,"true",0,1,"split"
"3014-a",1,0,2,0,2,21,1,1459895808234,"true",0,0,"far"
"3014-a",0,1,0,0,1,22,0,1459895817772,"true",1,0,"close"
"3014-a",0,0,1,1,0,23,0,1459895828083,"true",0,1,"split"
"3014-a",1,0,0,0,2,46,0,1459896303963,"true",1,0,"far"
"3014-a",0,1,0,0,1,47,0,1459896313410,"true",1,0,"split"
"3014-a",0,1,2,0,1,44,1,1459896269552,"true",0,0,"split"
"3014-a",1,0,1,0,2,45,0,1459896295244,"true",0,1,"close"
"3014-a",0,0,0,1,0,28,0,1459895940401,"true",1,0,"close"
"3014-a",0,1,0,0,1,29,0,1459895947754,"true",1,0,"far"
"3014-a",1,0,1,0,2,40,0,1459896194865,"true",0,1,"close"
"3014-a",0,1,1,0,1,41,0,1459896242994,"true",0,1,"close"
"3014-a",0,1,1,0,1,1,0,1459895439322,"true",0,1,"far"
"3014-a",0,0,2,1,0,3,1,1459895472307,"true",0,0,"close"
"3014-a",0,1,0,0,1,2,0,1459895451020,"true",1,0,"far"
"3014-a",1,0,0,0,2,5,0,1459895497755,"true",1,0,"close"
"3014-a",1,0,2,0,2,4,1,1459895484890,"true",0,0,"far"
"3014-a",0,1,1,0,1,7,0,1459895544899,"true",0,1,"split"
"3014-a",0,0,1,1,0,6,0,1459895505546,"true",0,1,"far"
"3014-a",1,0,1,0,2,9,0,1459895574274,"true",0,1,"split"
"3014-a",0,1,1,0,1,8,0,1459895558692,"true",0,1,"close"
"3014-a",0,1,2,0,1,39,1,1459896170763,"true",0,0,"far"
"3014-a",1,0,1,0,2,38,0,1459896153515,"true",0,1,"far"
"3014-a",0,0,0,1,0,11,0,1459895617098,"true",1,0,"close"
"3014-a",0,0,1,1,0,10,0,1459895596763,"false",0,1,"split"
"3014-a",1,0,2,0,2,13,1,1459895651461,"false",0,0,"close"
"3014-a",1,0,1,0,2,12,0,1459895628308,"true",0,1,"close"
"3014-a",1,0,1,0,2,15,0,1459895672666,"true",0,1,"split"
"3014-a",0,1,0,0,1,14,0,1459895661851,"true",1,0,"split"
"3014-a",1,0,1,0,2,17,0,1459895715774,"true",0,1,"close"
"3014-a",0,1,1,0,1,16,0,1459895679661,"true",0,1,"far"
"3014-a",0,1,0,0,1,19,0,1459895780098,"true",1,0,"split"
"3014-a",0,1,0,0,1,18,0,1459895722843,"true",1,0,"far"
"3014-a",0,0,1,1,0,31,0,1459895981732,"true",0,1,"split"
"3014-a",0,1,0,0,1,30,0,1459895957154,"true",1,0,"close"
"3014-a",0,0,0,1,0,37,0,1459896126779,"true",1,0,"split"
"3014-a",1,0,0,0,2,36,0,1459896108686,"true",1,0,"split"
"3014-a",0,0,2,1,0,35,1,1459896088033,"true",0,0,"close"
"3014-a",1,0,1,0,2,34,0,1459896078594,"true",0,1,"split"
"3014-a",0,1,0,0,1,33,0,1459896041258,"true",1,0,"split"
"3014-a",1,0,0,0,2,32,0,1459895992291,"true",1,0,"close"
"3014-a",0,0,0,1,0,50,0,1459896339378,"true",1,0,"far"
