"gameid","sClicked_2","sClicked_1","lClickedIndex","sClicked_0","sClickedIndex","roundNum","lClicked_2","time","outcome","lClicked_0","lClicked_1","condition"
"3016-d",0,0,1,1,0,42,0,1476988695734,"false",0,1,"close"
"3016-d",0,0,2,1,0,48,1,1476988755488,"true",0,0,"split"
"3016-d",1,0,1,0,2,43,0,1476988712043,"true",0,1,"close"
"3016-d",0,0,1,1,0,49,0,1476988770189,"false",0,1,"close"
"3016-d",0,1,2,0,1,24,1,1476988520770,"true",0,0,"split"
"3016-d",1,0,2,0,2,25,1,1476988527407,"true",0,0,"split"
"3016-d",0,0,2,1,0,26,1,1476988542708,"true",0,0,"close"
"3016-d",0,0,0,1,0,27,0,1476988550243,"true",1,0,"close"
"3016-d",0,0,1,1,0,20,0,1476988478089,"false",0,1,"split"
"3016-d",1,0,1,0,2,21,0,1476988486135,"true",0,1,"close"
"3016-d",0,1,0,0,1,22,0,1476988502691,"true",1,0,"far"
"3016-d",0,0,0,1,0,23,0,1476988509283,"true",1,0,"far"
"3016-d",0,0,1,1,0,46,0,1476988737024,"true",0,1,"close"
"3016-d",0,1,0,0,1,47,0,1476988746687,"true",1,0,"far"
"3016-d",0,0,0,1,0,44,0,1476988717932,"true",1,0,"far"
"3016-d",0,0,2,1,0,45,1,1476988724000,"true",0,0,"far"
"3016-d",0,0,1,1,0,28,0,1476988556546,"true",0,1,"split"
"3016-d",0,0,2,1,0,29,1,1476988564704,"true",0,0,"far"
"3016-d",0,0,1,1,0,40,0,1476988670435,"false",0,1,"split"
"3016-d",0,0,2,1,0,41,1,1476988677720,"true",0,0,"far"
"3016-d",0,0,1,1,0,1,0,1476988150502,"false",0,1,"split"
"3016-d",0,1,0,0,1,3,0,1476988187143,"true",1,0,"split"
"3016-d",1,0,0,0,2,2,0,1476988173465,"true",1,0,"far"
"3016-d",0,0,0,1,0,4,0,1476988201793,"true",1,0,"split"
"3016-d",1,0,0,0,2,7,0,1476988282510,"true",1,0,"close"
"3016-d",1,0,1,0,2,6,0,1476988273208,"true",0,1,"close"
"3016-d",0,1,2,0,1,9,1,1476988316093,"true",0,0,"far"
"3016-d",1,0,2,0,2,8,1,1476988305276,"true",0,0,"close"
"3016-d",0,1,1,0,1,39,0,1476988658237,"true",0,1,"split"
"3016-d",0,1,2,0,1,38,1,1476988638560,"false",0,0,"close"
"3016-d",0,1,2,0,1,10,1,1476988349024,"true",0,0,"split"
"3016-d",0,1,0,0,1,13,0,1476988416761,"true",1,0,"close"
"3016-d",0,1,0,0,1,12,0,1476988390619,"true",1,0,"split"
"3016-d",0,0,2,1,0,15,1,1476988431777,"true",0,0,"split"
"3016-d",0,1,0,0,1,14,0,1476988424713,"true",1,0,"split"
"3016-d",0,0,2,1,0,17,1,1476988446098,"true",0,0,"far"
"3016-d",1,0,2,0,2,16,1,1476988437855,"true",0,0,"far"
"3016-d",0,1,1,0,1,19,0,1476988464919,"true",0,1,"far"
"3016-d",1,0,2,0,2,18,1,1476988457786,"true",0,0,"close"
"3016-d",1,0,2,0,2,31,1,1476988585886,"true",0,0,"close"
"3016-d",0,1,2,0,1,30,1,1476988573478,"true",0,0,"split"
"3016-d",1,0,2,0,2,37,1,1476988629662,"true",0,0,"far"
"3016-d",0,1,0,0,1,36,0,1476988623389,"true",1,0,"far"
"3016-d",0,1,2,0,1,35,1,1476988616038,"true",0,0,"split"
"3016-d",0,1,1,0,1,34,0,1476988609364,"true",0,1,"close"
"3016-d",0,1,1,0,1,33,0,1476988599618,"true",0,1,"far"
"3016-d",0,0,1,1,0,32,0,1476988592636,"true",0,1,"far"
"3016-d",0,0,2,1,0,50,1,1476988782712,"false",0,0,"close"
