"gameid","sClicked_2","sClicked_1","lClickedIndex","sClicked_0","sClickedIndex","roundNum","lClicked_2","time","outcome","lClicked_0","lClicked_1","condition"
"3027-6",1,0,1,0,2,42,0,1476495904356,"true",0,1,"far"
"3027-6",0,0,2,1,0,48,1,1476495953687,"true",0,0,"close"
"3027-6",1,0,1,0,2,43,0,1476495912135,"true",0,1,"split"
"3027-6",1,0,2,0,2,49,1,1476495959906,"true",0,0,"split"
"3027-6",0,1,1,0,1,24,0,1476495735045,"true",0,1,"split"
"3027-6",1,0,0,0,2,25,0,1476495741239,"true",1,0,"far"
"3027-6",0,0,2,1,0,26,1,1476495748509,"true",0,0,"split"
"3027-6",0,0,0,1,0,27,0,1476495755172,"true",1,0,"far"
"3027-6",0,1,0,0,1,20,0,1476495701397,"true",1,0,"far"
"3027-6",1,0,1,0,2,21,0,1476495714245,"false",0,1,"close"
"3027-6",0,0,2,1,0,22,1,1476495722292,"true",0,0,"far"
"3027-6",1,0,2,0,2,23,1,1476495728037,"true",0,0,"far"
"3027-6",1,0,2,0,2,46,1,1476495936647,"true",0,0,"split"
"3027-6",0,0,1,1,0,47,0,1476495944910,"true",0,1,"close"
"3027-6",0,0,1,1,0,44,0,1476495918350,"true",0,1,"split"
"3027-6",0,1,2,0,1,45,1,1476495925986,"true",0,0,"split"
"3027-6",0,0,2,1,0,28,1,1476495766784,"true",0,0,"close"
"3027-6",0,1,2,0,1,29,1,1476495773369,"true",0,0,"close"
"3027-6",0,0,1,1,0,40,0,1476495884979,"true",0,1,"close"
"3027-6",0,0,1,1,0,41,0,1476495891902,"true",0,1,"close"
"3027-6",1,0,0,0,2,1,0,1476495544800,"true",1,0,"far"
"3027-6",1,0,2,0,2,3,1,1476495568448,"true",0,0,"split"
"3027-6",0,1,1,0,1,2,0,1476495553421,"true",0,1,"far"
"3027-6",1,0,2,0,2,5,1,1476495588263,"true",0,0,"far"
"3027-6",0,1,0,0,1,4,0,1476495581262,"true",1,0,"split"
"3027-6",1,0,0,0,2,7,0,1476495602878,"true",1,0,"close"
"3027-6",0,0,1,1,0,6,0,1476495594804,"true",0,1,"close"
"3027-6",1,0,0,0,2,9,0,1476495621367,"true",1,0,"close"
"3027-6",0,1,1,0,1,8,0,1476495611287,"true",0,1,"close"
"3027-6",0,1,1,0,1,39,0,1476495875039,"true",0,1,"split"
"3027-6",1,0,2,0,2,38,1,1476495864581,"true",0,0,"far"
"3027-6",0,0,2,1,0,11,1,1476495639167,"true",0,0,"far"
"3027-6",0,0,1,1,0,10,0,1476495631214,"true",0,1,"close"
"3027-6",1,0,0,0,2,13,0,1476495651502,"true",1,0,"far"
"3027-6",1,0,1,0,2,12,0,1476495645549,"true",0,1,"far"
"3027-6",0,1,2,0,1,15,1,1476495665860,"true",0,0,"split"
"3027-6",0,0,1,1,0,14,0,1476495657943,"true",0,1,"far"
"3027-6",1,0,0,0,2,17,0,1476495678881,"true",1,0,"close"
"3027-6",1,0,0,0,2,16,0,1476495672660,"true",1,0,"far"
"3027-6",0,1,2,0,1,19,1,1476495695416,"true",0,0,"far"
"3027-6",1,0,1,0,2,18,0,1476495688526,"true",0,1,"close"
"3027-6",1,0,2,0,2,31,1,1476495790272,"true",0,0,"split"
"3027-6",0,0,2,1,0,30,1,1476495782063,"true",0,0,"split"
"3027-6",0,0,1,1,0,37,0,1476495853950,"true",0,1,"close"
"3027-6",1,0,1,0,2,36,0,1476495836164,"true",0,1,"split"
"3027-6",1,0,1,0,2,35,0,1476495823262,"true",0,1,"split"
"3027-6",0,0,2,1,0,34,1,1476495813906,"true",0,0,"split"
"3027-6",1,0,1,0,2,33,0,1476495804325,"true",0,1,"split"
"3027-6",1,0,0,0,2,32,0,1476495797430,"true",1,0,"far"
"3027-6",1,0,1,0,2,50,0,1476495969290,"true",0,1,"close"
