"gameid","sClicked_2","sClicked_1","lClickedIndex","sClicked_0","sClickedIndex","roundNum","lClicked_2","time","outcome","lClicked_0","lClicked_1","condition"
"3028-b",0,0,2,1,0,42,1,1476499626308,"false",0,0,"far"
"3028-b",1,0,1,0,2,48,0,1476499698595,"true",0,1,"split"
"3028-b",0,1,1,0,1,43,0,1476499643354,"true",0,1,"close"
"3028-b",0,0,1,1,0,49,0,1476499708372,"true",0,1,"close"
"3028-b",0,1,1,0,1,24,0,1476499439760,"true",0,1,"split"
"3028-b",0,0,1,1,0,25,0,1476499452697,"true",0,1,"far"
"3028-b",0,1,1,0,1,26,0,1476499470533,"true",0,1,"split"
"3028-b",0,1,0,0,1,27,0,1476499479350,"true",1,0,"far"
"3028-b",1,0,2,0,2,20,1,1476499398667,"true",0,0,"split"
"3028-b",0,1,1,0,1,21,0,1476499407040,"true",0,1,"far"
"3028-b",1,0,1,0,2,22,0,1476499424159,"true",0,1,"split"
"3028-b",0,0,0,1,0,23,0,1476499432548,"true",1,0,"far"
"3028-b",0,0,2,1,0,46,1,1476499679736,"true",0,0,"split"
"3028-b",1,0,1,0,2,47,0,1476499687067,"true",0,1,"far"
"3028-b",1,0,2,0,2,44,1,1476499659718,"true",0,0,"close"
"3028-b",1,0,0,0,2,45,0,1476499671331,"true",1,0,"far"
"3028-b",0,1,2,0,1,28,1,1476499492630,"true",0,0,"split"
"3028-b",0,0,2,1,0,29,1,1476499503604,"true",0,0,"split"
"3028-b",0,1,1,0,1,40,0,1476499612755,"true",0,1,"far"
"3028-b",0,1,1,0,1,41,0,1476499618482,"true",0,1,"far"
"3028-b",0,1,0,0,1,1,0,1476499130636,"true",1,0,"close"
"3028-b",0,1,2,0,1,3,1,1476499178053,"false",0,0,"close"
"3028-b",1,0,2,0,2,2,1,1476499142981,"true",0,0,"far"
"3028-b",0,0,2,1,0,5,1,1476499210468,"true",0,0,"split"
"3028-b",0,0,1,1,0,4,0,1476499195684,"false",0,1,"split"
"3028-b",0,0,1,1,0,7,0,1476499242944,"true",0,1,"close"
"3028-b",0,1,2,0,1,6,1,1476499223385,"true",0,0,"split"
"3028-b",1,0,0,0,2,9,0,1476499266265,"true",1,0,"far"
"3028-b",1,0,2,0,2,8,1,1476499259059,"true",0,0,"split"
"3028-b",0,1,0,0,1,39,0,1476499606356,"true",1,0,"far"
"3028-b",0,1,2,0,1,38,1,1476499596353,"true",0,0,"close"
"3028-b",0,0,2,1,0,11,1,1476499289807,"true",0,0,"far"
"3028-b",0,0,0,1,0,10,0,1476499279472,"true",1,0,"close"
"3028-b",1,0,1,0,2,13,0,1476499325671,"true",0,1,"close"
"3028-b",0,1,2,0,1,12,1,1476499313034,"false",0,0,"close"
"3028-b",0,1,1,0,1,15,0,1476499342780,"true",0,1,"split"
"3028-b",1,0,0,0,2,14,0,1476499332491,"true",1,0,"far"
"3028-b",0,1,1,0,1,17,0,1476499369682,"true",0,1,"close"
"3028-b",1,0,1,0,2,16,0,1476499356216,"true",0,1,"close"
"3028-b",1,0,0,0,2,19,0,1476499389106,"true",1,0,"close"
"3028-b",0,0,0,1,0,18,0,1476499377265,"true",1,0,"far"
"3028-b",0,1,0,0,1,31,0,1476499520344,"true",1,0,"split"
"3028-b",0,0,0,1,0,30,0,1476499512584,"true",1,0,"far"
"3028-b",1,0,2,0,2,37,1,1476499585208,"true",0,0,"split"
"3028-b",0,0,0,1,0,36,0,1476499575747,"true",1,0,"far"
"3028-b",0,0,0,1,0,35,0,1476499567474,"true",1,0,"split"
"3028-b",0,1,0,0,1,34,0,1476499554741,"true",1,0,"close"
"3028-b",0,1,2,0,1,33,1,1476499535621,"true",0,0,"close"
"3028-b",0,1,1,0,1,32,0,1476499528907,"true",0,1,"close"
"3028-b",1,0,2,0,2,50,1,1476499721726,"true",0,0,"split"
