"gameid","sClicked_2","sClicked_1","lClickedIndex","sClicked_0","sClickedIndex","roundNum","lClicked_2","time","outcome","lClicked_0","lClicked_1","condition"
"3029-f",0,0,2,1,0,42,1,1476486566379,"true",0,0,"split"
"3029-f",0,0,0,1,0,48,0,1476486737129,"true",1,0,"split"
"3029-f",0,1,2,0,1,43,1,1476486592662,"true",0,0,"close"
"3029-f",0,0,2,1,0,49,1,1476486757220,"true",0,0,"far"
"3029-f",0,0,1,1,0,24,0,1476486207731,"true",0,1,"far"
"3029-f",1,0,1,0,2,25,0,1476486231932,"true",0,1,"close"
"3029-f",0,0,0,1,0,26,0,1476486242527,"true",1,0,"far"
"3029-f",0,0,0,1,0,27,0,1476486264812,"true",1,0,"close"
"3029-f",1,0,1,0,2,20,0,1476486172595,"true",0,1,"close"
"3029-f",0,1,2,0,1,21,1,1476486181097,"true",0,0,"far"
"3029-f",0,1,2,0,1,22,1,1476486190380,"true",0,0,"far"
"3029-f",0,0,1,1,0,23,0,1476486198518,"true",0,1,"split"
"3029-f",1,0,2,0,2,46,1,1476486710148,"true",0,0,"far"
"3029-f",0,0,1,1,0,47,0,1476486725120,"true",0,1,"far"
"3029-f",1,0,0,0,2,44,0,1476486632940,"true",1,0,"split"
"3029-f",1,0,1,0,2,45,0,1476486695887,"true",0,1,"split"
"3029-f",1,0,2,0,2,28,1,1476486315281,"true",0,0,"close"
"3029-f",0,1,1,0,1,29,0,1476486351390,"true",0,1,"split"
"3029-f",1,0,1,0,2,40,0,1476486531712,"true",0,1,"split"
"3029-f",0,1,1,0,1,41,0,1476486546345,"true",0,1,"far"
"3029-f",0,1,2,0,1,1,1,1476485838777,"true",0,0,"split"
"3029-f",1,0,1,0,2,3,0,1476485857839,"true",0,1,"split"
"3029-f",0,0,1,1,0,2,0,1476485849431,"true",0,1,"split"
"3029-f",0,0,1,1,0,5,0,1476485881871,"true",0,1,"close"
"3029-f",0,1,0,0,1,4,0,1476485867846,"true",1,0,"split"
"3029-f",1,0,1,0,2,7,0,1476485900953,"true",0,1,"far"
"3029-f",1,0,2,0,2,6,1,1476485892579,"true",0,0,"close"
"3029-f",0,1,0,0,1,9,0,1476485977799,"true",1,0,"close"
"3029-f",0,0,0,1,0,8,0,1476485949303,"true",1,0,"close"
"3029-f",0,0,1,1,0,39,0,1476486516567,"true",0,1,"far"
"3029-f",0,0,1,1,0,38,0,1476486500513,"true",0,1,"split"
"3029-f",0,1,0,0,1,11,0,1476486018196,"true",1,0,"split"
"3029-f",1,0,2,0,2,10,1,1476485986366,"true",0,0,"far"
"3029-f",1,0,2,0,2,13,1,1476486040935,"true",0,0,"close"
"3029-f",0,1,0,0,1,12,0,1476486028991,"true",1,0,"close"
"3029-f",0,0,1,1,0,15,0,1476486088561,"true",0,1,"far"
"3029-f",0,1,2,0,1,14,1,1476486075164,"true",0,0,"far"
"3029-f",0,0,2,1,0,17,1,1476486109402,"true",0,0,"far"
"3029-f",0,1,1,0,1,16,0,1476486098774,"true",0,1,"close"
"3029-f",0,0,0,1,0,19,0,1476486144730,"true",1,0,"split"
"3029-f",1,0,1,0,2,18,0,1476486124362,"true",0,1,"split"
"3029-f",0,1,1,0,1,31,0,1476486371913,"true",0,1,"split"
"3029-f",1,0,0,0,2,30,0,1476486360573,"true",1,0,"far"
"3029-f",0,0,1,1,0,37,0,1476486479985,"true",0,1,"far"
"3029-f",0,1,1,0,1,36,0,1476486467701,"true",0,1,"close"
"3029-f",1,0,1,0,2,35,0,1476486427167,"true",0,1,"close"
"3029-f",0,0,1,1,0,34,0,1476486416214,"true",0,1,"close"
"3029-f",1,0,0,0,2,33,0,1476486404759,"true",1,0,"split"
"3029-f",1,0,1,0,2,32,0,1476486388094,"true",0,1,"close"
"3029-f",0,0,0,1,0,50,0,1476486792513,"true",1,0,"close"
