"gameid","sClicked_2","sClicked_1","lClickedIndex","sClicked_0","sClickedIndex","roundNum","lClicked_2","time","outcome","lClicked_0","lClicked_1","condition"
"3035-8",0,0,0,1,0,42,0,1476992305038,"true",1,0,"far"
"3035-8",0,0,0,1,0,48,0,1476992528841,"true",1,0,"close"
"3035-8",0,1,2,0,1,43,1,1476992342192,"true",0,0,"split"
"3035-8",1,0,1,0,2,49,0,1476992582840,"false",0,1,"split"
"3035-8",0,1,0,0,1,24,0,1476991538656,"true",1,0,"far"
"3035-8",0,1,1,0,1,25,0,1476991572616,"true",0,1,"split"
"3035-8",1,0,0,0,2,26,0,1476991588704,"true",1,0,"far"
"3035-8",0,0,1,1,0,27,0,1476991651399,"true",0,1,"split"
"3035-8",1,0,1,0,2,20,0,1476991390158,"true",0,1,"split"
"3035-8",0,0,1,1,0,21,0,1476991413487,"true",0,1,"split"
"3035-8",0,1,1,0,1,22,0,1476991459824,"true",0,1,"far"
"3035-8",0,0,0,1,0,23,0,1476991526136,"false",1,0,"split"
"3035-8",0,0,0,1,0,46,0,1476992461774,"true",1,0,"far"
"3035-8",0,1,1,0,1,47,0,1476992505210,"true",0,1,"close"
"3035-8",0,0,1,1,0,44,0,1476992361513,"true",0,1,"split"
"3035-8",0,0,2,1,0,45,1,1476992421833,"true",0,0,"split"
"3035-8",1,0,2,0,2,28,1,1476991670239,"true",0,0,"far"
"3035-8",0,0,0,1,0,29,0,1476991719493,"true",1,0,"far"
"3035-8",1,0,1,0,2,40,0,1476992221903,"true",0,1,"far"
"3035-8",0,1,2,0,1,41,1,1476992276278,"true",0,0,"split"
"3035-8",0,0,2,1,0,1,1,1476990566088,"false",0,0,"close"
"3035-8",0,0,0,1,0,3,0,1476990696473,"true",1,0,"split"
"3035-8",0,0,2,1,0,2,1,1476990678833,"false",0,0,"split"
"3035-8",1,0,2,0,2,5,1,1476990769608,"true",0,0,"far"
"3035-8",0,0,2,1,0,4,1,1476990731712,"false",0,0,"far"
"3035-8",0,0,2,1,0,7,1,1476990809592,"true",0,0,"close"
"3035-8",0,0,0,1,0,6,0,1476990792579,"true",1,0,"split"
"3035-8",0,0,0,1,0,9,0,1476990993861,"true",1,0,"far"
"3035-8",0,1,1,0,1,8,0,1476990867066,"true",0,1,"close"
"3035-8",1,0,1,0,2,39,0,1476992179633,"true",0,1,"split"
"3035-8",0,1,0,0,1,38,0,1476992131832,"true",1,0,"close"
"3035-8",0,1,0,0,1,11,0,1476991081252,"true",1,0,"far"
"3035-8",0,0,0,1,0,10,0,1476991057489,"false",1,0,"close"
"3035-8",0,0,1,1,0,13,0,1476991146218,"false",0,1,"far"
"3035-8",1,0,2,0,2,12,1,1476991119506,"false",0,0,"close"
"3035-8",0,0,2,1,0,15,1,1476991216634,"false",0,0,"close"
"3035-8",0,0,1,1,0,14,0,1476991183376,"false",0,1,"close"
"3035-8",0,1,2,0,1,17,1,1476991270752,"true",0,0,"close"
"3035-8",0,0,0,1,0,16,0,1476991240632,"false",1,0,"far"
"3035-8",0,1,0,0,1,19,0,1476991347080,"false",1,0,"split"
"3035-8",1,0,1,0,2,18,0,1476991301559,"true",0,1,"close"
"3035-8",0,1,2,0,1,31,1,1476991759406,"false",0,0,"close"
"3035-8",1,0,0,0,2,30,0,1476991731856,"true",1,0,"split"
"3035-8",0,1,0,0,1,37,0,1476992048398,"true",1,0,"close"
"3035-8",0,0,1,1,0,36,0,1476992002337,"true",0,1,"close"
"3035-8",0,1,0,0,1,35,0,1476991971089,"true",1,0,"close"
"3035-8",0,0,1,1,0,34,0,1476991912160,"true",0,1,"far"
"3035-8",0,0,2,1,0,33,1,1476991878834,"true",0,0,"split"
"3035-8",1,0,1,0,2,32,0,1476991833993,"true",0,1,"close"
"3035-8",0,1,2,0,1,50,1,1476992611046,"true",0,0,"far"
