"gameid","sClicked_2","sClicked_1","lClickedIndex","sClicked_0","sClickedIndex","roundNum","lClicked_2","time","outcome","lClicked_0","lClicked_1","condition"
"3043-1",0,0,1,1,0,42,0,1476500346338,"true",0,1,"close"
"3043-1",0,0,2,1,0,48,1,1476500460614,"true",0,0,"close"
"3043-1",0,0,0,1,0,43,0,1476500368360,"true",1,0,"close"
"3043-1",0,0,0,1,0,49,0,1476500469213,"true",1,0,"far"
"3043-1",0,0,0,1,0,24,0,1476500037998,"true",1,0,"split"
"3043-1",0,1,1,0,1,25,0,1476500058961,"true",0,1,"close"
"3043-1",0,1,1,0,1,26,0,1476500068550,"true",0,1,"split"
"3043-1",1,0,2,0,2,27,1,1476500076629,"true",0,0,"split"
"3043-1",0,1,1,0,1,20,0,1476500003178,"true",0,1,"split"
"3043-1",0,0,1,1,0,21,0,1476500010237,"true",0,1,"far"
"3043-1",1,0,0,0,2,22,0,1476500017268,"true",1,0,"far"
"3043-1",0,0,1,1,0,23,0,1476500030419,"true",0,1,"close"
"3043-1",0,1,2,0,1,46,1,1476500427330,"true",0,0,"far"
"3043-1",0,0,1,1,0,47,0,1476500449364,"true",0,1,"far"
"3043-1",0,0,1,1,0,44,0,1476500379003,"true",0,1,"split"
"3043-1",0,1,1,0,1,45,0,1476500388999,"true",0,1,"split"
"3043-1",0,0,0,1,0,28,0,1476500083946,"true",1,0,"far"
"3043-1",0,0,1,1,0,29,0,1476500099483,"true",0,1,"close"
"3043-1",1,0,0,0,2,40,0,1476500265218,"true",1,0,"far"
"3043-1",1,0,2,0,2,41,1,1476500308918,"true",0,0,"split"
"3043-1",1,0,0,0,2,1,0,1476499752142,"true",1,0,"split"
"3043-1",0,1,0,0,1,3,0,1476499768410,"true",1,0,"split"
"3043-1",1,0,0,0,2,2,0,1476499758293,"true",1,0,"far"
"3043-1",1,0,1,0,2,5,0,1476499783450,"true",0,1,"far"
"3043-1",0,0,1,1,0,4,0,1476499774991,"true",0,1,"split"
"3043-1",0,1,1,0,1,7,0,1476499809115,"true",0,1,"close"
"3043-1",0,0,1,1,0,6,0,1476499790163,"true",0,1,"close"
"3043-1",0,0,0,1,0,9,0,1476499827165,"true",1,0,"split"
"3043-1",0,0,1,1,0,8,0,1476499818642,"true",0,1,"split"
"3043-1",1,0,2,0,2,39,1,1476500241099,"true",0,0,"close"
"3043-1",0,0,1,1,0,38,0,1476500223935,"true",0,1,"split"
"3043-1",0,0,2,1,0,11,1,1476499846192,"true",0,0,"far"
"3043-1",0,0,1,1,0,10,0,1476499838102,"false",0,1,"split"
"3043-1",0,1,2,0,1,13,1,1476499868517,"true",0,0,"far"
"3043-1",0,1,2,0,1,12,1,1476499860933,"false",0,0,"close"
"3043-1",1,0,1,0,2,15,0,1476499898333,"true",0,1,"close"
"3043-1",1,0,0,0,2,14,0,1476499883083,"true",1,0,"split"
"3043-1",0,1,1,0,1,17,0,1476499957780,"true",0,1,"close"
"3043-1",1,0,0,0,2,16,0,1476499932044,"true",1,0,"split"
"3043-1",0,1,1,0,1,19,0,1476499993057,"true",0,1,"split"
"3043-1",0,0,1,1,0,18,0,1476499971668,"true",0,1,"far"
"3043-1",0,1,0,0,1,31,0,1476500116453,"true",1,0,"far"
"3043-1",1,0,2,0,2,30,1,1476500107942,"false",0,0,"close"
"3043-1",0,1,1,0,1,37,0,1476500206205,"true",0,1,"far"
"3043-1",1,0,0,0,2,36,0,1476500180256,"true",1,0,"far"
"3043-1",0,1,2,0,1,35,1,1476500173974,"true",0,0,"far"
"3043-1",1,0,1,0,2,34,0,1476500165176,"true",0,1,"close"
"3043-1",0,1,0,0,1,33,0,1476500147844,"true",1,0,"close"
"3043-1",1,0,0,0,2,32,0,1476500128521,"true",1,0,"close"
"3043-1",1,0,0,0,2,50,0,1476500477532,"false",1,0,"far"
