"gameid","sClicked_2","sClicked_1","lClickedIndex","sClicked_0","sClickedIndex","roundNum","lClicked_2","time","outcome","lClicked_0","lClicked_1","condition"
"3044-f",0,1,0,0,1,42,0,1476485891565,"true",1,0,"split"
"3044-f",0,0,0,1,0,48,0,1476485956529,"true",1,0,"far"
"3044-f",1,0,1,0,2,43,0,1476485900774,"true",0,1,"far"
"3044-f",1,0,0,0,2,49,0,1476485965695,"true",1,0,"close"
"3044-f",1,0,0,0,2,24,0,1476485700675,"true",1,0,"close"
"3044-f",1,0,1,0,2,25,0,1476485708054,"true",0,1,"far"
"3044-f",1,0,0,0,2,26,0,1476485717572,"true",1,0,"close"
"3044-f",0,1,0,0,1,27,0,1476485729420,"true",1,0,"close"
"3044-f",0,0,0,1,0,20,0,1476485657654,"true",1,0,"close"
"3044-f",0,1,1,0,1,21,0,1476485668403,"true",0,1,"close"
"3044-f",1,0,2,0,2,22,1,1476485675744,"true",0,0,"far"
"3044-f",1,0,1,0,2,23,0,1476485688027,"true",0,1,"split"
"3044-f",1,0,1,0,2,46,0,1476485939929,"true",0,1,"split"
"3044-f",0,0,0,1,0,47,0,1476485949843,"true",1,0,"close"
"3044-f",0,0,2,1,0,44,1,1476485909388,"true",0,0,"far"
"3044-f",0,0,1,1,0,45,0,1476485926240,"false",0,1,"close"
"3044-f",0,0,2,1,0,28,1,1476485738678,"true",0,0,"split"
"3044-f",1,0,0,0,2,29,0,1476485753059,"true",1,0,"split"
"3044-f",1,0,0,0,2,40,0,1476485872390,"true",1,0,"far"
"3044-f",1,0,2,0,2,41,1,1476485879937,"true",0,0,"far"
"3044-f",0,0,1,1,0,1,0,1476485439260,"true",0,1,"split"
"3044-f",0,0,0,1,0,3,0,1476485478896,"true",1,0,"close"
"3044-f",0,0,2,1,0,2,1,1476485458886,"true",0,0,"close"
"3044-f",1,0,0,0,2,5,0,1476485502300,"true",1,0,"split"
"3044-f",1,0,1,0,2,4,0,1476485487631,"true",0,1,"split"
"3044-f",0,1,2,0,1,7,1,1476485526569,"false",0,0,"split"
"3044-f",0,0,0,1,0,6,0,1476485511412,"true",1,0,"far"
"3044-f",0,1,1,0,1,9,0,1476485540006,"true",0,1,"far"
"3044-f",1,0,0,0,2,8,0,1476485533161,"true",1,0,"far"
"3044-f",0,0,2,1,0,39,1,1476485865464,"true",0,0,"far"
"3044-f",0,0,0,1,0,38,0,1476485852691,"true",1,0,"split"
"3044-f",0,0,2,1,0,11,1,1476485558814,"true",0,0,"close"
"3044-f",0,0,0,1,0,10,0,1476485548960,"true",1,0,"close"
"3044-f",1,0,0,0,2,13,0,1476485586103,"true",1,0,"close"
"3044-f",0,0,1,1,0,12,0,1476485568778,"true",0,1,"far"
"3044-f",0,1,2,0,1,15,1,1476485602361,"true",0,0,"far"
"3044-f",0,0,2,1,0,14,1,1476485594334,"true",0,0,"split"
"3044-f",0,1,2,0,1,17,1,1476485622435,"true",0,0,"split"
"3044-f",1,0,1,0,2,16,0,1476485611290,"true",0,1,"split"
"3044-f",0,1,2,0,1,19,1,1476485647321,"true",0,0,"close"
"3044-f",1,0,0,0,2,18,0,1476485634208,"true",1,0,"split"
"3044-f",0,1,0,0,1,31,0,1476485769696,"true",1,0,"split"
"3044-f",1,0,1,0,2,30,0,1476485762588,"true",0,1,"far"
"3044-f",0,0,1,1,0,37,0,1476485837881,"true",0,1,"close"
"3044-f",1,0,2,0,2,36,1,1476485827443,"false",0,0,"far"
"3044-f",0,1,1,0,1,35,0,1476485819124,"true",0,1,"close"
"3044-f",0,1,0,0,1,34,0,1476485808238,"true",1,0,"close"
"3044-f",1,0,2,0,2,33,1,1476485788538,"true",0,0,"far"
"3044-f",0,0,1,1,0,32,0,1476485781885,"true",0,1,"split"
"3044-f",1,0,2,0,2,50,1,1476485983036,"true",0,0,"far"
