"gameid","sClicked_2","sClicked_1","lClickedIndex","sClicked_0","sClickedIndex","roundNum","lClicked_2","time","outcome","lClicked_0","lClicked_1","condition"
"3059-d",0,1,0,0,1,42,0,1476494540456,"true",1,0,"far"
"3059-d",0,0,1,1,0,48,0,1476494704985,"true",0,1,"close"
"3059-d",1,0,0,0,2,43,0,1476494553464,"true",1,0,"far"
"3059-d",0,1,0,0,1,49,0,1476494723393,"true",1,0,"far"
"3059-d",0,1,1,0,1,24,0,1476494087629,"false",0,1,"split"
"3059-d",0,1,1,0,1,25,0,1476494113521,"true",0,1,"far"
"3059-d",0,0,0,1,0,26,0,1476494148170,"true",1,0,"close"
"3059-d",1,0,2,0,2,27,1,1476494169680,"true",0,0,"split"
"3059-d",0,1,1,0,1,20,0,1476493966180,"true",0,1,"far"
"3059-d",0,0,2,1,0,21,1,1476494013539,"true",0,0,"close"
"3059-d",0,1,0,0,1,22,0,1476494035412,"false",1,0,"far"
"3059-d",0,0,0,1,0,23,0,1476494059726,"false",1,0,"close"
"3059-d",1,0,0,0,2,46,0,1476494654003,"true",1,0,"close"
"3059-d",0,1,2,0,1,47,1,1476494687504,"true",0,0,"close"
"3059-d",0,0,0,1,0,44,0,1476494589871,"true",1,0,"split"
"3059-d",0,0,2,1,0,45,1,1476494631393,"true",0,0,"close"
"3059-d",0,1,0,0,1,28,0,1476494193924,"true",1,0,"close"
"3059-d",0,1,2,0,1,29,1,1476494209038,"true",0,0,"far"
"3059-d",0,1,1,0,1,40,0,1476494491340,"true",0,1,"far"
"3059-d",1,0,2,0,2,41,1,1476494520611,"true",0,0,"close"
"3059-d",1,0,1,0,2,1,0,1476493557498,"true",0,1,"close"
"3059-d",0,0,1,1,0,3,0,1476493587005,"true",0,1,"close"
"3059-d",0,0,1,1,0,2,0,1476493572824,"true",0,1,"close"
"3059-d",0,0,1,1,0,5,0,1476493674455,"true",0,1,"close"
"3059-d",0,1,1,0,1,4,0,1476493654045,"true",0,1,"split"
"3059-d",1,0,2,0,2,7,1,1476493749204,"true",0,0,"far"
"3059-d",0,0,0,1,0,6,0,1476493730671,"false",1,0,"split"
"3059-d",0,0,0,1,0,9,0,1476493782474,"true",1,0,"split"
"3059-d",1,0,1,0,2,8,0,1476493770940,"true",0,1,"split"
"3059-d",0,0,1,1,0,39,0,1476494470911,"true",0,1,"close"
"3059-d",1,0,1,0,2,38,0,1476494448019,"false",0,1,"far"
"3059-d",0,0,0,1,0,11,0,1476493813142,"true",1,0,"far"
"3059-d",1,0,0,0,2,10,0,1476493804078,"true",1,0,"far"
"3059-d",0,0,0,1,0,13,0,1476493843690,"true",1,0,"split"
"3059-d",0,0,0,1,0,12,0,1476493827921,"true",1,0,"split"
"3059-d",0,1,1,0,1,15,0,1476493871459,"true",0,1,"close"
"3059-d",0,1,2,0,1,14,1,1476493857589,"true",0,0,"far"
"3059-d",0,1,0,0,1,17,0,1476493910922,"true",1,0,"far"
"3059-d",0,0,0,1,0,16,0,1476493894247,"true",1,0,"close"
"3059-d",1,0,1,0,2,19,0,1476493952102,"true",0,1,"split"
"3059-d",0,0,0,1,0,18,0,1476493938408,"true",1,0,"split"
"3059-d",0,0,0,1,0,31,0,1476494232149,"true",1,0,"far"
"3059-d",0,0,0,1,0,30,0,1476494220655,"true",1,0,"far"
"3059-d",1,0,1,0,2,37,0,1476494401176,"true",0,1,"split"
"3059-d",1,0,0,0,2,36,0,1476494380628,"true",1,0,"split"
"3059-d",0,0,1,1,0,35,0,1476494346980,"true",0,1,"split"
"3059-d",0,1,0,0,1,34,0,1476494302501,"true",1,0,"far"
"3059-d",0,0,2,1,0,33,1,1476494275839,"true",0,0,"split"
"3059-d",1,0,1,0,2,32,0,1476494255417,"true",0,1,"close"
"3059-d",1,0,2,0,2,50,1,1476494736734,"true",0,0,"split"
