"gameid","sClicked_2","sClicked_1","lClickedIndex","sClicked_0","sClickedIndex","roundNum","lClicked_2","time","outcome","lClicked_0","lClicked_1","condition"
"3071-c",0,1,2,0,1,42,1,1459892264597,"true",0,0,"split"
"3071-c",0,1,1,0,1,48,0,1459892352878,"true",0,1,"far"
"3071-c",1,0,2,0,2,43,1,1459892277724,"true",0,0,"close"
"3071-c",1,0,0,0,2,49,0,1459892366134,"true",1,0,"far"
"3071-c",1,0,0,0,2,24,0,1459891789259,"true",1,0,"split"
"3071-c",0,0,2,1,0,25,1,1459891809683,"true",0,0,"close"
"3071-c",0,1,0,0,1,26,0,1459891839828,"true",1,0,"close"
"3071-c",0,0,1,1,0,27,0,1459891871804,"true",0,1,"far"
"3071-c",0,1,1,0,1,20,0,1459891644632,"true",0,1,"close"
"3071-c",0,1,1,0,1,21,0,1459891697169,"true",0,1,"far"
"3071-c",0,0,2,1,0,22,1,1459891735398,"false",0,0,"split"
"3071-c",0,0,1,1,0,23,0,1459891763523,"false",0,1,"split"
"3071-c",1,0,1,0,2,46,0,1459892322573,"true",0,1,"far"
"3071-c",1,0,2,0,2,47,1,1459892337124,"true",0,0,"close"
"3071-c",1,0,0,0,2,44,0,1459892287293,"false",1,0,"far"
"3071-c",0,0,0,1,0,45,0,1459892301237,"false",1,0,"close"
"3071-c",0,1,1,0,1,28,0,1459891907326,"true",0,1,"far"
"3071-c",0,0,2,1,0,29,1,1459891930117,"false",0,0,"split"
"3071-c",1,0,0,0,2,40,0,1459892242754,"false",1,0,"split"
"3071-c",1,0,2,0,2,41,1,1459892251679,"true",0,0,"far"
"3071-c",0,0,2,1,0,1,1,1459890981838,"false",0,0,"split"
"3071-c",0,0,1,1,0,3,0,1459891050973,"true",0,1,"split"
"3071-c",0,1,0,0,1,2,0,1459891015845,"true",1,0,"close"
"3071-c",1,0,1,0,2,5,0,1459891110514,"true",0,1,"far"
"3071-c",0,1,1,0,1,4,0,1459891080382,"true",0,1,"far"
"3071-c",0,1,0,0,1,7,0,1459891206293,"true",1,0,"close"
"3071-c",1,0,1,0,2,6,0,1459891151967,"true",0,1,"split"
"3071-c",0,1,0,0,1,9,0,1459891287706,"true",1,0,"far"
"3071-c",0,0,1,1,0,8,0,1459891248064,"false",0,1,"close"
"3071-c",0,1,0,0,1,39,0,1459892229277,"true",1,0,"split"
"3071-c",0,0,2,1,0,38,1,1459892212002,"true",0,0,"close"
"3071-c",0,1,1,0,1,10,0,1459891313346,"true",0,1,"split"
"3071-c",0,1,2,0,1,13,1,1459891429132,"true",0,0,"close"
"3071-c",0,0,2,1,0,12,1,1459891399644,"true",0,0,"far"
"3071-c",0,0,0,1,0,15,0,1459891487054,"false",1,0,"far"
"3071-c",1,0,0,0,2,14,0,1459891449188,"false",1,0,"close"
"3071-c",0,0,2,1,0,17,1,1459891563135,"true",0,0,"split"
"3071-c",1,0,0,0,2,16,0,1459891517565,"true",1,0,"split"
"3071-c",0,0,0,1,0,19,0,1459891610675,"false",1,0,"split"
"3071-c",0,1,2,0,1,18,1,1459891576695,"true",0,0,"far"
"3071-c",1,0,0,0,2,31,0,1459892009471,"false",1,0,"split"
"3071-c",0,1,1,0,1,30,0,1459891964574,"true",0,1,"close"
"3071-c",0,1,1,0,1,37,0,1459892183234,"true",0,1,"close"
"3071-c",0,1,0,0,1,36,0,1459892151881,"true",1,0,"far"
"3071-c",0,1,1,0,1,35,0,1459892135298,"true",0,1,"split"
"3071-c",1,0,1,0,2,34,0,1459892105633,"false",0,1,"split"
"3071-c",1,0,0,0,2,33,0,1459892079360,"true",1,0,"far"
"3071-c",0,1,2,0,1,32,1,1459892055760,"true",0,0,"close"
"3071-c",0,0,1,1,0,50,0,1459892380048,"false",0,1,"close"
