"gameid","sClicked_2","sClicked_1","lClickedIndex","sClicked_0","sClickedIndex","roundNum","lClicked_2","time","outcome","lClicked_0","lClicked_1","condition"
"3071-a",0,0,0,1,0,42,0,1476995500991,"true",1,0,"split"
"3071-a",0,0,1,1,0,48,0,1476995577609,"true",0,1,"far"
"3071-a",0,1,0,0,1,43,0,1476995510841,"true",1,0,"far"
"3071-a",0,0,1,1,0,49,0,1476995588142,"true",0,1,"far"
"3071-a",0,0,2,1,0,24,1,1476995244512,"false",0,0,"far"
"3071-a",0,0,0,1,0,25,0,1476995275230,"false",1,0,"close"
"3071-a",1,0,2,0,2,26,1,1476995296763,"false",0,0,"close"
"3071-a",0,0,2,1,0,27,1,1476995303968,"true",0,0,"far"
"3071-a",1,0,2,0,2,20,1,1476995162775,"true",0,0,"far"
"3071-a",0,0,2,1,0,21,1,1476995170118,"true",0,0,"far"
"3071-a",1,0,0,0,2,22,0,1476995211646,"true",1,0,"close"
"3071-a",0,0,0,1,0,23,0,1476995234357,"false",1,0,"split"
"3071-a",1,0,2,0,2,46,1,1476995556279,"true",0,0,"split"
"3071-a",1,0,2,0,2,47,1,1476995567127,"true",0,0,"split"
"3071-a",0,1,2,0,1,44,1,1476995521269,"false",0,0,"split"
"3071-a",0,0,2,1,0,45,1,1476995542791,"false",0,0,"close"
"3071-a",0,0,2,1,0,28,1,1476995313460,"true",0,0,"close"
"3071-a",0,1,0,0,1,29,0,1476995328224,"true",1,0,"split"
"3071-a",0,1,1,0,1,40,0,1476995482512,"true",0,1,"far"
"3071-a",0,0,1,1,0,41,0,1476995493252,"true",0,1,"far"
"3071-a",0,1,2,0,1,1,1,1476994798824,"true",0,0,"close"
"3071-a",0,1,1,0,1,3,0,1476994884158,"true",0,1,"split"
"3071-a",1,0,1,0,2,2,0,1476994857137,"true",0,1,"close"
"3071-a",0,1,0,0,1,5,0,1476994926959,"true",1,0,"split"
"3071-a",0,0,0,1,0,4,0,1476994914570,"true",1,0,"close"
"3071-a",1,0,0,0,2,7,0,1476994950345,"false",1,0,"close"
"3071-a",0,0,0,1,0,6,0,1476994935861,"false",1,0,"split"
"3071-a",0,0,0,1,0,9,0,1476994971103,"true",1,0,"far"
"3071-a",0,0,1,1,0,8,0,1476994958285,"true",0,1,"far"
"3071-a",0,1,0,0,1,39,0,1476995474445,"true",1,0,"split"
"3071-a",0,1,0,0,1,38,0,1476995465136,"true",1,0,"split"
"3071-a",1,0,2,0,2,11,1,1476995010150,"true",0,0,"split"
"3071-a",1,0,0,0,2,10,0,1476994990549,"true",1,0,"split"
"3071-a",0,0,1,1,0,13,0,1476995037734,"true",0,1,"split"
"3071-a",1,0,1,0,2,12,0,1476995028861,"true",0,1,"close"
"3071-a",0,0,2,1,0,15,1,1476995064248,"true",0,0,"split"
"3071-a",1,0,1,0,2,14,0,1476995046575,"true",0,1,"far"
"3071-a",1,0,1,0,2,17,0,1476995103632,"true",0,1,"far"
"3071-a",0,0,1,1,0,16,0,1476995095631,"true",0,1,"split"
"3071-a",0,1,0,0,1,19,0,1476995152615,"true",1,0,"close"
"3071-a",1,0,2,0,2,18,1,1476995117689,"false",0,0,"close"
"3071-a",0,0,2,1,0,31,1,1476995396520,"false",0,0,"split"
"3071-a",1,0,2,0,2,30,1,1476995343406,"true",0,0,"close"
"3071-a",1,0,1,0,2,37,0,1476995455755,"true",0,1,"far"
"3071-a",1,0,1,0,2,36,0,1476995448929,"true",0,1,"close"
"3071-a",1,0,2,0,2,35,1,1476995438308,"true",0,0,"far"
"3071-a",0,0,1,1,0,34,0,1476995430788,"true",0,1,"close"
"3071-a",0,1,2,0,1,33,1,1476995420581,"true",0,0,"far"
"3071-a",1,0,1,0,2,32,0,1476995411496,"true",0,1,"close"
"3071-a",0,0,0,1,0,50,0,1476995617525,"true",1,0,"close"
