"gameid","sClicked_2","sClicked_1","lClickedIndex","sClicked_0","sClickedIndex","roundNum","lClicked_2","time","outcome","lClicked_0","lClicked_1","condition"
"3099-1",1,0,1,0,2,42,0,1476465826074,"true",0,1,"close"
"3099-1",1,0,1,0,2,48,0,1476465919434,"true",0,1,"split"
"3099-1",0,1,1,0,1,43,0,1476465842014,"true",0,1,"far"
"3099-1",1,0,0,0,2,49,0,1476465935984,"true",1,0,"split"
"3099-1",0,1,1,0,1,24,0,1476465555102,"true",0,1,"far"
"3099-1",1,0,2,0,2,25,1,1476465564040,"true",0,0,"far"
"3099-1",0,0,1,1,0,26,0,1476465571779,"true",0,1,"far"
"3099-1",0,0,2,1,0,27,1,1476465580807,"true",0,0,"far"
"3099-1",1,0,0,0,2,20,0,1476465498952,"true",1,0,"split"
"3099-1",0,1,1,0,1,21,0,1476465506997,"true",0,1,"far"
"3099-1",0,1,2,0,1,22,1,1476465527802,"true",0,0,"close"
"3099-1",0,1,0,0,1,23,0,1476465540517,"true",1,0,"far"
"3099-1",1,0,0,0,2,46,0,1476465889994,"true",1,0,"far"
"3099-1",1,0,2,0,2,47,1,1476465907812,"true",0,0,"split"
"3099-1",0,0,1,1,0,44,0,1476465856941,"true",0,1,"split"
"3099-1",0,0,1,1,0,45,0,1476465868179,"true",0,1,"far"
"3099-1",0,1,0,0,1,28,0,1476465598990,"true",1,0,"close"
"3099-1",0,0,1,1,0,29,0,1476465608772,"true",0,1,"split"
"3099-1",0,0,2,1,0,40,1,1476465789451,"true",0,0,"close"
"3099-1",0,0,2,1,0,41,1,1476465799369,"true",0,0,"close"
"3099-1",0,1,1,0,1,1,0,1476465135879,"true",0,1,"split"
"3099-1",0,0,1,1,0,3,0,1476465155342,"true",0,1,"far"
"3099-1",1,0,0,0,2,2,0,1476465148460,"true",1,0,"split"
"3099-1",0,1,1,0,1,5,0,1476465197855,"true",0,1,"split"
"3099-1",1,0,1,0,2,4,0,1476465169221,"false",0,1,"far"
"3099-1",0,0,2,1,0,7,1,1476465224537,"true",0,0,"close"
"3099-1",1,0,1,0,2,6,0,1476465215937,"true",0,1,"split"
"3099-1",0,1,2,0,1,9,1,1476465257483,"true",0,0,"close"
"3099-1",0,1,1,0,1,8,0,1476465231590,"true",0,1,"far"
"3099-1",1,0,0,0,2,39,0,1476465777026,"true",1,0,"split"
"3099-1",0,0,2,1,0,38,1,1476465765557,"false",0,0,"close"
"3099-1",0,0,2,1,0,11,1,1476465317962,"true",0,0,"split"
"3099-1",0,1,1,0,1,10,0,1476465280995,"true",0,1,"close"
"3099-1",0,1,2,0,1,13,1,1476465342808,"true",0,0,"close"
"3099-1",0,0,2,1,0,12,1,1476465325355,"true",0,0,"far"
"3099-1",1,0,0,0,2,15,0,1476465393244,"true",1,0,"split"
"3099-1",0,1,1,0,1,14,0,1476465383538,"false",0,1,"close"
"3099-1",0,0,1,1,0,17,0,1476465441229,"true",0,1,"close"
"3099-1",0,1,1,0,1,16,0,1476465409548,"true",0,1,"close"
"3099-1",1,0,1,0,2,19,0,1476465478352,"true",0,1,"close"
"3099-1",0,1,1,0,1,18,0,1476465457829,"true",0,1,"split"
"3099-1",1,0,0,0,2,31,0,1476465636335,"true",1,0,"far"
"3099-1",0,1,0,0,1,30,0,1476465618207,"true",1,0,"split"
"3099-1",1,0,2,0,2,37,1,1476465729591,"true",0,0,"far"
"3099-1",0,0,1,1,0,36,0,1476465714933,"true",0,1,"close"
"3099-1",0,1,0,0,1,35,0,1476465696586,"true",1,0,"close"
"3099-1",0,1,1,0,1,34,0,1476465683367,"true",0,1,"far"
"3099-1",1,0,0,0,2,33,0,1476465674588,"true",1,0,"split"
"3099-1",0,0,2,1,0,32,1,1476465655177,"true",0,0,"close"
"3099-1",0,1,2,0,1,50,1,1476465949714,"true",0,0,"split"
