"gameid","sClicked_2","sClicked_1","lClickedIndex","sClicked_0","sClickedIndex","roundNum","lClicked_2","time","outcome","lClicked_0","lClicked_1","condition"
"3103-3",0,0,1,1,0,42,0,1476495953801,"true",0,1,"split"
"3103-3",0,0,0,1,0,48,0,1476496028822,"true",1,0,"close"
"3103-3",0,0,0,1,0,43,0,1476495966641,"true",1,0,"close"
"3103-3",1,0,2,0,2,49,1,1476496036267,"true",0,0,"split"
"3103-3",0,0,0,1,0,24,0,1476495736980,"true",1,0,"split"
"3103-3",0,0,1,1,0,25,0,1476495767249,"true",0,1,"close"
"3103-3",0,0,1,1,0,26,0,1476495778205,"true",0,1,"close"
"3103-3",1,0,0,0,2,27,0,1476495786207,"true",1,0,"split"
"3103-3",0,1,1,0,1,20,0,1476495683659,"true",0,1,"split"
"3103-3",1,0,1,0,2,21,0,1476495698989,"true",0,1,"close"
"3103-3",1,0,1,0,2,22,0,1476495709605,"true",0,1,"split"
"3103-3",1,0,1,0,2,23,0,1476495721888,"true",0,1,"split"
"3103-3",0,0,0,1,0,46,0,1476496013165,"true",1,0,"split"
"3103-3",0,0,0,1,0,47,0,1476496020177,"true",1,0,"split"
"3103-3",0,1,2,0,1,44,1,1476495981686,"true",0,0,"close"
"3103-3",0,1,2,0,1,45,1,1476496003506,"true",0,0,"close"
"3103-3",0,1,0,0,1,28,0,1476495800810,"true",1,0,"far"
"3103-3",0,1,2,0,1,29,1,1476495813440,"true",0,0,"far"
"3103-3",0,1,1,0,1,40,0,1476495937786,"true",0,1,"far"
"3103-3",0,1,0,0,1,41,0,1476495944758,"true",1,0,"far"
"3103-3",0,1,1,0,1,1,0,1476495178067,"true",0,1,"far"
"3103-3",0,1,0,0,1,3,0,1476495275507,"true",1,0,"far"
"3103-3",1,0,1,0,2,2,0,1476495264770,"true",0,1,"close"
"3103-3",0,0,1,1,0,5,0,1476495349069,"false",0,1,"close"
"3103-3",1,0,0,0,2,4,0,1476495291633,"true",1,0,"far"
"3103-3",1,0,0,0,2,6,0,1476495391310,"true",1,0,"split"
"3103-3",0,1,1,0,1,9,0,1476495467228,"true",0,1,"split"
"3103-3",0,1,1,0,1,8,0,1476495428280,"true",0,1,"far"
"3103-3",0,1,1,0,1,39,0,1476495931521,"true",0,1,"far"
"3103-3",0,0,2,1,0,38,1,1476495923516,"true",0,0,"split"
"3103-3",1,0,0,0,2,11,0,1476495496175,"true",1,0,"far"
"3103-3",0,1,0,0,1,10,0,1476495487118,"true",1,0,"split"
"3103-3",0,1,1,0,1,13,0,1476495565350,"true",0,1,"far"
"3103-3",1,0,2,0,2,12,1,1476495558345,"true",0,0,"close"
"3103-3",1,0,1,0,2,15,0,1476495598485,"true",0,1,"close"
"3103-3",1,0,2,0,2,14,1,1476495577716,"true",0,0,"split"
"3103-3",0,0,0,1,0,17,0,1476495635856,"true",1,0,"far"
"3103-3",1,0,1,0,2,16,0,1476495620960,"true",0,1,"split"
"3103-3",1,0,0,0,2,19,0,1476495669203,"true",1,0,"split"
"3103-3",0,0,0,1,0,18,0,1476495656689,"false",1,0,"close"
"3103-3",1,0,2,0,2,31,1,1476495828670,"true",0,0,"far"
"3103-3",0,0,1,1,0,30,0,1476495820016,"true",0,1,"far"
"3103-3",1,0,0,0,2,37,0,1476495912986,"true",1,0,"far"
"3103-3",0,0,0,1,0,36,0,1476495901690,"true",1,0,"close"
"3103-3",0,0,2,1,0,35,1,1476495884980,"true",0,0,"close"
"3103-3",1,0,1,0,2,34,0,1476495867501,"true",0,1,"close"
"3103-3",0,0,2,1,0,33,1,1476495860180,"true",0,0,"far"
"3103-3",0,1,0,0,1,32,0,1476495854036,"true",1,0,"close"
"3103-3",0,1,1,0,1,50,0,1476496051728,"true",0,1,"split"
