"gameid","sClicked_2","sClicked_1","lClickedIndex","sClicked_0","sClickedIndex","roundNum","lClicked_2","time","outcome","lClicked_0","lClicked_1","condition"
"3110-b",1,0,1,0,2,42,0,1476991027950,"true",0,1,"far"
"3110-b",0,1,2,0,1,48,1,1476991099408,"true",0,0,"far"
"3110-b",1,0,1,0,2,43,0,1476991044296,"true",0,1,"close"
"3110-b",0,0,2,1,0,49,1,1476991120432,"true",0,0,"split"
"3110-b",0,1,2,0,1,24,1,1476990769006,"true",0,0,"close"
"3110-b",0,0,1,1,0,25,0,1476990783470,"true",0,1,"close"
"3110-b",0,0,1,1,0,26,0,1476990812446,"false",0,1,"close"
"3110-b",0,0,0,1,0,27,0,1476990825728,"true",1,0,"split"
"3110-b",0,1,1,0,1,20,0,1476990721918,"true",0,1,"split"
"3110-b",1,0,0,0,2,21,0,1476990732077,"true",1,0,"far"
"3110-b",0,1,1,0,1,22,0,1476990741863,"true",0,1,"far"
"3110-b",0,0,0,1,0,23,0,1476990751542,"true",1,0,"far"
"3110-b",0,0,1,1,0,46,0,1476991072743,"true",0,1,"close"
"3110-b",0,0,0,1,0,47,0,1476991092271,"false",1,0,"close"
"3110-b",0,0,1,1,0,44,0,1476991054725,"true",0,1,"close"
"3110-b",1,0,1,0,2,45,0,1476991065690,"true",0,1,"close"
"3110-b",0,1,0,0,1,28,0,1476990843191,"true",1,0,"far"
"3110-b",0,1,1,0,1,29,0,1476990854236,"true",0,1,"close"
"3110-b",1,0,2,0,2,40,1,1476990986900,"true",0,0,"close"
"3110-b",0,1,0,0,1,41,0,1476991007392,"true",1,0,"split"
"3110-b",0,0,0,1,0,1,0,1476990340050,"false",1,0,"far"
"3110-b",0,0,0,1,0,3,0,1476990371934,"true",1,0,"far"
"3110-b",0,1,2,0,1,2,1,1476990360187,"true",0,0,"split"
"3110-b",1,0,1,0,2,5,0,1476990423942,"true",0,1,"split"
"3110-b",0,1,2,0,1,7,1,1476990454478,"true",0,0,"split"
"3110-b",0,0,0,1,0,6,0,1476990433486,"false",1,0,"close"
"3110-b",0,1,2,0,1,9,1,1476990510364,"true",0,0,"close"
"3110-b",0,1,1,0,1,8,0,1476990476207,"true",0,1,"far"
"3110-b",0,1,0,0,1,39,0,1476990973078,"true",1,0,"far"
"3110-b",1,0,2,0,2,38,1,1476990957187,"true",0,0,"close"
"3110-b",0,0,2,1,0,11,1,1476990562814,"true",0,0,"split"
"3110-b",0,1,1,0,1,10,0,1476990540459,"true",0,1,"close"
"3110-b",1,0,1,0,2,13,0,1476990601036,"true",0,1,"far"
"3110-b",0,1,1,0,1,12,0,1476990583660,"true",0,1,"split"
"3110-b",0,0,1,1,0,15,0,1476990647604,"true",0,1,"close"
"3110-b",1,0,0,0,2,14,0,1476990610547,"true",1,0,"far"
"3110-b",0,0,1,1,0,17,0,1476990676401,"true",0,1,"split"
"3110-b",0,1,2,0,1,16,1,1476990662577,"true",0,0,"far"
"3110-b",1,0,0,0,2,19,0,1476990705024,"true",1,0,"split"
"3110-b",0,0,0,1,0,18,0,1476990690486,"true",1,0,"far"
"3110-b",0,0,0,1,0,31,0,1476990870793,"true",1,0,"split"
"3110-b",0,0,1,1,0,30,0,1476990861157,"true",0,1,"far"
"3110-b",1,0,1,0,2,37,0,1476990933447,"true",0,1,"split"
"3110-b",0,1,0,0,1,36,0,1476990925977,"true",1,0,"far"
"3110-b",0,0,2,1,0,35,1,1476990919483,"true",0,0,"close"
"3110-b",1,0,1,0,2,34,0,1476990910785,"true",0,1,"split"
"3110-b",0,0,0,1,0,33,0,1476990896353,"true",1,0,"split"
"3110-b",1,0,2,0,2,32,1,1476990888133,"true",0,0,"split"
"3110-b",0,1,0,0,1,50,0,1476991127760,"true",1,0,"split"
