"gameid","sClicked_2","sClicked_1","lClickedIndex","sClicked_0","sClickedIndex","roundNum","lClicked_2","time","outcome","lClicked_0","lClicked_1","condition"
"3111-d",1,0,2,0,2,42,1,1476991483070,"true",0,0,"far"
"3111-d",0,0,0,1,0,48,0,1476991576701,"true",1,0,"split"
"3111-d",0,1,0,0,1,43,0,1476991494897,"true",1,0,"far"
"3111-d",1,0,0,0,2,49,0,1476991603166,"true",1,0,"close"
"3111-d",0,0,1,1,0,24,0,1476991145317,"true",0,1,"far"
"3111-d",0,0,0,1,0,25,0,1476991158194,"true",1,0,"split"
"3111-d",1,0,1,0,2,26,0,1476991169443,"true",0,1,"far"
"3111-d",0,1,0,0,1,27,0,1476991208733,"false",1,0,"close"
"3111-d",0,1,0,0,1,20,0,1476991109599,"true",1,0,"split"
"3111-d",1,0,2,0,2,21,1,1476991118889,"true",0,0,"split"
"3111-d",0,0,2,1,0,22,1,1476991128514,"true",0,0,"far"
"3111-d",1,0,1,0,2,23,0,1476991137093,"true",0,1,"far"
"3111-d",0,0,0,1,0,46,0,1476991544985,"true",1,0,"split"
"3111-d",1,0,2,0,2,47,1,1476991557614,"true",0,0,"close"
"3111-d",1,0,0,0,2,44,0,1476991503528,"true",1,0,"far"
"3111-d",0,0,1,1,0,45,0,1476991531142,"true",0,1,"close"
"3111-d",1,0,2,0,2,28,1,1476991235843,"true",0,0,"close"
"3111-d",0,0,2,1,0,29,1,1476991246788,"true",0,0,"close"
"3111-d",0,0,2,1,0,40,1,1476991456281,"true",0,0,"split"
"3111-d",0,1,2,0,1,41,1,1476991471627,"true",0,0,"close"
"3111-d",0,0,0,1,0,1,0,1476990847091,"true",1,0,"far"
"3111-d",1,0,0,0,2,3,0,1476990869304,"true",1,0,"close"
"3111-d",1,0,2,0,2,2,1,1476990860157,"true",0,0,"far"
"3111-d",0,1,1,0,1,5,0,1476990887865,"true",0,1,"far"
"3111-d",1,0,1,0,2,4,0,1476990878981,"true",0,1,"close"
"3111-d",0,0,2,1,0,7,1,1476990910195,"true",0,0,"split"
"3111-d",0,1,1,0,1,6,0,1476990898771,"true",0,1,"split"
"3111-d",1,0,2,0,2,9,1,1476990948383,"true",0,0,"far"
"3111-d",1,0,0,0,2,8,0,1476990933774,"true",1,0,"split"
"3111-d",0,0,1,1,0,39,0,1476991440266,"true",0,1,"split"
"3111-d",0,1,1,0,1,38,0,1476991424769,"true",0,1,"close"
"3111-d",0,1,2,0,1,11,1,1476990981597,"true",0,0,"split"
"3111-d",1,0,0,0,2,10,0,1476990957331,"true",1,0,"far"
"3111-d",0,1,0,0,1,13,0,1476991003240,"true",1,0,"close"
"3111-d",0,1,0,0,1,12,0,1476990990127,"true",1,0,"far"
"3111-d",0,1,0,0,1,15,0,1476991033336,"true",1,0,"close"
"3111-d",0,0,0,1,0,14,0,1476991013263,"true",1,0,"close"
"3111-d",1,0,1,0,2,17,0,1476991055023,"true",0,1,"close"
"3111-d",1,0,2,0,2,16,1,1476991042807,"true",0,0,"split"
"3111-d",1,0,1,0,2,19,0,1476991091750,"true",0,1,"close"
"3111-d",0,0,0,1,0,18,0,1476991072362,"true",1,0,"far"
"3111-d",0,0,2,1,0,31,1,1476991289665,"true",0,0,"close"
"3111-d",0,1,0,0,1,30,0,1476991258178,"true",1,0,"far"
"3111-d",0,1,0,0,1,37,0,1476991407614,"true",1,0,"split"
"3111-d",0,1,2,0,1,36,1,1476991395880,"true",0,0,"far"
"3111-d",0,1,0,0,1,35,0,1476991385424,"true",1,0,"split"
"3111-d",0,0,1,1,0,34,0,1476991366696,"true",0,1,"split"
"3111-d",0,0,0,1,0,33,0,1476991342670,"true",1,0,"split"
"3111-d",1,0,1,0,2,32,0,1476991325517,"true",0,1,"close"
"3111-d",1,0,2,0,2,50,1,1476991613906,"true",0,0,"far"
