"gameid","sClicked_2","sClicked_1","lClickedIndex","sClicked_0","sClickedIndex","roundNum","lClicked_2","time","outcome","lClicked_0","lClicked_1","condition"
"3112-8",1,0,1,0,2,42,0,1476473452747,"true",0,1,"split"
"3112-8",0,0,1,1,0,48,0,1476473510200,"true",0,1,"far"
"3112-8",0,1,1,0,1,43,0,1476473464527,"true",0,1,"split"
"3112-8",0,0,0,1,0,49,0,1476473526484,"true",1,0,"close"
"3112-8",0,0,0,1,0,24,0,1476473219743,"true",1,0,"far"
"3112-8",1,0,0,0,2,25,0,1476473255485,"true",1,0,"split"
"3112-8",0,1,2,0,1,26,1,1476473263518,"true",0,0,"far"
"3112-8",0,0,2,1,0,27,1,1476473275251,"true",0,0,"far"
"3112-8",1,0,1,0,2,20,0,1476473174081,"true",0,1,"close"
"3112-8",0,1,0,0,1,21,0,1476473187856,"false",1,0,"split"
"3112-8",0,1,2,0,1,22,1,1476473199720,"true",0,0,"split"
"3112-8",1,0,1,0,2,23,0,1476473211855,"true",0,1,"close"
"3112-8",0,0,1,1,0,46,0,1476473492974,"true",0,1,"split"
"3112-8",0,1,1,0,1,47,0,1476473500038,"true",0,1,"close"
"3112-8",0,0,2,1,0,44,1,1476473474961,"true",0,0,"close"
"3112-8",1,0,0,0,2,45,0,1476473483308,"true",1,0,"split"
"3112-8",0,1,0,0,1,28,0,1476473281907,"true",1,0,"far"
"3112-8",0,1,1,0,1,29,0,1476473297247,"true",0,1,"close"
"3112-8",0,1,2,0,1,40,1,1476473434801,"false",0,0,"far"
"3112-8",0,0,1,1,0,41,0,1476473445344,"true",0,1,"split"
"3112-8",1,0,0,0,2,1,0,1476472922576,"true",1,0,"close"
"3112-8",1,0,1,0,2,3,0,1476472946514,"true",0,1,"far"
"3112-8",0,0,1,1,0,2,0,1476472935194,"true",0,1,"split"
"3112-8",1,0,1,0,2,5,0,1476472972558,"true",0,1,"split"
"3112-8",0,1,1,0,1,4,0,1476472955568,"true",0,1,"far"
"3112-8",0,1,2,0,1,7,1,1476472999786,"true",0,0,"close"
"3112-8",1,0,2,0,2,6,1,1476472979938,"true",0,0,"far"
"3112-8",0,0,0,1,0,9,0,1476473022557,"true",1,0,"far"
"3112-8",0,1,2,0,1,8,1,1476473015033,"true",0,0,"split"
"3112-8",0,0,0,1,0,39,0,1476473426762,"true",1,0,"split"
"3112-8",1,0,0,0,2,38,0,1476473418936,"true",1,0,"far"
"3112-8",0,0,2,1,0,11,1,1476473037102,"true",0,0,"split"
"3112-8",0,1,2,0,1,10,1,1476473030154,"true",0,0,"far"
"3112-8",0,0,0,1,0,13,0,1476473051076,"true",1,0,"far"
"3112-8",1,0,2,0,2,12,1,1476473043821,"true",0,0,"far"
"3112-8",0,0,0,1,0,15,0,1476473099998,"true",1,0,"close"
"3112-8",0,1,1,0,1,14,0,1476473086458,"true",0,1,"close"
"3112-8",0,1,0,0,1,17,0,1476473118334,"true",1,0,"close"
"3112-8",0,1,2,0,1,16,1,1476473107382,"true",0,0,"far"
"3112-8",0,0,1,1,0,19,0,1476473150011,"true",0,1,"close"
"3112-8",0,0,2,1,0,18,1,1476473128213,"true",0,0,"split"
"3112-8",0,0,2,1,0,31,1,1476473333201,"true",0,0,"split"
"3112-8",0,0,2,1,0,30,1,1476473322512,"true",0,0,"close"
"3112-8",1,0,2,0,2,37,1,1476473410996,"true",0,0,"far"
"3112-8",1,0,1,0,2,36,0,1476473403487,"true",0,1,"close"
"3112-8",0,0,1,1,0,35,0,1476473391684,"true",0,1,"far"
"3112-8",1,0,1,0,2,34,0,1476473382567,"true",0,1,"close"
"3112-8",1,0,2,0,2,33,1,1476473363127,"true",0,0,"close"
"3112-8",0,1,0,0,1,32,0,1476473343320,"true",1,0,"split"
"3112-8",0,0,0,1,0,50,0,1476473534356,"true",1,0,"split"
