"gameid","sClicked_2","sClicked_1","lClickedIndex","sClicked_0","sClickedIndex","roundNum","lClicked_2","time","outcome","lClicked_0","lClicked_1","condition"
"3120-1",1,0,2,0,2,42,1,1476997253558,"true",0,0,"far"
"3120-1",0,0,2,1,0,48,1,1476997324469,"true",0,0,"far"
"3120-1",1,0,1,0,2,43,0,1476997261037,"true",0,1,"split"
"3120-1",0,0,1,1,0,49,0,1476997338604,"false",0,1,"far"
"3120-1",1,0,1,0,2,24,0,1476997015167,"true",0,1,"close"
"3120-1",1,0,2,0,2,25,1,1476997026614,"true",0,0,"split"
"3120-1",1,0,0,0,2,26,0,1476997037314,"true",1,0,"far"
"3120-1",0,0,2,1,0,27,1,1476997046129,"true",0,0,"far"
"3120-1",0,0,2,1,0,20,1,1476996947257,"true",0,0,"close"
"3120-1",0,0,0,1,0,21,0,1476996957115,"true",1,0,"split"
"3120-1",0,0,2,1,0,22,1,1476996971035,"false",0,0,"split"
"3120-1",0,1,0,0,1,23,0,1476996997152,"true",1,0,"close"
"3120-1",1,0,2,0,2,46,1,1476997306702,"true",0,0,"far"
"3120-1",0,0,1,1,0,47,0,1476997316430,"true",0,1,"close"
"3120-1",1,0,0,0,2,44,0,1476997285151,"true",1,0,"close"
"3120-1",1,0,1,0,2,45,0,1476997295367,"true",0,1,"split"
"3120-1",1,0,2,0,2,28,1,1476997051896,"true",0,0,"far"
"3120-1",1,0,2,0,2,29,1,1476997070423,"true",0,0,"far"
"3120-1",0,0,1,1,0,40,0,1476997236295,"true",0,1,"close"
"3120-1",1,0,2,0,2,41,1,1476997247477,"true",0,0,"split"
"3120-1",0,0,1,1,0,1,0,1476996649125,"true",0,1,"close"
"3120-1",0,1,0,0,1,3,0,1476996667426,"true",1,0,"split"
"3120-1",0,0,1,1,0,2,0,1476996660375,"true",0,1,"split"
"3120-1",0,1,1,0,1,5,0,1476996684450,"true",0,1,"close"
"3120-1",0,0,2,1,0,4,1,1476996673619,"true",0,0,"far"
"3120-1",0,1,2,0,1,7,1,1476996709608,"true",0,0,"split"
"3120-1",0,1,2,0,1,6,1,1476996701101,"true",0,0,"far"
"3120-1",0,0,1,1,0,9,0,1476996730361,"true",0,1,"split"
"3120-1",0,0,0,1,0,8,0,1476996722282,"true",1,0,"close"
"3120-1",0,0,1,1,0,39,0,1476997216164,"true",0,1,"close"
"3120-1",1,0,1,0,2,38,0,1476997182830,"true",0,1,"close"
"3120-1",0,1,0,0,1,11,0,1476996755977,"true",1,0,"close"
"3120-1",0,0,1,1,0,10,0,1476996740033,"true",0,1,"far"
"3120-1",0,0,0,1,0,13,0,1476996853988,"true",1,0,"split"
"3120-1",0,0,0,1,0,12,0,1476996844786,"true",1,0,"split"
"3120-1",1,0,2,0,2,15,1,1476996881232,"true",0,0,"split"
"3120-1",0,0,1,1,0,14,0,1476996867473,"true",0,1,"close"
"3120-1",0,1,1,0,1,17,0,1476996916345,"false",0,1,"close"
"3120-1",1,0,2,0,2,16,1,1476996891643,"true",0,0,"far"
"3120-1",1,0,2,0,2,19,1,1476996934937,"true",0,0,"far"
"3120-1",0,0,1,1,0,18,0,1476996926080,"false",0,1,"split"
"3120-1",1,0,1,0,2,31,0,1476997092062,"true",0,1,"far"
"3120-1",0,1,0,0,1,30,0,1476997079079,"true",1,0,"far"
"3120-1",0,0,2,1,0,37,1,1476997173694,"true",0,0,"far"
"3120-1",1,0,2,0,2,36,1,1476997149663,"true",0,0,"split"
"3120-1",0,0,1,1,0,35,0,1476997142732,"true",0,1,"far"
"3120-1",0,0,0,1,0,34,0,1476997132608,"true",1,0,"split"
"3120-1",0,1,1,0,1,33,0,1476997122527,"true",0,1,"close"
"3120-1",0,1,1,0,1,32,0,1476997104606,"true",0,1,"close"
"3120-1",1,0,0,0,2,50,0,1476997349412,"true",1,0,"split"
