"gameid","sClicked_2","sClicked_1","lClickedIndex","sClicked_0","sClickedIndex","roundNum","lClicked_2","time","outcome","lClicked_0","lClicked_1","condition"
"3159-0",1,0,2,0,2,42,1,1476995810488,"true",0,0,"split"
"3159-0",0,1,2,0,1,48,1,1476995898517,"true",0,0,"close"
"3159-0",0,0,0,1,0,43,0,1476995824530,"true",1,0,"close"
"3159-0",0,1,2,0,1,49,1,1476995914361,"true",0,0,"split"
"3159-0",0,0,2,1,0,24,1,1476995590364,"true",0,0,"close"
"3159-0",0,0,2,1,0,25,1,1476995601152,"true",0,0,"far"
"3159-0",0,0,2,1,0,26,1,1476995625520,"true",0,0,"far"
"3159-0",0,0,2,1,0,27,1,1476995642156,"true",0,0,"split"
"3159-0",1,0,2,0,2,20,1,1476995501090,"true",0,0,"close"
"3159-0",0,1,2,0,1,21,1,1476995526789,"true",0,0,"close"
"3159-0",1,0,1,0,2,22,0,1476995540409,"true",0,1,"split"
"3159-0",1,0,0,0,2,23,0,1476995552008,"true",1,0,"close"
"3159-0",0,1,2,0,1,46,1,1476995869913,"true",0,0,"far"
"3159-0",0,1,2,0,1,47,1,1476995878933,"true",0,0,"far"
"3159-0",0,1,0,0,1,44,0,1476995835679,"true",1,0,"far"
"3159-0",0,0,0,1,0,45,0,1476995859084,"true",1,0,"close"
"3159-0",0,1,2,0,1,28,1,1476995659964,"true",0,0,"close"
"3159-0",0,1,0,0,1,29,0,1476995667753,"true",1,0,"far"
"3159-0",0,0,0,1,0,40,0,1476995795637,"true",1,0,"far"
"3159-0",0,0,0,1,0,41,0,1476995802808,"true",1,0,"split"
"3159-0",1,0,2,0,2,1,1,1476995185436,"true",0,0,"split"
"3159-0",0,0,1,1,0,3,0,1476995207557,"true",0,1,"split"
"3159-0",0,0,0,1,0,2,0,1476995193320,"true",1,0,"split"
"3159-0",0,0,1,1,0,5,0,1476995241525,"true",0,1,"far"
"3159-0",0,0,1,1,0,4,0,1476995220012,"true",0,1,"close"
"3159-0",1,0,1,0,2,7,0,1476995264043,"true",0,1,"far"
"3159-0",0,1,2,0,1,6,1,1476995256319,"true",0,0,"far"
"3159-0",0,0,0,1,0,9,0,1476995331045,"false",1,0,"close"
"3159-0",0,0,1,1,0,8,0,1476995289968,"true",0,1,"close"
"3159-0",0,0,1,1,0,39,0,1476995788898,"true",0,1,"far"
"3159-0",0,1,2,0,1,38,1,1476995780744,"true",0,0,"close"
"3159-0",0,1,2,0,1,11,1,1476995379216,"true",0,0,"close"
"3159-0",1,0,1,0,2,10,0,1476995367990,"true",0,1,"split"
"3159-0",0,1,1,0,1,13,0,1476995395605,"true",0,1,"close"
"3159-0",0,1,0,0,1,12,0,1476995387490,"true",1,0,"split"
"3159-0",0,1,1,0,1,15,0,1476995420800,"true",0,1,"far"
"3159-0",0,0,2,1,0,14,1,1476995406140,"true",0,0,"split"
"3159-0",0,1,0,0,1,17,0,1476995444229,"true",1,0,"split"
"3159-0",0,0,0,1,0,16,0,1476995434236,"true",1,0,"split"
"3159-0",0,0,1,1,0,19,0,1476995488402,"true",0,1,"far"
"3159-0",1,0,0,0,2,18,0,1476995470479,"true",1,0,"far"
"3159-0",0,0,0,1,0,31,0,1476995681852,"true",1,0,"far"
"3159-0",0,0,0,1,0,30,0,1476995674824,"true",1,0,"close"
"3159-0",0,0,1,1,0,37,0,1476995759436,"false",0,1,"split"
"3159-0",0,1,0,0,1,36,0,1476995752805,"true",1,0,"far"
"3159-0",0,1,1,0,1,35,0,1476995745823,"true",0,1,"split"
"3159-0",1,0,0,0,2,34,0,1476995736856,"true",1,0,"close"
"3159-0",0,1,1,0,1,33,0,1476995706389,"true",0,1,"close"
"3159-0",0,0,2,1,0,32,1,1476995692554,"true",0,0,"split"
"3159-0",0,1,2,0,1,50,1,1476995922002,"true",0,0,"split"
