"gameid","sClicked_2","sClicked_1","lClickedIndex","sClicked_0","sClickedIndex","roundNum","lClicked_2","time","outcome","lClicked_0","lClicked_1","condition"
"3159-3",1,0,2,0,2,42,1,1476990870447,"true",0,0,"close"
"3159-3",0,0,0,1,0,48,0,1476990976643,"true",1,0,"close"
"3159-3",0,1,0,0,1,43,0,1476990882337,"true",1,0,"split"
"3159-3",0,0,2,1,0,49,1,1476990988279,"true",0,0,"split"
"3159-3",0,1,1,0,1,24,0,1476990587857,"true",0,1,"far"
"3159-3",0,0,1,1,0,25,0,1476990608762,"true",0,1,"close"
"3159-3",1,0,2,0,2,26,1,1476990627613,"true",0,0,"close"
"3159-3",0,1,1,0,1,27,0,1476990635954,"true",0,1,"close"
"3159-3",0,0,2,1,0,20,1,1476990525342,"true",0,0,"far"
"3159-3",1,0,2,0,2,21,1,1476990540193,"true",0,0,"split"
"3159-3",1,0,1,0,2,22,0,1476990572818,"true",0,1,"close"
"3159-3",1,0,2,0,2,23,1,1476990580136,"true",0,0,"far"
"3159-3",0,1,2,0,1,46,1,1476990945469,"true",0,0,"far"
"3159-3",1,0,0,0,2,47,0,1476990952893,"true",1,0,"far"
"3159-3",0,0,2,1,0,44,1,1476990896493,"true",0,0,"split"
"3159-3",0,0,2,1,0,45,1,1476990929199,"true",0,0,"close"
"3159-3",0,0,0,1,0,28,0,1476990643654,"true",1,0,"far"
"3159-3",0,0,0,1,0,29,0,1476990655444,"true",1,0,"far"
"3159-3",1,0,1,0,2,40,0,1476990842677,"true",0,1,"split"
"3159-3",1,0,2,0,2,41,1,1476990854317,"true",0,0,"split"
"3159-3",1,0,1,0,2,1,0,1476990313575,"true",0,1,"close"
"3159-3",1,0,1,0,2,3,0,1476990336775,"true",0,1,"close"
"3159-3",0,1,0,0,1,2,0,1476990325723,"true",1,0,"close"
"3159-3",1,0,0,0,2,5,0,1476990370636,"true",1,0,"close"
"3159-3",1,0,0,0,2,4,0,1476990359765,"true",1,0,"split"
"3159-3",0,1,2,0,1,7,1,1476990386388,"true",0,0,"far"
"3159-3",1,0,1,0,2,6,0,1476990377587,"true",0,1,"split"
"3159-3",1,0,1,0,2,9,0,1476990402155,"true",0,1,"far"
"3159-3",0,0,2,1,0,8,1,1476990392891,"true",0,0,"far"
"3159-3",0,1,2,0,1,39,1,1476990825878,"true",0,0,"far"
"3159-3",1,0,0,0,2,38,0,1476990811217,"true",1,0,"split"
"3159-3",0,0,0,1,0,11,0,1476990416502,"true",1,0,"far"
"3159-3",0,1,1,0,1,10,0,1476990409559,"true",0,1,"split"
"3159-3",1,0,1,0,2,13,0,1476990455702,"true",0,1,"split"
"3159-3",0,1,1,0,1,12,0,1476990448953,"true",0,1,"split"
"3159-3",1,0,2,0,2,15,1,1476990472554,"true",0,0,"far"
"3159-3",0,1,1,0,1,14,0,1476990465399,"true",0,1,"close"
"3159-3",1,0,0,0,2,17,0,1476990490337,"true",1,0,"far"
"3159-3",0,1,1,0,1,16,0,1476990483224,"true",0,1,"split"
"3159-3",1,0,0,0,2,19,0,1476990518569,"true",1,0,"split"
"3159-3",1,0,0,0,2,18,0,1476990501923,"true",1,0,"split"
"3159-3",0,0,1,1,0,31,0,1476990684344,"true",0,1,"split"
"3159-3",0,1,2,0,1,30,1,1476990670041,"true",0,0,"close"
"3159-3",0,1,0,0,1,37,0,1476990789908,"false",1,0,"close"
"3159-3",1,0,0,0,2,36,0,1476990772473,"true",1,0,"close"
"3159-3",1,0,2,0,2,35,1,1476990757253,"true",0,0,"close"
"3159-3",0,1,1,0,1,34,0,1476990741284,"true",0,1,"close"
"3159-3",1,0,2,0,2,33,1,1476990706153,"true",0,0,"far"
"3159-3",1,0,2,0,2,32,1,1476990696033,"true",0,0,"far"
"3159-3",1,0,1,0,2,50,0,1476991004739,"true",0,1,"split"
