"gameid","sClicked_2","sClicked_1","lClickedIndex","sClicked_0","sClickedIndex","roundNum","lClicked_2","time","outcome","lClicked_0","lClicked_1","condition"
"3162-4",1,0,1,0,2,42,0,1476994298508,"true",0,1,"far"
"3162-4",0,1,1,0,1,48,0,1476994412934,"true",0,1,"close"
"3162-4",1,0,0,0,2,43,0,1476994309827,"true",1,0,"far"
"3162-4",1,0,2,0,2,49,1,1476994424479,"true",0,0,"split"
"3162-4",0,1,0,0,1,24,0,1476993839155,"true",1,0,"far"
"3162-4",1,0,0,0,2,25,0,1476993869802,"true",1,0,"far"
"3162-4",1,0,1,0,2,26,0,1476993877702,"true",0,1,"close"
"3162-4",0,1,1,0,1,27,0,1476993993311,"true",0,1,"close"
"3162-4",0,1,0,0,1,20,0,1476993666716,"true",1,0,"close"
"3162-4",0,0,2,1,0,21,1,1476993747143,"true",0,0,"far"
"3162-4",0,0,0,1,0,22,0,1476993754480,"true",1,0,"far"
"3162-4",0,0,1,1,0,23,0,1476993785881,"true",0,1,"close"
"3162-4",1,0,1,0,2,46,0,1476994358560,"true",0,1,"split"
"3162-4",0,1,2,0,1,47,1,1476994383030,"true",0,0,"close"
"3162-4",0,0,1,1,0,44,0,1476994317523,"true",0,1,"far"
"3162-4",1,0,0,0,2,45,0,1476994336525,"true",1,0,"far"
"3162-4",0,1,1,0,1,28,0,1476994013552,"true",0,1,"split"
"3162-4",1,0,0,0,2,29,0,1476994034320,"true",1,0,"far"
"3162-4",0,1,1,0,1,40,0,1476994268348,"true",0,1,"close"
"3162-4",0,1,1,0,1,41,0,1476994290764,"true",0,1,"split"
"3162-4",0,1,0,0,1,1,0,1476993068129,"true",1,0,"close"
"3162-4",1,0,1,0,2,3,0,1476993110898,"true",0,1,"split"
"3162-4",1,0,0,0,2,2,0,1476993094962,"true",1,0,"split"
"3162-4",0,1,0,0,1,5,0,1476993145299,"true",1,0,"split"
"3162-4",0,1,0,0,1,4,0,1476993131769,"true",1,0,"close"
"3162-4",0,1,0,0,1,7,0,1476993229237,"true",1,0,"split"
"3162-4",0,0,2,1,0,6,1,1476993221723,"true",0,0,"close"
"3162-4",0,0,0,1,0,9,0,1476993266693,"true",1,0,"close"
"3162-4",0,1,1,0,1,8,0,1476993235965,"true",0,1,"far"
"3162-4",0,0,2,1,0,39,1,1476994236706,"true",0,0,"far"
"3162-4",1,0,2,0,2,38,1,1476994222679,"true",0,0,"split"
"3162-4",0,1,2,0,1,11,1,1476993336774,"true",0,0,"close"
"3162-4",0,1,0,0,1,10,0,1476993272857,"true",1,0,"far"
"3162-4",1,0,2,0,2,13,1,1476993437315,"true",0,0,"far"
"3162-4",0,0,1,1,0,12,0,1476993418235,"true",0,1,"close"
"3162-4",0,0,1,1,0,15,0,1476993529330,"true",0,1,"close"
"3162-4",0,1,2,0,1,14,1,1476993460047,"true",0,0,"split"
"3162-4",0,0,2,1,0,17,1,1476993562827,"false",0,0,"far"
"3162-4",0,1,0,0,1,16,0,1476993552432,"true",1,0,"split"
"3162-4",1,0,2,0,2,19,1,1476993603222,"true",0,0,"split"
"3162-4",0,1,0,0,1,18,0,1476993583865,"true",1,0,"far"
"3162-4",0,0,1,1,0,31,0,1476994094307,"true",0,1,"close"
"3162-4",1,0,0,0,2,30,0,1476994080622,"true",1,0,"close"
"3162-4",0,1,0,0,1,37,0,1476994203841,"true",1,0,"split"
"3162-4",0,1,2,0,1,36,1,1476994186937,"true",0,0,"split"
"3162-4",1,0,2,0,2,35,1,1476994159009,"false",0,0,"split"
"3162-4",0,1,2,0,1,34,1,1476994141844,"true",0,0,"close"
"3162-4",0,0,1,1,0,33,0,1476994113784,"true",0,1,"far"
"3162-4",1,0,2,0,2,32,1,1476994100906,"true",0,0,"far"
"3162-4",0,1,2,0,1,50,1,1476994432519,"true",0,0,"split"
