"gameid","sClicked_2","sClicked_1","lClickedIndex","sClicked_0","sClickedIndex","roundNum","lClicked_2","time","outcome","lClicked_0","lClicked_1","condition"
"3170-6",1,0,2,0,2,42,1,1476485529227,"true",0,0,"close"
"3170-6",0,1,2,0,1,43,1,1476485569162,"true",0,0,"close"
"3170-6",1,0,0,0,2,49,0,1476485809448,"true",1,0,"close"
"3170-6",0,0,1,1,0,24,0,1476484882218,"true",0,1,"far"
"3170-6",0,0,1,1,0,25,0,1476484942994,"true",0,1,"far"
"3170-6",0,1,0,0,1,26,0,1476485015029,"true",1,0,"far"
"3170-6",0,0,1,1,0,27,0,1476485033213,"true",0,1,"split"
"3170-6",1,0,2,0,2,20,1,1476484687947,"true",0,0,"split"
"3170-6",1,0,2,0,2,22,1,1476484824109,"true",0,0,"close"
"3170-6",0,0,2,1,0,23,1,1476484848519,"true",0,0,"split"
"3170-6",0,1,0,0,1,47,0,1476485726574,"true",1,0,"split"
"3170-6",0,0,2,1,0,28,1,1476485056015,"true",0,0,"close"
"3170-6",0,1,1,0,1,29,0,1476485072311,"true",0,1,"far"
"3170-6",1,0,0,0,2,40,0,1476485454138,"true",1,0,"far"
"3170-6",1,0,0,0,2,41,0,1476485489661,"true",1,0,"far"
"3170-6",1,0,0,0,2,1,0,1476484063897,"true",1,0,"far"
"3170-6",0,1,2,0,1,3,1,1476484137649,"true",0,0,"split"
"3170-6",0,1,2,0,1,2,1,1476484100690,"true",0,0,"far"
"3170-6",1,0,0,0,2,5,0,1476484190226,"true",1,0,"far"
"3170-6",1,0,0,0,2,4,0,1476484163803,"true",1,0,"far"
"3170-6",1,0,1,0,2,7,0,1476484247437,"false",0,1,"split"
"3170-6",0,0,1,1,0,6,0,1476484227592,"true",0,1,"far"
"3170-6",0,0,0,1,0,9,0,1476484335756,"true",1,0,"close"
"3170-6",0,1,2,0,1,38,1,1476485410082,"true",0,0,"far"
"3170-6",0,1,0,0,1,11,0,1476484415746,"false",1,0,"close"
"3170-6",1,0,1,0,2,10,0,1476484384772,"true",0,1,"split"
"3170-6",0,0,1,1,0,39,0,1476485433670,"true",0,1,"far"
"3170-6",0,0,0,1,0,12,0,1476484455824,"true",1,0,"close"
"3170-6",0,1,2,0,1,15,1,1476484545642,"true",0,0,"far"
"3170-6",0,0,0,1,0,14,0,1476484514376,"true",1,0,"far"
"3170-6",0,1,1,0,1,17,0,1476484600958,"true",0,1,"split"
"3170-6",0,1,2,0,1,16,1,1476484568171,"false",0,0,"far"
"3170-6",0,1,0,0,1,19,0,1476484657395,"true",1,0,"close"
"3170-6",0,0,1,1,0,32,0,1476485155265,"true",0,1,"close"
"3170-6",1,0,2,0,2,31,1,1476485120299,"true",0,0,"split"
"3170-6",1,0,1,0,2,30,0,1476485099191,"true",0,1,"split"
"3170-6",0,1,0,0,1,37,0,1476485381372,"true",1,0,"close"
"3170-6",0,1,1,0,1,36,0,1476485350216,"true",0,1,"close"
"3170-6",1,0,2,0,2,35,1,1476485316800,"true",0,0,"split"
"3170-6",1,0,2,0,2,34,1,1476485286618,"true",0,0,"close"
"3170-6",0,1,0,0,1,33,0,1476485209548,"true",1,0,"close"
"3170-6",0,1,0,0,1,48,0,1476485767748,"true",1,0,"split"
"3170-6",1,0,2,0,2,50,1,1476485884379,"true",0,0,"split"
