"gameid","sClicked_2","sClicked_1","lClickedIndex","sClicked_0","sClickedIndex","roundNum","lClicked_2","time","outcome","lClicked_0","lClicked_1","condition"
"3174-b",1,0,0,0,2,42,0,1476992880319,"true",1,0,"split"
"3174-b",0,0,0,1,0,48,0,1476992993439,"true",1,0,"far"
"3174-b",0,0,0,1,0,43,0,1476992901040,"true",1,0,"split"
"3174-b",0,0,0,1,0,49,0,1476992999289,"true",1,0,"far"
"3174-b",0,1,1,0,1,24,0,1476992631201,"true",0,1,"split"
"3174-b",0,0,2,1,0,25,1,1476992645377,"true",0,0,"close"
"3174-b",1,0,1,0,2,26,0,1476992663930,"true",0,1,"split"
"3174-b",1,0,2,0,2,27,1,1476992685399,"true",0,0,"split"
"3174-b",1,0,0,0,2,20,0,1476992590100,"true",1,0,"split"
"3174-b",0,0,1,1,0,21,0,1476992602651,"true",0,1,"split"
"3174-b",1,0,2,0,2,22,1,1476992610627,"true",0,0,"split"
"3174-b",0,1,2,0,1,23,1,1476992621290,"true",0,0,"split"
"3174-b",1,0,1,0,2,46,0,1476992947537,"true",0,1,"close"
"3174-b",1,0,0,0,2,47,0,1476992986799,"true",1,0,"close"
"3174-b",0,1,1,0,1,44,0,1476992911902,"true",0,1,"close"
"3174-b",0,1,0,0,1,45,0,1476992921421,"true",1,0,"split"
"3174-b",0,0,2,1,0,28,1,1476992696190,"true",0,0,"far"
"3174-b",0,1,2,0,1,29,1,1476992705948,"true",0,0,"split"
"3174-b",0,0,2,1,0,40,1,1476992846639,"true",0,0,"close"
"3174-b",0,1,1,0,1,41,0,1476992857489,"true",0,1,"far"
"3174-b",1,0,1,0,2,1,0,1476992373151,"true",0,1,"far"
"3174-b",1,0,0,0,2,3,0,1476992388192,"true",1,0,"close"
"3174-b",0,0,2,1,0,2,1,1476992381246,"true",0,0,"split"
"3174-b",1,0,1,0,2,5,0,1476992419160,"true",0,1,"split"
"3174-b",0,1,2,0,1,4,1,1476992398232,"false",0,0,"close"
"3174-b",0,0,2,1,0,7,1,1476992450770,"true",0,0,"split"
"3174-b",0,0,1,1,0,6,0,1476992434621,"true",0,1,"far"
"3174-b",0,0,1,1,0,9,0,1476992473716,"true",0,1,"close"
"3174-b",0,1,1,0,1,8,0,1476992456901,"true",0,1,"far"
"3174-b",1,0,1,0,2,39,0,1476992819961,"true",0,1,"far"
"3174-b",0,0,2,1,0,38,1,1476992813564,"true",0,0,"far"
"3174-b",0,0,2,1,0,11,1,1476992495585,"true",0,0,"close"
"3174-b",0,0,1,1,0,10,0,1476992481351,"true",0,1,"close"
"3174-b",0,1,1,0,1,13,0,1476992528750,"true",0,1,"close"
"3174-b",1,0,0,0,2,12,0,1476992501295,"true",1,0,"far"
"3174-b",1,0,0,0,2,15,0,1476992543199,"true",1,0,"far"
"3174-b",0,1,2,0,1,14,1,1476992536110,"true",0,0,"far"
"3174-b",0,0,1,1,0,17,0,1476992557850,"true",0,1,"close"
"3174-b",1,0,0,0,2,16,0,1476992549753,"true",1,0,"split"
"3174-b",1,0,2,0,2,19,1,1476992576788,"true",0,0,"far"
"3174-b",0,1,0,0,1,18,0,1476992565572,"false",1,0,"close"
"3174-b",0,1,2,0,1,31,1,1476992739300,"true",0,0,"close"
"3174-b",0,0,0,1,0,30,0,1476992717100,"true",1,0,"far"
"3174-b",0,0,0,1,0,37,0,1476992806391,"true",1,0,"close"
"3174-b",0,1,2,0,1,36,1,1476992793270,"true",0,0,"close"
"3174-b",0,1,2,0,1,35,1,1476992775768,"true",0,0,"far"
"3174-b",0,0,0,1,0,34,0,1476992769679,"true",1,0,"split"
"3174-b",0,1,1,0,1,33,0,1476992756570,"true",0,1,"far"
"3174-b",0,0,2,1,0,32,1,1476992746073,"true",0,0,"far"
"3174-b",0,1,0,0,1,50,0,1476993021259,"false",1,0,"close"
