"gameid","sClicked_2","sClicked_1","lClickedIndex","sClicked_0","sClickedIndex","roundNum","lClicked_2","time","outcome","lClicked_0","lClicked_1","condition"
"3181-5",0,1,0,0,1,42,0,1476486554045,"true",1,0,"close"
"3181-5",1,0,2,0,2,48,1,1476486626967,"true",0,0,"close"
"3181-5",0,1,2,0,1,43,1,1476486564273,"false",0,0,"split"
"3181-5",0,0,2,1,0,49,1,1476486635474,"true",0,0,"split"
"3181-5",0,1,1,0,1,24,0,1476486265740,"true",0,1,"close"
"3181-5",0,1,2,0,1,25,1,1476486274856,"true",0,0,"close"
"3181-5",1,0,2,0,2,26,1,1476486287490,"true",0,0,"split"
"3181-5",1,0,1,0,2,27,0,1476486309606,"true",0,1,"split"
"3181-5",0,1,2,0,1,20,1,1476486182466,"true",0,0,"far"
"3181-5",1,0,2,0,2,21,1,1476486218206,"false",0,0,"close"
"3181-5",0,0,0,1,0,22,0,1476486235622,"true",1,0,"close"
"3181-5",0,1,0,0,1,23,0,1476486245552,"true",1,0,"far"
"3181-5",0,0,0,1,0,46,0,1476486606276,"true",1,0,"split"
"3181-5",1,0,2,0,2,47,1,1476486618080,"true",0,0,"close"
"3181-5",0,0,2,1,0,44,1,1476486572057,"true",0,0,"close"
"3181-5",1,0,2,0,2,45,1,1476486584094,"true",0,0,"close"
"3181-5",1,0,1,0,2,28,0,1476486321273,"true",0,1,"far"
"3181-5",0,0,1,1,0,29,0,1476486331955,"true",0,1,"close"
"3181-5",0,0,2,1,0,40,1,1476486532171,"true",0,0,"far"
"3181-5",0,1,2,0,1,41,1,1476486538465,"true",0,0,"far"
"3181-5",0,1,0,0,1,1,0,1476485897559,"true",1,0,"split"
"3181-5",0,0,1,1,0,3,0,1476485929361,"true",0,1,"close"
"3181-5",1,0,0,0,2,2,0,1476485916136,"false",1,0,"close"
"3181-5",1,0,1,0,2,5,0,1476485951663,"false",0,1,"split"
"3181-5",0,0,2,1,0,4,1,1476485936591,"true",0,0,"far"
"3181-5",0,1,2,0,1,7,1,1476485973839,"true",0,0,"far"
"3181-5",1,0,0,0,2,6,0,1476485964243,"true",1,0,"split"
"3181-5",0,0,2,1,0,9,1,1476485999789,"true",0,0,"far"
"3181-5",0,1,1,0,1,8,0,1476485989315,"true",0,1,"split"
"3181-5",0,1,1,0,1,39,0,1476486524689,"false",0,1,"split"
"3181-5",0,1,2,0,1,38,1,1476486493934,"true",0,0,"split"
"3181-5",0,1,2,0,1,11,1,1476486044914,"true",0,0,"far"
"3181-5",0,1,2,0,1,10,1,1476486028795,"true",0,0,"far"
"3181-5",0,1,0,0,1,13,0,1476486079233,"true",1,0,"far"
"3181-5",0,1,0,0,1,12,0,1476486069023,"true",1,0,"far"
"3181-5",0,1,2,0,1,15,1,1476486093827,"true",0,0,"far"
"3181-5",1,0,1,0,2,14,0,1476486086622,"true",0,1,"split"
"3181-5",0,0,1,1,0,17,0,1476486119415,"true",0,1,"split"
"3181-5",0,0,0,1,0,16,0,1476486108643,"true",1,0,"split"
"3181-5",0,1,2,0,1,19,1,1476486173808,"true",0,0,"far"
"3181-5",0,1,2,0,1,18,1,1476486166678,"true",0,0,"close"
"3181-5",1,0,1,0,2,31,0,1476486347727,"true",0,1,"far"
"3181-5",1,0,2,0,2,30,1,1476486341601,"true",0,0,"far"
"3181-5",0,1,1,0,1,37,0,1476486474135,"true",0,1,"close"
"3181-5",1,0,2,0,2,36,1,1476486463886,"false",0,0,"split"
"3181-5",1,0,1,0,2,35,0,1476486450174,"true",0,1,"split"
"3181-5",0,0,0,1,0,34,0,1476486435788,"true",1,0,"close"
"3181-5",1,0,0,0,2,33,0,1476486388820,"false",1,0,"close"
"3181-5",1,0,0,0,2,32,0,1476486362072,"false",1,0,"split"
"3181-5",0,1,0,0,1,50,0,1476486651384,"true",1,0,"far"
