"gameid","sClicked_2","sClicked_1","lClickedIndex","sClicked_0","sClickedIndex","roundNum","lClicked_2","time","outcome","lClicked_0","lClicked_1","condition"
"3206-1",0,1,2,0,1,42,1,1476993234233,"true",0,0,"split"
"3206-1",0,0,2,1,0,48,1,1476993314984,"true",0,0,"close"
"3206-1",1,0,0,0,2,43,0,1476993252430,"true",1,0,"close"
"3206-1",0,1,0,0,1,49,0,1476993326133,"true",1,0,"split"
"3206-1",1,0,1,0,2,24,0,1476992980290,"true",0,1,"split"
"3206-1",0,0,0,1,0,25,0,1476992993746,"true",1,0,"close"
"3206-1",0,0,0,1,0,26,0,1476993002658,"true",1,0,"close"
"3206-1",1,0,1,0,2,27,0,1476993025294,"false",0,1,"close"
"3206-1",0,0,1,1,0,20,0,1476992943164,"true",0,1,"split"
"3206-1",0,0,0,1,0,21,0,1476992949947,"true",1,0,"far"
"3206-1",0,0,2,1,0,22,1,1476992966872,"true",0,0,"close"
"3206-1",1,0,1,0,2,23,0,1476992973541,"true",0,1,"far"
"3206-1",1,0,1,0,2,46,0,1476993284830,"true",0,1,"far"
"3206-1",1,0,0,0,2,47,0,1476993300040,"true",1,0,"split"
"3206-1",1,0,1,0,2,44,0,1476993272107,"true",0,1,"split"
"3206-1",1,0,1,0,2,45,0,1476993278565,"true",0,1,"far"
"3206-1",0,1,1,0,1,28,0,1476993050091,"true",0,1,"far"
"3206-1",1,0,0,0,2,29,0,1476993056783,"true",1,0,"far"
"3206-1",0,0,1,1,0,40,0,1476993217935,"true",0,1,"split"
"3206-1",1,0,0,0,2,41,0,1476993225160,"true",1,0,"far"
"3206-1",0,1,2,0,1,1,1,1476992684875,"true",0,0,"far"
"3206-1",0,1,0,0,1,3,0,1476992713339,"true",1,0,"far"
"3206-1",0,1,0,0,1,2,0,1476992703899,"true",1,0,"split"
"3206-1",0,1,2,0,1,5,1,1476992729282,"true",0,0,"far"
"3206-1",0,1,0,0,1,4,0,1476992719457,"true",1,0,"far"
"3206-1",1,0,2,0,2,7,1,1476992746043,"true",0,0,"split"
"3206-1",1,0,2,0,2,6,1,1476992736750,"true",0,0,"split"
"3206-1",1,0,2,0,2,9,1,1476992775992,"true",0,0,"close"
"3206-1",0,1,0,0,1,8,0,1476992755106,"true",1,0,"split"
"3206-1",1,0,2,0,2,39,1,1476993205784,"true",0,0,"close"
"3206-1",0,0,1,1,0,38,0,1476993192453,"true",0,1,"split"
"3206-1",0,0,0,1,0,11,0,1476992824638,"false",1,0,"close"
"3206-1",0,1,2,0,1,10,1,1476992795278,"true",0,0,"far"
"3206-1",0,0,2,1,0,13,1,1476992860437,"true",0,0,"far"
"3206-1",0,0,2,1,0,12,1,1476992853282,"true",0,0,"close"
"3206-1",1,0,1,0,2,15,0,1476992883381,"true",0,1,"split"
"3206-1",0,0,2,1,0,14,1,1476992868494,"true",0,0,"split"
"3206-1",0,0,1,1,0,17,0,1476992898984,"true",0,1,"far"
"3206-1",1,0,1,0,2,16,0,1476992892696,"true",0,1,"split"
"3206-1",0,1,1,0,1,19,0,1476992934899,"true",0,1,"close"
"3206-1",0,1,1,0,1,18,0,1476992920280,"true",0,1,"close"
"3206-1",1,0,2,0,2,31,1,1476993096159,"true",0,0,"split"
"3206-1",0,0,2,1,0,30,1,1476993064738,"true",0,0,"far"
"3206-1",0,1,2,0,1,37,1,1476993180213,"true",0,0,"far"
"3206-1",1,0,1,0,2,36,0,1476993172370,"true",0,1,"close"
"3206-1",0,1,2,0,1,35,1,1476993151432,"true",0,0,"split"
"3206-1",0,1,1,0,1,34,0,1476993134907,"true",0,1,"far"
"3206-1",1,0,2,0,2,33,1,1476993128677,"true",0,0,"close"
"3206-1",0,0,1,1,0,32,0,1476993114712,"true",0,1,"close"
"3206-1",0,1,1,0,1,50,0,1476993344290,"true",0,1,"close"
