"gameid","sClicked_2","sClicked_1","lClickedIndex","sClicked_0","sClickedIndex","roundNum","lClicked_2","time","outcome","lClicked_0","lClicked_1","condition"
"3225-1",1,0,2,0,2,42,1,1476998010914,"true",0,0,"split"
"3225-1",0,1,2,0,1,48,1,1476998057956,"true",0,0,"far"
"3225-1",1,0,2,0,2,43,1,1476998017921,"true",0,0,"far"
"3225-1",1,0,1,0,2,49,0,1476998082655,"true",0,1,"close"
"3225-1",1,0,1,0,2,24,0,1476997827066,"true",0,1,"close"
"3225-1",1,0,2,0,2,25,1,1476997833773,"true",0,0,"far"
"3225-1",1,0,0,0,2,26,0,1476997841153,"true",1,0,"far"
"3225-1",0,0,0,1,0,27,0,1476997852142,"true",1,0,"split"
"3225-1",0,0,2,1,0,20,1,1476997770773,"true",0,0,"split"
"3225-1",0,1,0,0,1,21,0,1476997778569,"true",1,0,"split"
"3225-1",0,1,1,0,1,22,0,1476997784525,"true",0,1,"close"
"3225-1",0,0,1,1,0,23,0,1476997802364,"true",0,1,"split"
"3225-1",0,0,0,1,0,46,0,1476998039654,"true",1,0,"split"
"3225-1",1,0,2,0,2,47,1,1476998046660,"true",0,0,"far"
"3225-1",0,1,2,0,1,44,1,1476998024983,"true",0,0,"close"
"3225-1",1,0,1,0,2,45,0,1476998031024,"true",0,1,"split"
"3225-1",0,1,2,0,1,28,1,1476997877790,"true",0,0,"close"
"3225-1",0,1,0,0,1,29,0,1476997885382,"true",1,0,"far"
"3225-1",0,0,2,1,0,40,1,1476997990167,"false",0,0,"close"
"3225-1",1,0,0,0,2,41,0,1476997997252,"true",1,0,"far"
"3225-1",0,0,2,1,0,1,1,1476997553497,"true",0,0,"split"
"3225-1",1,0,2,0,2,3,1,1476997584423,"true",0,0,"close"
"3225-1",1,0,2,0,2,2,1,1476997560490,"true",0,0,"far"
"3225-1",0,1,1,0,1,5,0,1476997610865,"true",0,1,"split"
"3225-1",0,0,2,1,0,4,1,1476997601764,"false",0,0,"split"
"3225-1",1,0,2,0,2,7,1,1476997625544,"true",0,0,"far"
"3225-1",0,0,0,1,0,6,0,1476997619113,"true",1,0,"split"
"3225-1",0,0,1,1,0,9,0,1476997646697,"false",0,1,"close"
"3225-1",0,0,0,1,0,8,0,1476997633613,"true",1,0,"close"
"3225-1",0,1,1,0,1,39,0,1476997978302,"true",0,1,"close"
"3225-1",1,0,2,0,2,38,1,1476997968733,"true",0,0,"far"
"3225-1",0,0,0,1,0,11,0,1476997663570,"true",1,0,"far"
"3225-1",1,0,1,0,2,10,0,1476997657613,"true",0,1,"split"
"3225-1",0,0,1,1,0,13,0,1476997688182,"false",0,1,"close"
"3225-1",0,1,2,0,1,12,1,1476997670862,"true",0,0,"split"
"3225-1",0,1,0,0,1,15,0,1476997707891,"true",1,0,"far"
"3225-1",0,1,1,0,1,14,0,1476997699188,"true",0,1,"close"
"3225-1",0,0,0,1,0,17,0,1476997732400,"true",1,0,"close"
"3225-1",0,1,2,0,1,16,1,1476997714881,"true",0,0,"split"
"3225-1",0,0,0,1,0,19,0,1476997763041,"true",1,0,"close"
"3225-1",0,0,2,1,0,18,1,1476997748744,"true",0,0,"far"
"3225-1",0,1,0,0,1,31,0,1476997913140,"true",1,0,"close"
"3225-1",0,0,2,1,0,30,1,1476997895198,"true",0,0,"close"
"3225-1",0,1,0,0,1,37,0,1476997961653,"true",1,0,"split"
"3225-1",1,0,0,0,2,36,0,1476997953832,"true",1,0,"far"
"3225-1",1,0,1,0,2,35,0,1476997947467,"true",0,1,"split"
"3225-1",0,1,2,0,1,34,1,1476997940881,"true",0,0,"close"
"3225-1",0,0,1,1,0,33,0,1476997929220,"true",0,1,"split"
"3225-1",0,1,1,0,1,32,0,1476997921201,"true",0,1,"far"
"3225-1",0,0,0,1,0,50,0,1476998088781,"true",1,0,"far"
