"gameid","sClicked_2","sClicked_1","lClickedIndex","sClicked_0","sClickedIndex","roundNum","lClicked_2","time","outcome","lClicked_0","lClicked_1","condition"
"3248-2",0,1,0,0,1,42,0,1477000479574,"false",1,0,"far"
"3248-2",0,1,2,0,1,48,1,1477000591382,"true",0,0,"far"
"3248-2",1,0,2,0,2,43,1,1477000504723,"true",0,0,"split"
"3248-2",0,1,0,0,1,49,0,1477000605938,"true",1,0,"close"
"3248-2",1,0,1,0,2,24,0,1476999943155,"true",0,1,"close"
"3248-2",0,0,1,1,0,25,0,1476999960432,"true",0,1,"close"
"3248-2",0,1,1,0,1,26,0,1476999980606,"true",0,1,"close"
"3248-2",0,0,1,1,0,27,0,1476999996139,"true",0,1,"split"
"3248-2",1,0,0,0,2,20,0,1476999884825,"true",1,0,"close"
"3248-2",0,1,2,0,1,21,1,1476999894031,"true",0,0,"close"
"3248-2",0,0,0,1,0,22,0,1476999904399,"true",1,0,"far"
"3248-2",0,1,1,0,1,23,0,1476999928964,"true",0,1,"split"
"3248-2",1,0,1,0,2,46,0,1477000567922,"true",0,1,"close"
"3248-2",1,0,2,0,2,47,1,1477000579852,"true",0,0,"far"
"3248-2",1,0,1,0,2,44,0,1477000512849,"true",0,1,"far"
"3248-2",0,1,1,0,1,45,0,1477000552468,"true",0,1,"split"
"3248-2",0,0,2,1,0,28,1,1477000027608,"true",0,0,"close"
"3248-2",0,0,0,1,0,29,0,1477000055340,"true",1,0,"split"
"3248-2",0,1,1,0,1,40,0,1477000404028,"true",0,1,"far"
"3248-2",0,1,0,0,1,41,0,1477000466887,"true",1,0,"close"
"3248-2",0,0,1,1,0,1,0,1476999281481,"true",0,1,"far"
"3248-2",0,0,0,1,0,3,0,1476999337976,"false",1,0,"split"
"3248-2",1,0,1,0,2,2,0,1476999313362,"true",0,1,"far"
"3248-2",0,1,1,0,1,5,0,1476999396185,"true",0,1,"close"
"3248-2",0,0,2,1,0,4,1,1476999358819,"true",0,0,"split"
"3248-2",1,0,0,0,2,7,0,1476999421601,"true",1,0,"close"
"3248-2",0,0,0,1,0,6,0,1476999408277,"true",1,0,"far"
"3248-2",0,1,0,0,1,9,0,1476999484973,"true",1,0,"far"
"3248-2",0,1,0,0,1,8,0,1476999470960,"true",1,0,"split"
"3248-2",0,0,2,1,0,39,1,1477000392248,"true",0,0,"close"
"3248-2",1,0,2,0,2,38,1,1477000324042,"true",0,0,"split"
"3248-2",0,1,2,0,1,11,1,1476999596783,"true",0,0,"split"
"3248-2",1,0,0,0,2,10,0,1476999581913,"true",1,0,"close"
"3248-2",0,0,0,1,0,13,0,1476999688736,"true",1,0,"split"
"3248-2",0,1,0,0,1,12,0,1476999673840,"true",1,0,"split"
"3248-2",0,0,2,1,0,15,1,1476999729664,"true",0,0,"far"
"3248-2",0,1,2,0,1,14,1,1476999702434,"true",0,0,"far"
"3248-2",1,0,0,0,2,17,0,1476999752553,"true",1,0,"far"
"3248-2",0,0,2,1,0,16,1,1476999741302,"true",0,0,"split"
"3248-2",0,1,2,0,1,19,1,1476999874029,"true",0,0,"split"
"3248-2",1,0,2,0,2,18,1,1476999854254,"true",0,0,"close"
"3248-2",0,0,1,1,0,31,0,1477000088159,"true",0,1,"far"
"3248-2",1,0,0,0,2,30,0,1477000074308,"true",1,0,"split"
"3248-2",0,1,2,0,1,37,1,1477000265993,"true",0,0,"close"
"3248-2",0,0,0,1,0,36,0,1477000238037,"true",1,0,"split"
"3248-2",0,0,0,1,0,35,0,1477000200169,"true",1,0,"split"
"3248-2",0,1,2,0,1,34,1,1477000157014,"true",0,0,"far"
"3248-2",1,0,2,0,2,33,1,1477000146808,"true",0,0,"far"
"3248-2",0,1,2,0,1,32,1,1477000138073,"true",0,0,"close"
"3248-2",0,0,2,1,0,50,1,1477000617923,"true",0,0,"far"
