"gameid","sClicked_2","sClicked_1","lClickedIndex","sClicked_0","sClickedIndex","roundNum","lClicked_2","time","outcome","lClicked_0","lClicked_1","condition"
"3262-c",1,0,0,0,2,42,0,1476997621939,"true",1,0,"split"
"3262-c",1,0,2,0,2,43,1,1476997637062,"true",0,0,"split"
"3262-c",1,0,0,0,2,24,0,1476997321809,"true",1,0,"split"
"3262-c",0,0,0,1,0,25,0,1476997337929,"true",1,0,"close"
"3262-c",0,1,2,0,1,26,1,1476997355976,"true",0,0,"split"
"3262-c",0,1,0,0,1,27,0,1476997400254,"true",1,0,"close"
"3262-c",0,0,2,1,0,20,1,1476997230112,"true",0,0,"far"
"3262-c",0,1,0,0,1,21,0,1476997238073,"true",1,0,"far"
"3262-c",0,1,0,0,1,48,0,1476997712467,"true",1,0,"far"
"3262-c",1,0,2,0,2,23,1,1476997305831,"true",0,0,"far"
"3262-c",0,0,2,1,0,46,1,1476997695155,"true",0,0,"split"
"3262-c",0,0,2,1,0,47,1,1476997703328,"true",0,0,"far"
"3262-c",1,0,0,0,2,44,0,1476997669729,"true",1,0,"close"
"3262-c",0,0,1,1,0,45,0,1476997678008,"true",0,1,"far"
"3262-c",1,0,0,0,2,28,0,1476997416561,"true",1,0,"split"
"3262-c",0,0,1,1,0,29,0,1476997434826,"true",0,1,"close"
"3262-c",1,0,2,0,2,40,1,1476997594355,"false",0,0,"split"
"3262-c",0,1,1,0,1,41,0,1476997614087,"true",0,1,"close"
"3262-c",1,0,1,0,2,1,0,1476996864803,"true",0,1,"far"
"3262-c",0,0,2,1,0,3,1,1476996889766,"true",0,0,"far"
"3262-c",0,1,1,0,1,2,0,1476996873281,"true",0,1,"far"
"3262-c",1,0,1,0,2,5,0,1476996930521,"true",0,1,"split"
"3262-c",0,1,1,0,1,4,0,1476996906212,"false",0,1,"split"
"3262-c",0,1,2,0,1,7,1,1476996957029,"true",0,0,"close"
"3262-c",0,1,0,0,1,6,0,1476996948588,"true",1,0,"close"
"3262-c",0,1,0,0,1,9,0,1476996984078,"true",1,0,"split"
"3262-c",0,0,1,1,0,8,0,1476996970766,"true",0,1,"far"
"3262-c",0,0,0,1,0,39,0,1476997582181,"true",1,0,"close"
"3262-c",0,0,1,1,0,38,0,1476997562998,"true",0,1,"close"
"3262-c",0,0,0,1,0,11,0,1476997021067,"false",1,0,"split"
"3262-c",0,1,0,0,1,10,0,1476997001488,"true",1,0,"far"
"3262-c",1,0,0,0,2,13,0,1476997084512,"false",1,0,"close"
"3262-c",0,1,2,0,1,12,1,1476997044001,"false",0,0,"close"
"3262-c",0,1,1,0,1,15,0,1476997136578,"true",0,1,"split"
"3262-c",0,1,0,0,1,14,0,1476997112977,"true",1,0,"close"
"3262-c",0,0,2,1,0,17,1,1476997166817,"true",0,0,"far"
"3262-c",0,0,0,1,0,16,0,1476997153973,"true",1,0,"close"
"3262-c",0,0,0,1,0,19,0,1476997220206,"true",1,0,"far"
"3262-c",1,0,2,0,2,18,1,1476997208262,"true",0,0,"close"
"3262-c",0,1,1,0,1,31,0,1476997469756,"true",0,1,"split"
"3262-c",0,1,2,0,1,30,1,1476997454818,"true",0,0,"split"
"3262-c",1,0,1,0,2,37,0,1476997539738,"true",0,1,"far"
"3262-c",0,0,1,1,0,36,0,1476997531033,"true",0,1,"far"
"3262-c",0,1,2,0,1,35,1,1476997523063,"true",0,0,"far"
"3262-c",0,1,0,0,1,34,0,1476997506126,"true",1,0,"close"
"3262-c",0,0,2,1,0,33,1,1476997495585,"true",0,0,"split"
"3262-c",1,0,0,0,2,32,0,1476997484797,"true",1,0,"split"
"3262-c",1,0,2,0,2,50,1,1476997769298,"true",0,0,"far"
