"gameid","sClicked_2","sClicked_1","lClickedIndex","sClicked_0","sClickedIndex","roundNum","lClicked_2","time","outcome","lClicked_0","lClicked_1","condition"
"3262-2",1,0,0,0,2,42,0,1476989419334,"true",1,0,"close"
"3262-2",0,1,1,0,1,48,0,1476989474748,"true",0,1,"far"
"3262-2",0,0,2,1,0,43,1,1476989427471,"true",0,0,"close"
"3262-2",1,0,1,0,2,49,0,1476989481759,"true",0,1,"close"
"3262-2",0,1,2,0,1,24,1,1476989182156,"true",0,0,"far"
"3262-2",0,1,0,0,1,25,0,1476989191097,"true",1,0,"split"
"3262-2",0,1,2,0,1,26,1,1476989211955,"false",0,0,"split"
"3262-2",1,0,1,0,2,27,0,1476989225987,"true",0,1,"far"
"3262-2",0,0,2,1,0,20,1,1476989146627,"true",0,0,"split"
"3262-2",1,0,1,0,2,21,0,1476989157683,"true",0,1,"split"
"3262-2",0,0,2,1,0,22,1,1476989163651,"true",0,0,"far"
"3262-2",0,1,2,0,1,23,1,1476989175145,"true",0,0,"close"
"3262-2",0,0,2,1,0,46,1,1476989452790,"true",0,0,"close"
"3262-2",0,1,0,0,1,47,0,1476989467439,"true",1,0,"split"
"3262-2",0,1,1,0,1,44,0,1476989436639,"true",0,1,"close"
"3262-2",0,0,1,1,0,45,0,1476989444288,"true",0,1,"split"
"3262-2",0,0,2,1,0,28,1,1476989238713,"true",0,0,"split"
"3262-2",0,1,1,0,1,29,0,1476989258835,"true",0,1,"split"
"3262-2",1,0,2,0,2,40,1,1476989394719,"true",0,0,"close"
"3262-2",0,1,0,0,1,41,0,1476989409257,"true",1,0,"split"
"3262-2",0,1,2,0,1,1,1,1476988875366,"true",0,0,"split"
"3262-2",0,1,1,0,1,3,0,1476988907142,"true",0,1,"close"
"3262-2",1,0,0,0,2,2,0,1476988890838,"true",1,0,"close"
"3262-2",1,0,2,0,2,5,1,1476988952150,"true",0,0,"split"
"3262-2",0,0,2,1,0,4,1,1476988933741,"false",0,0,"close"
"3262-2",0,1,0,0,1,7,0,1476988973267,"true",1,0,"far"
"3262-2",0,0,1,1,0,6,0,1476988965932,"true",0,1,"close"
"3262-2",1,0,0,0,2,9,0,1476988991491,"true",1,0,"split"
"3262-2",0,0,0,1,0,8,0,1476988980323,"true",1,0,"far"
"3262-2",1,0,1,0,2,39,0,1476989384394,"true",0,1,"far"
"3262-2",1,0,2,0,2,38,1,1476989377513,"true",0,0,"split"
"3262-2",0,0,1,1,0,11,0,1476989010627,"true",0,1,"far"
"3262-2",0,1,1,0,1,10,0,1476989003580,"true",0,1,"split"
"3262-2",0,1,2,0,1,13,1,1476989030851,"true",0,0,"split"
"3262-2",0,1,1,0,1,12,0,1476989022396,"true",0,1,"close"
"3262-2",1,0,1,0,2,15,0,1476989066259,"true",0,1,"far"
"3262-2",1,0,1,0,2,14,0,1476989053811,"true",0,1,"close"
"3262-2",1,0,0,0,2,17,0,1476989098876,"true",1,0,"far"
"3262-2",0,0,2,1,0,16,1,1476989090931,"true",0,0,"split"
"3262-2",0,1,0,0,1,19,0,1476989115481,"true",1,0,"far"
"3262-2",0,0,0,1,0,18,0,1476989108738,"true",1,0,"close"
"3262-2",1,0,0,0,2,31,0,1476989274848,"true",1,0,"far"
"3262-2",1,0,1,0,2,30,0,1476989265071,"true",0,1,"far"
"3262-2",0,0,2,1,0,37,1,1476989363391,"true",0,0,"close"
"3262-2",0,1,0,0,1,36,0,1476989341673,"true",1,0,"far"
"3262-2",1,0,0,0,2,35,0,1476989332172,"true",1,0,"far"
"3262-2",0,0,1,1,0,34,0,1476989323279,"true",0,1,"close"
"3262-2",1,0,0,0,2,33,0,1476989302735,"true",1,0,"close"
"3262-2",1,0,2,0,2,32,1,1476989283273,"true",0,0,"split"
"3262-2",0,0,2,1,0,50,1,1476989489247,"true",0,0,"far"
