"gameid","sClicked_2","sClicked_1","lClickedIndex","sClicked_0","sClickedIndex","roundNum","lClicked_2","time","outcome","lClicked_0","lClicked_1","condition"
"3266-5",0,1,1,0,1,42,0,1459895063223,"true",0,1,"close"
"3266-5",0,0,1,1,0,48,0,1459895140734,"false",0,1,"split"
"3266-5",1,0,2,0,2,43,1,1459895071568,"false",0,0,"split"
"3266-5",1,0,0,0,2,49,0,1459895157697,"true",1,0,"close"
"3266-5",0,0,2,1,0,24,1,1459894889255,"true",0,0,"close"
"3266-5",1,0,1,0,2,25,0,1459894896637,"false",0,1,"close"
"3266-5",0,1,0,0,1,26,0,1459894904932,"false",1,0,"split"
"3266-5",0,1,0,0,1,27,0,1459894912000,"true",1,0,"far"
"3266-5",0,0,0,1,0,20,0,1459894853782,"true",1,0,"close"
"3266-5",0,1,2,0,1,21,1,1459894864688,"true",0,0,"far"
"3266-5",0,0,1,1,0,22,0,1459894871197,"true",0,1,"split"
"3266-5",0,1,2,0,1,23,1,1459894879880,"false",0,0,"close"
"3266-5",1,0,1,0,2,46,0,1459895100846,"false",0,1,"close"
"3266-5",0,0,0,1,0,47,0,1459895111480,"false",1,0,"far"
"3266-5",0,0,1,1,0,44,0,1459895081797,"true",0,1,"far"
"3266-5",1,0,2,0,2,45,1,1459895090015,"true",0,0,"far"
"3266-5",1,0,2,0,2,28,1,1459894919360,"true",0,0,"split"
"3266-5",0,1,1,0,1,29,0,1459894930244,"true",0,1,"close"
"3266-5",0,1,1,0,1,40,0,1459895043059,"false",0,1,"far"
"3266-5",0,1,0,0,1,41,0,1459895054682,"true",1,0,"split"
"3266-5",0,1,0,0,1,1,0,1459894593205,"true",1,0,"close"
"3266-5",1,0,2,0,2,3,1,1459894667821,"true",0,0,"split"
"3266-5",1,0,1,0,2,2,0,1459894604329,"false",0,1,"split"
"3266-5",0,1,1,0,1,5,0,1459894692493,"true",0,1,"far"
"3266-5",0,1,0,0,1,4,0,1459894677320,"true",1,0,"far"
"3266-5",0,1,2,0,1,7,1,1459894730766,"true",0,0,"split"
"3266-5",0,1,1,0,1,6,0,1459894715108,"true",0,1,"split"
"3266-5",1,0,2,0,2,9,1,1459894750784,"true",0,0,"far"
"3266-5",0,1,1,0,1,8,0,1459894741221,"true",0,1,"far"
"3266-5",0,0,1,1,0,39,0,1459895032977,"true",0,1,"close"
"3266-5",0,1,0,0,1,38,0,1459895022428,"true",1,0,"split"
"3266-5",1,0,2,0,2,11,1,1459894778545,"true",0,0,"split"
"3266-5",0,0,2,1,0,10,1,1459894761078,"true",0,0,"close"
"3266-5",0,0,2,1,0,13,1,1459894795480,"true",0,0,"split"
"3266-5",0,0,0,1,0,12,0,1459894785442,"true",1,0,"far"
"3266-5",0,1,1,0,1,15,0,1459894813417,"true",0,1,"far"
"3266-5",1,0,1,0,2,14,0,1459894804861,"true",0,1,"close"
"3266-5",0,0,1,1,0,17,0,1459894833039,"true",0,1,"far"
"3266-5",0,0,2,1,0,16,1,1459894822957,"true",0,0,"far"
"3266-5",1,0,1,0,2,19,0,1459894846462,"true",0,1,"far"
"3266-5",1,0,1,0,2,18,0,1459894840261,"true",0,1,"close"
"3266-5",1,0,2,0,2,31,1,1459894949706,"true",0,0,"split"
"3266-5",1,0,1,0,2,30,0,1459894937034,"true",0,1,"far"
"3266-5",0,0,1,1,0,37,0,1459895012612,"true",0,1,"split"
"3266-5",0,0,1,1,0,36,0,1459895005635,"true",0,1,"close"
"3266-5",1,0,2,0,2,35,1,1459894995268,"false",0,0,"close"
"3266-5",0,0,2,1,0,34,1,1459894985680,"false",0,0,"close"
"3266-5",1,0,0,0,2,33,0,1459894975304,"true",1,0,"far"
"3266-5",0,0,0,1,0,32,0,1459894962805,"false",1,0,"close"
"3266-5",1,0,0,0,2,50,0,1459895172152,"false",1,0,"split"
