"gameid","sClicked_2","sClicked_1","lClickedIndex","sClicked_0","sClickedIndex","roundNum","lClicked_2","time","outcome","lClicked_0","lClicked_1","condition"
"3280-4",0,0,2,1,0,42,1,1476483168432,"false",0,0,"close"
"3280-4",0,1,0,0,1,48,0,1476483219505,"true",1,0,"split"
"3280-4",1,0,1,0,2,43,0,1476483177785,"true",0,1,"close"
"3280-4",0,1,1,0,1,49,0,1476483226376,"true",0,1,"far"
"3280-4",0,1,2,0,1,24,1,1476482950779,"true",0,0,"close"
"3280-4",0,1,0,0,1,25,0,1476482969275,"false",1,0,"close"
"3280-4",0,1,0,0,1,26,0,1476482977395,"true",1,0,"split"
"3280-4",0,0,1,1,0,27,0,1476482991499,"false",0,1,"close"
"3280-4",1,0,0,0,2,20,0,1476482885828,"true",1,0,"far"
"3280-4",0,1,2,0,1,21,1,1476482897028,"true",0,0,"split"
"3280-4",0,1,2,0,1,22,1,1476482924605,"true",0,0,"split"
"3280-4",1,0,2,0,2,23,1,1476482935692,"true",0,0,"split"
"3280-4",1,0,2,0,2,46,1,1476483198075,"true",0,0,"far"
"3280-4",0,1,2,0,1,47,1,1476483208145,"true",0,0,"split"
"3280-4",0,1,0,0,1,44,0,1476483184537,"true",1,0,"far"
"3280-4",0,1,0,0,1,45,0,1476483189977,"true",1,0,"far"
"3280-4",0,0,2,1,0,28,1,1476482999395,"true",0,0,"far"
"3280-4",1,0,1,0,2,29,0,1476483010386,"true",0,1,"close"
"3280-4",1,0,2,0,2,40,1,1476483143842,"true",0,0,"far"
"3280-4",1,0,0,0,2,41,0,1476483155130,"true",1,0,"close"
"3280-4",1,0,0,0,2,1,0,1476482614104,"true",1,0,"split"
"3280-4",0,0,0,1,0,3,0,1476482647221,"true",1,0,"split"
"3280-4",0,1,1,0,1,2,0,1476482636958,"true",0,1,"split"
"3280-4",0,1,0,0,1,5,0,1476482669927,"true",1,0,"split"
"3280-4",0,1,2,0,1,4,1,1476482658317,"true",0,0,"far"
"3280-4",1,0,0,0,2,7,0,1476482697749,"true",1,0,"split"
"3280-4",0,1,0,0,1,6,0,1476482681284,"true",1,0,"close"
"3280-4",0,1,2,0,1,9,1,1476482730437,"true",0,0,"close"
"3280-4",0,0,1,1,0,8,0,1476482717261,"true",0,1,"far"
"3280-4",1,0,0,0,2,39,0,1476483129937,"true",1,0,"close"
"3280-4",1,0,2,0,2,38,1,1476483123513,"true",0,0,"far"
"3280-4",1,0,1,0,2,11,0,1476482769293,"true",0,1,"close"
"3280-4",0,1,2,0,1,10,1,1476482751350,"true",0,0,"split"
"3280-4",0,0,1,1,0,13,0,1476482796500,"true",0,1,"far"
"3280-4",0,1,2,0,1,12,1,1476482783004,"true",0,0,"split"
"3280-4",0,1,2,0,1,15,1,1476482815824,"true",0,0,"close"
"3280-4",0,1,2,0,1,14,1,1476482806876,"true",0,0,"split"
"3280-4",0,0,1,1,0,17,0,1476482848892,"true",0,1,"close"
"3280-4",0,0,1,1,0,16,0,1476482832404,"true",0,1,"close"
"3280-4",0,0,0,1,0,19,0,1476482874549,"true",1,0,"close"
"3280-4",0,0,1,1,0,18,0,1476482857883,"true",0,1,"far"
"3280-4",0,1,1,0,1,31,0,1476483049817,"false",0,1,"close"
"3280-4",0,0,1,1,0,30,0,1476483029810,"true",0,1,"close"
"3280-4",1,0,1,0,2,37,0,1476483113945,"false",0,1,"far"
"3280-4",0,0,2,1,0,36,1,1476483098058,"true",0,0,"far"
"3280-4",0,0,2,1,0,35,1,1476483087281,"true",0,0,"split"
"3280-4",0,1,0,0,1,34,0,1476483074666,"true",1,0,"far"
"3280-4",0,1,1,0,1,33,0,1476483066122,"true",0,1,"split"
"3280-4",0,1,0,0,1,32,0,1476483057138,"true",1,0,"far"
"3280-4",1,0,0,0,2,50,0,1476483233449,"true",1,0,"far"
