"gameid","sClicked_2","sClicked_1","lClickedIndex","sClicked_0","sClickedIndex","roundNum","lClicked_2","time","outcome","lClicked_0","lClicked_1","condition"
"3285-0",0,1,1,0,1,42,0,1476994603776,"true",0,1,"split"
"3285-0",1,0,2,0,2,48,1,1476994706919,"true",0,0,"close"
"3285-0",0,0,2,1,0,43,1,1476994616178,"true",0,0,"far"
"3285-0",0,1,0,0,1,49,0,1476994715775,"true",1,0,"split"
"3285-0",0,0,2,1,0,24,1,1476994414235,"true",0,0,"split"
"3285-0",1,0,1,0,2,25,0,1476994420867,"true",0,1,"split"
"3285-0",1,0,2,0,2,26,1,1476994429738,"true",0,0,"close"
"3285-0",0,1,2,0,1,27,1,1476994438262,"true",0,0,"split"
"3285-0",0,1,2,0,1,20,1,1476994356721,"true",0,0,"close"
"3285-0",0,1,0,0,1,21,0,1476994365531,"true",1,0,"close"
"3285-0",0,0,1,1,0,22,0,1476994387619,"true",0,1,"close"
"3285-0",0,1,2,0,1,23,1,1476994396307,"true",0,0,"close"
"3285-0",0,0,1,1,0,46,0,1476994671428,"true",0,1,"split"
"3285-0",1,0,2,0,2,47,1,1476994679013,"true",0,0,"split"
"3285-0",0,1,2,0,1,44,1,1476994645400,"true",0,0,"close"
"3285-0",0,0,1,1,0,45,0,1476994653657,"true",0,1,"far"
"3285-0",0,1,2,0,1,28,1,1476994456620,"true",0,0,"close"
"3285-0",0,1,2,0,1,29,1,1476994462937,"true",0,0,"far"
"3285-0",0,1,0,0,1,40,0,1476994581270,"true",1,0,"close"
"3285-0",0,1,1,0,1,41,0,1476994589193,"true",0,1,"far"
"3285-0",0,1,1,0,1,1,0,1476994083348,"true",0,1,"close"
"3285-0",1,0,1,0,2,3,0,1476994108209,"true",0,1,"far"
"3285-0",0,1,0,0,1,2,0,1476994101175,"true",1,0,"close"
"3285-0",0,0,2,1,0,5,1,1476994128347,"true",0,0,"close"
"3285-0",1,0,1,0,2,4,0,1476994117840,"true",0,1,"far"
"3285-0",0,1,0,0,1,7,0,1476994149527,"true",1,0,"split"
"3285-0",0,0,0,1,0,6,0,1476994140347,"true",1,0,"split"
"3285-0",0,0,2,1,0,9,1,1476994176766,"true",0,0,"far"
"3285-0",0,0,1,1,0,8,0,1476994167336,"true",0,1,"split"
"3285-0",0,0,1,1,0,39,0,1476994552882,"true",0,1,"far"
"3285-0",1,0,0,0,2,38,0,1476994543252,"true",1,0,"close"
"3285-0",1,0,2,0,2,11,1,1476994200560,"true",0,0,"close"
"3285-0",0,1,2,0,1,10,1,1476994184212,"true",0,0,"far"
"3285-0",1,0,2,0,2,13,1,1476994216541,"true",0,0,"far"
"3285-0",0,1,1,0,1,12,0,1476994206709,"true",0,1,"far"
"3285-0",1,0,2,0,2,15,1,1476994246378,"true",0,0,"close"
"3285-0",0,1,2,0,1,14,1,1476994234452,"true",0,0,"split"
"3285-0",0,0,1,1,0,17,0,1476994313286,"true",0,1,"split"
"3285-0",1,0,0,0,2,16,0,1476994299537,"true",1,0,"split"
"3285-0",0,1,2,0,1,19,1,1476994344387,"true",0,0,"split"
"3285-0",1,0,0,0,2,18,0,1476994329906,"true",1,0,"split"
"3285-0",1,0,0,0,2,31,0,1476994484758,"true",1,0,"close"
"3285-0",0,0,2,1,0,30,1,1476994471515,"true",0,0,"far"
"3285-0",0,0,2,1,0,37,1,1476994530502,"true",0,0,"split"
"3285-0",1,0,1,0,2,36,0,1476994521821,"true",0,1,"close"
"3285-0",1,0,1,0,2,35,0,1476994515653,"true",0,1,"far"
"3285-0",1,0,1,0,2,34,0,1476994509242,"true",0,1,"far"
"3285-0",0,1,1,0,1,33,0,1476994503470,"true",0,1,"far"
"3285-0",0,0,0,1,0,32,0,1476994496639,"true",1,0,"far"
"3285-0",1,0,1,0,2,50,0,1476994727231,"true",0,1,"split"
