"gameid","sClicked_2","sClicked_1","lClickedIndex","sClicked_0","sClickedIndex","roundNum","lClicked_2","time","outcome","lClicked_0","lClicked_1","condition"
"3285-1",1,0,0,0,2,42,0,1476998129783,"true",1,0,"far"
"3285-1",1,0,0,0,2,48,0,1476998183562,"true",1,0,"far"
"3285-1",0,1,2,0,1,43,1,1476998142265,"true",0,0,"split"
"3285-1",0,1,1,0,1,49,0,1476998192655,"true",0,1,"far"
"3285-1",0,0,2,1,0,24,1,1476997870425,"true",0,0,"close"
"3285-1",0,0,2,1,0,25,1,1476997879656,"false",0,0,"far"
"3285-1",0,0,0,1,0,26,0,1476997897743,"true",1,0,"close"
"3285-1",0,1,1,0,1,27,0,1476997905560,"true",0,1,"far"
"3285-1",1,0,2,0,2,20,1,1476997819786,"true",0,0,"far"
"3285-1",0,1,1,0,1,21,0,1476997828742,"true",0,1,"far"
"3285-1",0,0,1,1,0,22,0,1476997842074,"true",0,1,"split"
"3285-1",1,0,1,0,2,23,0,1476997848672,"true",0,1,"split"
"3285-1",1,0,2,0,2,46,1,1476998169476,"true",0,0,"split"
"3285-1",0,0,0,1,0,47,0,1476998176513,"true",1,0,"far"
"3285-1",0,0,1,1,0,44,0,1476998149676,"true",0,1,"far"
"3285-1",0,1,0,0,1,45,0,1476998159677,"true",1,0,"close"
"3285-1",0,1,0,0,1,28,0,1476997950218,"true",1,0,"split"
"3285-1",1,0,0,0,2,29,0,1476997967158,"true",1,0,"split"
"3285-1",0,0,1,1,0,40,0,1476998115076,"true",0,1,"split"
"3285-1",0,1,2,0,1,41,1,1476998122882,"true",0,0,"close"
"3285-1",1,0,1,0,2,1,0,1476997603999,"true",0,1,"split"
"3285-1",0,1,2,0,1,3,1,1476997629384,"true",0,0,"split"
"3285-1",0,1,0,0,1,2,0,1476997618808,"true",1,0,"split"
"3285-1",0,1,1,0,1,5,0,1476997652639,"false",0,1,"close"
"3285-1",0,0,1,1,0,4,0,1476997641484,"true",0,1,"close"
"3285-1",0,1,1,0,1,7,0,1476997672742,"true",0,1,"far"
"3285-1",1,0,2,0,2,6,1,1476997662939,"true",0,0,"close"
"3285-1",0,0,1,1,0,9,0,1476997696480,"true",0,1,"far"
"3285-1",1,0,0,0,2,8,0,1476997689389,"true",1,0,"split"
"3285-1",0,1,0,0,1,39,0,1476998101088,"true",1,0,"split"
"3285-1",0,1,2,0,1,38,1,1476998085524,"true",0,0,"split"
"3285-1",0,1,0,0,1,11,0,1476997730952,"true",1,0,"split"
"3285-1",0,1,2,0,1,10,1,1476997710378,"true",0,0,"close"
"3285-1",0,0,0,1,0,13,0,1476997745861,"true",1,0,"far"
"3285-1",0,0,1,1,0,12,0,1476997738282,"true",0,1,"far"
"3285-1",1,0,0,0,2,15,0,1476997766013,"true",1,0,"close"
"3285-1",0,1,0,0,1,14,0,1476997755821,"true",1,0,"far"
"3285-1",0,1,0,0,1,17,0,1476997794630,"true",1,0,"close"
"3285-1",0,0,0,1,0,16,0,1476997784040,"false",1,0,"close"
"3285-1",0,0,0,1,0,19,0,1476997812546,"true",1,0,"far"
"3285-1",0,1,1,0,1,18,0,1476997804162,"true",0,1,"far"
"3285-1",0,0,2,1,0,31,1,1476997996718,"true",0,0,"close"
"3285-1",0,1,1,0,1,30,0,1476997985025,"true",0,1,"split"
"3285-1",0,0,2,1,0,37,1,1476998072814,"true",0,0,"close"
"3285-1",0,0,2,1,0,36,1,1476998062156,"true",0,0,"close"
"3285-1",0,0,0,1,0,35,0,1476998045223,"true",1,0,"far"
"3285-1",0,0,1,1,0,34,0,1476998037340,"false",0,1,"close"
"3285-1",0,1,0,0,1,33,0,1476998018852,"true",1,0,"split"
"3285-1",1,0,0,0,2,32,0,1476998007930,"true",1,0,"split"
"3285-1",0,1,2,0,1,50,1,1476998208578,"true",0,0,"close"
