"gameid","sClicked_2","sClicked_1","lClickedIndex","sClicked_0","sClickedIndex","roundNum","lClicked_2","time","outcome","lClicked_0","lClicked_1","condition"
"3319-d",1,0,1,0,2,42,0,1476991920419,"true",0,1,"far"
"3319-d",0,1,1,0,1,48,0,1476992067090,"true",0,1,"far"
"3319-d",0,1,2,0,1,43,1,1476991929042,"true",0,0,"split"
"3319-d",1,0,2,0,2,24,1,1476991647324,"true",0,0,"split"
"3319-d",1,0,0,0,2,25,0,1476991657333,"true",1,0,"far"
"3319-d",0,0,1,1,0,26,0,1476991666604,"true",0,1,"split"
"3319-d",1,0,0,0,2,27,0,1476991673829,"true",1,0,"far"
"3319-d",0,0,2,1,0,20,1,1476991551852,"false",0,0,"split"
"3319-d",0,1,0,0,1,21,0,1476991578707,"true",1,0,"close"
"3319-d",0,1,1,0,1,22,0,1476991615758,"true",0,1,"close"
"3319-d",0,0,0,1,0,23,0,1476991627913,"true",1,0,"far"
"3319-d",1,0,1,0,2,46,0,1476992040179,"true",0,1,"far"
"3319-d",0,0,0,1,0,47,0,1476992051700,"true",1,0,"split"
"3319-d",1,0,0,0,2,44,0,1476992006209,"true",1,0,"close"
"3319-d",1,0,1,0,2,45,0,1476992033386,"true",0,1,"close"
"3319-d",1,0,0,0,2,28,0,1476991684954,"true",1,0,"split"
"3319-d",0,1,0,0,1,29,0,1476991707204,"true",1,0,"split"
"3319-d",0,0,2,1,0,40,1,1476991889888,"true",0,0,"far"
"3319-d",1,0,1,0,2,41,0,1476991911592,"true",0,1,"close"
"3319-d",0,0,0,1,0,1,0,1476991028163,"true",1,0,"split"
"3319-d",1,0,0,0,2,3,0,1476991056154,"true",1,0,"far"
"3319-d",0,1,2,0,1,2,1,1476991048111,"true",0,0,"far"
"3319-d",1,0,2,0,2,5,1,1476991127934,"true",0,0,"split"
"3319-d",0,0,0,1,0,4,0,1476991084104,"true",1,0,"close"
"3319-d",0,0,2,1,0,7,1,1476991252592,"true",0,0,"far"
"3319-d",0,1,0,0,1,6,0,1476991242831,"true",1,0,"close"
"3319-d",0,1,1,0,1,9,0,1476991283823,"true",0,1,"far"
"3319-d",1,0,2,0,2,8,1,1476991275439,"true",0,0,"split"
"3319-d",0,0,0,1,0,39,0,1476991876308,"true",1,0,"split"
"3319-d",0,1,0,0,1,38,0,1476991850260,"true",1,0,"far"
"3319-d",0,0,1,1,0,11,0,1476991315717,"true",0,1,"split"
"3319-d",1,0,1,0,2,10,0,1476991295464,"true",0,1,"close"
"3319-d",1,0,2,0,2,13,1,1476991369598,"true",0,0,"split"
"3319-d",0,0,2,1,0,12,1,1476991341894,"true",0,0,"close"
"3319-d",0,0,0,1,0,15,0,1476991395548,"true",1,0,"far"
"3319-d",0,1,0,0,1,14,0,1476991388423,"true",1,0,"far"
"3319-d",0,0,2,1,0,17,1,1476991434954,"true",0,0,"close"
"3319-d",0,0,1,1,0,16,0,1476991426974,"true",0,1,"split"
"3319-d",0,1,1,0,1,19,0,1476991469871,"true",0,1,"split"
"3319-d",0,0,2,1,0,18,1,1476991454140,"true",0,0,"far"
"3319-d",1,0,0,0,2,31,0,1476991740149,"true",1,0,"close"
"3319-d",0,0,0,1,0,49,0,1476992121708,"true",1,0,"split"
"3319-d",1,0,2,0,2,37,1,1476991842757,"true",0,0,"split"
"3319-d",0,1,1,0,1,36,0,1476991797881,"true",0,1,"far"
"3319-d",0,0,1,1,0,35,0,1476991788925,"true",0,1,"close"
"3319-d",1,0,1,0,2,34,0,1476991782275,"true",0,1,"close"
"3319-d",0,0,0,1,0,33,0,1476991770521,"true",1,0,"far"
"3319-d",0,1,2,0,1,32,1,1476991761951,"true",0,0,"close"
"3319-d",0,1,0,0,1,50,0,1476992157226,"true",1,0,"close"
