"gameid","sClicked_2","sClicked_1","lClickedIndex","sClicked_0","sClickedIndex","roundNum","lClicked_2","time","outcome","lClicked_0","lClicked_1","condition"
"3320-c",1,0,2,0,2,42,1,1476480798827,"true",0,0,"split"
"3320-c",0,0,2,1,0,48,1,1476480861701,"true",0,0,"far"
"3320-c",0,1,2,0,1,43,1,1476480809387,"true",0,0,"far"
"3320-c",1,0,0,0,2,49,0,1476480874051,"true",1,0,"split"
"3320-c",1,0,1,0,2,24,0,1476480580567,"true",0,1,"far"
"3320-c",0,0,2,1,0,25,1,1476480598901,"true",0,0,"close"
"3320-c",0,1,2,0,1,26,1,1476480606416,"true",0,0,"far"
"3320-c",0,1,1,0,1,27,0,1476480616424,"true",0,1,"close"
"3320-c",0,0,2,1,0,20,1,1476480535893,"true",0,0,"far"
"3320-c",0,0,2,1,0,21,1,1476480551763,"true",0,0,"split"
"3320-c",0,0,2,1,0,22,1,1476480562133,"true",0,0,"split"
"3320-c",1,0,0,0,2,23,0,1476480572904,"true",1,0,"close"
"3320-c",0,1,1,0,1,46,0,1476480844382,"true",0,1,"close"
"3320-c",1,0,1,0,2,47,0,1476480853856,"true",0,1,"far"
"3320-c",0,1,1,0,1,44,0,1476480820571,"true",0,1,"split"
"3320-c",0,0,2,1,0,45,1,1476480827876,"true",0,0,"far"
"3320-c",0,1,0,0,1,28,0,1476480631451,"true",1,0,"close"
"3320-c",0,0,1,1,0,29,0,1476480639383,"true",0,1,"far"
"3320-c",0,1,2,0,1,40,1,1476480770806,"true",0,0,"split"
"3320-c",0,1,1,0,1,41,0,1476480787201,"true",0,1,"split"
"3320-c",0,1,0,0,1,1,0,1476480312907,"true",1,0,"far"
"3320-c",1,0,1,0,2,3,0,1476480330026,"true",0,1,"split"
"3320-c",0,1,1,0,1,2,0,1476480321286,"true",0,1,"close"
"3320-c",0,1,1,0,1,5,0,1476480359587,"true",0,1,"close"
"3320-c",1,0,2,0,2,4,1,1476480338571,"true",0,0,"split"
"3320-c",0,0,0,1,0,7,0,1476480387038,"false",1,0,"split"
"3320-c",0,1,0,0,1,6,0,1476480377079,"false",1,0,"close"
"3320-c",1,0,2,0,2,9,1,1476480404236,"true",0,0,"split"
"3320-c",1,0,1,0,2,8,0,1476480394369,"true",0,1,"far"
"3320-c",1,0,1,0,2,39,0,1476480756702,"true",0,1,"split"
"3320-c",1,0,1,0,2,38,0,1476480746632,"true",0,1,"close"
"3320-c",1,0,1,0,2,11,0,1476480428138,"true",0,1,"close"
"3320-c",1,0,1,0,2,10,0,1476480420121,"false",0,1,"close"
"3320-c",0,0,1,1,0,13,0,1476480456611,"true",0,1,"far"
"3320-c",1,0,1,0,2,12,0,1476480449082,"false",0,1,"split"
"3320-c",1,0,0,0,2,15,0,1476480481918,"true",1,0,"close"
"3320-c",0,0,1,1,0,14,0,1476480465504,"true",0,1,"far"
"3320-c",0,0,0,1,0,17,0,1476480502101,"true",1,0,"far"
"3320-c",0,0,1,1,0,16,0,1476480489437,"true",0,1,"split"
"3320-c",1,0,2,0,2,19,1,1476480522836,"true",0,0,"close"
"3320-c",1,0,1,0,2,18,0,1476480511863,"false",0,1,"far"
"3320-c",0,1,0,0,1,31,0,1476480655552,"true",1,0,"split"
"3320-c",0,0,2,1,0,30,1,1476480647315,"true",0,0,"far"
"3320-c",0,0,1,1,0,37,0,1476480737588,"true",0,1,"split"
"3320-c",0,0,1,1,0,36,0,1476480726381,"false",0,1,"close"
"3320-c",0,1,2,0,1,35,1,1476480716201,"true",0,0,"split"
"3320-c",1,0,0,0,2,34,0,1476480704216,"false",1,0,"close"
"3320-c",0,1,1,0,1,33,0,1476480691529,"true",0,1,"far"
"3320-c",1,0,2,0,2,32,1,1476480669338,"true",0,0,"close"
"3320-c",0,0,2,1,0,50,1,1476480883848,"true",0,0,"far"
