"gameid","sClicked_2","sClicked_1","lClickedIndex","sClicked_0","sClickedIndex","roundNum","lClicked_2","time","outcome","lClicked_0","lClicked_1","condition"
"3321-5",1,0,0,0,2,42,0,1476471128096,"false",1,0,"close"
"3321-5",0,1,2,0,1,48,1,1476471221955,"true",0,0,"far"
"3321-5",0,0,2,1,0,43,1,1476471136803,"true",0,0,"split"
"3321-5",1,0,1,0,2,49,0,1476471264917,"true",0,1,"close"
"3321-5",0,1,2,0,1,24,1,1476470727577,"true",0,0,"split"
"3321-5",0,0,2,1,0,25,1,1476470740930,"true",0,0,"far"
"3321-5",1,0,1,0,2,26,0,1476470764002,"true",0,1,"split"
"3321-5",1,0,2,0,2,27,1,1476470776882,"true",0,0,"close"
"3321-5",0,1,1,0,1,20,0,1476470644843,"true",0,1,"close"
"3321-5",0,0,0,1,0,21,0,1476470662722,"true",1,0,"far"
"3321-5",0,1,1,0,1,22,0,1476470683843,"true",0,1,"close"
"3321-5",1,0,1,0,2,23,0,1476470715658,"true",0,1,"close"
"3321-5",0,0,0,1,0,46,0,1476471188370,"true",1,0,"close"
"3321-5",0,1,0,0,1,47,0,1476471212953,"true",1,0,"far"
"3321-5",0,1,0,0,1,44,0,1476471160272,"true",1,0,"split"
"3321-5",0,1,0,0,1,45,0,1476471176201,"true",1,0,"split"
"3321-5",0,0,0,1,0,28,0,1476470808684,"false",1,0,"close"
"3321-5",1,0,1,0,2,29,0,1476470832716,"true",0,1,"split"
"3321-5",1,0,1,0,2,40,0,1476471074283,"true",0,1,"far"
"3321-5",1,0,2,0,2,41,1,1476471087659,"true",0,0,"far"
"3321-5",1,0,2,0,2,1,1,1476470141153,"true",0,0,"close"
"3321-5",1,0,1,0,2,3,0,1476470239207,"true",0,1,"close"
"3321-5",1,0,0,0,2,2,0,1476470218160,"false",1,0,"split"
"3321-5",0,1,1,0,1,5,0,1476470306599,"true",0,1,"split"
"3321-5",1,0,2,0,2,4,1,1476470248440,"true",0,0,"far"
"3321-5",0,1,2,0,1,7,1,1476470399232,"true",0,0,"close"
"3321-5",0,0,1,1,0,6,0,1476470360823,"true",0,1,"close"
"3321-5",1,0,2,0,2,9,1,1476470422246,"true",0,0,"far"
"3321-5",0,0,2,1,0,8,1,1476470413111,"true",0,0,"close"
"3321-5",1,0,0,0,2,39,0,1476471043098,"true",1,0,"split"
"3321-5",0,0,1,1,0,38,0,1476471019562,"true",0,1,"close"
"3321-5",0,0,2,1,0,11,1,1476470451941,"true",0,0,"close"
"3321-5",1,0,1,0,2,10,0,1476470433031,"true",0,1,"far"
"3321-5",1,0,2,0,2,13,1,1476470508029,"true",0,0,"far"
"3321-5",0,0,2,1,0,12,1,1476470491485,"true",0,0,"far"
"3321-5",0,0,1,1,0,15,0,1476470569515,"true",0,1,"split"
"3321-5",0,0,1,1,0,14,0,1476470528102,"false",0,1,"far"
"3321-5",0,1,2,0,1,17,1,1476470594635,"true",0,0,"split"
"3321-5",1,0,0,0,2,16,0,1476470578698,"true",1,0,"split"
"3321-5",0,0,2,1,0,19,1,1476470631180,"true",0,0,"close"
"3321-5",1,0,0,0,2,18,0,1476470610693,"true",1,0,"far"
"3321-5",0,1,1,0,1,31,0,1476470869457,"true",0,1,"close"
"3321-5",0,1,1,0,1,30,0,1476470842731,"true",0,1,"split"
"3321-5",0,1,2,0,1,37,1,1476471007163,"true",0,0,"split"
"3321-5",1,0,1,0,2,36,0,1476470945754,"false",0,1,"split"
"3321-5",0,0,0,1,0,35,0,1476470928325,"true",1,0,"far"
"3321-5",1,0,0,0,2,34,0,1476470915740,"true",1,0,"far"
"3321-5",1,0,0,0,2,33,0,1476470902187,"true",1,0,"far"
"3321-5",0,0,2,1,0,32,1,1476470883482,"true",0,0,"split"
"3321-5",0,1,2,0,1,50,1,1476471338967,"true",0,0,"split"
