"gameid","sClicked_2","sClicked_1","lClickedIndex","sClicked_0","sClickedIndex","roundNum","lClicked_2","time","outcome","lClicked_0","lClicked_1","condition"
"3322-8",0,1,1,0,1,42,0,1476988736116,"true",0,1,"far"
"3322-8",0,0,0,1,0,48,0,1476988813140,"false",1,0,"split"
"3322-8",1,0,1,0,2,43,0,1476988752047,"true",0,1,"close"
"3322-8",0,0,0,1,0,49,0,1476988819778,"true",1,0,"far"
"3322-8",0,0,0,1,0,24,0,1476988500969,"true",1,0,"far"
"3322-8",0,0,1,1,0,25,0,1476988510041,"true",0,1,"far"
"3322-8",1,0,2,0,2,26,1,1476988519575,"true",0,0,"far"
"3322-8",0,1,2,0,1,27,1,1476988527269,"true",0,0,"split"
"3322-8",1,0,0,0,2,20,0,1476988431650,"false",1,0,"close"
"3322-8",0,1,2,0,1,21,1,1476988446928,"true",0,0,"split"
"3322-8",1,0,2,0,2,22,1,1476988460585,"true",0,0,"close"
"3322-8",0,1,1,0,1,23,0,1476988480922,"false",0,1,"split"
"3322-8",0,0,1,1,0,46,0,1476988799619,"true",0,1,"close"
"3322-8",0,0,2,1,0,47,1,1476988806552,"true",0,0,"split"
"3322-8",0,0,1,1,0,44,0,1476988779942,"true",0,1,"close"
"3322-8",1,0,0,0,2,45,0,1476988789163,"true",1,0,"far"
"3322-8",1,0,2,0,2,28,1,1476988537117,"true",0,0,"split"
"3322-8",0,1,0,0,1,29,0,1476988547213,"true",1,0,"far"
"3322-8",0,0,2,1,0,40,1,1476988723268,"true",0,0,"split"
"3322-8",0,0,1,1,0,41,0,1476988729673,"true",0,1,"far"
"3322-8",0,0,0,1,0,1,0,1476988137845,"true",1,0,"close"
"3322-8",1,0,1,0,2,3,0,1476988162613,"true",0,1,"far"
"3322-8",0,0,1,1,0,2,0,1476988155214,"true",0,1,"split"
"3322-8",1,0,0,0,2,5,0,1476988184816,"true",1,0,"far"
"3322-8",1,0,0,0,2,4,0,1476988178089,"false",1,0,"split"
"3322-8",1,0,1,0,2,7,0,1476988199597,"true",0,1,"split"
"3322-8",0,1,1,0,1,6,0,1476988191897,"true",0,1,"far"
"3322-8",0,1,0,0,1,9,0,1476988248964,"true",1,0,"far"
"3322-8",0,0,1,1,0,39,0,1476988715288,"true",0,1,"close"
"3322-8",1,0,2,0,2,38,1,1476988679028,"false",0,0,"close"
"3322-8",0,1,1,0,1,11,0,1476988281266,"true",0,1,"far"
"3322-8",1,0,0,0,2,10,0,1476988270382,"true",1,0,"split"
"3322-8",0,1,0,0,1,13,0,1476988296776,"true",1,0,"close"
"3322-8",0,0,1,1,0,12,0,1476988289297,"true",0,1,"close"
"3322-8",1,0,2,0,2,15,1,1476988334465,"true",0,0,"close"
"3322-8",0,1,0,0,1,14,0,1476988305075,"true",1,0,"far"
"3322-8",0,1,1,0,1,17,0,1476988363467,"false",0,1,"close"
"3322-8",0,0,1,1,0,16,0,1476988341363,"true",0,1,"far"
"3322-8",0,1,1,0,1,19,0,1476988415332,"true",0,1,"close"
"3322-8",0,0,2,1,0,18,1,1476988398081,"true",0,0,"close"
"3322-8",0,1,2,0,1,31,1,1476988583157,"true",0,0,"close"
"3322-8",0,0,2,1,0,30,1,1476988569303,"false",0,0,"close"
"3322-8",0,1,0,0,1,37,0,1476988657976,"false",1,0,"split"
"3322-8",0,0,0,1,0,36,0,1476988643566,"true",1,0,"split"
"3322-8",1,0,2,0,2,35,1,1476988631159,"true",0,0,"split"
"3322-8",0,1,0,0,1,34,0,1476988619718,"true",1,0,"far"
"3322-8",0,0,0,1,0,33,0,1476988609574,"true",1,0,"split"
"3322-8",0,0,1,1,0,32,0,1476988589977,"true",0,1,"far"
"3322-8",0,0,1,1,0,50,0,1476988829722,"true",0,1,"split"
