"gameid","sClicked_2","sClicked_1","lClickedIndex","sClicked_0","sClickedIndex","roundNum","lClicked_2","time","outcome","lClicked_0","lClicked_1","condition"
"3330-6",1,0,2,0,2,42,1,1476992103258,"false",0,0,"split"
"3330-6",0,0,2,1,0,48,1,1476992294601,"true",0,0,"split"
"3330-6",0,0,0,1,0,43,0,1476992119287,"true",1,0,"far"
"3330-6",0,0,1,1,0,49,0,1476992317908,"true",0,1,"far"
"3330-6",1,0,1,0,2,24,0,1476991678342,"true",0,1,"far"
"3330-6",0,1,1,0,1,25,0,1476991703551,"true",0,1,"far"
"3330-6",0,0,1,1,0,26,0,1476991725001,"true",0,1,"close"
"3330-6",1,0,0,0,2,27,0,1476991756823,"true",1,0,"close"
"3330-6",1,0,2,0,2,20,1,1476991574383,"true",0,0,"far"
"3330-6",1,0,2,0,2,21,1,1476991614346,"true",0,0,"split"
"3330-6",0,1,2,0,1,22,1,1476991652819,"true",0,0,"split"
"3330-6",1,0,1,0,2,23,0,1476991667103,"true",0,1,"far"
"3330-6",0,0,0,1,0,46,0,1476992233093,"true",1,0,"split"
"3330-6",0,0,2,1,0,47,1,1476992282731,"true",0,0,"close"
"3330-6",0,0,2,1,0,44,1,1476992147292,"true",0,0,"far"
"3330-6",0,0,2,1,0,45,1,1476992215276,"true",0,0,"close"
"3330-6",0,1,2,0,1,28,1,1476991778921,"true",0,0,"close"
"3330-6",1,0,2,0,2,29,1,1476991795673,"true",0,0,"far"
"3330-6",0,0,1,1,0,40,0,1476992030971,"true",0,1,"split"
"3330-6",1,0,2,0,2,41,1,1476992055497,"true",0,0,"split"
"3330-6",1,0,0,0,2,1,0,1476991033328,"true",1,0,"far"
"3330-6",0,0,1,1,0,3,0,1476991134976,"false",0,1,"split"
"3330-6",0,1,0,0,1,2,0,1476991096942,"false",1,0,"close"
"3330-6",1,0,0,0,2,5,0,1476991180645,"true",1,0,"split"
"3330-6",0,0,1,1,0,4,0,1476991163398,"true",0,1,"close"
"3330-6",0,0,1,1,0,7,0,1476991243640,"true",0,1,"close"
"3330-6",0,0,1,1,0,6,0,1476991203030,"true",0,1,"close"
"3330-6",0,1,1,0,1,9,0,1476991293099,"true",0,1,"far"
"3330-6",0,0,1,1,0,8,0,1476991275516,"true",0,1,"close"
"3330-6",1,0,0,0,2,39,0,1476992010455,"true",1,0,"split"
"3330-6",0,0,1,1,0,38,0,1476991956558,"false",0,1,"close"
"3330-6",1,0,0,0,2,11,0,1476991332474,"true",1,0,"far"
"3330-6",0,1,2,0,1,10,1,1476991312591,"true",0,0,"close"
"3330-6",0,1,1,0,1,13,0,1476991376735,"true",0,1,"close"
"3330-6",0,1,2,0,1,12,1,1476991355017,"true",0,0,"far"
"3330-6",0,1,0,0,1,15,0,1476991427443,"true",1,0,"split"
"3330-6",1,0,2,0,2,14,1,1476991393296,"true",0,0,"far"
"3330-6",0,0,1,1,0,17,0,1476991494413,"true",0,1,"far"
"3330-6",0,1,1,0,1,16,0,1476991482814,"true",0,1,"close"
"3330-6",0,0,1,1,0,19,0,1476991563741,"true",0,1,"far"
"3330-6",1,0,2,0,2,18,1,1476991530657,"true",0,0,"split"
"3330-6",0,1,1,0,1,31,0,1476991820942,"true",0,1,"far"
"3330-6",0,1,0,0,1,30,0,1476991807964,"true",1,0,"far"
"3330-6",0,0,1,1,0,37,0,1476991930943,"true",0,1,"split"
"3330-6",0,1,2,0,1,36,1,1476991910263,"true",0,0,"split"
"3330-6",0,1,1,0,1,35,0,1476991895538,"false",0,1,"split"
"3330-6",0,1,0,0,1,34,0,1476991882467,"true",1,0,"split"
"3330-6",0,0,2,1,0,33,1,1476991871308,"true",0,0,"close"
"3330-6",1,0,0,0,2,32,0,1476991857598,"true",1,0,"split"
"3330-6",1,0,2,0,2,50,1,1476992360229,"true",0,0,"close"
