"gameid","sClicked_2","sClicked_1","lClickedIndex","sClicked_0","sClickedIndex","roundNum","lClicked_2","time","outcome","lClicked_0","lClicked_1","condition"
"3332-5",0,1,0,0,1,42,0,1476495203356,"true",1,0,"split"
"3332-5",1,0,1,0,2,48,0,1476495267481,"true",0,1,"far"
"3332-5",0,1,2,0,1,43,1,1476495210633,"true",0,0,"split"
"3332-5",0,0,0,1,0,49,0,1476495274638,"true",1,0,"far"
"3332-5",0,1,0,0,1,24,0,1476494982787,"true",1,0,"close"
"3332-5",1,0,2,0,2,25,1,1476494993210,"true",0,0,"far"
"3332-5",0,0,0,1,0,26,0,1476495011931,"false",1,0,"close"
"3332-5",0,1,0,0,1,27,0,1476495022510,"true",1,0,"close"
"3332-5",1,0,2,0,2,20,1,1476494922988,"true",0,0,"close"
"3332-5",0,1,2,0,1,21,1,1476494930564,"true",0,0,"far"
"3332-5",0,1,2,0,1,22,1,1476494944061,"true",0,0,"split"
"3332-5",0,1,0,0,1,23,0,1476494965927,"false",1,0,"close"
"3332-5",0,0,0,1,0,46,0,1476495248560,"false",1,0,"close"
"3332-5",1,0,0,0,2,47,0,1476495257084,"true",1,0,"far"
"3332-5",0,0,1,1,0,44,0,1476495226717,"true",0,1,"close"
"3332-5",0,0,2,1,0,45,1,1476495239674,"false",0,0,"close"
"3332-5",0,0,2,1,0,28,1,1476495031459,"true",0,0,"split"
"3332-5",1,0,0,0,2,29,0,1476495042760,"false",1,0,"close"
"3332-5",1,0,1,0,2,40,0,1476495188028,"true",0,1,"split"
"3332-5",0,0,0,1,0,41,0,1476495195945,"true",1,0,"far"
"3332-5",0,1,0,0,1,1,0,1476494685470,"true",1,0,"far"
"3332-5",0,0,1,1,0,3,0,1476494710002,"true",0,1,"far"
"3332-5",0,1,0,0,1,2,0,1476494701155,"true",1,0,"close"
"3332-5",1,0,2,0,2,5,1,1476494738441,"true",0,0,"close"
"3332-5",1,0,2,0,2,4,1,1476494726883,"true",0,0,"split"
"3332-5",1,0,1,0,2,7,0,1476494766012,"false",0,1,"close"
"3332-5",0,0,0,1,0,6,0,1476494749209,"false",1,0,"split"
"3332-5",0,1,1,0,1,9,0,1476494791660,"false",0,1,"close"
"3332-5",0,0,2,1,0,8,1,1476494775118,"false",0,0,"far"
"3332-5",0,0,2,1,0,39,1,1476495177510,"true",0,0,"far"
"3332-5",1,0,2,0,2,38,1,1476495165750,"false",0,0,"close"
"3332-5",1,0,1,0,2,11,0,1476494824798,"true",0,1,"close"
"3332-5",0,1,2,0,1,10,1,1476494812986,"false",0,0,"close"
"3332-5",0,1,0,0,1,13,0,1476494842601,"true",1,0,"far"
"3332-5",0,0,0,1,0,12,0,1476494833375,"true",1,0,"split"
"3332-5",0,1,1,0,1,15,0,1476494858983,"true",0,1,"split"
"3332-5",0,1,0,0,1,14,0,1476494850643,"true",1,0,"split"
"3332-5",0,1,2,0,1,17,1,1476494889302,"true",0,0,"split"
"3332-5",0,1,0,0,1,16,0,1476494870348,"true",1,0,"split"
"3332-5",0,1,0,0,1,19,0,1476494911046,"true",1,0,"far"
"3332-5",1,0,1,0,2,18,0,1476494902949,"true",0,1,"split"
"3332-5",0,0,0,1,0,31,0,1476495061482,"true",1,0,"split"
"3332-5",0,0,0,1,0,30,0,1476495051531,"true",1,0,"far"
"3332-5",0,0,2,1,0,37,1,1476495135008,"true",0,0,"far"
"3332-5",1,0,0,0,2,36,0,1476495127211,"true",1,0,"split"
"3332-5",0,0,1,1,0,35,0,1476495119669,"true",0,1,"far"
"3332-5",0,1,0,0,1,34,0,1476495111104,"false",1,0,"split"
"3332-5",0,0,0,1,0,33,0,1476495097897,"false",1,0,"split"
"3332-5",1,0,1,0,2,32,0,1476495071888,"true",0,1,"close"
"3332-5",1,0,1,0,2,50,0,1476495282937,"true",0,1,"far"
