"gameid","sClicked_2","sClicked_1","lClickedIndex","sClicked_0","sClickedIndex","roundNum","lClicked_2","time","outcome","lClicked_0","lClicked_1","condition"
"3333-2",0,1,1,0,1,42,0,1476498849370,"true",0,1,"split"
"3333-2",0,0,1,1,0,48,0,1476498925451,"true",0,1,"far"
"3333-2",0,0,1,1,0,43,0,1476498860825,"true",0,1,"far"
"3333-2",0,1,1,0,1,49,0,1476498964411,"true",0,1,"close"
"3333-2",0,1,1,0,1,24,0,1476498608294,"true",0,1,"far"
"3333-2",0,0,0,1,0,25,0,1476498621190,"true",1,0,"far"
"3333-2",0,0,1,1,0,26,0,1476498638114,"true",0,1,"close"
"3333-2",0,0,1,1,0,27,0,1476498649621,"true",0,1,"close"
"3333-2",0,1,0,0,1,20,0,1476498546807,"true",1,0,"far"
"3333-2",0,1,2,0,1,21,1,1476498563694,"false",0,0,"split"
"3333-2",1,0,0,0,2,22,0,1476498582220,"true",1,0,"split"
"3333-2",0,0,1,1,0,23,0,1476498599890,"true",0,1,"split"
"3333-2",0,1,1,0,1,46,0,1476498898551,"false",0,1,"close"
"3333-2",0,1,0,0,1,47,0,1476498912105,"true",1,0,"far"
"3333-2",0,1,0,0,1,44,0,1476498870845,"false",1,0,"close"
"3333-2",0,1,0,0,1,45,0,1476498887644,"true",1,0,"split"
"3333-2",1,0,1,0,2,28,0,1476498659926,"true",0,1,"far"
"3333-2",0,0,0,1,0,29,0,1476498681759,"true",1,0,"close"
"3333-2",0,0,0,1,0,40,0,1476498827405,"true",1,0,"close"
"3333-2",1,0,1,0,2,41,0,1476498837175,"true",0,1,"close"
"3333-2",1,0,0,0,2,1,0,1476498210895,"true",1,0,"split"
"3333-2",1,0,1,0,2,3,0,1476498247127,"true",0,1,"close"
"3333-2",1,0,2,0,2,2,1,1476498230250,"true",0,0,"far"
"3333-2",1,0,1,0,2,5,0,1476498285076,"true",0,1,"split"
"3333-2",0,1,0,0,1,4,0,1476498266157,"true",1,0,"far"
"3333-2",0,1,0,0,1,7,0,1476498314421,"true",1,0,"close"
"3333-2",0,0,0,1,0,6,0,1476498293623,"true",1,0,"far"
"3333-2",0,0,1,1,0,9,0,1476498334603,"true",0,1,"split"
"3333-2",0,0,1,1,0,8,0,1476498325794,"true",0,1,"split"
"3333-2",0,0,1,1,0,39,0,1476498814041,"true",0,1,"close"
"3333-2",0,1,1,0,1,38,0,1476498796415,"true",0,1,"far"
"3333-2",1,0,2,0,2,11,1,1476498360314,"true",0,0,"split"
"3333-2",0,0,0,1,0,10,0,1476498348004,"true",1,0,"split"
"3333-2",1,0,1,0,2,13,0,1476498399576,"true",0,1,"split"
"3333-2",0,1,2,0,1,12,1,1476498371544,"true",0,0,"far"
"3333-2",0,0,1,1,0,15,0,1476498445055,"true",0,1,"split"
"3333-2",0,0,2,1,0,14,1,1476498432132,"true",0,0,"close"
"3333-2",0,1,2,0,1,17,1,1476498483719,"true",0,0,"close"
"3333-2",1,0,2,0,2,16,1,1476498461170,"true",0,0,"close"
"3333-2",0,0,1,1,0,19,0,1476498522295,"true",0,1,"split"
"3333-2",1,0,1,0,2,18,0,1476498495355,"true",0,1,"split"
"3333-2",0,0,0,1,0,31,0,1476498707660,"true",1,0,"close"
"3333-2",0,0,2,1,0,30,1,1476498694851,"true",0,0,"split"
"3333-2",1,0,2,0,2,37,1,1476498784402,"true",0,0,"close"
"3333-2",0,1,2,0,1,36,1,1476498771600,"true",0,0,"split"
"3333-2",0,0,0,1,0,35,0,1476498762510,"true",1,0,"far"
"3333-2",0,0,1,1,0,34,0,1476498752571,"true",0,1,"far"
"3333-2",0,1,1,0,1,33,0,1476498737404,"false",0,1,"far"
"3333-2",0,1,1,0,1,32,0,1476498725840,"false",0,1,"close"
"3333-2",0,0,0,1,0,50,0,1476499009687,"true",1,0,"far"
