"gameid","sClicked_2","sClicked_1","lClickedIndex","sClicked_0","sClickedIndex","roundNum","lClicked_2","time","outcome","lClicked_0","lClicked_1","condition"
"3336-1",0,0,1,1,0,42,0,1476995236584,"true",0,1,"close"
"3336-1",1,0,1,0,2,48,0,1476995292164,"true",0,1,"split"
"3336-1",0,1,1,0,1,43,0,1476995244240,"true",0,1,"far"
"3336-1",0,0,0,1,0,49,0,1476995308400,"true",1,0,"far"
"3336-1",1,0,1,0,2,24,0,1476995066322,"true",0,1,"close"
"3336-1",0,0,1,1,0,25,0,1476995078740,"false",0,1,"far"
"3336-1",0,1,2,0,1,26,1,1476995088971,"true",0,0,"split"
"3336-1",0,1,0,0,1,27,0,1476995101775,"true",1,0,"split"
"3336-1",0,0,0,1,0,20,0,1476995012277,"true",1,0,"split"
"3336-1",1,0,0,0,2,21,0,1476995031806,"true",1,0,"close"
"3336-1",0,1,1,0,1,22,0,1476995048736,"true",0,1,"far"
"3336-1",0,1,0,0,1,23,0,1476995055530,"true",1,0,"close"
"3336-1",1,0,2,0,2,46,1,1476995272361,"true",0,0,"split"
"3336-1",1,0,2,0,2,47,1,1476995281228,"true",0,0,"close"
"3336-1",0,0,2,1,0,44,1,1476995250888,"true",0,0,"far"
"3336-1",0,1,2,0,1,45,1,1476995257040,"true",0,0,"far"
"3336-1",1,0,0,0,2,28,0,1476995113447,"true",1,0,"close"
"3336-1",0,1,2,0,1,29,1,1476995120952,"true",0,0,"far"
"3336-1",1,0,2,0,2,40,1,1476995217386,"true",0,0,"split"
"3336-1",1,0,2,0,2,41,1,1476995228825,"false",0,0,"split"
"3336-1",0,0,1,1,0,1,0,1476994788978,"true",0,1,"far"
"3336-1",1,0,2,0,2,3,1,1476994807709,"true",0,0,"split"
"3336-1",0,1,0,0,1,2,0,1476994800666,"true",1,0,"close"
"3336-1",1,0,2,0,2,5,1,1476994833978,"true",0,0,"close"
"3336-1",1,0,2,0,2,4,1,1476994825054,"true",0,0,"close"
"3336-1",1,0,1,0,2,7,0,1476994856631,"true",0,1,"close"
"3336-1",0,1,1,0,1,6,0,1476994845334,"true",0,1,"close"
"3336-1",1,0,1,0,2,9,0,1476994877431,"true",0,1,"far"
"3336-1",0,0,2,1,0,8,1,1476994864468,"true",0,0,"close"
"3336-1",0,0,2,1,0,39,1,1476995206826,"true",0,0,"split"
"3336-1",0,0,1,1,0,38,0,1476995196548,"true",0,1,"far"
"3336-1",0,1,0,0,1,11,0,1476994897796,"true",1,0,"close"
"3336-1",1,0,2,0,2,10,1,1476994887573,"true",0,0,"split"
"3336-1",1,0,0,0,2,13,0,1476994919774,"true",1,0,"far"
"3336-1",0,0,0,1,0,12,0,1476994908295,"true",1,0,"far"
"3336-1",0,0,2,1,0,15,1,1476994944996,"true",0,0,"close"
"3336-1",1,0,0,0,2,14,0,1476994933203,"false",1,0,"close"
"3336-1",0,1,2,0,1,17,1,1476994967897,"true",0,0,"far"
"3336-1",0,0,0,1,0,16,0,1476994958626,"true",1,0,"split"
"3336-1",1,0,0,0,2,19,0,1476994998541,"true",1,0,"split"
"3336-1",1,0,0,0,2,18,0,1476994981298,"true",1,0,"split"
"3336-1",0,0,2,1,0,31,1,1476995136535,"true",0,0,"split"
"3336-1",1,0,0,0,2,30,0,1476995127861,"true",1,0,"far"
"3336-1",0,0,1,1,0,37,0,1476995187451,"true",0,1,"close"
"3336-1",0,1,0,0,1,36,0,1476995178189,"true",1,0,"far"
"3336-1",1,0,0,0,2,35,0,1476995171725,"true",1,0,"split"
"3336-1",1,0,0,0,2,34,0,1476995160947,"true",1,0,"close"
"3336-1",1,0,0,0,2,33,0,1476995153345,"true",1,0,"far"
"3336-1",1,0,1,0,2,32,0,1476995146023,"true",0,1,"split"
"3336-1",0,1,2,0,1,50,1,1476995315856,"true",0,0,"far"
