"gameid","sClicked_2","sClicked_1","lClickedIndex","sClicked_0","sClickedIndex","roundNum","lClicked_2","time","outcome","lClicked_0","lClicked_1","condition"
"3348-3",0,0,0,1,0,42,0,1476993762400,"true",1,0,"split"
"3348-3",0,1,0,0,1,48,0,1476993833197,"true",1,0,"close"
"3348-3",0,1,0,0,1,43,0,1476993769082,"true",1,0,"far"
"3348-3",0,0,2,1,0,49,1,1476993845542,"true",0,0,"split"
"3348-3",0,1,2,0,1,24,1,1476993543104,"false",0,0,"split"
"3348-3",1,0,0,0,2,25,0,1476993551680,"false",1,0,"split"
"3348-3",0,1,1,0,1,26,0,1476993579654,"true",0,1,"close"
"3348-3",1,0,2,0,2,27,1,1476993587917,"true",0,0,"far"
"3348-3",1,0,1,0,2,20,0,1476993502480,"true",0,1,"close"
"3348-3",0,1,2,0,1,21,1,1476993511821,"true",0,0,"split"
"3348-3",1,0,2,0,2,22,1,1476993519600,"true",0,0,"far"
"3348-3",0,1,1,0,1,23,0,1476993531831,"true",0,1,"split"
"3348-3",0,0,1,1,0,46,0,1476993810346,"true",0,1,"close"
"3348-3",0,0,2,1,0,47,1,1476993825380,"true",0,0,"split"
"3348-3",1,0,0,0,2,44,0,1476993786854,"true",1,0,"split"
"3348-3",0,0,1,1,0,45,0,1476993793939,"true",0,1,"far"
"3348-3",0,0,1,1,0,28,0,1476993615322,"false",0,1,"close"
"3348-3",0,0,0,1,0,29,0,1476993625686,"true",1,0,"split"
"3348-3",0,0,1,1,0,40,0,1476993742371,"true",0,1,"far"
"3348-3",0,1,1,0,1,41,0,1476993749412,"true",0,1,"far"
"3348-3",0,1,2,0,1,1,1,1476993258073,"true",0,0,"close"
"3348-3",1,0,0,0,2,3,0,1476993280294,"true",1,0,"close"
"3348-3",0,0,2,1,0,2,1,1476993270006,"false",0,0,"split"
"3348-3",1,0,1,0,2,5,0,1476993305947,"true",0,1,"split"
"3348-3",0,0,0,1,0,4,0,1476993290688,"true",1,0,"far"
"3348-3",0,0,2,1,0,7,1,1476993356426,"true",0,0,"close"
"3348-3",0,1,2,0,1,6,1,1476993333872,"false",0,0,"close"
"3348-3",0,1,1,0,1,9,0,1476993377862,"true",0,1,"split"
"3348-3",1,0,2,0,2,8,1,1476993366576,"false",0,0,"far"
"3348-3",0,0,0,1,0,39,0,1476993730409,"false",1,0,"close"
"3348-3",1,0,1,0,2,38,0,1476993713306,"true",0,1,"split"
"3348-3",1,0,1,0,2,11,0,1476993400307,"true",0,1,"far"
"3348-3",0,0,1,1,0,10,0,1476993387676,"true",0,1,"far"
"3348-3",0,1,0,0,1,13,0,1476993420192,"true",1,0,"close"
"3348-3",0,0,2,1,0,12,1,1476993409386,"true",0,0,"far"
"3348-3",1,0,1,0,2,15,0,1476993435978,"true",0,1,"close"
"3348-3",1,0,1,0,2,14,0,1476993426835,"true",0,1,"far"
"3348-3",0,1,0,0,1,17,0,1476993459482,"true",1,0,"close"
"3348-3",0,0,1,1,0,16,0,1476993446832,"true",0,1,"split"
"3348-3",1,0,1,0,2,19,0,1476993483882,"true",0,1,"close"
"3348-3",1,0,2,0,2,18,1,1476993466336,"true",0,0,"far"
"3348-3",0,1,2,0,1,31,1,1476993645011,"true",0,0,"close"
"3348-3",0,1,0,0,1,30,0,1476993636121,"true",1,0,"far"
"3348-3",0,1,2,0,1,37,1,1476993705395,"true",0,0,"far"
"3348-3",1,0,0,0,2,36,0,1476993696253,"true",1,0,"far"
"3348-3",1,0,0,0,2,35,0,1476993688160,"true",1,0,"close"
"3348-3",0,0,1,1,0,34,0,1476993677405,"true",0,1,"split"
"3348-3",0,0,2,1,0,33,1,1476993668816,"false",0,0,"split"
"3348-3",0,1,0,0,1,32,0,1476993653596,"true",1,0,"split"
"3348-3",0,1,2,0,1,50,1,1476993853178,"true",0,0,"far"
