"gameid","sClicked_2","sClicked_1","lClickedIndex","sClicked_0","sClickedIndex","roundNum","lClicked_2","time","outcome","lClicked_0","lClicked_1","condition"
"3349-a",0,0,1,1,0,42,0,1476474441808,"true",0,1,"far"
"3349-a",1,0,0,0,2,48,0,1476474500618,"true",1,0,"close"
"3349-a",0,0,2,1,0,43,1,1476474452913,"true",0,0,"split"
"3349-a",0,0,1,1,0,49,0,1476474511776,"false",0,1,"split"
"3349-a",0,1,1,0,1,24,0,1476474258308,"true",0,1,"split"
"3349-a",1,0,2,0,2,25,1,1476474264910,"true",0,0,"far"
"3349-a",1,0,0,0,2,26,0,1476474281871,"true",1,0,"close"
"3349-a",1,0,0,0,2,27,0,1476474306317,"true",1,0,"close"
"3349-a",0,0,0,1,0,20,0,1476474187086,"true",1,0,"close"
"3349-a",0,1,0,0,1,21,0,1476474208963,"true",1,0,"close"
"3349-a",0,1,1,0,1,22,0,1476474230315,"true",0,1,"close"
"3349-a",0,0,0,1,0,23,0,1476474245117,"true",1,0,"far"
"3349-a",0,1,1,0,1,46,0,1476474477827,"true",0,1,"far"
"3349-a",1,0,0,0,2,47,0,1476474490093,"true",1,0,"close"
"3349-a",0,1,1,0,1,44,0,1476474460920,"true",0,1,"split"
"3349-a",0,0,0,1,0,45,0,1476474471012,"true",1,0,"split"
"3349-a",0,1,2,0,1,28,1,1476474314992,"true",0,0,"split"
"3349-a",0,1,2,0,1,29,1,1476474322395,"true",0,0,"split"
"3349-a",1,0,1,0,2,40,0,1476474421291,"true",0,1,"far"
"3349-a",0,0,2,1,0,41,1,1476474434000,"true",0,0,"split"
"3349-a",0,0,0,1,0,1,0,1476473836081,"false",1,0,"close"
"3349-a",0,1,1,0,1,3,0,1476473909680,"true",0,1,"far"
"3349-a",0,1,1,0,1,2,0,1476473890665,"true",0,1,"close"
"3349-a",1,0,2,0,2,5,1,1476473944663,"true",0,0,"far"
"3349-a",0,0,1,1,0,4,0,1476473936172,"true",0,1,"far"
"3349-a",0,0,1,1,0,7,0,1476473999101,"true",0,1,"split"
"3349-a",0,1,1,0,1,6,0,1476473981224,"true",0,1,"close"
"3349-a",1,0,0,0,2,9,0,1476474014860,"true",1,0,"close"
"3349-a",0,1,1,0,1,8,0,1476474006350,"true",0,1,"far"
"3349-a",0,1,1,0,1,39,0,1476474413656,"true",0,1,"far"
"3349-a",0,1,0,0,1,38,0,1476474407115,"true",1,0,"far"
"3349-a",1,0,1,0,2,11,0,1476474030029,"true",0,1,"close"
"3349-a",0,0,1,1,0,10,0,1476474021901,"true",0,1,"far"
"3349-a",0,1,2,0,1,13,1,1476474053860,"true",0,0,"split"
"3349-a",1,0,0,0,2,12,0,1476474037529,"true",1,0,"far"
"3349-a",1,0,1,0,2,15,0,1476474069072,"true",0,1,"split"
"3349-a",0,0,2,1,0,14,1,1476474061892,"true",0,0,"split"
"3349-a",0,1,2,0,1,17,1,1476474091359,"true",0,0,"far"
"3349-a",0,1,0,0,1,16,0,1476474076133,"true",1,0,"far"
"3349-a",0,0,2,1,0,19,1,1476474132322,"true",0,0,"close"
"3349-a",0,0,1,1,0,18,0,1476474114929,"true",0,1,"close"
"3349-a",1,0,2,0,2,31,1,1476474342115,"true",0,0,"split"
"3349-a",1,0,0,0,2,30,0,1476474335279,"true",1,0,"split"
"3349-a",0,1,2,0,1,37,1,1476474400631,"true",0,0,"close"
"3349-a",1,0,1,0,2,36,0,1476474391570,"true",0,1,"split"
"3349-a",0,0,0,1,0,35,0,1476474380638,"true",1,0,"split"
"3349-a",0,0,2,1,0,34,1,1476474372291,"true",0,0,"far"
"3349-a",0,1,1,0,1,33,0,1476474365622,"true",0,1,"close"
"3349-a",0,0,1,1,0,32,0,1476474349876,"true",0,1,"close"
"3349-a",1,0,1,0,2,50,0,1476474519108,"true",0,1,"far"
