"gameid","sClicked_2","sClicked_1","lClickedIndex","sClicked_0","sClickedIndex","roundNum","lClicked_2","time","outcome","lClicked_0","lClicked_1","condition"
"3358-0",0,1,1,0,1,42,0,1476991296496,"true",0,1,"split"
"3358-0",1,0,1,0,2,48,0,1476991378130,"false",0,1,"close"
"3358-0",0,0,2,1,0,43,1,1476991308444,"true",0,0,"close"
"3358-0",0,1,1,0,1,49,0,1476991385783,"true",0,1,"far"
"3358-0",1,0,2,0,2,24,1,1476991091396,"true",0,0,"far"
"3358-0",0,0,1,1,0,25,0,1476991099375,"true",0,1,"far"
"3358-0",1,0,1,0,2,26,0,1476991110755,"true",0,1,"split"
"3358-0",0,1,1,0,1,27,0,1476991126981,"true",0,1,"split"
"3358-0",0,1,1,0,1,20,0,1476991055072,"true",0,1,"far"
"3358-0",0,0,1,1,0,21,0,1476991062976,"true",0,1,"far"
"3358-0",1,0,2,0,2,22,1,1476991074093,"true",0,0,"split"
"3358-0",1,0,2,0,2,23,1,1476991082473,"true",0,0,"split"
"3358-0",0,1,0,0,1,46,0,1476991348002,"false",1,0,"close"
"3358-0",1,0,1,0,2,47,0,1476991368592,"true",0,1,"close"
"3358-0",1,0,2,0,2,44,1,1476991322286,"true",0,0,"close"
"3358-0",0,0,1,1,0,45,0,1476991330293,"true",0,1,"split"
"3358-0",0,1,2,0,1,28,1,1476991147338,"false",0,0,"close"
"3358-0",0,0,2,1,0,29,1,1476991155801,"true",0,0,"split"
"3358-0",0,1,0,0,1,40,0,1476991277193,"false",1,0,"close"
"3358-0",1,0,2,0,2,41,1,1476991284880,"true",0,0,"far"
"3358-0",0,0,1,1,0,1,0,1476990833400,"true",0,1,"split"
"3358-0",1,0,1,0,2,3,0,1476990854457,"false",0,1,"far"
"3358-0",1,0,2,0,2,2,1,1476990843298,"true",0,0,"split"
"3358-0",1,0,1,0,2,5,0,1476990891406,"false",0,1,"split"
"3358-0",0,0,1,1,0,4,0,1476990874900,"true",0,1,"close"
"3358-0",0,0,1,1,0,7,0,1476990908143,"true",0,1,"far"
"3358-0",1,0,2,0,2,6,1,1476990901108,"true",0,0,"split"
"3358-0",1,0,1,0,2,9,0,1476990925764,"true",0,1,"far"
"3358-0",0,1,1,0,1,8,0,1476990918219,"true",0,1,"split"
"3358-0",0,1,1,0,1,39,0,1476991264981,"true",0,1,"close"
"3358-0",1,0,1,0,2,38,0,1476991251663,"false",0,1,"split"
"3358-0",1,0,1,0,2,11,0,1476990950003,"true",0,1,"far"
"3358-0",1,0,1,0,2,10,0,1476990937919,"true",0,1,"far"
"3358-0",0,1,2,0,1,13,1,1476990981384,"true",0,0,"split"
"3358-0",0,1,0,0,1,12,0,1476990970214,"false",1,0,"close"
"3358-0",0,0,0,1,0,15,0,1476991009784,"true",1,0,"close"
"3358-0",0,0,0,1,0,14,0,1476990990725,"true",1,0,"close"
"3358-0",0,0,1,1,0,17,0,1476991027302,"true",0,1,"close"
"3358-0",1,0,0,0,2,16,0,1476991018597,"true",1,0,"split"
"3358-0",0,1,0,0,1,19,0,1476991045817,"true",1,0,"close"
"3358-0",0,1,0,0,1,18,0,1476991034338,"true",1,0,"far"
"3358-0",1,0,1,0,2,31,0,1476991183761,"false",0,1,"close"
"3358-0",0,0,0,1,0,30,0,1476991166405,"false",1,0,"close"
"3358-0",0,1,1,0,1,37,0,1476991233959,"true",0,1,"far"
"3358-0",1,0,2,0,2,36,1,1476991225842,"false",0,0,"far"
"3358-0",0,0,0,1,0,35,0,1476991216472,"true",1,0,"far"
"3358-0",0,0,0,1,0,34,0,1476991208967,"true",1,0,"close"
"3358-0",1,0,0,0,2,33,0,1476991199643,"true",1,0,"far"
"3358-0",1,0,2,0,2,32,1,1476991191885,"true",0,0,"split"
"3358-0",1,0,0,0,2,50,0,1476991395064,"true",1,0,"far"
