"gameid","sClicked_2","sClicked_1","lClickedIndex","sClicked_0","sClickedIndex","roundNum","lClicked_2","time","outcome","lClicked_0","lClicked_1","condition"
"3360-0",1,0,2,0,2,42,1,1476490307892,"true",0,0,"far"
"3360-0",1,0,0,0,2,48,0,1476490406283,"true",1,0,"close"
"3360-0",0,1,0,0,1,43,0,1476490332716,"true",1,0,"close"
"3360-0",0,1,0,0,1,49,0,1476490413412,"true",1,0,"far"
"3360-0",1,0,0,0,2,24,0,1476489952041,"true",1,0,"split"
"3360-0",1,0,0,0,2,25,0,1476489967951,"true",1,0,"close"
"3360-0",0,1,2,0,1,26,1,1476489988557,"true",0,0,"far"
"3360-0",0,0,2,1,0,27,1,1476490010124,"true",0,0,"close"
"3360-0",0,1,1,0,1,21,0,1476489823784,"true",0,1,"split"
"3360-0",1,0,2,0,2,22,1,1476489913273,"true",0,0,"split"
"3360-0",0,1,1,0,1,23,0,1476489924278,"true",0,1,"split"
"3360-0",0,0,0,1,0,46,0,1476490387781,"true",1,0,"split"
"3360-0",1,0,0,0,2,47,0,1476490397387,"true",1,0,"split"
"3360-0",1,0,2,0,2,44,1,1476490348678,"true",0,0,"far"
"3360-0",1,0,2,0,2,45,1,1476490355762,"true",0,0,"far"
"3360-0",0,1,1,0,1,28,0,1476490023437,"true",0,1,"close"
"3360-0",0,0,0,1,0,29,0,1476490035334,"true",1,0,"split"
"3360-0",1,0,2,0,2,40,1,1476490293898,"true",0,0,"far"
"3360-0",0,1,0,0,1,41,0,1476490301987,"true",1,0,"split"
"3360-0",1,0,1,0,2,1,0,1476489328005,"true",0,1,"far"
"3360-0",0,0,1,1,0,3,0,1476489375158,"true",0,1,"close"
"3360-0",0,1,0,0,1,2,0,1476489336776,"true",1,0,"split"
"3360-0",1,0,0,0,2,5,0,1476489409769,"true",1,0,"far"
"3360-0",0,1,1,0,1,4,0,1476489400530,"true",0,1,"split"
"3360-0",0,1,2,0,1,7,1,1476489430680,"true",0,0,"split"
"3360-0",1,0,0,0,2,6,0,1476489417648,"true",1,0,"far"
"3360-0",0,0,2,1,0,9,1,1476489543817,"false",0,0,"close"
"3360-0",0,1,1,0,1,8,0,1476489488326,"true",0,1,"close"
"3360-0",0,1,0,0,1,39,0,1476490286143,"true",1,0,"far"
"3360-0",0,1,1,0,1,38,0,1476490277700,"true",0,1,"close"
"3360-0",1,0,1,0,2,11,0,1476489607472,"true",0,1,"close"
"3360-0",0,0,0,1,0,10,0,1476489587425,"true",1,0,"close"
"3360-0",0,0,0,1,0,13,0,1476489658884,"true",1,0,"close"
"3360-0",1,0,2,0,2,12,1,1476489621152,"true",0,0,"close"
"3360-0",0,1,2,0,1,15,1,1476489701544,"true",0,0,"split"
"3360-0",0,0,0,1,0,14,0,1476489693119,"true",1,0,"split"
"3360-0",0,0,1,1,0,17,0,1476489722591,"true",0,1,"split"
"3360-0",1,0,1,0,2,16,0,1476489712400,"true",0,1,"far"
"3360-0",0,1,1,0,1,19,0,1476489768013,"true",0,1,"far"
"3360-0",0,0,0,1,0,18,0,1476489739035,"true",1,0,"split"
"3360-0",0,1,0,0,1,31,0,1476490085502,"true",1,0,"close"
"3360-0",0,1,0,0,1,30,0,1476490045734,"true",1,0,"split"
"3360-0",1,0,1,0,2,37,0,1476490201565,"true",0,1,"far"
"3360-0",0,0,0,1,0,36,0,1476490194703,"true",1,0,"far"
"3360-0",1,0,0,0,2,35,0,1476490181572,"true",1,0,"far"
"3360-0",1,0,1,0,2,34,0,1476490174285,"true",0,1,"close"
"3360-0",0,1,2,0,1,33,1,1476490104221,"true",0,0,"split"
"3360-0",1,0,2,0,2,32,1,1476490093397,"true",0,0,"close"
"3360-0",0,1,1,0,1,50,0,1476490423395,"true",0,1,"far"
