"gameid","sClicked_2","sClicked_1","lClickedIndex","sClicked_0","sClickedIndex","roundNum","lClicked_2","time","outcome","lClicked_0","lClicked_1","condition"
"3373-b",1,0,2,0,2,42,1,1476990570804,"true",0,0,"far"
"3373-b",0,0,2,1,0,48,1,1476990674951,"true",0,0,"close"
"3373-b",0,1,2,0,1,43,1,1476990580073,"true",0,0,"far"
"3373-b",0,1,1,0,1,49,0,1476990689023,"true",0,1,"split"
"3373-b",0,0,1,1,0,24,0,1476990158383,"true",0,1,"far"
"3373-b",0,0,1,1,0,25,0,1476990184804,"true",0,1,"close"
"3373-b",0,1,1,0,1,26,0,1476990227324,"true",0,1,"close"
"3373-b",1,0,1,0,2,27,0,1476990237162,"true",0,1,"close"
"3373-b",1,0,1,0,2,20,0,1476990071001,"true",0,1,"close"
"3373-b",0,1,0,0,1,22,0,1476990141134,"true",1,0,"close"
"3373-b",0,0,2,1,0,23,1,1476990150332,"true",0,0,"far"
"3373-b",0,0,1,1,0,46,0,1476990641103,"true",0,1,"split"
"3373-b",1,0,2,0,2,47,1,1476990656624,"true",0,0,"far"
"3373-b",0,1,0,0,1,44,0,1476990601054,"true",1,0,"split"
"3373-b",1,0,0,0,2,45,0,1476990624172,"true",1,0,"split"
"3373-b",0,0,2,1,0,28,1,1476990248644,"true",0,0,"far"
"3373-b",0,0,2,1,0,29,1,1476990278234,"true",0,0,"split"
"3373-b",0,1,0,0,1,40,0,1476990525862,"true",1,0,"close"
"3373-b",1,0,2,0,2,41,1,1476990548313,"true",0,0,"split"
"3373-b",1,0,0,0,2,1,0,1476989554543,"false",1,0,"split"
"3373-b",0,1,0,0,1,3,0,1476989615442,"true",1,0,"split"
"3373-b",0,0,2,1,0,2,1,1476989568122,"true",0,0,"split"
"3373-b",0,1,1,0,1,5,0,1476989643984,"true",0,1,"close"
"3373-b",0,1,1,0,1,4,0,1476989630061,"true",0,1,"far"
"3373-b",0,0,0,1,0,7,0,1476989751412,"false",1,0,"close"
"3373-b",1,0,2,0,2,6,1,1476989651683,"true",0,0,"far"
"3373-b",1,0,2,0,2,9,1,1476989851371,"true",0,0,"split"
"3373-b",0,0,2,1,0,8,1,1476989811356,"true",0,0,"split"
"3373-b",0,1,1,0,1,39,0,1476990498437,"true",0,1,"far"
"3373-b",1,0,1,0,2,38,0,1476990482294,"true",0,1,"far"
"3373-b",0,1,0,0,1,11,0,1476989910213,"true",1,0,"far"
"3373-b",0,1,1,0,1,10,0,1476989886253,"true",0,1,"split"
"3373-b",0,0,0,1,0,13,0,1476989939363,"true",1,0,"split"
"3373-b",1,0,0,0,2,12,0,1476989927842,"true",1,0,"close"
"3373-b",0,1,2,0,1,15,1,1476989956582,"true",0,0,"far"
"3373-b",0,0,2,1,0,14,1,1476989948281,"true",0,0,"close"
"3373-b",0,0,2,1,0,17,1,1476990022054,"true",0,0,"split"
"3373-b",1,0,1,0,2,16,0,1476989979363,"true",0,1,"close"
"3373-b",0,0,0,1,0,19,0,1476990051293,"true",1,0,"far"
"3373-b",1,0,2,0,2,18,1,1476990034071,"true",0,0,"far"
"3373-b",1,0,0,0,2,31,0,1476990308273,"true",1,0,"split"
"3373-b",0,0,2,1,0,30,1,1476990291032,"true",0,0,"far"
"3373-b",0,1,2,0,1,37,1,1476990472573,"false",0,0,"close"
"3373-b",0,0,1,1,0,36,0,1476990429433,"true",0,1,"far"
"3373-b",0,0,1,1,0,35,0,1476990416783,"false",0,1,"close"
"3373-b",0,0,2,1,0,34,1,1476990387333,"true",0,0,"split"
"3373-b",1,0,0,0,2,33,0,1476990375043,"true",1,0,"split"
"3373-b",0,1,0,0,1,32,0,1476990346533,"false",1,0,"close"
"3373-b",1,0,2,0,2,50,1,1476990704373,"true",0,0,"close"
