"gameid","sClicked_2","sClicked_1","lClickedIndex","sClicked_0","sClickedIndex","roundNum","lClicked_2","time","outcome","lClicked_0","lClicked_1","condition"
"3375-a",1,0,2,0,2,42,1,1477001434037,"true",0,0,"far"
"3375-a",1,0,2,0,2,48,1,1477001521870,"false",0,0,"split"
"3375-a",0,1,1,0,1,43,0,1477001444418,"true",0,1,"split"
"3375-a",1,0,0,0,2,49,0,1477001538833,"false",1,0,"close"
"3375-a",0,0,0,1,0,24,0,1477001185908,"true",1,0,"far"
"3375-a",0,0,2,1,0,25,1,1477001201640,"true",0,0,"split"
"3375-a",0,0,1,1,0,26,0,1477001210898,"true",0,1,"close"
"3375-a",0,1,2,0,1,27,1,1477001225025,"true",0,0,"split"
"3375-a",0,1,2,0,1,20,1,1477001099391,"true",0,0,"split"
"3375-a",0,1,1,0,1,21,0,1477001136197,"true",0,1,"close"
"3375-a",0,1,1,0,1,22,0,1477001171742,"true",0,1,"close"
"3375-a",1,0,0,0,2,23,0,1477001179598,"true",1,0,"split"
"3375-a",1,0,1,0,2,46,0,1477001468943,"true",0,1,"far"
"3375-a",1,0,1,0,2,47,0,1477001510265,"true",0,1,"split"
"3375-a",1,0,1,0,2,44,0,1477001453259,"true",0,1,"split"
"3375-a",1,0,0,0,2,45,0,1477001459864,"true",1,0,"far"
"3375-a",0,1,1,0,1,28,0,1477001239159,"false",0,1,"close"
"3375-a",0,0,0,1,0,29,0,1477001248379,"true",1,0,"far"
"3375-a",0,1,0,0,1,40,0,1477001419025,"true",1,0,"far"
"3375-a",0,1,0,0,1,41,0,1477001426682,"true",1,0,"split"
"3375-a",0,0,2,1,0,1,1,1477000843888,"true",0,0,"close"
"3375-a",0,0,2,1,0,3,1,1477000868983,"true",0,0,"split"
"3375-a",0,0,2,1,0,2,1,1477000857453,"true",0,0,"far"
"3375-a",0,0,0,1,0,5,0,1477000891286,"true",1,0,"close"
"3375-a",0,0,0,1,0,4,0,1477000881977,"true",1,0,"split"
"3375-a",1,0,2,0,2,7,1,1477000949818,"true",0,0,"close"
"3375-a",0,0,0,1,0,6,0,1477000936124,"false",1,0,"close"
"3375-a",1,0,2,0,2,9,1,1477000988832,"true",0,0,"close"
"3375-a",0,1,2,0,1,8,1,1477000958480,"true",0,0,"far"
"3375-a",1,0,0,0,2,39,0,1477001366942,"true",1,0,"close"
"3375-a",0,1,0,0,1,38,0,1477001341159,"true",1,0,"close"
"3375-a",0,0,0,1,0,11,0,1477001013779,"true",1,0,"close"
"3375-a",0,0,0,1,0,10,0,1477000999957,"true",1,0,"split"
"3375-a",0,0,2,1,0,13,1,1477001036672,"true",0,0,"far"
"3375-a",0,0,0,1,0,12,0,1477001027624,"true",1,0,"split"
"3375-a",0,0,1,1,0,15,0,1477001059458,"true",0,1,"far"
"3375-a",1,0,0,0,2,14,0,1477001051961,"false",1,0,"close"
"3375-a",0,1,1,0,1,17,0,1477001074164,"true",0,1,"close"
"3375-a",0,1,0,0,1,16,0,1477001066740,"true",1,0,"far"
"3375-a",0,1,2,0,1,19,1,1477001086364,"true",0,0,"far"
"3375-a",1,0,1,0,2,18,0,1477001080195,"true",0,1,"far"
"3375-a",0,1,2,0,1,31,1,1477001261525,"true",0,0,"far"
"3375-a",0,0,1,1,0,30,0,1477001255517,"true",0,1,"far"
"3375-a",0,0,1,1,0,37,0,1477001327590,"true",0,1,"split"
"3375-a",0,1,1,0,1,36,0,1477001315715,"false",0,1,"split"
"3375-a",1,0,1,0,2,35,0,1477001297352,"true",0,1,"far"
"3375-a",1,0,1,0,2,34,0,1477001289571,"false",0,1,"split"
"3375-a",1,0,2,0,2,33,1,1477001277740,"true",0,0,"far"
"3375-a",0,0,2,1,0,32,1,1477001270068,"true",0,0,"close"
"3375-a",1,0,0,0,2,50,0,1477001572054,"true",1,0,"close"
