"gameid","sClicked_2","sClicked_1","lClickedIndex","sClicked_0","sClickedIndex","roundNum","lClicked_2","time","outcome","lClicked_0","lClicked_1","condition"
"3375-b",0,0,0,1,0,42,0,1476999444270,"true",1,0,"split"
"3375-b",0,1,0,0,1,48,0,1476999491735,"true",1,0,"close"
"3375-b",0,0,2,1,0,43,1,1476999454639,"true",0,0,"split"
"3375-b",0,0,2,1,0,49,1,1476999501202,"true",0,0,"close"
"3375-b",1,0,0,0,2,24,0,1476999298048,"true",1,0,"close"
"3375-b",0,1,1,0,1,25,0,1476999305085,"true",0,1,"far"
"3375-b",0,0,0,1,0,26,0,1476999315039,"true",1,0,"close"
"3375-b",1,0,0,0,2,27,0,1476999321466,"true",1,0,"split"
"3375-b",1,0,2,0,2,20,1,1476999262367,"true",0,0,"far"
"3375-b",0,0,2,1,0,21,1,1476999269126,"true",0,0,"far"
"3375-b",0,0,0,1,0,22,0,1476999276028,"true",1,0,"split"
"3375-b",0,0,0,1,0,23,0,1476999285504,"true",1,0,"split"
"3375-b",1,0,2,0,2,46,1,1476999478655,"true",0,0,"close"
"3375-b",1,0,1,0,2,47,0,1476999484370,"true",0,1,"close"
"3375-b",0,0,0,1,0,44,0,1476999461890,"true",1,0,"far"
"3375-b",1,0,1,0,2,45,0,1476999471823,"true",0,1,"close"
"3375-b",1,0,1,0,2,28,0,1476999327492,"true",0,1,"far"
"3375-b",1,0,0,0,2,29,0,1476999333595,"true",1,0,"split"
"3375-b",0,0,1,1,0,40,0,1476999429532,"true",0,1,"close"
"3375-b",0,1,2,0,1,41,1,1476999436371,"true",0,0,"far"
"3375-b",1,0,0,0,2,1,0,1476999110334,"true",1,0,"close"
"3375-b",1,0,0,0,2,3,0,1476999129636,"true",1,0,"split"
"3375-b",0,0,2,1,0,2,1,1476999118850,"false",0,0,"split"
"3375-b",0,0,2,1,0,5,1,1476999144040,"true",0,0,"far"
"3375-b",0,0,2,1,0,4,1,1476999137673,"true",0,0,"close"
"3375-b",0,1,1,0,1,7,0,1476999162638,"true",0,1,"far"
"3375-b",0,0,1,1,0,6,0,1476999156009,"true",0,1,"close"
"3375-b",1,0,2,0,2,9,1,1476999179135,"true",0,0,"close"
"3375-b",1,0,1,0,2,8,0,1476999169400,"true",0,1,"close"
"3375-b",0,0,2,1,0,39,1,1476999414947,"true",0,0,"split"
"3375-b",0,1,0,0,1,38,0,1476999401472,"true",1,0,"far"
"3375-b",0,0,2,1,0,11,1,1476999195387,"true",0,0,"close"
"3375-b",0,0,2,1,0,10,1,1476999187593,"true",0,0,"close"
"3375-b",1,0,1,0,2,13,0,1476999210753,"true",0,1,"far"
"3375-b",0,1,1,0,1,12,0,1476999202256,"true",0,1,"close"
"3375-b",0,0,1,1,0,15,0,1476999222845,"true",0,1,"split"
"3375-b",1,0,1,0,2,14,0,1476999216587,"true",0,1,"split"
"3375-b",0,0,2,1,0,17,1,1476999238167,"false",0,0,"split"
"3375-b",0,0,1,1,0,16,0,1476999229512,"true",0,1,"far"
"3375-b",0,1,2,0,1,19,1,1476999255406,"true",0,0,"split"
"3375-b",0,0,2,1,0,18,1,1476999246429,"true",0,0,"far"
"3375-b",0,1,2,0,1,31,1,1476999347856,"true",0,0,"far"
"3375-b",1,0,0,0,2,30,0,1476999340623,"true",1,0,"far"
"3375-b",0,0,2,1,0,37,1,1476999394975,"true",0,0,"split"
"3375-b",0,1,0,0,1,36,0,1476999387566,"true",1,0,"split"
"3375-b",1,0,2,0,2,35,1,1476999378554,"true",0,0,"far"
"3375-b",1,0,2,0,2,34,1,1476999372479,"true",0,0,"far"
"3375-b",0,0,2,1,0,33,1,1476999366058,"true",0,0,"split"
"3375-b",0,0,2,1,0,32,1,1476999357169,"true",0,0,"close"
"3375-b",0,1,1,0,1,50,0,1476999506935,"true",0,1,"split"
