"gameid","sClicked_2","sClicked_1","lClickedIndex","sClicked_0","sClickedIndex","roundNum","lClicked_2","time","outcome","lClicked_0","lClicked_1","condition"
"3398-5",1,0,1,0,2,42,0,1476488973673,"true",0,1,"split"
"3398-5",1,0,2,0,2,48,1,1476489042897,"true",0,0,"far"
"3398-5",1,0,0,0,2,43,0,1476488991100,"false",1,0,"close"
"3398-5",1,0,1,0,2,49,0,1476489056955,"true",0,1,"far"
"3398-5",0,0,1,1,0,24,0,1476488739669,"true",0,1,"far"
"3398-5",0,0,0,1,0,25,0,1476488752375,"true",1,0,"far"
"3398-5",1,0,0,0,2,26,0,1476488770898,"true",1,0,"split"
"3398-5",0,0,2,1,0,27,1,1476488783104,"true",0,0,"close"
"3398-5",0,0,2,1,0,20,1,1476488701384,"true",0,0,"close"
"3398-5",0,0,2,1,0,21,1,1476488713649,"true",0,0,"far"
"3398-5",0,1,1,0,1,22,0,1476488721229,"true",0,1,"far"
"3398-5",0,0,0,1,0,23,0,1476488730486,"true",1,0,"split"
"3398-5",0,1,0,0,1,46,0,1476489019018,"true",1,0,"split"
"3398-5",0,1,0,0,1,47,0,1476489033526,"true",1,0,"far"
"3398-5",0,0,0,1,0,44,0,1476489003022,"false",1,0,"close"
"3398-5",1,0,2,0,2,45,1,1476489010744,"true",0,0,"far"
"3398-5",0,1,0,0,1,28,0,1476488790763,"true",1,0,"close"
"3398-5",1,0,0,0,2,29,0,1476488803035,"true",1,0,"split"
"3398-5",1,0,0,0,2,40,0,1476488950388,"true",1,0,"split"
"3398-5",1,0,0,0,2,41,0,1476488961202,"true",1,0,"far"
"3398-5",0,1,0,0,1,1,0,1476488313369,"false",1,0,"close"
"3398-5",1,0,2,0,2,3,1,1476488339637,"true",0,0,"far"
"3398-5",1,0,0,0,2,2,0,1476488322352,"true",1,0,"far"
"3398-5",0,1,0,0,1,5,0,1476488403113,"true",1,0,"close"
"3398-5",0,0,1,1,0,4,0,1476488358126,"true",0,1,"split"
"3398-5",1,0,1,0,2,7,0,1476488446439,"false",0,1,"close"
"3398-5",0,0,1,1,0,6,0,1476488428246,"true",0,1,"split"
"3398-5",1,0,0,0,2,9,0,1476488484816,"false",1,0,"close"
"3398-5",1,0,0,0,2,8,0,1476488464239,"true",1,0,"split"
"3398-5",0,1,2,0,1,39,1,1476488939714,"true",0,0,"close"
"3398-5",0,0,1,1,0,38,0,1476488922799,"true",0,1,"split"
"3398-5",0,0,2,1,0,11,1,1476488534566,"true",0,0,"close"
"3398-5",1,0,1,0,2,10,0,1476488501187,"true",0,1,"split"
"3398-5",0,0,1,1,0,13,0,1476488569149,"true",0,1,"split"
"3398-5",0,0,1,1,0,12,0,1476488544937,"true",0,1,"far"
"3398-5",1,0,2,0,2,15,1,1476488601022,"true",0,0,"far"
"3398-5",0,0,1,1,0,14,0,1476488584163,"true",0,1,"close"
"3398-5",0,0,1,1,0,17,0,1476488627077,"false",0,1,"split"
"3398-5",0,1,1,0,1,16,0,1476488616770,"true",0,1,"split"
"3398-5",0,1,2,0,1,19,1,1476488660998,"true",0,0,"split"
"3398-5",0,0,1,1,0,18,0,1476488643517,"true",0,1,"close"
"3398-5",0,0,1,1,0,31,0,1476488820565,"false",0,1,"far"
"3398-5",0,0,2,1,0,30,1,1476488811962,"true",0,0,"far"
"3398-5",0,1,2,0,1,37,1,1476488914693,"true",0,0,"far"
"3398-5",0,1,1,0,1,36,0,1476488907326,"false",0,1,"split"
"3398-5",1,0,0,0,2,35,0,1476488894172,"true",1,0,"far"
"3398-5",1,0,2,0,2,34,1,1476488884176,"false",0,0,"close"
"3398-5",0,0,0,1,0,33,0,1476488869372,"true",1,0,"close"
"3398-5",1,0,0,0,2,32,0,1476488847906,"false",1,0,"split"
"3398-5",0,1,0,0,1,50,0,1476489069050,"false",1,0,"close"
