"gameid","sClicked_2","sClicked_1","lClickedIndex","sClicked_0","sClickedIndex","roundNum","lClicked_2","time","outcome","lClicked_0","lClicked_1","condition"
"3412-4",1,0,1,0,2,42,0,1459885320013,"true",0,1,"close"
"3412-4",1,0,0,0,2,48,0,1459885443959,"true",1,0,"close"
"3412-4",0,0,0,1,0,43,0,1459885328110,"true",1,0,"close"
"3412-4",0,1,1,0,1,49,0,1459885458284,"true",0,1,"split"
"3412-4",0,1,2,0,1,24,1,1459885096807,"true",0,0,"split"
"3412-4",1,0,2,0,2,25,1,1459885115156,"true",0,0,"far"
"3412-4",0,0,2,1,0,26,1,1459885125318,"true",0,0,"split"
"3412-4",1,0,1,0,2,27,0,1459885135244,"true",0,1,"far"
"3412-4",0,0,0,1,0,20,0,1459885017488,"true",1,0,"split"
"3412-4",1,0,2,0,2,21,1,1459885025933,"true",0,0,"far"
"3412-4",1,0,0,0,2,22,0,1459885063915,"true",1,0,"close"
"3412-4",0,0,1,1,0,23,0,1459885078435,"true",0,1,"split"
"3412-4",1,0,1,0,2,46,0,1459885393756,"true",0,1,"far"
"3412-4",1,0,0,0,2,47,0,1459885402630,"true",1,0,"split"
"3412-4",0,0,2,1,0,44,1,1459885362902,"false",0,0,"close"
"3412-4",0,1,1,0,1,45,0,1459885386054,"true",0,1,"close"
"3412-4",1,0,2,0,2,28,1,1459885142897,"true",0,0,"far"
"3412-4",1,0,1,0,2,29,0,1459885155008,"true",0,1,"split"
"3412-4",1,0,2,0,2,40,1,1459885286051,"true",0,0,"split"
"3412-4",0,1,2,0,1,41,1,1459885298468,"true",0,0,"far"
"3412-4",0,0,0,1,0,1,0,1459884671681,"true",1,0,"close"
"3412-4",0,0,1,1,0,3,0,1459884707887,"false",0,1,"far"
"3412-4",1,0,1,0,2,2,0,1459884687704,"true",0,1,"split"
"3412-4",0,1,2,0,1,5,1,1459884729729,"true",0,0,"far"
"3412-4",0,1,2,0,1,4,1,1459884718899,"true",0,0,"far"
"3412-4",0,0,0,1,0,7,0,1459884792711,"true",1,0,"split"
"3412-4",0,1,1,0,1,6,0,1459884751728,"true",0,1,"close"
"3412-4",1,0,2,0,2,9,1,1459884847057,"true",0,0,"far"
"3412-4",0,0,1,1,0,8,0,1459884803264,"true",0,1,"split"
"3412-4",0,0,0,1,0,39,0,1459885278092,"true",1,0,"far"
"3412-4",0,0,1,1,0,38,0,1459885270928,"true",0,1,"split"
"3412-4",1,0,1,0,2,11,0,1459884877080,"true",0,1,"close"
"3412-4",0,0,0,1,0,10,0,1459884858464,"true",1,0,"far"
"3412-4",1,0,0,0,2,13,0,1459884905853,"true",1,0,"split"
"3412-4",0,0,2,1,0,12,1,1459884886439,"true",0,0,"close"
"3412-4",1,0,0,0,2,15,0,1459884934069,"true",1,0,"close"
"3412-4",1,0,1,0,2,14,0,1459884919953,"true",0,1,"close"
"3412-4",0,1,0,0,1,17,0,1459884973373,"true",1,0,"close"
"3412-4",0,1,0,0,1,16,0,1459884948148,"true",1,0,"close"
"3412-4",0,0,0,1,0,19,0,1459885008959,"false",1,0,"close"
"3412-4",1,0,0,0,2,18,0,1459884985510,"true",1,0,"close"
"3412-4",0,1,2,0,1,31,1,1459885179089,"true",0,0,"split"
"3412-4",0,0,2,1,0,30,1,1459885164080,"true",0,0,"far"
"3412-4",1,0,0,0,2,37,0,1459885262449,"true",1,0,"close"
"3412-4",1,0,2,0,2,36,1,1459885240205,"true",0,0,"split"
"3412-4",0,0,1,1,0,35,0,1459885221932,"true",0,1,"split"
"3412-4",0,0,2,1,0,34,1,1459885207890,"true",0,0,"far"
"3412-4",0,1,2,0,1,33,1,1459885198719,"true",0,0,"far"
"3412-4",1,0,2,0,2,32,1,1459885190887,"true",0,0,"far"
"3412-4",0,1,1,0,1,50,0,1459885470525,"true",0,1,"split"
