"gameid","sClicked_2","sClicked_1","lClickedIndex","sClicked_0","sClickedIndex","roundNum","lClicked_2","time","outcome","lClicked_0","lClicked_1","condition"
"3421-f",1,0,2,0,2,42,1,1476490470799,"true",0,0,"far"
"3421-f",0,0,1,1,0,48,0,1476490603929,"true",0,1,"split"
"3421-f",0,1,1,0,1,43,0,1476490486165,"true",0,1,"split"
"3421-f",1,0,1,0,2,49,0,1476490613807,"true",0,1,"far"
"3421-f",0,0,2,1,0,24,1,1476490121685,"true",0,0,"split"
"3421-f",0,0,2,1,0,25,1,1476490144505,"true",0,0,"close"
"3421-f",0,0,0,1,0,26,0,1476490161392,"true",1,0,"close"
"3421-f",0,0,1,1,0,27,0,1476490173503,"true",0,1,"far"
"3421-f",1,0,2,0,2,21,1,1476490067093,"true",0,0,"close"
"3421-f",0,0,2,1,0,22,1,1476490085282,"true",0,0,"close"
"3421-f",0,0,2,1,0,23,1,1476490098105,"true",0,0,"far"
"3421-f",0,0,2,1,0,46,1,1476490564361,"false",0,0,"close"
"3421-f",1,0,1,0,2,47,0,1476490591781,"true",0,1,"close"
"3421-f",0,0,1,1,0,44,0,1476490508927,"true",0,1,"far"
"3421-f",1,0,1,0,2,45,0,1476490521551,"true",0,1,"split"
"3421-f",0,1,1,0,1,28,0,1476490184866,"true",0,1,"far"
"3421-f",0,0,2,1,0,29,1,1476490217756,"false",0,0,"split"
"3421-f",0,1,2,0,1,40,1,1476490448915,"true",0,0,"close"
"3421-f",1,0,0,0,2,41,0,1476490459593,"true",1,0,"far"
"3421-f",0,1,2,0,1,1,1,1476489597885,"true",0,0,"far"
"3421-f",0,0,0,1,0,3,0,1476489662018,"true",1,0,"close"
"3421-f",1,0,0,0,2,2,0,1476489617625,"false",1,0,"split"
"3421-f",0,1,2,0,1,5,1,1476489694876,"true",0,0,"far"
"3421-f",0,0,1,1,0,4,0,1476489682681,"true",0,1,"far"
"3421-f",1,0,2,0,2,7,1,1476489739414,"true",0,0,"split"
"3421-f",0,0,2,1,0,6,1,1476489724182,"true",0,0,"split"
"3421-f",0,0,0,1,0,9,0,1476489774671,"true",1,0,"close"
"3421-f",1,0,2,0,2,8,1,1476489759631,"true",0,0,"close"
"3421-f",0,1,1,0,1,39,0,1476490403621,"true",0,1,"far"
"3421-f",0,0,2,1,0,38,1,1476490393234,"false",0,0,"close"
"3421-f",0,0,0,1,0,11,0,1476489819359,"true",1,0,"close"
"3421-f",0,1,2,0,1,10,1,1476489802444,"true",0,0,"split"
"3421-f",1,0,1,0,2,13,0,1476489851833,"true",0,1,"far"
"3421-f",0,0,0,1,0,12,0,1476489839174,"true",1,0,"split"
"3421-f",0,0,2,1,0,15,1,1476489898835,"false",0,0,"close"
"3421-f",1,0,0,0,2,14,0,1476489864687,"true",1,0,"close"
"3421-f",0,1,2,0,1,17,1,1476489951794,"true",0,0,"split"
"3421-f",1,0,0,0,2,16,0,1476489915276,"false",1,0,"split"
"3421-f",0,0,1,1,0,19,0,1476489974805,"true",0,1,"far"
"3421-f",1,0,2,0,2,18,1,1476489964978,"true",0,0,"close"
"3421-f",0,1,1,0,1,31,0,1476490263244,"true",0,1,"split"
"3421-f",1,0,0,0,2,30,0,1476490234994,"true",1,0,"split"
"3421-f",0,1,0,0,1,37,0,1476490363330,"true",1,0,"far"
"3421-f",0,1,1,0,1,36,0,1476490351557,"true",0,1,"far"
"3421-f",0,0,0,1,0,35,0,1476490338104,"true",1,0,"close"
"3421-f",0,1,0,0,1,34,0,1476490318722,"true",1,0,"far"
"3421-f",1,0,0,0,2,33,0,1476490305658,"true",1,0,"close"
"3421-f",0,0,0,1,0,32,0,1476490277468,"true",1,0,"far"
"3421-f",0,0,1,1,0,50,0,1476490624460,"true",0,1,"split"
