"gameid","sClicked_2","sClicked_1","lClickedIndex","sClicked_0","sClickedIndex","roundNum","lClicked_2","time","outcome","lClicked_0","lClicked_1","condition"
"3424-d",0,0,0,1,0,42,0,1476472664821,"true",1,0,"split"
"3424-d",1,0,0,0,2,48,0,1476472755466,"true",1,0,"close"
"3424-d",0,1,1,0,1,43,0,1476472675773,"true",0,1,"split"
"3424-d",0,0,2,1,0,49,1,1476472771198,"true",0,0,"close"
"3424-d",1,0,2,0,2,24,1,1476472448684,"true",0,0,"split"
"3424-d",1,0,0,0,2,25,0,1476472466506,"false",1,0,"close"
"3424-d",0,0,2,1,0,26,1,1476472474375,"true",0,0,"split"
"3424-d",1,0,2,0,2,27,1,1476472483841,"true",0,0,"far"
"3424-d",0,1,2,0,1,20,1,1476472406899,"true",0,0,"split"
"3424-d",0,1,0,0,1,21,0,1476472417015,"true",1,0,"far"
"3424-d",1,0,2,0,2,22,1,1476472426659,"true",0,0,"far"
"3424-d",0,1,2,0,1,23,1,1476472434294,"true",0,0,"far"
"3424-d",0,0,1,1,0,46,0,1476472719613,"true",0,1,"split"
"3424-d",1,0,1,0,2,47,0,1476472737064,"true",0,1,"far"
"3424-d",1,0,2,0,2,44,1,1476472690047,"true",0,0,"split"
"3424-d",1,0,1,0,2,45,0,1476472698998,"true",0,1,"close"
"3424-d",1,0,0,0,2,28,0,1476472492870,"true",1,0,"split"
"3424-d",0,0,0,1,0,29,0,1476472505675,"true",1,0,"split"
"3424-d",1,0,2,0,2,40,1,1476472631320,"true",0,0,"far"
"3424-d",0,0,1,1,0,41,0,1476472648115,"true",0,1,"close"
"3424-d",1,0,0,0,2,1,0,1476472087213,"true",1,0,"close"
"3424-d",1,0,0,0,2,3,0,1476472124789,"true",1,0,"close"
"3424-d",0,1,2,0,1,2,1,1476472105796,"false",0,0,"far"
"3424-d",1,0,0,0,2,5,0,1476472168489,"true",1,0,"close"
"3424-d",0,1,2,0,1,4,1,1476472148149,"false",0,0,"split"
"3424-d",0,1,0,0,1,7,0,1476472211681,"true",1,0,"close"
"3424-d",0,1,0,0,1,6,0,1476472192533,"true",1,0,"far"
"3424-d",0,0,0,1,0,9,0,1476472238368,"true",1,0,"far"
"3424-d",1,0,0,0,2,8,0,1476472228238,"true",1,0,"split"
"3424-d",0,0,0,1,0,39,0,1476472623326,"true",1,0,"split"
"3424-d",0,0,2,1,0,38,1,1476472616775,"true",0,0,"far"
"3424-d",0,1,2,0,1,11,1,1476472294163,"true",0,0,"close"
"3424-d",0,0,1,1,0,10,0,1476472277600,"true",0,1,"close"
"3424-d",1,0,0,0,2,13,0,1476472316393,"true",1,0,"far"
"3424-d",0,0,0,1,0,12,0,1476472305733,"true",1,0,"close"
"3424-d",0,1,2,0,1,15,1,1476472337689,"true",0,0,"far"
"3424-d",0,0,1,1,0,14,0,1476472326409,"true",0,1,"split"
"3424-d",1,0,1,0,2,17,0,1476472360578,"true",0,1,"split"
"3424-d",1,0,2,0,2,16,1,1476472350194,"true",0,0,"close"
"3424-d",1,0,0,0,2,19,0,1476472394406,"true",1,0,"far"
"3424-d",1,0,2,0,2,18,1,1476472384115,"true",0,0,"close"
"3424-d",0,1,2,0,1,31,1,1476472526261,"true",0,0,"close"
"3424-d",1,0,1,0,2,30,0,1476472515498,"true",0,1,"far"
"3424-d",0,1,0,0,1,37,0,1476472603300,"true",1,0,"close"
"3424-d",0,1,1,0,1,36,0,1476472593058,"false",0,1,"split"
"3424-d",0,0,0,1,0,35,0,1476472580598,"true",1,0,"close"
"3424-d",0,1,0,0,1,34,0,1476472562289,"true",1,0,"far"
"3424-d",1,0,1,0,2,33,0,1476472550035,"true",0,1,"far"
"3424-d",1,0,0,0,2,32,0,1476472542443,"true",1,0,"far"
"3424-d",0,1,1,0,1,50,0,1476472785703,"true",0,1,"split"
