"gameid","sClicked_2","sClicked_1","lClickedIndex","sClicked_0","sClickedIndex","roundNum","lClicked_2","time","outcome","lClicked_0","lClicked_1","condition"
"3432-6",0,0,2,1,0,42,1,1459892577740,"true",0,0,"close"
"3432-6",0,0,2,1,0,48,1,1459892762549,"true",0,0,"close"
"3432-6",0,1,0,0,1,43,0,1459892629343,"true",1,0,"split"
"3432-6",1,0,0,0,2,49,0,1459892778417,"true",1,0,"split"
"3432-6",0,1,2,0,1,24,1,1459892202439,"true",0,0,"far"
"3432-6",0,1,2,0,1,25,1,1459892220784,"true",0,0,"split"
"3432-6",0,1,1,0,1,26,0,1459892284040,"true",0,1,"split"
"3432-6",0,0,2,1,0,27,1,1459892292864,"true",0,0,"far"
"3432-6",0,0,1,1,0,20,0,1459892145054,"true",0,1,"far"
"3432-6",1,0,0,0,2,21,0,1459892157570,"true",1,0,"split"
"3432-6",1,0,1,0,2,22,0,1459892182573,"true",0,1,"close"
"3432-6",0,1,2,0,1,23,1,1459892194231,"true",0,0,"close"
"3432-6",0,1,0,0,1,46,0,1459892677829,"true",1,0,"far"
"3432-6",1,0,1,0,2,47,0,1459892690378,"true",0,1,"far"
"3432-6",0,0,0,1,0,44,0,1459892640685,"true",1,0,"close"
"3432-6",1,0,1,0,2,45,0,1459892669309,"true",0,1,"split"
"3432-6",0,0,0,1,0,28,0,1459892314261,"true",1,0,"split"
"3432-6",0,1,0,0,1,29,0,1459892323862,"true",1,0,"split"
"3432-6",1,0,2,0,2,40,1,1459892543378,"true",0,0,"far"
"3432-6",1,0,1,0,2,41,0,1459892550757,"true",0,1,"far"
"3432-6",0,0,0,1,0,1,0,1459891837777,"false",1,0,"split"
"3432-6",1,0,2,0,2,3,1,1459891870196,"true",0,0,"close"
"3432-6",1,0,2,0,2,2,1,1459891847923,"true",0,0,"far"
"3432-6",0,1,0,0,1,5,0,1459891923684,"true",1,0,"far"
"3432-6",0,0,2,1,0,4,1,1459891892457,"true",0,0,"close"
"3432-6",0,0,1,1,0,7,0,1459891960697,"true",0,1,"far"
"3432-6",0,1,2,0,1,6,1,1459891949072,"true",0,0,"close"
"3432-6",0,0,0,1,0,9,0,1459891999945,"true",1,0,"close"
"3432-6",1,0,1,0,2,8,0,1459891971081,"true",0,1,"split"
"3432-6",0,1,1,0,1,39,0,1459892528282,"true",0,1,"far"
"3432-6",0,0,0,1,0,38,0,1459892518321,"false",1,0,"close"
"3432-6",0,1,0,0,1,11,0,1459892036113,"true",1,0,"close"
"3432-6",0,1,0,0,1,10,0,1459892007888,"true",1,0,"split"
"3432-6",1,0,2,0,2,13,1,1459892059042,"true",0,0,"far"
"3432-6",0,1,0,0,1,12,0,1459892049636,"true",1,0,"close"
"3432-6",1,0,1,0,2,15,0,1459892081879,"true",0,1,"far"
"3432-6",0,1,2,0,1,14,1,1459892066079,"true",0,0,"far"
"3432-6",0,0,2,1,0,17,1,1459892118370,"true",0,0,"close"
"3432-6",1,0,2,0,2,16,1,1459892089276,"true",0,0,"far"
"3432-6",0,1,0,0,1,19,0,1459892137431,"true",1,0,"far"
"3432-6",0,1,1,0,1,18,0,1459892130480,"true",0,1,"close"
"3432-6",1,0,0,0,2,31,0,1459892397397,"true",1,0,"split"
"3432-6",0,1,0,0,1,30,0,1459892367432,"true",1,0,"close"
"3432-6",0,0,1,1,0,37,0,1459892497580,"true",0,1,"close"
"3432-6",0,0,2,1,0,36,1,1459892483804,"true",0,0,"split"
"3432-6",0,0,2,1,0,35,1,1459892464137,"true",0,0,"close"
"3432-6",1,0,0,0,2,34,0,1459892439381,"true",1,0,"split"
"3432-6",0,0,0,1,0,33,0,1459892427548,"true",1,0,"split"
"3432-6",0,0,1,1,0,32,0,1459892405076,"true",0,1,"split"
"3432-6",1,0,2,0,2,50,1,1459892797716,"true",0,0,"split"
