"gameid","sClicked_2","sClicked_1","lClickedIndex","sClicked_0","sClickedIndex","roundNum","lClicked_2","time","outcome","lClicked_0","lClicked_1","condition"
"3441-c",0,1,0,0,1,42,0,1476490692568,"false",1,0,"split"
"3441-c",1,0,0,0,2,48,0,1476490757589,"true",1,0,"close"
"3441-c",1,0,1,0,2,43,0,1476490710299,"true",0,1,"far"
"3441-c",1,0,0,0,2,49,0,1476490764287,"true",1,0,"far"
"3441-c",0,1,2,0,1,24,1,1476490504889,"true",0,0,"far"
"3441-c",0,0,0,1,0,25,0,1476490512274,"true",1,0,"split"
"3441-c",1,0,2,0,2,26,1,1476490524095,"true",0,0,"close"
"3441-c",0,0,0,1,0,27,0,1476490548799,"true",1,0,"close"
"3441-c",1,0,0,0,2,20,0,1476490462566,"true",1,0,"close"
"3441-c",0,1,0,0,1,21,0,1476490471887,"true",1,0,"far"
"3441-c",0,1,1,0,1,22,0,1476490481078,"true",0,1,"split"
"3441-c",1,0,0,0,2,23,0,1476490493928,"true",1,0,"close"
"3441-c",0,0,0,1,0,46,0,1476490733970,"true",1,0,"close"
"3441-c",0,0,2,1,0,47,1,1476490748479,"true",0,0,"close"
"3441-c",0,0,0,1,0,44,0,1476490717810,"true",1,0,"far"
"3441-c",1,0,0,0,2,45,0,1476490726245,"true",1,0,"far"
"3441-c",1,0,0,0,2,28,0,1476490559623,"true",1,0,"split"
"3441-c",0,0,1,1,0,29,0,1476490566662,"true",0,1,"far"
"3441-c",1,0,2,0,2,40,1,1476490676853,"true",0,0,"split"
"3441-c",0,0,0,1,0,41,0,1476490682834,"true",1,0,"split"
"3441-c",0,1,2,0,1,1,1,1476490184908,"true",0,0,"far"
"3441-c",0,1,2,0,1,3,1,1476490213686,"true",0,0,"close"
"3441-c",1,0,1,0,2,2,0,1476490196188,"true",0,1,"close"
"3441-c",0,0,0,1,0,5,0,1476490241388,"true",1,0,"split"
"3441-c",1,0,1,0,2,4,0,1476490226738,"false",0,1,"split"
"3441-c",1,0,2,0,2,7,1,1476490257884,"true",0,0,"far"
"3441-c",0,0,2,1,0,6,1,1476490250997,"true",0,0,"far"
"3441-c",0,1,1,0,1,9,0,1476490276658,"true",0,1,"close"
"3441-c",0,1,1,0,1,8,0,1476490266972,"true",0,1,"split"
"3441-c",1,0,2,0,2,39,1,1476490663439,"true",0,0,"close"
"3441-c",1,0,2,0,2,38,1,1476490652962,"false",0,0,"close"
"3441-c",1,0,1,0,2,11,0,1476490325391,"true",0,1,"split"
"3441-c",0,0,0,1,0,10,0,1476490287914,"true",1,0,"far"
"3441-c",0,1,2,0,1,13,1,1476490358137,"true",0,0,"close"
"3441-c",1,0,0,0,2,12,0,1476490346009,"false",1,0,"split"
"3441-c",0,1,1,0,1,15,0,1476490396735,"false",0,1,"close"
"3441-c",1,0,2,0,2,14,1,1476490367167,"true",0,0,"split"
"3441-c",0,0,2,1,0,17,1,1476490421871,"true",0,0,"far"
"3441-c",0,1,2,0,1,16,1,1476490414015,"true",0,0,"close"
"3441-c",0,1,1,0,1,19,0,1476490450815,"true",0,1,"split"
"3441-c",0,1,1,0,1,18,0,1476490437372,"true",0,1,"split"
"3441-c",0,1,2,0,1,31,1,1476490588985,"true",0,0,"far"
"3441-c",1,0,0,0,2,30,0,1476490577356,"true",1,0,"close"
"3441-c",0,1,2,0,1,37,1,1476490638306,"true",0,0,"far"
"3441-c",0,0,0,1,0,36,0,1476490630348,"true",1,0,"split"
"3441-c",1,0,2,0,2,35,1,1476490619858,"true",0,0,"far"
"3441-c",0,1,1,0,1,34,0,1476490612524,"true",0,1,"close"
"3441-c",0,1,2,0,1,33,1,1476490603942,"true",0,0,"far"
"3441-c",1,0,2,0,2,32,1,1476490597160,"true",0,0,"far"
"3441-c",0,0,2,1,0,50,1,1476490771317,"true",0,0,"split"
