"gameid","sClicked_2","sClicked_1","lClickedIndex","sClicked_0","sClickedIndex","roundNum","lClicked_2","time","outcome","lClicked_0","lClicked_1","condition"
"3454-a",1,0,1,0,2,42,0,1476990777936,"true",0,1,"far"
"3454-a",0,1,0,0,1,48,0,1476990838001,"true",1,0,"split"
"3454-a",1,0,1,0,2,43,0,1476990789446,"true",0,1,"close"
"3454-a",0,0,0,1,0,49,0,1476990849607,"false",1,0,"close"
"3454-a",0,0,2,1,0,24,1,1476990573151,"true",0,0,"close"
"3454-a",0,1,2,0,1,25,1,1476990583926,"true",0,0,"far"
"3454-a",1,0,2,0,2,26,1,1476990589831,"true",0,0,"far"
"3454-a",0,0,2,1,0,27,1,1476990595892,"true",0,0,"split"
"3454-a",1,0,1,0,2,20,0,1476990531611,"true",0,1,"split"
"3454-a",0,0,1,1,0,21,0,1476990541700,"true",0,1,"close"
"3454-a",0,0,2,1,0,22,1,1476990554670,"true",0,0,"far"
"3454-a",1,0,0,0,2,23,0,1476990562656,"true",1,0,"split"
"3454-a",0,1,1,0,1,46,0,1476990816977,"true",0,1,"far"
"3454-a",0,0,0,1,0,47,0,1476990824072,"true",1,0,"far"
"3454-a",0,0,2,1,0,44,1,1476990801116,"false",0,0,"split"
"3454-a",0,0,1,1,0,45,0,1476990807388,"true",0,1,"far"
"3454-a",0,0,1,1,0,28,0,1476990604570,"true",0,1,"split"
"3454-a",1,0,1,0,2,29,0,1476990611361,"true",0,1,"far"
"3454-a",0,0,2,1,0,40,1,1476990746186,"true",0,0,"split"
"3454-a",1,0,1,0,2,41,0,1476990765992,"true",0,1,"close"
"3454-a",0,1,0,0,1,1,0,1476990270170,"true",1,0,"far"
"3454-a",0,1,1,0,1,3,0,1476990291200,"true",0,1,"split"
"3454-a",0,1,0,0,1,2,0,1476990284120,"true",1,0,"split"
"3454-a",0,0,2,1,0,5,1,1476990319140,"true",0,0,"close"
"3454-a",1,0,2,0,2,4,1,1476990297815,"true",0,0,"far"
"3454-a",0,1,0,0,1,7,0,1476990356025,"true",1,0,"split"
"3454-a",0,0,1,1,0,6,0,1476990342350,"true",0,1,"split"
"3454-a",0,1,1,0,1,9,0,1476990373729,"true",0,1,"close"
"3454-a",0,0,2,1,0,8,1,1476990365575,"true",0,0,"close"
"3454-a",1,0,2,0,2,39,1,1476990736252,"true",0,0,"close"
"3454-a",0,1,0,0,1,38,0,1476990714236,"true",1,0,"far"
"3454-a",0,0,0,1,0,11,0,1476990397732,"true",1,0,"close"
"3454-a",0,1,0,0,1,10,0,1476990388630,"true",1,0,"close"
"3454-a",0,0,2,1,0,13,1,1476990432865,"true",0,0,"close"
"3454-a",0,0,1,1,0,12,0,1476990414206,"true",0,1,"split"
"3454-a",0,1,2,0,1,15,1,1476990462736,"true",0,0,"far"
"3454-a",1,0,0,0,2,14,0,1476990444502,"false",1,0,"close"
"3454-a",0,1,2,0,1,17,1,1476990491491,"true",0,0,"close"
"3454-a",0,1,1,0,1,16,0,1476990476175,"true",0,1,"far"
"3454-a",0,0,2,1,0,19,1,1476990512426,"true",0,0,"split"
"3454-a",1,0,1,0,2,18,0,1476990497785,"true",0,1,"far"
"3454-a",1,0,0,0,2,31,0,1476990629796,"false",1,0,"close"
"3454-a",0,0,0,1,0,30,0,1476990617094,"true",1,0,"far"
"3454-a",0,0,0,1,0,37,0,1476990707026,"true",1,0,"split"
"3454-a",1,0,2,0,2,36,1,1476990700000,"true",0,0,"split"
"3454-a",1,0,1,0,2,35,0,1476990683196,"true",0,1,"split"
"3454-a",1,0,2,0,2,34,1,1476990667286,"true",0,0,"split"
"3454-a",1,0,1,0,2,33,0,1476990658496,"true",0,1,"close"
"3454-a",0,0,1,1,0,32,0,1476990636006,"true",0,1,"far"
"3454-a",0,1,0,0,1,50,0,1476990869130,"true",1,0,"far"
