"gameid","sClicked_2","sClicked_1","lClickedIndex","sClicked_0","sClickedIndex","roundNum","lClicked_2","time","outcome","lClicked_0","lClicked_1","condition"
"3464-e",0,1,2,0,1,42,1,1476479517630,"true",0,0,"split"
"3464-e",1,0,2,0,2,48,1,1476479584319,"true",0,0,"far"
"3464-e",0,1,0,0,1,43,0,1476479528408,"false",1,0,"far"
"3464-e",0,0,0,1,0,49,0,1476479608045,"true",1,0,"split"
"3464-e",1,0,0,0,2,24,0,1476479291766,"false",1,0,"close"
"3464-e",0,1,1,0,1,25,0,1476479300888,"true",0,1,"far"
"3464-e",0,1,1,0,1,26,0,1476479317342,"false",0,1,"close"
"3464-e",0,1,2,0,1,27,1,1476479328748,"false",0,0,"close"
"3464-e",0,0,1,1,0,20,0,1476479191576,"true",0,1,"close"
"3464-e",0,0,1,1,0,21,0,1476479210087,"false",0,1,"close"
"3464-e",1,0,0,0,2,22,0,1476479222439,"true",1,0,"far"
"3464-e",0,1,1,0,1,23,0,1476479249906,"true",0,1,"far"
"3464-e",0,0,2,1,0,46,1,1476479562435,"true",0,0,"split"
"3464-e",1,0,0,0,2,47,0,1476479576784,"true",1,0,"far"
"3464-e",1,0,1,0,2,44,0,1476479546792,"false",0,1,"close"
"3464-e",0,1,2,0,1,45,1,1476479554674,"true",0,0,"far"
"3464-e",0,1,1,0,1,28,0,1476479344883,"true",0,1,"close"
"3464-e",0,0,1,1,0,29,0,1476479364198,"true",0,1,"far"
"3464-e",0,1,0,0,1,40,0,1476479489508,"true",1,0,"close"
"3464-e",0,1,1,0,1,41,0,1476479503782,"true",0,1,"split"
"3464-e",1,0,1,0,2,1,0,1476478788877,"false",0,1,"far"
"3464-e",0,1,0,0,1,3,0,1476478823889,"true",1,0,"split"
"3464-e",0,1,2,0,1,2,1,1476478810571,"true",0,0,"close"
"3464-e",0,1,2,0,1,5,1,1476478876581,"true",0,0,"close"
"3464-e",1,0,2,0,2,4,1,1476478835325,"false",0,0,"split"
"3464-e",0,0,2,1,0,7,1,1476478929360,"true",0,0,"far"
"3464-e",0,0,2,1,0,6,1,1476478903571,"true",0,0,"split"
"3464-e",1,0,0,0,2,9,0,1476478963877,"false",1,0,"close"
"3464-e",0,1,1,0,1,8,0,1476478939404,"true",0,1,"far"
"3464-e",0,0,2,1,0,39,1,1476479481308,"true",0,0,"far"
"3464-e",0,0,1,1,0,38,0,1476479473074,"false",0,1,"close"
"3464-e",0,0,0,1,0,11,0,1476479005721,"true",1,0,"close"
"3464-e",1,0,2,0,2,10,1,1476478974368,"false",0,0,"split"
"3464-e",0,1,1,0,1,13,0,1476479045419,"true",0,1,"far"
"3464-e",0,0,2,1,0,12,1,1476479033665,"true",0,0,"split"
"3464-e",0,1,0,0,1,15,0,1476479117435,"true",1,0,"split"
"3464-e",0,1,0,0,1,14,0,1476479102930,"true",1,0,"close"
"3464-e",1,0,1,0,2,17,0,1476479154921,"false",0,1,"far"
"3464-e",1,0,0,0,2,16,0,1476479125924,"true",1,0,"far"
"3464-e",1,0,2,0,2,19,1,1476479182746,"false",0,0,"split"
"3464-e",0,1,2,0,1,18,1,1476479167418,"false",0,0,"close"
"3464-e",0,0,2,1,0,31,1,1476479399077,"true",0,0,"close"
"3464-e",0,0,2,1,0,30,1,1476479382610,"true",0,0,"split"
"3464-e",0,1,0,0,1,37,0,1476479460784,"true",1,0,"split"
"3464-e",1,0,1,0,2,36,0,1476479452316,"true",0,1,"far"
"3464-e",0,0,0,1,0,35,0,1476479443629,"true",1,0,"split"
"3464-e",1,0,1,0,2,34,0,1476479433749,"true",0,1,"split"
"3464-e",1,0,2,0,2,33,1,1476479418508,"true",0,0,"far"
"3464-e",0,1,0,0,1,32,0,1476479410303,"true",1,0,"split"
"3464-e",0,0,1,1,0,50,0,1476479619450,"false",0,1,"close"
