"gameid","sClicked_2","sClicked_1","lClickedIndex","sClicked_0","sClickedIndex","roundNum","lClicked_2","time","outcome","lClicked_0","lClicked_1","condition"
"3466-2",1,0,0,0,2,42,0,1476990047550,"true",1,0,"split"
"3466-2",1,0,0,0,2,48,0,1476990140341,"true",1,0,"close"
"3466-2",0,1,2,0,1,43,1,1476990057414,"true",0,0,"close"
"3466-2",1,0,0,0,2,49,0,1476990149549,"true",1,0,"far"
"3466-2",1,0,1,0,2,24,0,1476989649937,"true",0,1,"far"
"3466-2",0,1,1,0,1,25,0,1476989661444,"true",0,1,"far"
"3466-2",1,0,1,0,2,26,0,1476989740145,"true",0,1,"split"
"3466-2",1,0,2,0,2,27,1,1476989754474,"true",0,0,"far"
"3466-2",1,0,0,0,2,20,0,1476989597586,"true",1,0,"close"
"3466-2",0,1,0,0,1,21,0,1476989609202,"true",1,0,"close"
"3466-2",1,0,0,0,2,22,0,1476989617530,"true",1,0,"close"
"3466-2",0,1,2,0,1,23,1,1476989640269,"true",0,0,"close"
"3466-2",0,0,2,1,0,46,1,1476990109982,"true",0,0,"close"
"3466-2",1,0,0,0,2,47,0,1476990126075,"true",1,0,"split"
"3466-2",1,0,0,0,2,44,0,1476990079935,"true",1,0,"close"
"3466-2",1,0,2,0,2,45,1,1476990093917,"true",0,0,"far"
"3466-2",1,0,1,0,2,28,0,1476989775879,"true",0,1,"close"
"3466-2",0,1,1,0,1,29,0,1476989791713,"true",0,1,"far"
"3466-2",1,0,1,0,2,40,0,1476989994742,"true",0,1,"far"
"3466-2",1,0,1,0,2,41,0,1476990030285,"true",0,1,"split"
"3466-2",0,0,1,1,0,1,0,1476989160569,"true",0,1,"split"
"3466-2",0,0,0,1,0,3,0,1476989229174,"true",1,0,"close"
"3466-2",0,1,0,0,1,2,0,1476989176135,"true",1,0,"far"
"3466-2",0,0,2,1,0,5,1,1476989286541,"true",0,0,"far"
"3466-2",0,1,1,0,1,4,0,1476989267695,"false",0,1,"split"
"3466-2",1,0,1,0,2,7,0,1476989309373,"true",0,1,"close"
"3466-2",0,1,0,0,1,6,0,1476989298742,"true",1,0,"far"
"3466-2",1,0,1,0,2,9,0,1476989344192,"false",0,1,"close"
"3466-2",0,0,1,1,0,8,0,1476989320109,"true",0,1,"split"
"3466-2",0,0,0,1,0,39,0,1476989986662,"true",1,0,"far"
"3466-2",0,0,1,1,0,38,0,1476989974990,"true",0,1,"split"
"3466-2",1,0,0,0,2,11,0,1476989372508,"true",1,0,"split"
"3466-2",0,0,1,1,0,10,0,1476989355412,"false",0,1,"split"
"3466-2",0,1,1,0,1,13,0,1476989441300,"true",0,1,"split"
"3466-2",1,0,1,0,2,12,0,1476989428140,"true",0,1,"close"
"3466-2",0,0,1,1,0,15,0,1476989471291,"true",0,1,"far"
"3466-2",0,1,0,0,1,14,0,1476989455508,"true",1,0,"close"
"3466-2",0,0,1,1,0,17,0,1476989533634,"true",0,1,"split"
"3466-2",0,1,2,0,1,16,1,1476989511498,"false",0,0,"split"
"3466-2",0,0,2,1,0,19,1,1476989575256,"true",0,0,"far"
"3466-2",1,0,2,0,2,18,1,1476989567148,"true",0,0,"split"
"3466-2",0,0,0,1,0,30,0,1476989802664,"true",1,0,"far"
"3466-2",1,0,0,0,2,37,0,1476989954265,"true",1,0,"split"
"3466-2",1,0,0,0,2,36,0,1476989945486,"true",1,0,"split"
"3466-2",0,1,2,0,1,35,1,1476989927815,"true",0,0,"close"
"3466-2",1,0,1,0,2,34,0,1476989878336,"true",0,1,"split"
"3466-2",0,1,1,0,1,33,0,1476989863247,"true",0,1,"far"
"3466-2",0,1,0,0,1,32,0,1476989854225,"true",1,0,"far"
"3466-2",1,0,1,0,2,50,0,1476990174876,"true",0,1,"far"
