"gameid","sClicked_2","sClicked_1","lClickedIndex","sClicked_0","sClickedIndex","roundNum","lClicked_2","time","outcome","lClicked_0","lClicked_1","condition"
"3466-0",1,0,1,0,2,42,0,1476994508417,"true",0,1,"far"
"3466-0",0,1,2,0,1,48,1,1476994582799,"true",0,0,"close"
"3466-0",0,1,1,0,1,43,0,1476994521017,"true",0,1,"far"
"3466-0",0,1,2,0,1,49,1,1476994594690,"true",0,0,"close"
"3466-0",0,0,2,1,0,24,1,1476994299286,"true",0,0,"split"
"3466-0",1,0,2,0,2,25,1,1476994308687,"true",0,0,"split"
"3466-0",0,1,2,0,1,26,1,1476994318004,"true",0,0,"split"
"3466-0",1,0,0,0,2,27,0,1476994337381,"true",1,0,"split"
"3466-0",1,0,1,0,2,20,0,1476994257543,"true",0,1,"split"
"3466-0",1,0,0,0,2,21,0,1476994268836,"true",1,0,"close"
"3466-0",0,0,1,1,0,22,0,1476994279219,"true",0,1,"far"
"3466-0",1,0,0,0,2,23,0,1476994289633,"true",1,0,"close"
"3466-0",0,1,2,0,1,46,1,1476994552840,"true",0,0,"split"
"3466-0",1,0,2,0,2,47,1,1476994569050,"true",0,0,"close"
"3466-0",1,0,1,0,2,44,0,1476994530847,"true",0,1,"split"
"3466-0",0,0,0,1,0,45,0,1476994539786,"true",1,0,"close"
"3466-0",0,1,2,0,1,28,1,1476994361779,"false",0,0,"close"
"3466-0",1,0,0,0,2,29,0,1476994379681,"true",1,0,"close"
"3466-0",1,0,2,0,2,40,1,1476994489485,"false",0,0,"far"
"3466-0",0,0,0,1,0,41,0,1476994497183,"true",1,0,"far"
"3466-0",1,0,1,0,2,1,0,1476994058048,"true",0,1,"split"
"3466-0",0,0,0,1,0,3,0,1476994078391,"true",1,0,"split"
"3466-0",0,1,2,0,1,2,1,1476994068335,"true",0,0,"close"
"3466-0",0,0,0,1,0,5,0,1476994111205,"true",1,0,"split"
"3466-0",0,0,2,1,0,4,1,1476994094415,"true",0,0,"close"
"3466-0",0,1,1,0,1,7,0,1476994127006,"true",0,1,"far"
"3466-0",0,1,1,0,1,6,0,1476994119078,"true",0,1,"split"
"3466-0",1,0,2,0,2,9,1,1476994144201,"true",0,0,"far"
"3466-0",0,1,0,0,1,8,0,1476994137243,"true",1,0,"split"
"3466-0",1,0,0,0,2,39,0,1476994475025,"true",1,0,"far"
"3466-0",1,0,2,0,2,38,1,1476994466850,"true",0,0,"split"
"3466-0",0,1,1,0,1,11,0,1476994159696,"true",0,1,"far"
"3466-0",0,1,2,0,1,10,1,1476994150841,"true",0,0,"far"
"3466-0",0,0,0,1,0,13,0,1476994178977,"true",1,0,"far"
"3466-0",1,0,2,0,2,12,1,1476994167506,"true",0,0,"close"
"3466-0",0,0,1,1,0,15,0,1476994199483,"true",0,1,"far"
"3466-0",0,1,0,0,1,14,0,1476994188809,"true",1,0,"close"
"3466-0",0,0,0,1,0,17,0,1476994222424,"true",1,0,"far"
"3466-0",0,0,0,1,0,16,0,1476994212135,"true",1,0,"close"
"3466-0",1,0,1,0,2,19,0,1476994247975,"true",0,1,"far"
"3466-0",1,0,1,0,2,18,0,1476994241245,"true",0,1,"close"
"3466-0",0,1,0,0,1,31,0,1476994399212,"true",1,0,"split"
"3466-0",1,0,0,0,2,30,0,1476994387182,"true",1,0,"close"
"3466-0",0,0,0,1,0,37,0,1476994457730,"true",1,0,"far"
"3466-0",0,0,2,1,0,36,1,1476994451083,"true",0,0,"split"
"3466-0",0,1,0,0,1,35,0,1476994441534,"true",1,0,"split"
"3466-0",0,1,0,0,1,34,0,1476994433148,"true",1,0,"close"
"3466-0",0,1,2,0,1,33,1,1476994423968,"true",0,0,"split"
"3466-0",0,1,0,0,1,32,0,1476994406055,"true",1,0,"far"
"3466-0",0,0,0,1,0,50,0,1476994601643,"true",1,0,"far"
