"gameid","sClicked_2","sClicked_1","lClickedIndex","sClicked_0","sClickedIndex","roundNum","lClicked_2","time","outcome","lClicked_0","lClicked_1","condition"
"3477-f",0,0,1,1,0,42,0,1477001367595,"true",0,1,"far"
"3477-f",1,0,2,0,2,48,1,1477001435904,"true",0,0,"split"
"3477-f",1,0,0,0,2,43,0,1477001374509,"true",1,0,"far"
"3477-f",0,1,1,0,1,49,0,1477001443196,"true",0,1,"far"
"3477-f",1,0,1,0,2,24,0,1477001183186,"true",0,1,"split"
"3477-f",1,0,1,0,2,25,0,1477001199116,"true",0,1,"split"
"3477-f",0,0,2,1,0,26,1,1477001223259,"true",0,0,"split"
"3477-f",0,1,0,0,1,27,0,1477001235182,"true",1,0,"far"
"3477-f",1,0,2,0,2,20,1,1477001116952,"true",0,0,"far"
"3477-f",1,0,1,0,2,21,0,1477001143509,"true",0,1,"close"
"3477-f",1,0,0,0,2,22,0,1477001153111,"true",1,0,"close"
"3477-f",0,1,2,0,1,23,1,1477001164096,"false",0,0,"split"
"3477-f",0,0,0,1,0,46,0,1477001407812,"true",1,0,"split"
"3477-f",1,0,2,0,2,47,1,1477001416829,"true",0,0,"close"
"3477-f",0,1,2,0,1,44,1,1477001382406,"true",0,0,"close"
"3477-f",1,0,0,0,2,45,0,1477001399997,"true",1,0,"far"
"3477-f",0,1,2,0,1,28,1,1477001241428,"true",0,0,"far"
"3477-f",1,0,2,0,2,29,1,1477001249618,"true",0,0,"far"
"3477-f",0,0,1,1,0,40,0,1477001350542,"true",0,1,"close"
"3477-f",0,1,2,0,1,41,1,1477001357842,"true",0,0,"split"
"3477-f",0,0,0,1,0,1,0,1477000826171,"false",1,0,"split"
"3477-f",0,1,0,0,1,3,0,1477000841566,"true",1,0,"far"
"3477-f",1,0,1,0,2,2,0,1477000833626,"true",0,1,"far"
"3477-f",0,0,0,1,0,5,0,1477000869771,"true",1,0,"close"
"3477-f",1,0,1,0,2,4,0,1477000858539,"true",0,1,"split"
"3477-f",1,0,1,0,2,7,0,1477000935032,"true",0,1,"close"
"3477-f",0,0,2,1,0,6,1,1477000899960,"true",0,0,"close"
"3477-f",0,0,1,1,0,9,0,1477000956644,"true",0,1,"far"
"3477-f",1,0,0,0,2,8,0,1477000949345,"true",1,0,"close"
"3477-f",0,0,2,1,0,39,1,1477001340188,"true",0,0,"split"
"3477-f",0,0,1,1,0,38,0,1477001330460,"true",0,1,"far"
"3477-f",0,0,2,1,0,11,1,1477000982841,"true",0,0,"close"
"3477-f",1,0,0,0,2,10,0,1477000973640,"true",1,0,"far"
"3477-f",0,1,2,0,1,13,1,1477001001951,"true",0,0,"split"
"3477-f",0,1,1,0,1,12,0,1477000991772,"true",0,1,"close"
"3477-f",0,0,0,1,0,15,0,1477001038268,"true",1,0,"split"
"3477-f",0,0,2,1,0,14,1,1477001018937,"true",0,0,"close"
"3477-f",1,0,1,0,2,17,0,1477001060289,"true",0,1,"close"
"3477-f",0,1,2,0,1,16,1,1477001045845,"true",0,0,"split"
"3477-f",0,0,0,1,0,19,0,1477001108816,"true",1,0,"far"
"3477-f",0,0,1,1,0,18,0,1477001093252,"false",0,1,"close"
"3477-f",1,0,2,0,2,31,1,1477001264060,"true",0,0,"far"
"3477-f",1,0,0,0,2,30,0,1477001257274,"true",1,0,"far"
"3477-f",1,0,0,0,2,37,0,1477001323368,"true",1,0,"split"
"3477-f",0,0,1,1,0,36,0,1477001314956,"true",0,1,"split"
"3477-f",0,0,1,1,0,35,0,1477001305710,"true",0,1,"close"
"3477-f",0,1,0,0,1,34,0,1477001295728,"true",1,0,"split"
"3477-f",1,0,0,0,2,33,0,1477001283025,"true",1,0,"close"
"3477-f",1,0,1,0,2,32,0,1477001271520,"true",0,1,"far"
"3477-f",0,1,2,0,1,50,1,1477001464431,"false",0,0,"split"
