"gameid","sClicked_2","sClicked_1","lClickedIndex","sClicked_0","sClickedIndex","roundNum","lClicked_2","time","outcome","lClicked_0","lClicked_1","condition"
"3498-f",0,0,1,1,0,42,0,1476486320809,"true",0,1,"split"
"3498-f",1,0,1,0,2,48,0,1476486401698,"true",0,1,"far"
"3498-f",0,1,0,0,1,43,0,1476486328137,"true",1,0,"split"
"3498-f",0,0,2,1,0,49,1,1476486410740,"true",0,0,"split"
"3498-f",0,1,0,0,1,24,0,1476486006947,"true",1,0,"far"
"3498-f",0,0,1,1,0,25,0,1476486022566,"true",0,1,"far"
"3498-f",0,0,1,1,0,26,0,1476486033096,"true",0,1,"far"
"3498-f",1,0,2,0,2,27,1,1476486052273,"true",0,0,"close"
"3498-f",1,0,2,0,2,20,1,1476485939025,"true",0,0,"close"
"3498-f",0,0,1,1,0,21,0,1476485963481,"true",0,1,"split"
"3498-f",0,1,0,0,1,22,0,1476485981496,"true",1,0,"close"
"3498-f",0,1,1,0,1,23,0,1476485990538,"true",0,1,"split"
"3498-f",0,1,0,0,1,46,0,1476486384778,"true",1,0,"close"
"3498-f",0,0,0,1,0,47,0,1476486392962,"true",1,0,"far"
"3498-f",0,0,1,1,0,44,0,1476486343601,"false",0,1,"close"
"3498-f",0,0,0,1,0,45,0,1476486352748,"true",1,0,"close"
"3498-f",0,1,2,0,1,28,1,1476486062777,"true",0,0,"far"
"3498-f",1,0,0,0,2,29,0,1476486071952,"true",1,0,"split"
"3498-f",0,0,1,1,0,40,0,1476486286554,"false",0,1,"split"
"3498-f",0,1,2,0,1,41,1,1476486314154,"false",0,0,"close"
"3498-f",0,0,0,1,0,1,0,1476485695551,"true",1,0,"split"
"3498-f",0,0,0,1,0,3,0,1476485727200,"false",1,0,"close"
"3498-f",0,1,2,0,1,2,1,1476485710943,"false",0,0,"close"
"3498-f",0,1,1,0,1,5,0,1476485748327,"true",0,1,"close"
"3498-f",0,0,0,1,0,4,0,1476485737570,"true",1,0,"far"
"3498-f",0,1,2,0,1,7,1,1476485781001,"true",0,0,"far"
"3498-f",1,0,2,0,2,6,1,1476485772719,"false",0,0,"close"
"3498-f",0,0,0,1,0,9,0,1476485804098,"true",1,0,"close"
"3498-f",1,0,0,0,2,8,0,1476485794489,"true",1,0,"split"
"3498-f",1,0,2,0,2,39,1,1476486251921,"true",0,0,"far"
"3498-f",0,0,0,1,0,38,0,1476486242586,"true",1,0,"split"
"3498-f",0,1,2,0,1,11,1,1476485824984,"true",0,0,"split"
"3498-f",0,0,2,1,0,10,1,1476485814865,"true",0,0,"far"
"3498-f",0,1,2,0,1,13,1,1476485852472,"true",0,0,"far"
"3498-f",0,0,1,1,0,12,0,1476485840473,"true",0,1,"far"
"3498-f",1,0,2,0,2,15,1,1476485882641,"true",0,0,"split"
"3498-f",0,0,0,1,0,14,0,1476485872626,"true",1,0,"close"
"3498-f",0,1,1,0,1,17,0,1476485908776,"true",0,1,"split"
"3498-f",0,1,1,0,1,16,0,1476485898186,"false",0,1,"close"
"3498-f",0,1,0,0,1,19,0,1476485929428,"true",1,0,"far"
"3498-f",0,0,1,1,0,18,0,1476485921513,"true",0,1,"far"
"3498-f",0,1,2,0,1,31,1,1476486100129,"true",0,0,"far"
"3498-f",1,0,2,0,2,30,1,1476486084136,"true",0,0,"split"
"3498-f",0,1,0,0,1,37,0,1476486213706,"true",1,0,"close"
"3498-f",1,0,0,0,2,36,0,1476486203331,"false",1,0,"split"
"3498-f",0,0,0,1,0,35,0,1476486194497,"true",1,0,"split"
"3498-f",0,1,2,0,1,34,1,1476486176976,"true",0,0,"far"
"3498-f",1,0,0,0,2,33,0,1476486162224,"true",1,0,"close"
"3498-f",1,0,0,0,2,32,0,1476486139225,"true",1,0,"split"
"3498-f",0,1,2,0,1,50,1,1476486422555,"true",0,0,"close"
