"gameid","sClicked_2","sClicked_1","lClickedIndex","sClicked_0","sClickedIndex","roundNum","lClicked_2","time","outcome","lClicked_0","lClicked_1","condition"
"3506-5",0,0,2,1,0,42,1,1476989725115,"true",0,0,"close"
"3506-5",0,0,1,1,0,43,0,1476989744372,"true",0,1,"close"
"3506-5",0,0,1,1,0,49,0,1476989869525,"false",0,1,"split"
"3506-5",0,0,0,1,0,24,0,1476989102487,"true",1,0,"split"
"3506-5",0,1,1,0,1,25,0,1476989109334,"true",0,1,"split"
"3506-5",1,0,2,0,2,26,1,1476989118735,"true",0,0,"far"
"3506-5",0,1,2,0,1,27,1,1476989131743,"true",0,0,"far"
"3506-5",0,1,2,0,1,20,1,1476989046724,"true",0,0,"close"
"3506-5",0,1,1,0,1,21,0,1476989055408,"true",0,1,"far"
"3506-5",1,0,2,0,2,48,1,1476989862478,"true",0,0,"split"
"3506-5",0,1,1,0,1,23,0,1476989093559,"true",0,1,"far"
"3506-5",0,1,0,0,1,46,0,1476989837564,"true",1,0,"far"
"3506-5",1,0,1,0,2,47,0,1476989852394,"true",0,1,"close"
"3506-5",1,0,1,0,2,44,0,1476989778610,"true",0,1,"close"
"3506-5",0,1,2,0,1,45,1,1476989830237,"true",0,0,"close"
"3506-5",0,0,2,1,0,28,1,1476989142344,"true",0,0,"split"
"3506-5",0,1,2,0,1,29,1,1476989150998,"true",0,0,"close"
"3506-5",0,0,1,1,0,40,0,1476989548050,"true",0,1,"far"
"3506-5",0,0,1,1,0,41,0,1476989594866,"true",0,1,"far"
"3506-5",0,0,0,1,0,1,0,1476988783334,"false",1,0,"close"
"3506-5",0,1,0,0,1,3,0,1476988798971,"true",1,0,"close"
"3506-5",1,0,2,0,2,2,1,1476988792894,"true",0,0,"split"
"3506-5",1,0,0,0,2,5,0,1476988828253,"true",1,0,"far"
"3506-5",1,0,2,0,2,4,1,1476988817707,"true",0,0,"split"
"3506-5",1,0,0,0,2,7,0,1476988853719,"true",1,0,"split"
"3506-5",1,0,1,0,2,6,0,1476988844006,"true",0,1,"close"
"3506-5",1,0,1,0,2,9,0,1476988876934,"true",0,1,"close"
"3506-5",0,0,1,1,0,8,0,1476988862414,"true",0,1,"split"
"3506-5",0,0,2,1,0,39,1,1476989521419,"false",0,0,"far"
"3506-5",1,0,2,0,2,38,1,1476989505959,"true",0,0,"close"
"3506-5",1,0,1,0,2,11,0,1476988928510,"true",0,1,"far"
"3506-5",0,1,1,0,1,10,0,1476988894799,"true",0,1,"far"
"3506-5",1,0,0,0,2,13,0,1476988954390,"true",1,0,"split"
"3506-5",1,0,0,0,2,12,0,1476988938581,"true",1,0,"far"
"3506-5",0,0,0,1,0,15,0,1476988969033,"true",1,0,"far"
"3506-5",1,0,1,0,2,14,0,1476988960684,"true",0,1,"split"
"3506-5",0,1,1,0,1,17,0,1476988997463,"true",0,1,"split"
"3506-5",1,0,0,0,2,16,0,1476988981276,"true",1,0,"split"
"3506-5",0,1,2,0,1,19,1,1476989013280,"true",0,0,"far"
"3506-5",0,0,1,1,0,18,0,1476989007381,"true",0,1,"far"
"3506-5",0,0,2,1,0,31,1,1476989236142,"true",0,0,"close"
"3506-5",0,1,0,0,1,30,0,1476989170949,"true",1,0,"far"
"3506-5",0,1,0,0,1,37,0,1476989468114,"true",1,0,"split"
"3506-5",0,0,1,1,0,36,0,1476989445296,"true",0,1,"split"
"3506-5",1,0,1,0,2,35,0,1476989435962,"true",0,1,"close"
"3506-5",0,0,0,1,0,34,0,1476989372507,"true",1,0,"far"
"3506-5",0,0,1,1,0,33,0,1476989341788,"false",0,1,"close"
"3506-5",0,1,1,0,1,32,0,1476989280463,"true",0,1,"split"
"3506-5",0,0,1,1,0,50,0,1476989894853,"true",0,1,"split"
