"gameid","sClicked_2","sClicked_1","lClickedIndex","sClicked_0","sClickedIndex","roundNum","lClicked_2","time","outcome","lClicked_0","lClicked_1","condition"
"3540-a",0,1,2,0,1,42,1,1459880537084,"true",0,0,"split"
"3540-a",1,0,2,0,2,48,1,1459880594707,"true",0,0,"far"
"3540-a",0,0,2,1,0,43,1,1459880549324,"true",0,0,"close"
"3540-a",0,0,0,1,0,49,0,1459880621909,"true",1,0,"far"
"3540-a",0,0,2,1,0,24,1,1459880367336,"true",0,0,"far"
"3540-a",0,0,2,1,0,25,1,1459880377414,"true",0,0,"close"
"3540-a",0,1,1,0,1,26,0,1459880393744,"true",0,1,"close"
"3540-a",0,0,0,1,0,27,0,1459880403933,"true",1,0,"far"
"3540-a",0,1,0,0,1,20,0,1459880308724,"true",1,0,"close"
"3540-a",1,0,0,0,2,21,0,1459880316486,"true",1,0,"split"
"3540-a",0,1,0,0,1,22,0,1459880328450,"false",1,0,"close"
"3540-a",0,1,0,0,1,23,0,1459880342556,"true",1,0,"close"
"3540-a",0,1,1,0,1,46,0,1459880578596,"true",0,1,"split"
"3540-a",0,1,1,0,1,47,0,1459880586714,"true",0,1,"far"
"3540-a",0,1,2,0,1,44,1,1459880564215,"true",0,0,"close"
"3540-a",1,0,1,0,2,45,0,1459880570461,"true",0,1,"far"
"3540-a",1,0,1,0,2,28,0,1459880413445,"true",0,1,"split"
"3540-a",1,0,2,0,2,29,1,1459880422965,"true",0,0,"split"
"3540-a",1,0,2,0,2,40,1,1459880519332,"true",0,0,"split"
"3540-a",0,1,0,0,1,41,0,1459880527976,"false",1,0,"far"
"3540-a",0,1,2,0,1,1,1,1459880123673,"true",0,0,"close"
"3540-a",1,0,1,0,2,3,0,1459880139627,"true",0,1,"split"
"3540-a",0,0,0,1,0,2,0,1459880131652,"true",1,0,"far"
"3540-a",0,0,0,1,0,5,0,1459880156313,"true",1,0,"far"
"3540-a",1,0,0,0,2,4,0,1459880149486,"true",1,0,"close"
"3540-a",0,1,1,0,1,7,0,1459880179205,"true",0,1,"split"
"3540-a",1,0,0,0,2,6,0,1459880162241,"true",1,0,"split"
"3540-a",1,0,2,0,2,9,1,1459880197230,"true",0,0,"split"
"3540-a",0,1,1,0,1,8,0,1459880189627,"true",0,1,"split"
"3540-a",1,0,1,0,2,39,0,1459880508279,"true",0,1,"close"
"3540-a",0,1,1,0,1,38,0,1459880494970,"true",0,1,"far"
"3540-a",1,0,2,0,2,11,1,1459880215386,"true",0,0,"close"
"3540-a",0,1,1,0,1,10,0,1459880207271,"true",0,1,"close"
"3540-a",0,1,1,0,1,13,0,1459880229096,"true",0,1,"split"
"3540-a",1,0,1,0,2,12,0,1459880222739,"true",0,1,"split"
"3540-a",1,0,0,0,2,15,0,1459880251752,"true",1,0,"close"
"3540-a",0,1,1,0,1,14,0,1459880235844,"true",0,1,"split"
"3540-a",1,0,1,0,2,17,0,1459880266919,"true",0,1,"close"
"3540-a",1,0,0,0,2,16,0,1459880258727,"true",1,0,"split"
"3540-a",0,1,0,0,1,19,0,1459880293099,"true",1,0,"far"
"3540-a",0,1,1,0,1,18,0,1459880284515,"false",0,1,"close"
"3540-a",0,0,0,1,0,31,0,1459880444614,"true",1,0,"close"
"3540-a",0,1,0,0,1,30,0,1459880435043,"false",1,0,"split"
"3540-a",1,0,0,0,2,37,0,1459880488706,"true",1,0,"far"
"3540-a",0,0,0,1,0,36,0,1459880482039,"false",1,0,"far"
"3540-a",0,1,2,0,1,35,1,1459880474780,"true",0,0,"far"
"3540-a",0,0,1,1,0,34,0,1459880467947,"false",0,1,"close"
"3540-a",0,1,1,0,1,33,0,1459880459610,"true",0,1,"far"
"3540-a",1,0,2,0,2,32,1,1459880452482,"true",0,0,"far"
"3540-a",0,1,0,0,1,50,0,1459880633050,"true",1,0,"split"
