"gameid","sClicked_2","sClicked_1","lClickedIndex","sClicked_0","sClickedIndex","roundNum","lClicked_2","time","outcome","lClicked_0","lClicked_1","condition"
"3546-9",0,1,2,0,1,42,1,1476492916246,"true",0,0,"far"
"3546-9",0,0,2,1,0,48,1,1476493001267,"true",0,0,"close"
"3546-9",0,1,1,0,1,43,0,1476492931082,"true",0,1,"close"
"3546-9",1,0,2,0,2,49,1,1476493008339,"false",0,0,"split"
"3546-9",0,0,2,1,0,24,1,1476492737637,"true",0,0,"far"
"3546-9",1,0,2,0,2,25,1,1476492757560,"true",0,0,"close"
"3546-9",0,0,2,1,0,26,1,1476492773532,"true",0,0,"split"
"3546-9",0,1,2,0,1,27,1,1476492781652,"true",0,0,"split"
"3546-9",0,1,2,0,1,20,1,1476492698489,"true",0,0,"close"
"3546-9",0,0,2,1,0,21,1,1476492704717,"true",0,0,"far"
"3546-9",1,0,2,0,2,22,1,1476492712758,"true",0,0,"far"
"3546-9",1,0,2,0,2,23,1,1476492728934,"true",0,0,"split"
"3546-9",0,0,2,1,0,46,1,1476492983353,"true",0,0,"close"
"3546-9",0,1,2,0,1,47,1,1476492991001,"true",0,0,"far"
"3546-9",0,0,1,1,0,44,0,1476492952362,"false",0,1,"close"
"3546-9",0,0,0,1,0,45,0,1476492964976,"false",1,0,"split"
"3546-9",0,0,2,1,0,28,1,1476492789831,"true",0,0,"split"
"3546-9",1,0,1,0,2,29,0,1476492804505,"true",0,1,"far"
"3546-9",1,0,1,0,2,40,0,1476492903636,"true",0,1,"split"
"3546-9",1,0,1,0,2,41,0,1476492909933,"true",0,1,"far"
"3546-9",0,0,2,1,0,1,1,1476492479314,"true",0,0,"far"
"3546-9",0,0,0,1,0,3,0,1476492496057,"true",1,0,"far"
"3546-9",1,0,0,0,2,2,0,1476492488616,"true",1,0,"far"
"3546-9",0,0,0,1,0,5,0,1476492517210,"true",1,0,"split"
"3546-9",1,0,1,0,2,4,0,1476492504684,"true",0,1,"close"
"3546-9",0,0,2,1,0,7,1,1476492559854,"true",0,0,"split"
"3546-9",0,1,0,0,1,6,0,1476492534396,"false",1,0,"close"
"3546-9",0,1,2,0,1,9,1,1476492580849,"true",0,0,"close"
"3546-9",0,0,2,1,0,8,1,1476492567119,"true",0,0,"split"
"3546-9",1,0,2,0,2,39,1,1476492895915,"true",0,0,"far"
"3546-9",0,1,2,0,1,38,1,1476492889315,"true",0,0,"close"
"3546-9",0,0,1,1,0,11,0,1476492599998,"true",0,1,"close"
"3546-9",0,1,2,0,1,10,1,1476492587918,"true",0,0,"far"
"3546-9",1,0,0,0,2,13,0,1476492620208,"true",1,0,"split"
"3546-9",1,0,0,0,2,12,0,1476492612229,"true",1,0,"close"
"3546-9",1,0,2,0,2,15,1,1476492644410,"true",0,0,"close"
"3546-9",0,1,2,0,1,14,1,1476492626464,"true",0,0,"far"
"3546-9",1,0,0,0,2,17,0,1476492660091,"true",1,0,"far"
"3546-9",0,1,1,0,1,16,0,1476492652411,"true",0,1,"split"
"3546-9",1,0,0,0,2,19,0,1476492681520,"true",1,0,"split"
"3546-9",1,0,1,0,2,18,0,1476492671413,"true",0,1,"split"
"3546-9",1,0,0,0,2,31,0,1476492823825,"true",1,0,"far"
"3546-9",0,0,2,1,0,30,1,1476492817345,"true",0,0,"close"
"3546-9",1,0,2,0,2,37,1,1476492883377,"true",0,0,"split"
"3546-9",0,0,0,1,0,36,0,1476492875163,"true",1,0,"far"
"3546-9",0,0,1,1,0,35,0,1476492867208,"false",0,1,"split"
"3546-9",0,1,2,0,1,34,1,1476492858038,"true",0,0,"close"
"3546-9",0,0,2,1,0,33,1,1476492849261,"true",0,0,"close"
"3546-9",0,0,2,1,0,32,1,1476492833532,"true",0,0,"far"
"3546-9",0,1,0,0,1,50,0,1476493022038,"true",1,0,"split"
