"gameid","sClicked_2","sClicked_1","lClickedIndex","sClicked_0","sClickedIndex","roundNum","lClicked_2","time","outcome","lClicked_0","lClicked_1","condition"
"3563-2",0,1,2,0,1,42,1,1476468332235,"true",0,0,"close"
"3563-2",0,0,1,1,0,48,0,1476468415192,"true",0,1,"close"
"3563-2",0,0,0,1,0,43,0,1476468353912,"true",1,0,"close"
"3563-2",0,0,1,1,0,49,0,1476468429907,"true",0,1,"close"
"3563-2",0,0,2,1,0,24,1,1476468082039,"true",0,0,"far"
"3563-2",0,1,2,0,1,25,1,1476468091073,"true",0,0,"split"
"3563-2",0,0,2,1,0,26,1,1476468117778,"true",0,0,"close"
"3563-2",0,1,0,0,1,27,0,1476468133243,"true",1,0,"split"
"3563-2",0,0,0,1,0,20,0,1476468027267,"true",1,0,"split"
"3563-2",0,0,2,1,0,21,1,1476468037641,"true",0,0,"split"
"3563-2",1,0,0,0,2,22,0,1476468054044,"true",1,0,"close"
"3563-2",0,1,0,0,1,23,0,1476468071942,"true",1,0,"close"
"3563-2",0,0,2,1,0,46,1,1476468388919,"true",0,0,"far"
"3563-2",0,1,0,0,1,47,0,1476468397948,"true",1,0,"split"
"3563-2",1,0,2,0,2,44,1,1476468364941,"true",0,0,"close"
"3563-2",1,0,0,0,2,45,0,1476468378056,"true",1,0,"far"
"3563-2",1,0,0,0,2,28,0,1476468144116,"true",1,0,"split"
"3563-2",0,1,2,0,1,29,1,1476468160342,"true",0,0,"far"
"3563-2",0,1,1,0,1,40,0,1476468302268,"true",0,1,"far"
"3563-2",0,0,2,1,0,41,1,1476468315237,"true",0,0,"split"
"3563-2",1,0,1,0,2,1,0,1476467769045,"true",0,1,"close"
"3563-2",1,0,1,0,2,3,0,1476467799490,"true",0,1,"far"
"3563-2",1,0,1,0,2,2,0,1476467784729,"false",0,1,"close"
"3563-2",0,1,2,0,1,5,1,1476467825804,"true",0,0,"far"
"3563-2",0,1,2,0,1,4,1,1476467813073,"true",0,0,"split"
"3563-2",0,0,1,1,0,7,0,1476467845815,"true",0,1,"far"
"3563-2",1,0,2,0,2,6,1,1476467836317,"true",0,0,"split"
"3563-2",0,0,1,1,0,9,0,1476467872429,"true",0,1,"split"
"3563-2",0,1,0,0,1,8,0,1476467857718,"true",1,0,"split"
"3563-2",0,0,1,1,0,39,0,1476468292170,"true",0,1,"close"
"3563-2",1,0,0,0,2,38,0,1476468276883,"true",1,0,"far"
"3563-2",1,0,0,0,2,11,0,1476467897305,"true",1,0,"far"
"3563-2",0,1,0,0,1,10,0,1476467885349,"true",1,0,"close"
"3563-2",0,1,2,0,1,13,1,1476467917609,"true",0,0,"far"
"3563-2",0,0,1,1,0,12,0,1476467907555,"true",0,1,"far"
"3563-2",0,0,2,1,0,15,1,1476467952080,"true",0,0,"close"
"3563-2",0,1,2,0,1,14,1,1476467937920,"false",0,0,"close"
"3563-2",1,0,2,0,2,17,1,1476467978142,"true",0,0,"close"
"3563-2",0,1,2,0,1,16,1,1476467960166,"true",0,0,"split"
"3563-2",0,0,0,1,0,19,0,1476468013020,"true",1,0,"far"
"3563-2",0,1,1,0,1,18,0,1476468001958,"true",0,1,"far"
"3563-2",1,0,2,0,2,31,1,1476468181689,"true",0,0,"split"
"3563-2",0,1,2,0,1,30,1,1476468172740,"true",0,0,"close"
"3563-2",0,1,2,0,1,37,1,1476468264370,"true",0,0,"split"
"3563-2",0,0,0,1,0,36,0,1476468255588,"true",1,0,"far"
"3563-2",0,0,2,1,0,35,1,1476468244742,"true",0,0,"close"
"3563-2",0,0,0,1,0,34,0,1476468212196,"true",1,0,"far"
"3563-2",0,1,1,0,1,33,0,1476468202201,"true",0,1,"split"
"3563-2",0,1,2,0,1,32,1,1476468190438,"true",0,0,"far"
"3563-2",1,0,0,0,2,50,0,1476468446196,"true",1,0,"split"
