"gameid","sClicked_2","sClicked_1","lClickedIndex","sClicked_0","sClickedIndex","roundNum","lClicked_2","time","outcome","lClicked_0","lClicked_1","condition"
"3596-8",0,1,1,0,1,42,0,1476492899080,"true",0,1,"far"
"3596-8",1,0,2,0,2,48,1,1476493057766,"true",0,0,"close"
"3596-8",1,0,2,0,2,43,1,1476492912007,"true",0,0,"split"
"3596-8",1,0,0,0,2,49,0,1476493071438,"true",1,0,"far"
"3596-8",0,1,2,0,1,24,1,1476492535843,"true",0,0,"far"
"3596-8",0,0,2,1,0,25,1,1476492564759,"true",0,0,"close"
"3596-8",0,0,1,1,0,26,0,1476492594444,"true",0,1,"split"
"3596-8",1,0,2,0,2,27,1,1476492632958,"true",0,0,"split"
"3596-8",1,0,1,0,2,20,0,1476492473598,"true",0,1,"far"
"3596-8",0,0,1,1,0,21,0,1476492487923,"true",0,1,"far"
"3596-8",0,0,1,1,0,22,0,1476492502202,"true",0,1,"close"
"3596-8",0,0,1,1,0,23,0,1476492524244,"true",0,1,"split"
"3596-8",1,0,1,0,2,46,0,1476492981124,"true",0,1,"close"
"3596-8",0,1,2,0,1,47,1,1476493024723,"false",0,0,"close"
"3596-8",0,1,0,0,1,44,0,1476492929883,"true",1,0,"close"
"3596-8",0,0,1,1,0,45,0,1476492944437,"true",0,1,"split"
"3596-8",0,1,0,0,1,28,0,1476492658288,"true",1,0,"split"
"3596-8",0,1,0,0,1,29,0,1476492671640,"true",1,0,"far"
"3596-8",1,0,2,0,2,40,1,1476492862639,"true",0,0,"close"
"3596-8",1,0,2,0,2,41,1,1476492886759,"true",0,0,"far"
"3596-8",1,0,0,0,2,1,0,1476491934281,"true",1,0,"far"
"3596-8",0,1,1,0,1,3,0,1476492056206,"true",0,1,"close"
"3596-8",0,0,0,1,0,2,0,1476491987847,"true",1,0,"split"
"3596-8",0,0,0,1,0,5,0,1476492101602,"true",1,0,"close"
"3596-8",0,1,2,0,1,4,1,1476492072165,"true",0,0,"far"
"3596-8",0,1,2,0,1,7,1,1476492139123,"true",0,0,"split"
"3596-8",1,0,2,0,2,6,1,1476492121922,"true",0,0,"split"
"3596-8",0,1,1,0,1,9,0,1476492215241,"true",0,1,"split"
"3596-8",1,0,1,0,2,8,0,1476492188478,"true",0,1,"close"
"3596-8",1,0,1,0,2,39,0,1476492825838,"true",0,1,"close"
"3596-8",0,1,0,0,1,38,0,1476492804367,"true",1,0,"far"
"3596-8",0,0,1,1,0,11,0,1476492262803,"true",0,1,"close"
"3596-8",0,0,1,1,0,10,0,1476492234166,"true",0,1,"far"
"3596-8",0,1,2,0,1,13,1,1476492306641,"true",0,0,"split"
"3596-8",0,0,1,1,0,12,0,1476492291039,"true",0,1,"close"
"3596-8",0,1,1,0,1,15,0,1476492381962,"true",0,1,"close"
"3596-8",0,1,2,0,1,14,1,1476492332445,"true",0,0,"split"
"3596-8",0,1,1,0,1,17,0,1476492421277,"true",0,1,"close"
"3596-8",0,1,2,0,1,16,1,1476492402601,"true",0,0,"split"
"3596-8",1,0,1,0,2,19,0,1476492460722,"true",0,1,"close"
"3596-8",1,0,1,0,2,18,0,1476492438365,"true",0,1,"split"
"3596-8",0,0,2,1,0,31,1,1476492700444,"true",0,0,"far"
"3596-8",0,1,0,0,1,30,0,1476492686279,"true",1,0,"split"
"3596-8",0,1,0,0,1,37,0,1476492779719,"false",1,0,"close"
"3596-8",0,0,1,1,0,36,0,1476492759162,"true",0,1,"far"
"3596-8",1,0,0,0,2,35,0,1476492750764,"true",1,0,"far"
"3596-8",0,0,0,1,0,34,0,1476492739279,"true",1,0,"far"
"3596-8",1,0,2,0,2,33,1,1476492728078,"true",0,0,"far"
"3596-8",0,1,0,0,1,32,0,1476492716485,"true",1,0,"split"
"3596-8",0,0,0,1,0,50,0,1476493094960,"true",1,0,"far"
