"gameid","sClicked_2","sClicked_1","lClickedIndex","sClicked_0","sClickedIndex","roundNum","lClicked_2","time","outcome","lClicked_0","lClicked_1","condition"
"3600-c",1,0,2,0,2,42,1,1476997173838,"false",0,0,"close"
"3600-c",0,0,1,1,0,48,0,1476997253843,"true",0,1,"split"
"3600-c",0,1,2,0,1,43,1,1476997190043,"true",0,0,"far"
"3600-c",0,1,0,0,1,49,0,1476997261573,"true",1,0,"split"
"3600-c",0,1,2,0,1,24,1,1476997007249,"true",0,0,"far"
"3600-c",1,0,2,0,2,25,1,1476997016089,"true",0,0,"split"
"3600-c",1,0,0,0,2,26,0,1476997025756,"true",1,0,"split"
"3600-c",1,0,0,0,2,27,0,1476997044033,"true",1,0,"split"
"3600-c",0,1,0,0,1,20,0,1476996953761,"false",1,0,"split"
"3600-c",1,0,0,0,2,21,0,1476996977416,"true",1,0,"close"
"3600-c",1,0,1,0,2,22,0,1476996994284,"true",0,1,"close"
"3600-c",0,1,1,0,1,23,0,1476997000227,"true",0,1,"far"
"3600-c",1,0,2,0,2,46,1,1476997228147,"true",0,0,"far"
"3600-c",0,0,1,1,0,47,0,1476997246649,"true",0,1,"close"
"3600-c",0,1,1,0,1,44,0,1476997200284,"true",0,1,"far"
"3600-c",0,1,1,0,1,45,0,1476997212581,"false",0,1,"split"
"3600-c",0,1,0,0,1,28,0,1476997052451,"true",1,0,"close"
"3600-c",0,0,2,1,0,29,1,1476997060259,"true",0,0,"far"
"3600-c",1,0,2,0,2,40,1,1476997147809,"true",0,0,"split"
"3600-c",0,1,1,0,1,41,0,1476997158270,"true",0,1,"close"
"3600-c",0,0,2,1,0,1,1,1476996727540,"true",0,0,"split"
"3600-c",0,0,2,1,0,3,1,1476996753350,"true",0,0,"split"
"3600-c",0,0,2,1,0,2,1,1476996741017,"true",0,0,"close"
"3600-c",0,0,2,1,0,5,1,1476996775967,"true",0,0,"close"
"3600-c",1,0,1,0,2,4,0,1476996763291,"true",0,1,"close"
"3600-c",1,0,0,0,2,7,0,1476996797133,"true",1,0,"split"
"3600-c",1,0,2,0,2,6,1,1476996785449,"true",0,0,"far"
"3600-c",0,0,1,1,0,9,0,1476996830809,"true",0,1,"far"
"3600-c",0,0,2,1,0,8,1,1476996822572,"true",0,0,"close"
"3600-c",1,0,2,0,2,39,1,1476997137212,"true",0,0,"split"
"3600-c",0,1,1,0,1,38,0,1476997131106,"true",0,1,"split"
"3600-c",1,0,0,0,2,11,0,1476996851696,"true",1,0,"close"
"3600-c",0,1,2,0,1,10,1,1476996839562,"true",0,0,"far"
"3600-c",0,0,2,1,0,13,1,1476996870316,"true",0,0,"close"
"3600-c",0,0,0,1,0,12,0,1476996859640,"true",1,0,"far"
"3600-c",0,0,1,1,0,15,0,1476996888670,"true",0,1,"far"
"3600-c",1,0,1,0,2,14,0,1476996880969,"true",0,1,"close"
"3600-c",0,1,2,0,1,17,1,1476996907591,"true",0,0,"far"
"3600-c",1,0,0,0,2,16,0,1476996900859,"true",1,0,"close"
"3600-c",0,1,0,0,1,19,0,1476996933574,"true",1,0,"split"
"3600-c",0,0,0,1,0,18,0,1476996915016,"true",1,0,"split"
"3600-c",0,1,1,0,1,31,0,1476997075142,"true",0,1,"far"
"3600-c",1,0,1,0,2,30,0,1476997068816,"true",0,1,"far"
"3600-c",0,0,0,1,0,37,0,1476997124760,"true",1,0,"far"
"3600-c",0,1,2,0,1,36,1,1476997116890,"true",0,0,"split"
"3600-c",1,0,1,0,2,35,0,1476997110928,"true",0,1,"close"
"3600-c",1,0,0,0,2,34,0,1476997103194,"true",1,0,"close"
"3600-c",1,0,0,0,2,33,0,1476997088674,"true",1,0,"close"
"3600-c",0,1,1,0,1,32,0,1476997082497,"true",0,1,"split"
"3600-c",1,0,2,0,2,50,1,1476997278639,"true",0,0,"far"
