"gameid","sClicked_2","sClicked_1","lClickedIndex","sClicked_0","sClickedIndex","roundNum","lClicked_2","time","outcome","lClicked_0","lClicked_1","condition"
"3603-b",1,0,2,0,2,42,1,1476998382511,"true",0,0,"far"
"3603-b",1,0,0,0,2,48,0,1476998493643,"true",1,0,"close"
"3603-b",0,0,0,1,0,43,0,1476998408032,"true",1,0,"close"
"3603-b",0,0,1,1,0,49,0,1476998516224,"false",0,1,"close"
"3603-b",1,0,2,0,2,24,1,1476998135702,"true",0,0,"far"
"3603-b",1,0,1,0,2,25,0,1476998143367,"true",0,1,"far"
"3603-b",1,0,1,0,2,26,0,1476998155490,"true",0,1,"far"
"3603-b",1,0,0,0,2,27,0,1476998162720,"true",1,0,"far"
"3603-b",0,0,2,1,0,20,1,1476998066917,"true",0,0,"far"
"3603-b",0,0,1,1,0,21,0,1476998106713,"true",0,1,"close"
"3603-b",0,1,1,0,1,22,0,1476998118774,"true",0,1,"split"
"3603-b",1,0,2,0,2,23,1,1476998126411,"true",0,0,"far"
"3603-b",0,1,2,0,1,46,1,1476998459591,"true",0,0,"split"
"3603-b",0,0,2,1,0,47,1,1476998481973,"true",0,0,"close"
"3603-b",1,0,1,0,2,44,0,1476998418216,"true",0,1,"split"
"3603-b",1,0,0,0,2,45,0,1476998441675,"true",1,0,"split"
"3603-b",0,0,1,1,0,28,0,1476998171018,"true",0,1,"split"
"3603-b",1,0,0,0,2,29,0,1476998184478,"true",1,0,"close"
"3603-b",1,0,1,0,2,40,0,1476998365928,"true",0,1,"split"
"3603-b",1,0,0,0,2,41,0,1476998375350,"true",1,0,"split"
"3603-b",1,0,2,0,2,1,1,1476997694309,"true",0,0,"split"
"3603-b",1,0,1,0,2,3,0,1476997800073,"true",0,1,"close"
"3603-b",0,1,1,0,1,2,0,1476997777294,"true",0,1,"close"
"3603-b",0,0,2,1,0,5,1,1476997823598,"true",0,0,"close"
"3603-b",1,0,1,0,2,4,0,1476997811353,"true",0,1,"far"
"3603-b",0,0,1,1,0,7,0,1476997865539,"true",0,1,"split"
"3603-b",1,0,1,0,2,6,0,1476997857150,"false",0,1,"close"
"3603-b",0,1,1,0,1,9,0,1476997899935,"true",0,1,"split"
"3603-b",0,1,2,0,1,8,1,1476997887809,"true",0,0,"close"
"3603-b",0,1,2,0,1,39,1,1476998347865,"true",0,0,"far"
"3603-b",0,0,0,1,0,38,0,1476998341651,"true",1,0,"far"
"3603-b",0,0,1,1,0,11,0,1476997923205,"true",0,1,"far"
"3603-b",1,0,0,0,2,10,0,1476997911950,"true",1,0,"close"
"3603-b",1,0,0,0,2,13,0,1476997958156,"true",1,0,"close"
"3603-b",0,0,0,1,0,12,0,1476997937722,"true",1,0,"split"
"3603-b",0,0,0,1,0,15,0,1476997976087,"true",1,0,"split"
"3603-b",0,0,2,1,0,14,1,1476997966763,"true",0,0,"far"
"3603-b",1,0,1,0,2,17,0,1476998028248,"true",0,1,"close"
"3603-b",0,1,2,0,1,16,1,1476997998163,"true",0,0,"far"
"3603-b",1,0,0,0,2,19,0,1476998055211,"false",1,0,"close"
"3603-b",0,0,2,1,0,18,1,1476998039169,"true",0,0,"far"
"3603-b",0,0,0,1,0,31,0,1476998205032,"false",1,0,"split"
"3603-b",0,1,1,0,1,30,0,1476998194085,"true",0,1,"split"
"3603-b",0,0,2,1,0,37,1,1476998335303,"true",0,0,"far"
"3603-b",0,1,1,0,1,36,0,1476998328682,"true",0,1,"close"
"3603-b",0,0,1,1,0,35,0,1476998280993,"true",0,1,"far"
"3603-b",0,1,1,0,1,34,0,1476998273135,"true",0,1,"close"
"3603-b",0,0,0,1,0,33,0,1476998239350,"false",1,0,"split"
"3603-b",1,0,0,0,2,32,0,1476998219052,"true",1,0,"far"
"3603-b",0,1,1,0,1,50,0,1476998533968,"false",0,1,"split"
