"gameid","sClicked_2","sClicked_1","lClickedIndex","sClicked_0","sClickedIndex","roundNum","lClicked_2","time","outcome","lClicked_0","lClicked_1","condition"
"3613-f",0,1,2,0,1,42,1,1476485694787,"true",0,0,"far"
"3613-f",0,1,0,0,1,48,0,1476485862918,"true",1,0,"split"
"3613-f",0,1,1,0,1,43,0,1476485726164,"true",0,1,"close"
"3613-f",0,1,0,0,1,49,0,1476485871797,"true",1,0,"far"
"3613-f",0,1,1,0,1,24,0,1476485180408,"true",0,1,"far"
"3613-f",0,0,1,1,0,25,0,1476485248608,"false",0,1,"close"
"3613-f",1,0,1,0,2,26,0,1476485275968,"true",0,1,"far"
"3613-f",0,0,1,1,0,27,0,1476485301585,"false",0,1,"close"
"3613-f",1,0,2,0,2,20,1,1476485108688,"true",0,0,"far"
"3613-f",1,0,0,0,2,21,0,1476485118672,"false",1,0,"far"
"3613-f",0,1,1,0,1,22,0,1476485130968,"true",0,1,"far"
"3613-f",0,0,1,1,0,23,0,1476485166695,"true",0,1,"close"
"3613-f",0,0,2,1,0,46,1,1476485814885,"false",0,0,"close"
"3613-f",1,0,0,0,2,47,0,1476485842726,"true",1,0,"far"
"3613-f",0,1,2,0,1,44,1,1476485751526,"true",0,0,"split"
"3613-f",0,1,1,0,1,45,0,1476485788317,"false",0,1,"close"
"3613-f",1,0,2,0,2,28,1,1476485318816,"false",0,0,"split"
"3613-f",1,0,1,0,2,29,0,1476485371705,"true",0,1,"far"
"3613-f",0,0,0,1,0,40,0,1476485624852,"true",1,0,"far"
"3613-f",1,0,1,0,2,41,0,1476485652220,"true",0,1,"split"
"3613-f",0,1,1,0,1,1,0,1476484528675,"false",0,1,"far"
"3613-f",0,1,0,0,1,3,0,1476484583950,"true",1,0,"split"
"3613-f",0,0,0,1,0,2,0,1476484539515,"true",1,0,"split"
"3613-f",0,1,1,0,1,5,0,1476484623875,"true",0,1,"split"
"3613-f",0,0,0,1,0,4,0,1476484606970,"true",1,0,"split"
"3613-f",0,0,1,1,0,7,0,1476484652996,"true",0,1,"far"
"3613-f",1,0,1,0,2,6,0,1476484633467,"true",0,1,"far"
"3613-f",0,1,1,0,1,9,0,1476484691940,"true",0,1,"split"
"3613-f",1,0,0,0,2,8,0,1476484664395,"true",1,0,"far"
"3613-f",1,0,0,0,2,39,0,1476485603587,"false",1,0,"far"
"3613-f",1,0,1,0,2,38,0,1476485580027,"true",0,1,"close"
"3613-f",1,0,1,0,2,11,0,1476484719716,"true",0,1,"close"
"3613-f",0,1,2,0,1,10,1,1476484704379,"true",0,0,"split"
"3613-f",1,0,1,0,2,13,0,1476484771556,"true",0,1,"close"
"3613-f",1,0,0,0,2,12,0,1476484744179,"false",1,0,"close"
"3613-f",0,1,2,0,1,15,1,1476484955031,"false",0,0,"close"
"3613-f",0,1,1,0,1,14,0,1476484788772,"true",0,1,"far"
"3613-f",0,0,2,1,0,17,1,1476485028678,"true",0,0,"close"
"3613-f",1,0,1,0,2,16,0,1476484983686,"true",0,1,"close"
"3613-f",1,0,1,0,2,19,0,1476485086936,"true",0,1,"split"
"3613-f",1,0,1,0,2,18,0,1476485062190,"true",0,1,"close"
"3613-f",1,0,1,0,2,31,0,1476485418747,"true",0,1,"close"
"3613-f",0,0,0,1,0,30,0,1476485407025,"true",1,0,"split"
"3613-f",0,0,0,1,0,37,0,1476485550907,"true",1,0,"close"
"3613-f",0,0,0,1,0,36,0,1476485525019,"true",1,0,"split"
"3613-f",0,0,2,1,0,35,1,1476485508810,"true",0,0,"split"
"3613-f",0,1,1,0,1,34,0,1476485496916,"false",0,1,"close"
"3613-f",0,1,1,0,1,33,0,1476485469610,"false",0,1,"split"
"3613-f",1,0,2,0,2,32,1,1476485429458,"true",0,0,"split"
"3613-f",1,0,0,0,2,50,0,1476485880254,"true",1,0,"split"
