"gameid","sClicked_2","sClicked_1","lClickedIndex","sClicked_0","sClickedIndex","roundNum","lClicked_2","time","outcome","lClicked_0","lClicked_1","condition"
"3618-3",1,0,1,0,2,42,0,1459887392626,"true",0,1,"close"
"3618-3",1,0,2,0,2,48,1,1459887550602,"true",0,0,"split"
"3618-3",0,0,0,1,0,43,0,1459887414962,"false",1,0,"close"
"3618-3",0,0,2,1,0,49,1,1459887593226,"true",0,0,"close"
"3618-3",1,0,2,0,2,24,1,1459886961219,"true",0,0,"close"
"3618-3",0,0,1,1,0,25,0,1459886987195,"true",0,1,"close"
"3618-3",0,1,0,0,1,26,0,1459887006140,"true",1,0,"far"
"3618-3",0,0,0,1,0,27,0,1459887029712,"false",1,0,"close"
"3618-3",0,0,1,1,0,20,0,1459886804172,"true",0,1,"close"
"3618-3",0,0,1,1,0,21,0,1459886836596,"false",0,1,"close"
"3618-3",0,0,1,1,0,22,0,1459886878653,"false",0,1,"close"
"3618-3",1,0,1,0,2,23,0,1459886919565,"true",0,1,"far"
"3618-3",0,1,2,0,1,46,1,1459887475417,"true",0,0,"far"
"3618-3",0,0,0,1,0,47,0,1459887529139,"false",1,0,"close"
"3618-3",0,0,1,1,0,44,0,1459887434556,"true",0,1,"split"
"3618-3",0,1,2,0,1,45,1,1459887459644,"true",0,0,"close"
"3618-3",1,0,1,0,2,28,0,1459887051449,"true",0,1,"close"
"3618-3",0,1,0,0,1,29,0,1459887093147,"false",1,0,"close"
"3618-3",0,0,1,1,0,40,0,1459887344639,"true",0,1,"split"
"3618-3",1,0,0,0,2,41,0,1459887357907,"true",1,0,"far"
"3618-3",0,0,2,1,0,1,1,1459886247138,"true",0,0,"far"
"3618-3",0,0,1,1,0,3,0,1459886302210,"true",0,1,"far"
"3618-3",0,1,0,0,1,2,0,1459886288441,"true",1,0,"split"
"3618-3",0,0,1,1,0,5,0,1459886344112,"true",0,1,"far"
"3618-3",0,1,1,0,1,4,0,1459886325634,"true",0,1,"split"
"3618-3",0,0,0,1,0,7,0,1459886460961,"true",1,0,"far"
"3618-3",1,0,1,0,2,6,0,1459886445896,"false",0,1,"close"
"3618-3",1,0,1,0,2,9,0,1459886516065,"false",0,1,"close"
"3618-3",0,0,1,1,0,8,0,1459886491779,"true",0,1,"split"
"3618-3",1,0,0,0,2,39,0,1459887326945,"true",1,0,"split"
"3618-3",0,0,2,1,0,38,1,1459887294975,"true",0,0,"split"
"3618-3",0,0,2,1,0,11,1,1459886564981,"true",0,0,"split"
"3618-3",0,0,2,1,0,10,1,1459886536329,"true",0,0,"far"
"3618-3",0,0,1,1,0,13,0,1459886591792,"true",0,1,"far"
"3618-3",1,0,2,0,2,12,1,1459886577428,"true",0,0,"far"
"3618-3",0,1,2,0,1,15,1,1459886646107,"true",0,0,"close"
"3618-3",1,0,0,0,2,14,0,1459886625924,"true",1,0,"far"
"3618-3",0,0,0,1,0,17,0,1459886737302,"true",1,0,"close"
"3618-3",0,1,2,0,1,16,1,1459886679648,"false",0,0,"split"
"3618-3",0,0,2,1,0,19,1,1459886780784,"true",0,0,"split"
"3618-3",0,1,0,0,1,18,0,1459886757884,"true",1,0,"split"
"3618-3",1,0,0,0,2,31,0,1459887138291,"true",1,0,"split"
"3618-3",0,1,2,0,1,30,1,1459887117912,"true",0,0,"split"
"3618-3",0,0,1,1,0,37,0,1459887268727,"true",0,1,"split"
"3618-3",1,0,1,0,2,36,0,1459887246783,"true",0,1,"far"
"3618-3",0,0,0,1,0,35,0,1459887231245,"true",1,0,"far"
"3618-3",1,0,1,0,2,34,0,1459887214562,"true",0,1,"split"
"3618-3",0,1,0,0,1,33,0,1459887181280,"true",1,0,"far"
"3618-3",0,1,0,0,1,32,0,1459887157051,"true",1,0,"far"
"3618-3",0,0,0,1,0,50,0,1459887616168,"true",1,0,"split"
