"gameid","sClicked_2","sClicked_1","lClickedIndex","sClicked_0","sClickedIndex","roundNum","lClicked_2","time","outcome","lClicked_0","lClicked_1","condition"
"3636-f",0,1,0,0,1,42,0,1476491408061,"true",1,0,"split"
"3636-f",0,1,2,0,1,48,1,1476491557633,"true",0,0,"far"
"3636-f",0,0,1,1,0,43,0,1476491465284,"false",0,1,"close"
"3636-f",0,1,1,0,1,49,0,1476491604150,"true",0,1,"close"
"3636-f",0,0,2,1,0,24,1,1476490995293,"true",0,0,"far"
"3636-f",0,1,2,0,1,25,1,1476491010255,"true",0,0,"far"
"3636-f",0,1,2,0,1,26,1,1476491047013,"true",0,0,"split"
"3636-f",1,0,2,0,2,27,1,1476491075625,"true",0,0,"close"
"3636-f",0,0,0,1,0,20,0,1476490919108,"true",1,0,"close"
"3636-f",1,0,1,0,2,21,0,1476490938022,"false",0,1,"split"
"3636-f",0,0,0,1,0,22,0,1476490958746,"true",1,0,"close"
"3636-f",1,0,0,0,2,23,0,1476490976882,"true",1,0,"split"
"3636-f",1,0,1,0,2,46,0,1476491523180,"true",0,1,"far"
"3636-f",0,1,2,0,1,47,1,1476491541217,"true",0,0,"close"
"3636-f",0,0,2,1,0,44,1,1476491504051,"false",0,0,"close"
"3636-f",1,0,1,0,2,45,0,1476491516483,"true",0,1,"close"
"3636-f",0,1,1,0,1,28,0,1476491117071,"false",0,1,"split"
"3636-f",1,0,0,0,2,29,0,1476491161686,"true",1,0,"close"
"3636-f",1,0,2,0,2,40,1,1476491383075,"true",0,0,"close"
"3636-f",0,1,0,0,1,41,0,1476491395867,"false",1,0,"split"
"3636-f",1,0,2,0,2,1,1,1476490397373,"false",0,0,"close"
"3636-f",0,0,1,1,0,2,0,1476490477520,"true",0,1,"far"
"3636-f",0,0,0,1,0,5,0,1476490585152,"false",1,0,"split"
"3636-f",1,0,1,0,2,4,0,1476490557421,"true",0,1,"split"
"3636-f",0,1,0,0,1,7,0,1476490666921,"true",1,0,"split"
"3636-f",0,0,0,1,0,6,0,1476490638686,"true",1,0,"split"
"3636-f",0,1,0,0,1,9,0,1476490721770,"true",1,0,"close"
"3636-f",0,0,0,1,0,8,0,1476490683388,"true",1,0,"far"
"3636-f",1,0,0,0,2,39,0,1476491352886,"true",1,0,"far"
"3636-f",0,0,2,1,0,38,1,1476491343780,"true",0,0,"far"
"3636-f",1,0,0,0,2,11,0,1476490801627,"false",1,0,"close"
"3636-f",0,0,2,1,0,10,1,1476490752261,"true",0,0,"close"
"3636-f",0,0,0,1,0,13,0,1476490855586,"true",1,0,"close"
"3636-f",0,1,1,0,1,12,0,1476490820897,"true",0,1,"split"
"3636-f",0,0,0,1,0,15,0,1476490873046,"true",1,0,"far"
"3636-f",0,0,0,1,0,14,0,1476490865100,"true",1,0,"split"
"3636-f",0,0,1,1,0,17,0,1476490889967,"true",0,1,"far"
"3636-f",1,0,1,0,2,16,0,1476490881975,"true",0,1,"split"
"3636-f",0,1,1,0,1,19,0,1476490911370,"true",0,1,"far"
"3636-f",1,0,0,0,2,18,0,1476490898322,"true",1,0,"far"
"3636-f",0,0,1,1,0,31,0,1476491213684,"true",0,1,"split"
"3636-f",1,0,1,0,2,30,0,1476491184886,"true",0,1,"split"
"3636-f",0,1,0,0,1,37,0,1476491332628,"true",1,0,"far"
"3636-f",1,0,0,0,2,36,0,1476491320689,"true",1,0,"far"
"3636-f",0,0,0,1,0,35,0,1476491305367,"true",1,0,"far"
"3636-f",0,0,1,1,0,34,0,1476491290090,"true",0,1,"split"
"3636-f",1,0,2,0,2,33,1,1476491275739,"true",0,0,"close"
"3636-f",0,1,2,0,1,32,1,1476491228437,"true",0,0,"far"
"3636-f",1,0,2,0,2,50,1,1476491625713,"false",0,0,"split"
