"gameid","sClicked_2","sClicked_1","lClickedIndex","sClicked_0","sClickedIndex","roundNum","lClicked_2","time","outcome","lClicked_0","lClicked_1","condition"
"3639-a",0,0,2,1,0,42,1,1476475356260,"true",0,0,"far"
"3639-a",0,0,0,1,0,48,0,1476475442989,"true",1,0,"close"
"3639-a",0,1,2,0,1,43,1,1476475373523,"false",0,0,"split"
"3639-a",0,0,0,1,0,49,0,1476475450097,"true",1,0,"close"
"3639-a",1,0,2,0,2,24,1,1476475133098,"true",0,0,"split"
"3639-a",0,1,2,0,1,25,1,1476475147809,"true",0,0,"close"
"3639-a",0,0,0,1,0,26,0,1476475164518,"false",1,0,"close"
"3639-a",1,0,1,0,2,27,0,1476475185278,"true",0,1,"far"
"3639-a",0,1,2,0,1,20,1,1476475083160,"true",0,0,"split"
"3639-a",0,0,1,1,0,21,0,1476475096569,"true",0,1,"split"
"3639-a",0,1,1,0,1,22,0,1476475117569,"true",0,1,"close"
"3639-a",1,0,1,0,2,23,0,1476475124185,"true",0,1,"far"
"3639-a",0,1,0,0,1,46,0,1476475423549,"true",1,0,"close"
"3639-a",0,1,0,0,1,47,0,1476475432056,"true",1,0,"far"
"3639-a",0,1,0,0,1,44,0,1476475390151,"false",1,0,"close"
"3639-a",0,1,0,0,1,45,0,1476475411782,"true",1,0,"split"
"3639-a",0,1,2,0,1,28,1,1476475198312,"true",0,0,"split"
"3639-a",0,1,0,0,1,29,0,1476475205635,"true",1,0,"far"
"3639-a",1,0,0,0,2,40,0,1476475336342,"true",1,0,"far"
"3639-a",0,0,1,1,0,41,0,1476475347972,"true",0,1,"split"
"3639-a",0,0,1,1,0,1,0,1476474799199,"true",0,1,"close"
"3639-a",0,0,2,1,0,3,1,1476474825861,"true",0,0,"far"
"3639-a",0,1,0,0,1,2,0,1476474810153,"true",1,0,"far"
"3639-a",0,0,1,1,0,5,0,1476474860767,"true",0,1,"close"
"3639-a",1,0,0,0,2,4,0,1476474841750,"true",1,0,"split"
"3639-a",0,0,0,1,0,7,0,1476474888724,"false",1,0,"close"
"3639-a",0,0,0,1,0,6,0,1476474867697,"true",1,0,"far"
"3639-a",1,0,1,0,2,9,0,1476474907979,"true",0,1,"split"
"3639-a",0,0,1,1,0,8,0,1476474899189,"true",0,1,"far"
"3639-a",0,1,2,0,1,39,1,1476475328331,"true",0,0,"split"
"3639-a",0,1,1,0,1,38,0,1476475316450,"true",0,1,"far"
"3639-a",0,1,2,0,1,11,1,1476474944108,"false",0,0,"close"
"3639-a",0,0,1,1,0,10,0,1476474920657,"true",0,1,"close"
"3639-a",0,0,2,1,0,13,1,1476474983693,"true",0,0,"close"
"3639-a",1,0,1,0,2,12,0,1476474953471,"true",0,1,"close"
"3639-a",1,0,0,0,2,15,0,1476475011629,"true",1,0,"split"
"3639-a",0,1,1,0,1,14,0,1476474998291,"true",0,1,"split"
"3639-a",0,1,0,0,1,17,0,1476475039446,"true",1,0,"far"
"3639-a",0,0,2,1,0,16,1,1476475019908,"true",0,0,"split"
"3639-a",0,0,1,1,0,19,0,1476475074788,"true",0,1,"far"
"3639-a",0,1,2,0,1,18,1,1476475049293,"true",0,0,"far"
"3639-a",0,1,0,0,1,31,0,1476475223033,"true",1,0,"far"
"3639-a",1,0,0,0,2,30,0,1476475214491,"true",1,0,"far"
"3639-a",0,0,2,1,0,37,1,1476475306952,"true",0,0,"close"
"3639-a",0,0,2,1,0,36,1,1476475293684,"true",0,0,"close"
"3639-a",0,1,0,0,1,35,0,1476475283474,"true",1,0,"far"
"3639-a",0,1,1,0,1,34,0,1476475253502,"false",0,1,"close"
"3639-a",1,0,2,0,2,33,1,1476475244543,"true",0,0,"split"
"3639-a",0,0,1,1,0,32,0,1476475235661,"true",0,1,"split"
"3639-a",0,0,0,1,0,50,0,1476475463718,"true",1,0,"split"
