"gameid","sClicked_2","sClicked_1","lClickedIndex","sClicked_0","sClickedIndex","roundNum","lClicked_2","time","outcome","lClicked_0","lClicked_1","condition"
"3641-1",0,1,2,0,1,42,1,1477001850655,"true",0,0,"far"
"3641-1",1,0,0,0,2,48,0,1477001906770,"true",1,0,"far"
"3641-1",0,0,2,1,0,43,1,1477001861805,"true",0,0,"close"
"3641-1",0,1,1,0,1,49,0,1477001917545,"true",0,1,"far"
"3641-1",0,1,1,0,1,24,0,1477001673000,"true",0,1,"far"
"3641-1",0,0,2,1,0,25,1,1477001685576,"true",0,0,"close"
"3641-1",0,1,0,0,1,26,0,1477001699052,"false",1,0,"close"
"3641-1",1,0,1,0,2,27,0,1477001707556,"true",0,1,"close"
"3641-1",0,1,0,0,1,20,0,1477001639415,"true",1,0,"close"
"3641-1",1,0,1,0,2,21,0,1477001650535,"true",0,1,"split"
"3641-1",0,1,0,0,1,22,0,1477001657607,"true",1,0,"split"
"3641-1",1,0,2,0,2,23,1,1477001665922,"true",0,0,"split"
"3641-1",0,1,0,0,1,46,0,1477001887615,"true",1,0,"close"
"3641-1",0,1,2,0,1,47,1,1477001900091,"true",0,0,"split"
"3641-1",0,1,1,0,1,44,0,1477001868006,"true",0,1,"split"
"3641-1",0,0,2,1,0,45,1,1477001876586,"true",0,0,"far"
"3641-1",0,1,2,0,1,28,1,1477001717818,"true",0,0,"split"
"3641-1",0,0,1,1,0,29,0,1477001725684,"true",0,1,"far"
"3641-1",0,1,2,0,1,40,1,1477001835621,"true",0,0,"far"
"3641-1",0,0,2,1,0,41,1,1477001843320,"true",0,0,"split"
"3641-1",1,0,1,0,2,1,0,1477001463937,"true",0,1,"far"
"3641-1",1,0,2,0,2,3,1,1477001490257,"true",0,0,"split"
"3641-1",1,0,1,0,2,2,0,1477001478582,"false",0,1,"split"
"3641-1",0,1,2,0,1,5,1,1477001512310,"true",0,0,"far"
"3641-1",0,0,1,1,0,4,0,1477001504732,"true",0,1,"close"
"3641-1",0,1,0,0,1,7,0,1477001533140,"false",1,0,"close"
"3641-1",0,1,2,0,1,6,1,1477001520229,"true",0,0,"split"
"3641-1",0,1,0,0,1,9,0,1477001549415,"true",1,0,"close"
"3641-1",0,0,0,1,0,8,0,1477001542205,"true",1,0,"split"
"3641-1",0,0,1,1,0,39,0,1477001826077,"true",0,1,"split"
"3641-1",0,0,2,1,0,38,1,1477001813360,"true",0,0,"split"
"3641-1",0,1,1,0,1,11,0,1477001563462,"true",0,1,"close"
"3641-1",0,1,2,0,1,10,1,1477001556371,"true",0,0,"far"
"3641-1",0,0,1,1,0,13,0,1477001582872,"true",0,1,"close"
"3641-1",0,0,1,1,0,12,0,1477001574680,"true",0,1,"close"
"3641-1",0,1,0,0,1,15,0,1477001598530,"true",1,0,"far"
"3641-1",1,0,1,0,2,14,0,1477001589367,"true",0,1,"close"
"3641-1",0,0,2,1,0,17,1,1477001614837,"true",0,0,"far"
"3641-1",0,1,2,0,1,16,1,1477001607050,"true",0,0,"split"
"3641-1",0,0,2,1,0,19,1,1477001629750,"true",0,0,"far"
"3641-1",1,0,1,0,2,18,0,1477001621666,"true",0,1,"close"
"3641-1",0,0,2,1,0,31,1,1477001748970,"true",0,0,"split"
"3641-1",0,1,1,0,1,30,0,1477001734710,"true",0,1,"close"
"3641-1",0,1,2,0,1,37,1,1477001795920,"true",0,0,"far"
"3641-1",0,1,0,0,1,36,0,1477001789125,"true",1,0,"far"
"3641-1",1,0,0,0,2,35,0,1477001782612,"true",1,0,"far"
"3641-1",0,1,0,0,1,34,0,1477001775611,"true",1,0,"close"
"3641-1",0,1,2,0,1,33,1,1477001766675,"true",0,0,"far"
"3641-1",0,1,2,0,1,32,1,1477001759465,"false",0,0,"close"
"3641-1",0,1,2,0,1,50,1,1477001927872,"true",0,0,"split"
