"gameid","sClicked_2","sClicked_1","lClickedIndex","sClicked_0","sClickedIndex","roundNum","lClicked_2","time","outcome","lClicked_0","lClicked_1","condition"
"3660-d",1,0,1,0,2,42,0,1476476867432,"true",0,1,"far"
"3660-d",1,0,2,0,2,48,1,1476476913261,"true",0,0,"close"
"3660-d",0,1,2,0,1,43,1,1476476873681,"true",0,0,"far"
"3660-d",1,0,0,0,2,49,0,1476476920208,"true",1,0,"close"
"3660-d",0,0,2,1,0,24,1,1476476451677,"true",0,0,"split"
"3660-d",1,0,2,0,2,25,1,1476476496488,"true",0,0,"close"
"3660-d",1,0,2,0,2,26,1,1476476507822,"true",0,0,"split"
"3660-d",1,0,0,0,2,27,0,1476476535083,"true",1,0,"far"
"3660-d",0,0,1,1,0,20,0,1476476176482,"true",0,1,"split"
"3660-d",1,0,2,0,2,21,1,1476476211347,"true",0,0,"split"
"3660-d",1,0,0,0,2,22,0,1476476226008,"true",1,0,"far"
"3660-d",0,0,1,1,0,23,0,1476476262821,"false",0,1,"close"
"3660-d",1,0,0,0,2,46,0,1476476896642,"true",1,0,"split"
"3660-d",1,0,2,0,2,47,1,1476476904122,"true",0,0,"split"
"3660-d",1,0,1,0,2,44,0,1476476881701,"false",0,1,"split"
"3660-d",0,1,1,0,1,45,0,1476476888786,"true",0,1,"far"
"3660-d",1,0,1,0,2,28,0,1476476545354,"true",0,1,"split"
"3660-d",0,0,0,1,0,29,0,1476476608238,"true",1,0,"split"
"3660-d",0,1,2,0,1,40,1,1476476850338,"true",0,0,"far"
"3660-d",0,0,0,1,0,41,0,1476476861277,"true",1,0,"close"
"3660-d",0,0,1,1,0,1,0,1476475293807,"true",0,1,"close"
"3660-d",1,0,1,0,2,3,0,1476475511038,"true",0,1,"far"
"3660-d",0,1,0,0,1,2,0,1476475460213,"true",1,0,"split"
"3660-d",1,0,2,0,2,5,1,1476475606654,"true",0,0,"far"
"3660-d",0,0,1,1,0,4,0,1476475563924,"false",0,1,"split"
"3660-d",0,0,0,1,0,7,0,1476475708716,"true",1,0,"close"
"3660-d",1,0,0,0,2,6,0,1476475666403,"true",1,0,"split"
"3660-d",1,0,1,0,2,9,0,1476475827229,"true",0,1,"close"
"3660-d",0,0,0,1,0,8,0,1476475782859,"true",1,0,"close"
"3660-d",0,0,2,1,0,39,1,1476476839239,"false",0,0,"far"
"3660-d",0,0,2,1,0,38,1,1476476830825,"true",0,0,"far"
"3660-d",1,0,0,0,2,11,0,1476475913381,"true",1,0,"close"
"3660-d",0,1,0,0,1,10,0,1476475890622,"true",1,0,"far"
"3660-d",0,1,2,0,1,13,1,1476475950140,"true",0,0,"far"
"3660-d",1,0,0,0,2,12,0,1476475936400,"true",1,0,"close"
"3660-d",1,0,2,0,2,15,1,1476476027655,"true",0,0,"split"
"3660-d",0,1,2,0,1,14,1,1476475984508,"true",0,0,"far"
"3660-d",1,0,1,0,2,17,0,1476476119263,"true",0,1,"far"
"3660-d",0,0,1,1,0,16,0,1476476110605,"true",0,1,"split"
"3660-d",0,1,0,0,1,19,0,1476476161189,"true",1,0,"close"
"3660-d",0,1,2,0,1,18,1,1476476139185,"true",0,0,"split"
"3660-d",0,0,0,1,0,31,0,1476476626774,"true",1,0,"far"
"3660-d",0,1,0,0,1,30,0,1476476617426,"true",1,0,"far"
"3660-d",0,0,2,1,0,37,1,1476476820542,"false",0,0,"close"
"3660-d",1,0,2,0,2,36,1,1476476728378,"true",0,0,"close"
"3660-d",0,1,0,0,1,35,0,1476476712319,"true",1,0,"close"
"3660-d",0,0,2,1,0,34,1,1476476676707,"true",0,0,"split"
"3660-d",0,0,1,1,0,33,0,1476476660540,"true",0,1,"split"
"3660-d",0,1,1,0,1,32,0,1476476634202,"true",0,1,"far"
"3660-d",0,1,2,0,1,50,1,1476476928608,"true",0,0,"close"
