"gameid","sClicked_2","sClicked_1","lClickedIndex","sClicked_0","sClickedIndex","roundNum","lClicked_2","time","outcome","lClicked_0","lClicked_1","condition"
"3661-6",1,0,2,0,2,42,1,1476999458403,"true",0,0,"close"
"3661-6",1,0,0,0,2,48,0,1476999514372,"true",1,0,"far"
"3661-6",1,0,2,0,2,43,1,1476999466802,"true",0,0,"far"
"3661-6",0,1,2,0,1,49,1,1476999526012,"true",0,0,"close"
"3661-6",1,0,2,0,2,24,1,1476999266440,"true",0,0,"split"
"3661-6",1,0,1,0,2,25,0,1476999278228,"true",0,1,"split"
"3661-6",1,0,2,0,2,26,1,1476999287869,"true",0,0,"close"
"3661-6",0,0,0,1,0,27,0,1476999294217,"true",1,0,"far"
"3661-6",0,1,2,0,1,20,1,1476999210876,"true",0,0,"far"
"3661-6",0,1,0,0,1,21,0,1476999225151,"true",1,0,"close"
"3661-6",0,1,2,0,1,22,1,1476999238048,"true",0,0,"close"
"3661-6",0,0,1,1,0,23,0,1476999249292,"true",0,1,"close"
"3661-6",0,1,0,0,1,46,0,1476999495593,"true",1,0,"close"
"3661-6",1,0,1,0,2,47,0,1476999507246,"true",0,1,"split"
"3661-6",0,0,1,1,0,44,0,1476999477260,"true",0,1,"far"
"3661-6",1,0,2,0,2,45,1,1476999486069,"true",0,0,"split"
"3661-6",1,0,1,0,2,28,0,1476999302479,"true",0,1,"far"
"3661-6",0,1,1,0,1,29,0,1476999314367,"true",0,1,"split"
"3661-6",0,0,2,1,0,40,1,1476999432557,"true",0,0,"split"
"3661-6",0,1,1,0,1,41,0,1476999442240,"true",0,1,"far"
"3661-6",1,0,0,0,2,1,0,1476998977192,"true",1,0,"split"
"3661-6",0,1,1,0,1,3,0,1476999007481,"true",0,1,"close"
"3661-6",0,1,1,0,1,2,0,1476998994343,"true",0,1,"close"
"3661-6",0,1,2,0,1,5,1,1476999033676,"true",0,0,"far"
"3661-6",0,0,1,1,0,4,0,1476999018764,"true",0,1,"close"
"3661-6",1,0,2,0,2,7,1,1476999058869,"true",0,0,"far"
"3661-6",0,1,1,0,1,6,0,1476999050654,"true",0,1,"close"
"3661-6",1,0,2,0,2,9,1,1476999074800,"true",0,0,"far"
"3661-6",1,0,2,0,2,8,1,1476999067116,"true",0,0,"far"
"3661-6",1,0,1,0,2,39,0,1476999421432,"true",0,1,"split"
"3661-6",0,1,0,0,1,38,0,1476999408709,"true",1,0,"split"
"3661-6",1,0,0,0,2,11,0,1476999097146,"true",1,0,"split"
"3661-6",1,0,1,0,2,10,0,1476999081464,"true",0,1,"split"
"3661-6",0,1,2,0,1,13,1,1476999130139,"true",0,0,"far"
"3661-6",0,0,1,1,0,12,0,1476999119788,"true",0,1,"close"
"3661-6",0,0,1,1,0,15,0,1476999159221,"true",0,1,"close"
"3661-6",0,0,2,1,0,14,1,1476999138112,"true",0,0,"far"
"3661-6",0,0,2,1,0,17,1,1476999181507,"false",0,0,"close"
"3661-6",1,0,2,0,2,16,1,1476999170026,"true",0,0,"far"
"3661-6",0,0,2,1,0,19,1,1476999203753,"true",0,0,"split"
"3661-6",0,1,1,0,1,18,0,1476999192191,"true",0,1,"split"
"3661-6",1,0,1,0,2,31,0,1476999329107,"true",0,1,"far"
"3661-6",1,0,2,0,2,30,1,1476999321949,"true",0,0,"close"
"3661-6",1,0,2,0,2,37,1,1476999389307,"true",0,0,"split"
"3661-6",0,1,0,0,1,36,0,1476999377330,"true",1,0,"far"
"3661-6",0,1,2,0,1,35,1,1476999369689,"true",0,0,"far"
"3661-6",0,0,1,1,0,34,0,1476999359179,"true",0,1,"close"
"3661-6",1,0,0,0,2,33,0,1476999351685,"true",1,0,"split"
"3661-6",0,0,0,1,0,32,0,1476999336603,"true",1,0,"split"
"3661-6",0,1,0,0,1,50,0,1476999535335,"true",1,0,"close"
