"gameid","sClicked_2","sClicked_1","lClickedIndex","sClicked_0","sClickedIndex","roundNum","lClicked_2","time","outcome","lClicked_0","lClicked_1","condition"
"3661-0",1,0,1,0,2,42,0,1476502615647,"true",0,1,"far"
"3661-0",0,1,1,0,1,48,0,1476502813940,"true",0,1,"close"
"3661-0",0,0,1,1,0,43,0,1476502625348,"true",0,1,"far"
"3661-0",0,0,2,1,0,49,1,1476502860031,"true",0,0,"split"
"3661-0",0,0,1,1,0,24,0,1476502101113,"true",0,1,"split"
"3661-0",0,1,1,0,1,25,0,1476502129077,"true",0,1,"close"
"3661-0",1,0,0,0,2,26,0,1476502158081,"true",1,0,"split"
"3661-0",0,1,0,0,1,27,0,1476502175172,"true",1,0,"close"
"3661-0",0,1,0,0,1,20,0,1476502013523,"true",1,0,"far"
"3661-0",1,0,1,0,2,21,0,1476502024935,"true",0,1,"split"
"3661-0",1,0,1,0,2,22,0,1476502066966,"true",0,1,"close"
"3661-0",0,0,2,1,0,23,1,1476502084745,"true",0,0,"far"
"3661-0",1,0,2,0,2,46,1,1476502783671,"true",0,0,"split"
"3661-0",1,0,2,0,2,47,1,1476502794237,"true",0,0,"far"
"3661-0",0,1,0,0,1,44,0,1476502728272,"true",1,0,"close"
"3661-0",1,0,2,0,2,45,1,1476502766212,"true",0,0,"far"
"3661-0",0,0,0,1,0,28,0,1476502228422,"true",1,0,"close"
"3661-0",0,1,1,0,1,29,0,1476502236660,"true",0,1,"far"
"3661-0",1,0,2,0,2,40,1,1476502484781,"true",0,0,"close"
"3661-0",0,0,2,1,0,41,1,1476502600291,"true",0,0,"close"
"3661-0",1,0,0,0,2,1,0,1476501645845,"true",1,0,"close"
"3661-0",1,0,0,0,2,3,0,1476501702792,"true",1,0,"split"
"3661-0",0,0,0,1,0,2,0,1476501655418,"true",1,0,"far"
"3661-0",0,0,2,1,0,5,1,1476501750839,"true",0,0,"close"
"3661-0",1,0,1,0,2,4,0,1476501720595,"true",0,1,"split"
"3661-0",0,0,2,1,0,7,1,1476501783917,"true",0,0,"far"
"3661-0",0,1,2,0,1,6,1,1476501772686,"true",0,0,"close"
"3661-0",0,1,2,0,1,9,1,1476501804494,"true",0,0,"far"
"3661-0",0,1,1,0,1,8,0,1476501795491,"true",0,1,"far"
"3661-0",1,0,2,0,2,39,1,1476502461478,"true",0,0,"close"
"3661-0",0,0,2,1,0,38,1,1476502431860,"true",0,0,"close"
"3661-0",0,1,0,0,1,11,0,1476501827989,"true",1,0,"far"
"3661-0",0,1,0,0,1,10,0,1476501816595,"true",1,0,"close"
"3661-0",1,0,0,0,2,13,0,1476501881650,"true",1,0,"close"
"3661-0",0,0,1,1,0,12,0,1476501846350,"true",0,1,"split"
"3661-0",0,0,2,1,0,15,1,1476501918990,"true",0,0,"split"
"3661-0",0,0,2,1,0,14,1,1476501890651,"true",0,0,"far"
"3661-0",0,0,2,1,0,17,1,1476501956894,"true",0,0,"split"
"3661-0",1,0,1,0,2,16,0,1476501941886,"true",0,1,"split"
"3661-0",0,0,2,1,0,19,1,1476502003444,"true",0,0,"far"
"3661-0",0,0,1,1,0,18,0,1476501992424,"true",0,1,"split"
"3661-0",1,0,2,0,2,31,1,1476502270911,"true",0,0,"split"
"3661-0",1,0,2,0,2,30,1,1476502258052,"true",0,0,"far"
"3661-0",1,0,2,0,2,37,1,1476502396964,"true",0,0,"close"
"3661-0",0,0,1,1,0,36,0,1476502346510,"true",0,1,"far"
"3661-0",0,1,1,0,1,35,0,1476502337051,"true",0,1,"split"
"3661-0",0,0,2,1,0,34,1,1476502323880,"true",0,0,"close"
"3661-0",0,0,1,1,0,33,0,1476502307546,"true",0,1,"split"
"3661-0",0,1,1,0,1,32,0,1476502294796,"true",0,1,"split"
"3661-0",0,1,0,0,1,50,0,1476502895695,"true",1,0,"far"
