"gameid","sClicked_2","sClicked_1","lClickedIndex","sClicked_0","sClickedIndex","roundNum","lClicked_2","time","outcome","lClicked_0","lClicked_1","condition"
"3671-d",0,1,0,0,1,42,0,1476491241284,"true",1,0,"split"
"3671-d",0,1,2,0,1,48,1,1476491359199,"true",0,0,"split"
"3671-d",1,0,0,0,2,43,0,1476491251311,"true",1,0,"split"
"3671-d",0,0,0,1,0,49,0,1476491380016,"true",1,0,"close"
"3671-d",1,0,2,0,2,24,1,1476490921667,"true",0,0,"far"
"3671-d",0,0,0,1,0,25,0,1476490962759,"true",1,0,"close"
"3671-d",0,0,0,1,0,26,0,1476490980009,"true",1,0,"close"
"3671-d",0,1,1,0,1,27,0,1476491003529,"true",0,1,"far"
"3671-d",0,0,0,1,0,20,0,1476490835260,"true",1,0,"close"
"3671-d",0,0,2,1,0,21,1,1476490849922,"true",0,0,"close"
"3671-d",0,0,2,1,0,22,1,1476490856653,"true",0,0,"far"
"3671-d",0,0,0,1,0,23,0,1476490907602,"true",1,0,"close"
"3671-d",1,0,2,0,2,46,1,1476491318815,"true",0,0,"close"
"3671-d",0,1,0,0,1,47,0,1476491329329,"true",1,0,"far"
"3671-d",1,0,2,0,2,44,1,1476491258953,"true",0,0,"split"
"3671-d",1,0,0,0,2,45,0,1476491280992,"true",1,0,"close"
"3671-d",0,1,1,0,1,28,0,1476491052956,"true",0,1,"close"
"3671-d",0,0,2,1,0,29,1,1476491080706,"false",0,0,"close"
"3671-d",0,1,1,0,1,40,0,1476491209369,"true",0,1,"close"
"3671-d",0,0,2,1,0,41,1,1476491223927,"true",0,0,"split"
"3671-d",1,0,2,0,2,1,1,1476490561955,"true",0,0,"split"
"3671-d",1,0,2,0,2,3,1,1476490603660,"true",0,0,"close"
"3671-d",1,0,1,0,2,2,0,1476490571611,"true",0,1,"split"
"3671-d",0,1,0,0,1,5,0,1476490634130,"true",1,0,"far"
"3671-d",0,1,2,0,1,4,1,1476490619090,"true",0,0,"close"
"3671-d",0,0,1,1,0,7,0,1476490652185,"true",0,1,"far"
"3671-d",1,0,2,0,2,6,1,1476490644954,"true",0,0,"far"
"3671-d",1,0,0,0,2,9,0,1476490670979,"true",1,0,"far"
"3671-d",0,0,0,1,0,8,0,1476490661443,"true",1,0,"far"
"3671-d",1,0,2,0,2,39,1,1476491190913,"true",0,0,"far"
"3671-d",0,0,0,1,0,38,0,1476491165633,"true",1,0,"close"
"3671-d",0,1,0,0,1,11,0,1476490686450,"true",1,0,"far"
"3671-d",1,0,0,0,2,10,0,1476490678635,"true",1,0,"far"
"3671-d",0,1,0,0,1,13,0,1476490711553,"true",1,0,"split"
"3671-d",1,0,0,0,2,12,0,1476490699498,"true",1,0,"split"
"3671-d",0,0,1,1,0,15,0,1476490752762,"true",0,1,"close"
"3671-d",0,0,1,1,0,14,0,1476490720483,"true",0,1,"far"
"3671-d",0,1,1,0,1,17,0,1476490780457,"true",0,1,"split"
"3671-d",0,0,0,1,0,16,0,1476490770882,"true",1,0,"close"
"3671-d",0,0,0,1,0,19,0,1476490822162,"true",1,0,"far"
"3671-d",0,1,1,0,1,18,0,1476490811250,"true",0,1,"split"
"3671-d",1,0,2,0,2,31,1,1476491106825,"true",0,0,"split"
"3671-d",0,1,0,0,1,30,0,1476491098649,"true",1,0,"split"
"3671-d",1,0,0,0,2,37,0,1476491158064,"true",1,0,"split"
"3671-d",0,0,0,1,0,36,0,1476491150665,"true",1,0,"close"
"3671-d",0,1,0,0,1,35,0,1476491142145,"true",1,0,"far"
"3671-d",0,1,1,0,1,34,0,1476491131539,"true",0,1,"far"
"3671-d",1,0,0,0,2,33,0,1476491124297,"true",1,0,"far"
"3671-d",0,1,1,0,1,32,0,1476491117218,"true",0,1,"split"
"3671-d",1,0,0,0,2,50,0,1476491401247,"true",1,0,"split"
