"gameid","sClicked_2","sClicked_1","lClickedIndex","sClicked_0","sClickedIndex","roundNum","lClicked_2","time","outcome","lClicked_0","lClicked_1","condition"
"3676-4",0,1,2,0,1,42,1,1476988715155,"true",0,0,"far"
"3676-4",1,0,0,0,2,48,0,1476988772724,"true",1,0,"far"
"3676-4",0,1,0,0,1,43,0,1476988722511,"true",1,0,"far"
"3676-4",0,1,0,0,1,49,0,1476988779609,"true",1,0,"far"
"3676-4",0,0,0,1,0,24,0,1476988468621,"true",1,0,"far"
"3676-4",0,1,0,0,1,25,0,1476988477985,"true",1,0,"far"
"3676-4",1,0,2,0,2,26,1,1476988485243,"true",0,0,"far"
"3676-4",0,0,2,1,0,27,1,1476988493104,"true",0,0,"split"
"3676-4",0,0,1,1,0,20,0,1476988421350,"true",0,1,"split"
"3676-4",0,0,1,1,0,21,0,1476988443921,"false",0,1,"close"
"3676-4",0,1,2,0,1,22,1,1476988452741,"true",0,0,"close"
"3676-4",1,0,0,0,2,23,0,1476988461886,"true",1,0,"split"
"3676-4",1,0,1,0,2,46,0,1476988753101,"true",0,1,"close"
"3676-4",1,0,2,0,2,47,1,1476988765688,"true",0,0,"close"
"3676-4",0,1,2,0,1,44,1,1476988730282,"true",0,0,"split"
"3676-4",0,0,2,1,0,45,1,1476988739442,"true",0,0,"split"
"3676-4",0,0,0,1,0,28,0,1476988518235,"true",1,0,"close"
"3676-4",1,0,2,0,2,29,1,1476988530665,"true",0,0,"split"
"3676-4",0,1,0,0,1,40,0,1476988701891,"true",1,0,"split"
"3676-4",1,0,2,0,2,41,1,1476988708725,"true",0,0,"far"
"3676-4",0,0,0,1,0,1,0,1476988088237,"true",1,0,"close"
"3676-4",0,1,0,0,1,3,0,1476988110107,"true",1,0,"split"
"3676-4",0,0,0,1,0,2,0,1476988098213,"false",1,0,"split"
"3676-4",1,0,1,0,2,5,0,1476988177541,"true",0,1,"close"
"3676-4",1,0,2,0,2,4,1,1476988150750,"true",0,0,"close"
"3676-4",0,1,2,0,1,7,1,1476988200425,"true",0,0,"close"
"3676-4",0,0,1,1,0,6,0,1476988192057,"true",0,1,"split"
"3676-4",1,0,1,0,2,9,0,1476988216035,"true",0,1,"split"
"3676-4",0,1,1,0,1,8,0,1476988208022,"true",0,1,"far"
"3676-4",1,0,2,0,2,39,1,1476988687873,"true",0,0,"close"
"3676-4",1,0,1,0,2,38,0,1476988669480,"true",0,1,"far"
"3676-4",1,0,2,0,2,11,1,1476988245904,"true",0,0,"far"
"3676-4",0,0,0,1,0,10,0,1476988233927,"true",1,0,"far"
"3676-4",1,0,1,0,2,13,0,1476988289198,"false",0,1,"close"
"3676-4",1,0,0,0,2,12,0,1476988268487,"false",1,0,"close"
"3676-4",0,1,1,0,1,15,0,1476988329033,"true",0,1,"split"
"3676-4",0,1,2,0,1,14,1,1476988307281,"true",0,0,"far"
"3676-4",1,0,2,0,2,17,1,1476988363991,"true",0,0,"split"
"3676-4",1,0,2,0,2,16,1,1476988353520,"true",0,0,"close"
"3676-4",0,0,0,1,0,19,0,1476988408323,"false",1,0,"close"
"3676-4",0,0,2,1,0,18,1,1476988384909,"true",0,0,"close"
"3676-4",1,0,2,0,2,31,1,1476988544169,"true",0,0,"far"
"3676-4",0,0,2,1,0,30,1,1476988537853,"true",0,0,"split"
"3676-4",1,0,2,0,2,37,1,1476988657909,"true",0,0,"far"
"3676-4",0,0,0,1,0,36,0,1476988646336,"true",1,0,"far"
"3676-4",0,1,1,0,1,35,0,1476988625023,"true",0,1,"close"
"3676-4",0,0,2,1,0,34,1,1476988604029,"true",0,0,"far"
"3676-4",0,0,0,1,0,33,0,1476988593358,"true",1,0,"split"
"3676-4",1,0,2,0,2,32,1,1476988571483,"true",0,0,"close"
"3676-4",0,0,2,1,0,50,1,1476988802939,"true",0,0,"split"
