"gameid","sClicked_2","sClicked_1","lClickedIndex","sClicked_0","sClickedIndex","roundNum","lClicked_2","time","outcome","lClicked_0","lClicked_1","condition"
"3681-3",0,1,1,0,1,42,0,1476495836142,"true",0,1,"close"
"3681-3",1,0,0,0,2,48,0,1476495899335,"true",1,0,"far"
"3681-3",0,0,2,1,0,43,1,1476495846856,"true",0,0,"split"
"3681-3",0,1,1,0,1,49,0,1476495905725,"true",0,1,"far"
"3681-3",0,0,0,1,0,24,0,1476495619899,"true",1,0,"far"
"3681-3",0,0,2,1,0,25,1,1476495631954,"true",0,0,"far"
"3681-3",1,0,0,0,2,26,0,1476495640617,"true",1,0,"close"
"3681-3",1,0,1,0,2,27,0,1476495649626,"true",0,1,"split"
"3681-3",0,0,0,1,0,20,0,1476495574541,"true",1,0,"close"
"3681-3",0,0,0,1,0,21,0,1476495590168,"true",1,0,"split"
"3681-3",0,0,2,1,0,22,1,1476495602856,"true",0,0,"split"
"3681-3",0,1,0,0,1,23,0,1476495611098,"true",1,0,"far"
"3681-3",0,0,1,1,0,46,0,1476495867704,"true",0,1,"far"
"3681-3",0,0,1,1,0,47,0,1476495891656,"true",0,1,"close"
"3681-3",0,0,2,1,0,44,1,1476495853583,"true",0,0,"close"
"3681-3",0,1,1,0,1,45,0,1476495861018,"true",0,1,"split"
"3681-3",1,0,0,0,2,28,0,1476495665735,"true",1,0,"close"
"3681-3",0,1,1,0,1,29,0,1476495672411,"true",0,1,"far"
"3681-3",1,0,1,0,2,40,0,1476495805705,"true",0,1,"close"
"3681-3",0,0,1,1,0,41,0,1476495812608,"true",0,1,"close"
"3681-3",0,1,1,0,1,1,0,1476495323581,"true",0,1,"split"
"3681-3",0,1,0,0,1,3,0,1476495359984,"true",1,0,"close"
"3681-3",0,0,1,1,0,2,0,1476495335190,"false",0,1,"close"
"3681-3",1,0,2,0,2,5,1,1476495379209,"true",0,0,"close"
"3681-3",0,1,2,0,1,4,1,1476495369063,"true",0,0,"far"
"3681-3",0,1,0,0,1,7,0,1476495404643,"true",1,0,"split"
"3681-3",0,1,0,0,1,6,0,1476495394411,"true",1,0,"split"
"3681-3",1,0,0,0,2,9,0,1476495422035,"true",1,0,"split"
"3681-3",0,0,1,1,0,8,0,1476495414472,"true",0,1,"split"
"3681-3",0,1,1,0,1,39,0,1476495792562,"true",0,1,"close"
"3681-3",1,0,0,0,2,38,0,1476495774352,"true",1,0,"split"
"3681-3",0,0,2,1,0,11,1,1476495459748,"true",0,0,"close"
"3681-3",0,0,1,1,0,10,0,1476495437397,"false",0,1,"close"
"3681-3",0,0,0,1,0,13,0,1476495478450,"true",1,0,"close"
"3681-3",0,0,0,1,0,12,0,1476495466980,"true",1,0,"close"
"3681-3",0,0,2,1,0,15,1,1476495492786,"true",0,0,"far"
"3681-3",0,0,1,1,0,14,0,1476495485844,"true",0,1,"far"
"3681-3",0,0,2,1,0,17,1,1476495519112,"true",0,0,"close"
"3681-3",0,0,0,1,0,16,0,1476495510618,"true",1,0,"split"
"3681-3",0,1,1,0,1,19,0,1476495543250,"true",0,1,"split"
"3681-3",0,0,2,1,0,18,1,1476495534615,"true",0,0,"split"
"3681-3",0,1,0,0,1,31,0,1476495688936,"false",1,0,"split"
"3681-3",1,0,1,0,2,30,0,1476495678923,"true",0,1,"far"
"3681-3",0,1,0,0,1,37,0,1476495765010,"true",1,0,"far"
"3681-3",0,1,0,0,1,36,0,1476495758746,"true",1,0,"far"
"3681-3",0,1,0,0,1,35,0,1476495751707,"true",1,0,"far"
"3681-3",1,0,1,0,2,34,0,1476495742935,"false",0,1,"split"
"3681-3",0,1,1,0,1,33,0,1476495709863,"true",0,1,"split"
"3681-3",1,0,1,0,2,32,0,1476495702478,"true",0,1,"far"
"3681-3",0,1,0,0,1,50,0,1476495912093,"true",1,0,"far"
