"gameid","sClicked_2","sClicked_1","lClickedIndex","sClicked_0","sClickedIndex","roundNum","lClicked_2","time","outcome","lClicked_0","lClicked_1","condition"
"3682-7",1,0,2,0,2,42,1,1477001640536,"false",0,0,"split"
"3682-7",0,0,0,1,0,48,0,1477001696933,"true",1,0,"split"
"3682-7",0,0,2,1,0,43,1,1477001649255,"true",0,0,"close"
"3682-7",1,0,0,0,2,49,0,1477001704711,"false",1,0,"close"
"3682-7",0,0,2,1,0,24,1,1477001409694,"true",0,0,"split"
"3682-7",0,1,1,0,1,25,0,1477001416799,"false",0,1,"split"
"3682-7",0,0,0,1,0,26,0,1477001428107,"false",1,0,"far"
"3682-7",0,1,1,0,1,27,0,1477001437134,"false",0,1,"close"
"3682-7",1,0,1,0,2,20,0,1477001351413,"true",0,1,"split"
"3682-7",1,0,1,0,2,21,0,1477001361906,"false",0,1,"close"
"3682-7",1,0,2,0,2,22,1,1477001368850,"true",0,0,"far"
"3682-7",1,0,1,0,2,23,0,1477001378687,"true",0,1,"close"
"3682-7",1,0,2,0,2,46,1,1477001678104,"false",0,0,"split"
"3682-7",0,1,1,0,1,47,0,1477001685689,"true",0,1,"far"
"3682-7",0,1,0,0,1,44,0,1477001661218,"true",1,0,"close"
"3682-7",1,0,0,0,2,45,0,1477001668747,"true",1,0,"split"
"3682-7",0,0,1,1,0,28,0,1477001446314,"true",0,1,"far"
"3682-7",0,1,1,0,1,29,0,1477001458843,"true",0,1,"split"
"3682-7",0,1,0,0,1,40,0,1477001592709,"true",1,0,"far"
"3682-7",0,1,1,0,1,41,0,1477001610886,"true",0,1,"close"
"3682-7",0,0,2,1,0,1,1,1477001119891,"true",0,0,"far"
"3682-7",0,1,1,0,1,3,0,1477001137613,"false",0,1,"far"
"3682-7",1,0,1,0,2,2,0,1477001128713,"true",0,1,"split"
"3682-7",0,1,0,0,1,5,0,1477001158169,"true",1,0,"far"
"3682-7",0,0,2,1,0,4,1,1477001149302,"true",0,0,"split"
"3682-7",0,0,0,1,0,7,0,1477001181695,"false",1,0,"split"
"3682-7",0,0,1,1,0,6,0,1477001170322,"false",0,1,"close"
"3682-7",0,0,2,1,0,9,1,1477001194874,"true",0,0,"split"
"3682-7",0,0,1,1,0,8,0,1477001188298,"true",0,1,"far"
"3682-7",1,0,2,0,2,39,1,1477001582579,"false",0,0,"close"
"3682-7",1,0,0,0,2,38,0,1477001550254,"true",1,0,"far"
"3682-7",0,1,0,0,1,11,0,1477001215337,"true",1,0,"split"
"3682-7",1,0,0,0,2,10,0,1477001204390,"true",1,0,"split"
"3682-7",0,0,2,1,0,13,1,1477001246861,"true",0,0,"split"
"3682-7",1,0,2,0,2,12,1,1477001230227,"true",0,0,"close"
"3682-7",1,0,1,0,2,15,0,1477001269228,"true",0,1,"close"
"3682-7",0,0,1,1,0,14,0,1477001259142,"true",0,1,"far"
"3682-7",0,1,2,0,1,17,1,1477001302774,"true",0,0,"close"
"3682-7",1,0,1,0,2,16,0,1477001283023,"false",0,1,"close"
"3682-7",0,0,0,1,0,19,0,1477001342200,"false",1,0,"close"
"3682-7",1,0,2,0,2,18,1,1477001313471,"true",0,0,"close"
"3682-7",0,0,2,1,0,31,1,1477001479974,"false",0,0,"close"
"3682-7",1,0,1,0,2,30,0,1477001471480,"true",0,1,"far"
"3682-7",0,0,0,1,0,37,0,1477001539295,"false",1,0,"split"
"3682-7",0,1,1,0,1,36,0,1477001528078,"false",0,1,"split"
"3682-7",0,0,2,1,0,35,1,1477001515520,"true",0,0,"far"
"3682-7",0,1,0,0,1,34,0,1477001506153,"true",1,0,"close"
"3682-7",0,0,1,1,0,33,0,1477001496304,"true",0,1,"far"
"3682-7",0,1,2,0,1,32,1,1477001487616,"true",0,0,"far"
"3682-7",1,0,0,0,2,50,0,1477001721504,"true",1,0,"far"
