"gameid","sClicked_2","sClicked_1","lClickedIndex","sClicked_0","sClickedIndex","roundNum","lClicked_2","time","outcome","lClicked_0","lClicked_1","condition"
"3714-6",0,1,2,0,1,42,1,1476477356505,"true",0,0,"close"
"3714-6",0,0,2,1,0,48,1,1476477442408,"true",0,0,"far"
"3714-6",1,0,0,0,2,43,0,1476477364374,"true",1,0,"far"
"3714-6",0,1,1,0,1,49,0,1476477456054,"true",0,1,"far"
"3714-6",0,1,2,0,1,24,1,1476477026982,"true",0,0,"close"
"3714-6",0,1,1,0,1,25,0,1476477059221,"true",0,1,"split"
"3714-6",1,0,0,0,2,26,0,1476477068108,"true",1,0,"split"
"3714-6",1,0,1,0,2,27,0,1476477096838,"true",0,1,"close"
"3714-6",1,0,2,0,2,20,1,1476476979142,"true",0,0,"far"
"3714-6",0,1,0,0,1,21,0,1476476992658,"true",1,0,"split"
"3714-6",0,1,0,0,1,22,0,1476477003398,"true",1,0,"far"
"3714-6",0,1,2,0,1,23,1,1476477012068,"true",0,0,"far"
"3714-6",0,0,1,1,0,46,0,1476477407139,"true",0,1,"split"
"3714-6",0,1,2,0,1,47,1,1476477422775,"false",0,0,"split"
"3714-6",0,0,1,1,0,44,0,1476477375888,"true",0,1,"close"
"3714-6",0,1,0,0,1,45,0,1476477393448,"true",1,0,"split"
"3714-6",0,0,0,1,0,28,0,1476477107000,"true",1,0,"far"
"3714-6",0,0,1,1,0,29,0,1476477137232,"false",0,1,"split"
"3714-6",0,1,2,0,1,40,1,1476477312698,"true",0,0,"far"
"3714-6",0,1,2,0,1,41,1,1476477322691,"true",0,0,"close"
"3714-6",0,1,0,0,1,1,0,1476476648879,"false",1,0,"close"
"3714-6",0,1,1,0,1,3,0,1476476681728,"false",0,1,"far"
"3714-6",1,0,0,0,2,2,0,1476476664606,"true",1,0,"far"
"3714-6",1,0,2,0,2,5,1,1476476723890,"true",0,0,"far"
"3714-6",0,1,0,0,1,4,0,1476476710989,"true",1,0,"split"
"3714-6",1,0,2,0,2,7,1,1476476749088,"true",0,0,"far"
"3714-6",1,0,1,0,2,6,0,1476476734896,"true",0,1,"far"
"3714-6",0,1,2,0,1,9,1,1476476788910,"true",0,0,"far"
"3714-6",1,0,1,0,2,8,0,1476476778909,"true",0,1,"split"
"3714-6",1,0,2,0,2,39,1,1476477302419,"true",0,0,"split"
"3714-6",1,0,0,0,2,38,0,1476477295340,"false",1,0,"split"
"3714-6",0,0,1,1,0,11,0,1476476855383,"false",0,1,"close"
"3714-6",1,0,0,0,2,10,0,1476476833468,"true",1,0,"split"
"3714-6",1,0,2,0,2,13,1,1476476881389,"false",0,0,"close"
"3714-6",0,0,1,1,0,12,0,1476476863540,"true",0,1,"close"
"3714-6",0,0,2,1,0,15,1,1476476906156,"true",0,0,"far"
"3714-6",0,0,2,1,0,14,1,1476476897588,"true",0,0,"close"
"3714-6",0,0,0,1,0,17,0,1476476922809,"true",1,0,"split"
"3714-6",0,1,1,0,1,16,0,1476476915157,"true",0,1,"close"
"3714-6",1,0,1,0,2,19,0,1476476970219,"true",0,1,"split"
"3714-6",1,0,2,0,2,18,1,1476476944267,"false",0,0,"close"
"3714-6",0,1,0,0,1,31,0,1476477165573,"true",1,0,"split"
"3714-6",1,0,2,0,2,30,1,1476477156979,"true",0,0,"close"
"3714-6",0,1,2,0,1,37,1,1476477272946,"true",0,0,"close"
"3714-6",0,1,0,0,1,36,0,1476477264208,"true",1,0,"close"
"3714-6",0,1,0,0,1,35,0,1476477234578,"false",1,0,"split"
"3714-6",1,0,0,0,2,34,0,1476477210109,"true",1,0,"close"
"3714-6",1,0,1,0,2,33,0,1476477181690,"true",0,1,"far"
"3714-6",0,0,2,1,0,32,1,1476477173064,"true",0,0,"far"
"3714-6",1,0,0,0,2,50,0,1476477484266,"false",1,0,"close"
