"gameid","sClicked_2","sClicked_1","lClickedIndex","sClicked_0","sClickedIndex","roundNum","lClicked_2","time","outcome","lClicked_0","lClicked_1","condition"
"3720-1",0,0,2,1,0,42,1,1459883448447,"true",0,0,"far"
"3720-1",0,0,2,1,0,48,1,1459883496399,"true",0,0,"far"
"3720-1",0,1,1,0,1,43,0,1459883457038,"true",0,1,"far"
"3720-1",1,0,2,0,2,49,1,1459883506863,"true",0,0,"close"
"3720-1",0,0,1,1,0,24,0,1459883272623,"false",0,1,"close"
"3720-1",1,0,0,0,2,25,0,1459883283813,"false",1,0,"close"
"3720-1",0,0,1,1,0,26,0,1459883292915,"true",0,1,"far"
"3720-1",1,0,1,0,2,27,0,1459883305033,"false",0,1,"close"
"3720-1",0,1,2,0,1,20,1,1459883223473,"true",0,0,"far"
"3720-1",0,1,1,0,1,21,0,1459883234508,"false",0,1,"close"
"3720-1",0,1,2,0,1,22,1,1459883247883,"true",0,0,"close"
"3720-1",0,1,1,0,1,23,0,1459883261018,"true",0,1,"far"
"3720-1",1,0,1,0,2,46,0,1459883480399,"true",0,1,"split"
"3720-1",0,1,1,0,1,47,0,1459883488723,"false",0,1,"close"
"3720-1",0,0,1,1,0,44,0,1459883464088,"true",0,1,"far"
"3720-1",0,1,2,0,1,45,1,1459883472183,"false",0,0,"close"
"3720-1",0,0,0,1,0,28,0,1459883317727,"true",1,0,"close"
"3720-1",0,0,2,1,0,29,1,1459883327553,"true",0,0,"far"
"3720-1",0,0,0,1,0,40,0,1459883432129,"true",1,0,"split"
"3720-1",1,0,0,0,2,41,0,1459883440502,"true",1,0,"far"
"3720-1",0,1,1,0,1,1,0,1459882836665,"true",0,1,"split"
"3720-1",0,0,1,1,0,3,0,1459882878855,"true",0,1,"far"
"3720-1",1,0,2,0,2,2,1,1459882867777,"true",0,0,"close"
"3720-1",1,0,2,0,2,5,1,1459882926454,"true",0,0,"split"
"3720-1",0,0,0,1,0,4,0,1459882890825,"true",1,0,"split"
"3720-1",1,0,1,0,2,7,0,1459882963833,"true",0,1,"far"
"3720-1",1,0,2,0,2,6,1,1459882939832,"true",0,0,"split"
"3720-1",1,0,1,0,2,9,0,1459883012010,"true",0,1,"split"
"3720-1",0,1,0,0,1,8,0,1459882992762,"true",1,0,"close"
"3720-1",0,1,2,0,1,39,1,1459883419870,"false",0,0,"close"
"3720-1",1,0,1,0,2,38,0,1459883408383,"true",0,1,"split"
"3720-1",0,1,1,0,1,11,0,1459883069993,"false",0,1,"split"
"3720-1",1,0,0,0,2,10,0,1459883024414,"true",1,0,"split"
"3720-1",1,0,0,0,2,13,0,1459883142975,"true",1,0,"far"
"3720-1",0,1,0,0,1,12,0,1459883135002,"true",1,0,"close"
"3720-1",0,0,1,1,0,15,0,1459883170664,"true",0,1,"split"
"3720-1",0,0,1,1,0,14,0,1459883156393,"true",0,1,"split"
"3720-1",0,0,1,1,0,17,0,1459883194533,"true",0,1,"close"
"3720-1",0,0,0,1,0,16,0,1459883179207,"true",1,0,"far"
"3720-1",0,1,0,0,1,19,0,1459883215079,"true",1,0,"far"
"3720-1",0,0,2,1,0,18,1,1459883207389,"true",0,0,"split"
"3720-1",0,0,2,1,0,31,1,1459883343958,"true",0,0,"far"
"3720-1",1,0,1,0,2,30,0,1459883336067,"true",0,1,"split"
"3720-1",0,0,2,1,0,37,1,1459883398909,"true",0,0,"split"
"3720-1",0,0,1,1,0,36,0,1459883390522,"true",0,1,"far"
"3720-1",0,1,1,0,1,35,0,1459883382113,"false",0,1,"split"
"3720-1",1,0,1,0,2,34,0,1459883371943,"true",0,1,"close"
"3720-1",0,0,2,1,0,33,1,1459883359768,"true",0,0,"far"
"3720-1",0,1,0,0,1,32,0,1459883351248,"true",1,0,"split"
"3720-1",0,1,1,0,1,50,0,1459883516063,"false",0,1,"close"
