"gameid","sClicked_2","sClicked_1","lClickedIndex","sClicked_0","sClickedIndex","roundNum","lClicked_2","time","outcome","lClicked_0","lClicked_1","condition"
"3724-2",1,0,1,0,2,42,0,1476995027056,"true",0,1,"split"
"3724-2",0,0,0,1,0,48,0,1476995115365,"true",1,0,"close"
"3724-2",1,0,1,0,2,43,0,1476995036373,"true",0,1,"split"
"3724-2",0,1,1,0,1,49,0,1476995127916,"true",0,1,"close"
"3724-2",1,0,2,0,2,24,1,1476994801666,"true",0,0,"split"
"3724-2",0,1,0,0,1,25,0,1476994809046,"true",1,0,"far"
"3724-2",0,1,2,0,1,26,1,1476994818246,"true",0,0,"far"
"3724-2",1,0,0,0,2,27,0,1476994832275,"true",1,0,"split"
"3724-2",0,0,0,1,0,20,0,1476994759836,"true",1,0,"split"
"3724-2",0,1,1,0,1,21,0,1476994766825,"true",0,1,"far"
"3724-2",0,1,0,0,1,22,0,1476994773286,"true",1,0,"far"
"3724-2",0,0,2,1,0,23,1,1476994792777,"false",0,0,"close"
"3724-2",0,0,1,1,0,46,0,1476995093606,"false",0,1,"close"
"3724-2",0,0,1,1,0,47,0,1476995108006,"false",0,1,"split"
"3724-2",0,0,2,1,0,44,1,1476995058626,"false",0,0,"close"
"3724-2",0,0,0,1,0,45,0,1476995065957,"true",1,0,"far"
"3724-2",1,0,0,0,2,28,0,1476994840076,"true",1,0,"far"
"3724-2",1,0,2,0,2,29,1,1476994847856,"false",0,0,"far"
"3724-2",1,0,1,0,2,40,0,1476994993736,"true",0,1,"far"
"3724-2",0,1,0,0,1,41,0,1476995002796,"true",1,0,"far"
"3724-2",1,0,2,0,2,1,1,1476994509206,"true",0,0,"split"
"3724-2",0,1,2,0,1,3,1,1476994539124,"true",0,0,"split"
"3724-2",0,1,0,0,1,2,0,1476994529406,"true",1,0,"far"
"3724-2",1,0,1,0,2,5,0,1476994587362,"true",0,1,"close"
"3724-2",1,0,2,0,2,4,1,1476994554234,"false",0,0,"close"
"3724-2",0,1,1,0,1,7,0,1476994608445,"true",0,1,"split"
"3724-2",0,0,0,1,0,6,0,1476994599316,"true",1,0,"split"
"3724-2",0,0,2,1,0,9,1,1476994642586,"true",0,0,"split"
"3724-2",1,0,2,0,2,8,1,1476994627914,"true",0,0,"close"
"3724-2",1,0,1,0,2,39,0,1476994983456,"false",0,1,"close"
"3724-2",0,1,1,0,1,38,0,1476994966865,"false",0,1,"split"
"3724-2",0,0,1,1,0,11,0,1476994662075,"true",0,1,"close"
"3724-2",0,1,2,0,1,10,1,1476994652656,"true",0,0,"close"
"3724-2",0,0,0,1,0,13,0,1476994685226,"true",1,0,"split"
"3724-2",0,0,1,1,0,12,0,1476994675672,"false",0,1,"split"
"3724-2",0,1,0,0,1,15,0,1476994707033,"true",1,0,"close"
"3724-2",0,1,2,0,1,14,1,1476994699136,"true",0,0,"split"
"3724-2",0,0,0,1,0,17,0,1476994726996,"true",1,0,"far"
"3724-2",1,0,1,0,2,16,0,1476994720436,"true",0,1,"split"
"3724-2",0,1,1,0,1,19,0,1476994751330,"false",0,1,"close"
"3724-2",0,0,0,1,0,18,0,1476994737175,"true",1,0,"far"
"3724-2",1,0,0,0,2,31,0,1476994878985,"true",1,0,"close"
"3724-2",0,0,2,1,0,30,1,1476994861446,"true",0,0,"far"
"3724-2",0,0,0,1,0,37,0,1476994947974,"true",1,0,"close"
"3724-2",0,1,1,0,1,36,0,1476994930066,"true",0,1,"far"
"3724-2",1,0,1,0,2,35,0,1476994921125,"true",0,1,"split"
"3724-2",0,1,0,0,1,34,0,1476994910656,"true",1,0,"far"
"3724-2",0,1,1,0,1,33,0,1476994901926,"true",0,1,"far"
"3724-2",0,1,1,0,1,32,0,1476994893325,"false",0,1,"close"
"3724-2",1,0,1,0,2,50,0,1476995145426,"true",0,1,"far"
