"gameid","sClicked_2","sClicked_1","lClickedIndex","sClicked_0","sClickedIndex","roundNum","lClicked_2","time","outcome","lClicked_0","lClicked_1","condition"
"3734-3",0,1,1,0,1,42,0,1476993069174,"true",0,1,"split"
"3734-3",0,1,1,0,1,48,0,1476993214338,"true",0,1,"far"
"3734-3",1,0,1,0,2,43,0,1476993075880,"true",0,1,"far"
"3734-3",0,1,0,0,1,49,0,1476993226786,"true",1,0,"split"
"3734-3",0,0,1,1,0,24,0,1476992755906,"true",0,1,"split"
"3734-3",0,1,2,0,1,25,1,1476992770174,"true",0,0,"close"
"3734-3",0,0,0,1,0,26,0,1476992805896,"true",1,0,"split"
"3734-3",0,0,1,1,0,27,0,1476992816635,"true",0,1,"split"
"3734-3",0,1,1,0,1,21,0,1476992670821,"true",0,1,"close"
"3734-3",0,0,0,1,0,22,0,1476992689918,"true",1,0,"far"
"3734-3",0,1,0,0,1,23,0,1476992728521,"true",1,0,"close"
"3734-3",1,0,0,0,2,46,0,1476993112876,"true",1,0,"close"
"3734-3",0,0,1,1,0,47,0,1476993182293,"true",0,1,"split"
"3734-3",0,1,0,0,1,44,0,1476993090182,"false",1,0,"close"
"3734-3",0,0,2,1,0,45,1,1476993099641,"true",0,0,"split"
"3734-3",0,1,2,0,1,28,1,1476992825772,"true",0,0,"far"
"3734-3",0,1,1,0,1,29,0,1476992871771,"true",0,1,"close"
"3734-3",0,0,1,1,0,40,0,1476993036718,"true",0,1,"close"
"3734-3",1,0,2,0,2,41,1,1476993052780,"true",0,0,"far"
"3734-3",0,0,0,1,0,1,0,1476992282344,"true",1,0,"far"
"3734-3",1,0,0,0,2,3,0,1476992305967,"true",1,0,"split"
"3734-3",1,0,1,0,2,2,0,1476992290763,"true",0,1,"far"
"3734-3",0,0,0,1,0,5,0,1476992326264,"true",1,0,"far"
"3734-3",0,1,2,0,1,4,1,1476992319320,"true",0,0,"split"
"3734-3",0,0,2,1,0,7,1,1476992345413,"true",0,0,"far"
"3734-3",0,0,1,1,0,6,0,1476992335935,"true",0,1,"close"
"3734-3",0,0,1,1,0,9,0,1476992382917,"true",0,1,"split"
"3734-3",0,0,1,1,0,8,0,1476992366029,"true",0,1,"split"
"3734-3",0,0,1,1,0,39,0,1476993020520,"true",0,1,"far"
"3734-3",0,1,1,0,1,38,0,1476993013717,"true",0,1,"split"
"3734-3",0,1,2,0,1,11,1,1476992401420,"true",0,0,"far"
"3734-3",0,0,1,1,0,10,0,1476992392530,"true",0,1,"close"
"3734-3",0,1,2,0,1,13,1,1476992431896,"true",0,0,"split"
"3734-3",0,1,1,0,1,12,0,1476992419052,"true",0,1,"close"
"3734-3",0,0,1,1,0,15,0,1476992460292,"true",0,1,"far"
"3734-3",0,1,0,0,1,14,0,1476992453160,"true",1,0,"split"
"3734-3",1,0,2,0,2,16,1,1476992470194,"true",0,0,"far"
"3734-3",0,1,2,0,1,19,1,1476992567454,"true",0,0,"far"
"3734-3",0,0,0,1,0,18,0,1476992550037,"true",1,0,"split"
"3734-3",1,0,0,0,2,31,0,1476992922405,"true",1,0,"close"
"3734-3",0,0,0,1,0,30,0,1476992900597,"true",1,0,"close"
"3734-3",1,0,1,0,2,37,0,1476993007109,"true",0,1,"far"
"3734-3",0,0,1,1,0,36,0,1476993000984,"true",0,1,"far"
"3734-3",0,1,2,0,1,35,1,1476992993589,"true",0,0,"far"
"3734-3",0,0,0,1,0,34,0,1476992985759,"true",1,0,"close"
"3734-3",1,0,1,0,2,33,0,1476992966661,"false",0,1,"close"
"3734-3",0,0,2,1,0,32,1,1476992940418,"true",0,0,"close"
"3734-3",0,0,2,1,0,50,1,1476993246677,"true",0,0,"split"
