"gameid","sClicked_2","sClicked_1","lClickedIndex","sClicked_0","sClickedIndex","roundNum","lClicked_2","time","outcome","lClicked_0","lClicked_1","condition"
"3742-5",0,1,2,0,1,42,1,1476990390512,"true",0,0,"close"
"3742-5",1,0,2,0,2,48,1,1476990464438,"true",0,0,"split"
"3742-5",1,0,1,0,2,43,0,1476990414764,"false",0,1,"close"
"3742-5",0,1,0,0,1,49,0,1476990474919,"true",1,0,"split"
"3742-5",0,1,0,0,1,24,0,1476990155060,"true",1,0,"close"
"3742-5",1,0,2,0,2,25,1,1476990166148,"true",0,0,"split"
"3742-5",1,0,1,0,2,26,0,1476990177963,"true",0,1,"split"
"3742-5",1,0,0,0,2,27,0,1476990206382,"false",1,0,"close"
"3742-5",1,0,1,0,2,20,0,1476990108439,"true",0,1,"far"
"3742-5",0,1,0,0,1,21,0,1476990122686,"false",1,0,"split"
"3742-5",1,0,0,0,2,22,0,1476990140205,"true",1,0,"far"
"3742-5",0,1,2,0,1,23,1,1476990146358,"true",0,0,"far"
"3742-5",0,1,0,0,1,46,0,1476990446845,"true",1,0,"split"
"3742-5",1,0,1,0,2,47,0,1476990454989,"true",0,1,"split"
"3742-5",0,0,2,1,0,44,1,1476990421158,"true",0,0,"far"
"3742-5",0,0,2,1,0,45,1,1476990435885,"true",0,0,"close"
"3742-5",1,0,1,0,2,28,0,1476990213544,"true",0,1,"far"
"3742-5",1,0,1,0,2,29,0,1476990239319,"true",0,1,"close"
"3742-5",1,0,2,0,2,40,1,1476990354501,"false",0,0,"close"
"3742-5",1,0,0,0,2,41,0,1476990365740,"true",1,0,"close"
"3742-5",0,0,1,1,0,1,0,1476989811207,"true",0,1,"split"
"3742-5",1,0,2,0,2,2,1,1476989821579,"true",0,0,"far"
"3742-5",0,1,1,0,1,5,0,1476989919976,"true",0,1,"split"
"3742-5",0,1,1,0,1,4,0,1476989896398,"true",0,1,"split"
"3742-5",1,0,2,0,2,7,1,1476989965658,"true",0,0,"far"
"3742-5",1,0,2,0,2,6,1,1476989955041,"true",0,0,"split"
"3742-5",0,0,0,1,0,9,0,1476989987253,"false",1,0,"close"
"3742-5",1,0,1,0,2,8,0,1476989972453,"true",0,1,"far"
"3742-5",0,1,1,0,1,39,0,1476990342436,"true",0,1,"close"
"3742-5",1,0,0,0,2,38,0,1476990326402,"true",1,0,"split"
"3742-5",1,0,1,0,2,11,0,1476990005882,"true",0,1,"split"
"3742-5",1,0,2,0,2,10,1,1476989996902,"false",0,0,"far"
"3742-5",1,0,2,0,2,13,1,1476990040794,"true",0,0,"close"
"3742-5",0,0,0,1,0,12,0,1476990027908,"true",1,0,"close"
"3742-5",1,0,0,0,2,15,0,1476990063435,"true",1,0,"close"
"3742-5",0,1,2,0,1,14,1,1476990050082,"true",0,0,"far"
"3742-5",0,0,2,1,0,17,1,1476990083617,"true",0,0,"close"
"3742-5",1,0,2,0,2,16,1,1476990070072,"true",0,0,"far"
"3742-5",0,0,0,1,0,19,0,1476990102373,"true",1,0,"far"
"3742-5",0,0,2,1,0,18,1,1476990094046,"true",0,0,"split"
"3742-5",0,1,2,0,1,31,1,1476990256693,"true",0,0,"far"
"3742-5",1,0,2,0,2,30,1,1476990247257,"true",0,0,"far"
"3742-5",0,0,2,1,0,37,1,1476990320170,"true",0,0,"split"
"3742-5",1,0,0,0,2,36,0,1476990309345,"true",1,0,"far"
"3742-5",0,1,2,0,1,35,1,1476990303024,"true",0,0,"split"
"3742-5",0,1,2,0,1,34,1,1476990280067,"true",0,0,"close"
"3742-5",1,0,1,0,2,33,0,1476990269677,"true",0,1,"far"
"3742-5",0,1,0,0,1,32,0,1476990263721,"true",1,0,"split"
"3742-5",1,0,1,0,2,50,0,1476990482048,"true",0,1,"far"
