"gameid","sClicked_2","sClicked_1","lClickedIndex","sClicked_0","sClickedIndex","roundNum","lClicked_2","time","outcome","lClicked_0","lClicked_1","condition"
"3772-3",1,0,1,0,2,42,0,1476467072155,"true",0,1,"far"
"3772-3",0,1,2,0,1,48,1,1476467155950,"true",0,0,"close"
"3772-3",1,0,2,0,2,43,1,1476467084119,"true",0,0,"close"
"3772-3",1,0,0,0,2,49,0,1476467173287,"true",1,0,"split"
"3772-3",0,1,0,0,1,24,0,1476466780982,"true",1,0,"far"
"3772-3",0,0,1,1,0,25,0,1476466791350,"true",0,1,"far"
"3772-3",0,1,0,0,1,26,0,1476466799485,"true",1,0,"split"
"3772-3",1,0,0,0,2,27,0,1476466841459,"true",1,0,"close"
"3772-3",0,1,0,0,1,20,0,1476466754429,"true",1,0,"close"
"3772-3",0,0,1,1,0,21,0,1476466762132,"false",0,1,"split"
"3772-3",0,0,1,1,0,22,0,1476466768905,"true",0,1,"far"
"3772-3",1,0,2,0,2,23,1,1476466774951,"true",0,0,"far"
"3772-3",0,0,2,1,0,46,1,1476467120527,"true",0,0,"far"
"3772-3",1,0,1,0,2,47,0,1476467148038,"true",0,1,"split"
"3772-3",1,0,2,0,2,44,1,1476467090288,"true",0,0,"far"
"3772-3",0,0,2,1,0,45,1,1476467107837,"true",0,0,"split"
"3772-3",0,0,2,1,0,28,1,1476466856189,"true",0,0,"split"
"3772-3",0,1,0,0,1,29,0,1476466862622,"true",1,0,"far"
"3772-3",0,0,2,1,0,40,1,1476467017510,"true",0,0,"split"
"3772-3",0,0,1,1,0,41,0,1476467062766,"true",0,1,"split"
"3772-3",0,1,0,0,1,1,0,1476466488699,"true",1,0,"split"
"3772-3",0,1,0,0,1,3,0,1476466511813,"true",1,0,"split"
"3772-3",1,0,0,0,2,2,0,1476466498923,"true",1,0,"split"
"3772-3",0,1,1,0,1,5,0,1476466561223,"true",0,1,"split"
"3772-3",0,0,1,1,0,4,0,1476466552413,"true",0,1,"close"
"3772-3",0,0,1,1,0,7,0,1476466592300,"true",0,1,"split"
"3772-3",0,0,1,1,0,6,0,1476466582956,"true",0,1,"close"
"3772-3",0,0,0,1,0,9,0,1476466611468,"true",1,0,"far"
"3772-3",1,0,2,0,2,8,1,1476466601067,"true",0,0,"close"
"3772-3",0,0,1,1,0,39,0,1476467009696,"true",0,1,"split"
"3772-3",1,0,1,0,2,38,0,1476466990846,"true",0,1,"close"
"3772-3",0,0,1,1,0,11,0,1476466639978,"true",0,1,"far"
"3772-3",0,0,0,1,0,10,0,1476466631260,"true",1,0,"close"
"3772-3",1,0,2,0,2,13,1,1476466654250,"true",0,0,"far"
"3772-3",0,1,0,0,1,12,0,1476466647628,"true",1,0,"far"
"3772-3",0,0,0,1,0,15,0,1476466687403,"true",1,0,"close"
"3772-3",0,0,2,1,0,14,1,1476466676244,"true",0,0,"close"
"3772-3",0,1,2,0,1,17,1,1476466709076,"true",0,0,"split"
"3772-3",1,0,2,0,2,16,1,1476466694946,"true",0,0,"far"
"3772-3",1,0,0,0,2,19,0,1476466729052,"true",1,0,"far"
"3772-3",0,1,1,0,1,18,0,1476466721698,"true",0,1,"close"
"3772-3",0,1,0,0,1,31,0,1476466879814,"true",1,0,"close"
"3772-3",0,1,0,0,1,30,0,1476466873102,"true",1,0,"close"
"3772-3",0,0,2,1,0,37,1,1476466968743,"true",0,0,"far"
"3772-3",0,1,2,0,1,36,1,1476466962399,"true",0,0,"far"
"3772-3",1,0,1,0,2,35,0,1476466952526,"true",0,1,"split"
"3772-3",0,1,1,0,1,33,0,1476466926909,"true",0,1,"close"
"3772-3",0,1,1,0,1,32,0,1476466906455,"true",0,1,"close"
"3772-3",0,0,1,1,0,50,0,1476467203489,"true",0,1,"close"
