"gameid","sClicked_2","sClicked_1","lClickedIndex","sClicked_0","sClickedIndex","roundNum","lClicked_2","time","outcome","lClicked_0","lClicked_1","condition"
"3784-6",1,0,0,0,2,42,0,1459885907329,"true",1,0,"close"
"3784-6",0,0,2,1,0,48,1,1459886001012,"true",0,0,"far"
"3784-6",1,0,1,0,2,43,0,1459885934817,"true",0,1,"close"
"3784-6",0,0,2,1,0,49,1,1459886009530,"true",0,0,"close"
"3784-6",0,0,0,1,0,24,0,1459885671446,"true",1,0,"far"
"3784-6",1,0,2,0,2,25,1,1459885687802,"true",0,0,"split"
"3784-6",1,0,1,0,2,26,0,1459885696241,"true",0,1,"close"
"3784-6",1,0,2,0,2,27,1,1459885712498,"true",0,0,"split"
"3784-6",0,1,0,0,1,20,0,1459885624197,"true",1,0,"far"
"3784-6",0,0,2,1,0,21,1,1459885635320,"true",0,0,"close"
"3784-6",1,0,0,0,2,22,0,1459885643361,"true",1,0,"far"
"3784-6",1,0,0,0,2,23,0,1459885662847,"true",1,0,"close"
"3784-6",0,0,0,1,0,46,0,1459885969805,"true",1,0,"far"
"3784-6",0,0,1,1,0,47,0,1459885982453,"true",0,1,"far"
"3784-6",0,0,0,1,0,44,0,1459885943273,"true",1,0,"split"
"3784-6",1,0,2,0,2,45,1,1459885959685,"true",0,0,"split"
"3784-6",0,1,0,0,1,28,0,1459885726438,"true",1,0,"close"
"3784-6",0,0,1,1,0,29,0,1459885750389,"true",0,1,"close"
"3784-6",1,0,0,0,2,40,0,1459885881764,"true",1,0,"far"
"3784-6",0,1,0,0,1,41,0,1459885889546,"true",1,0,"far"
"3784-6",0,1,2,0,1,1,1,1459885373680,"true",0,0,"split"
"3784-6",1,0,0,0,2,3,0,1459885407964,"true",1,0,"close"
"3784-6",0,1,2,0,1,2,1,1459885389592,"true",0,0,"far"
"3784-6",0,0,2,1,0,5,1,1459885428753,"true",0,0,"far"
"3784-6",1,0,2,0,2,4,1,1459885419843,"true",0,0,"split"
"3784-6",0,0,2,1,0,7,1,1459885443162,"true",0,0,"far"
"3784-6",1,0,2,0,2,6,1,1459885435992,"true",0,0,"far"
"3784-6",0,0,1,1,0,9,0,1459885492929,"true",0,1,"close"
"3784-6",0,0,0,1,0,8,0,1459885457510,"true",1,0,"split"
"3784-6",0,1,0,0,1,39,0,1459885873460,"true",1,0,"split"
"3784-6",1,0,1,0,2,38,0,1459885864025,"true",0,1,"far"
"3784-6",0,0,1,1,0,11,0,1459885518670,"true",0,1,"split"
"3784-6",1,0,0,0,2,10,0,1459885503080,"true",1,0,"split"
"3784-6",1,0,0,0,2,13,0,1459885537400,"true",1,0,"close"
"3784-6",0,1,1,0,1,12,0,1459885529406,"true",0,1,"split"
"3784-6",0,1,0,0,1,15,0,1459885573820,"true",1,0,"far"
"3784-6",1,0,0,0,2,14,0,1459885566463,"true",1,0,"close"
"3784-6",0,1,0,0,1,17,0,1459885591065,"true",1,0,"far"
"3784-6",0,0,2,1,0,16,1,1459885583160,"true",0,0,"split"
"3784-6",0,0,1,1,0,19,0,1459885612674,"true",0,1,"split"
"3784-6",0,0,0,1,0,18,0,1459885605541,"true",1,0,"close"
"3784-6",0,1,2,0,1,31,1,1459885774953,"true",0,0,"far"
"3784-6",1,0,1,0,2,30,0,1459885763731,"true",0,1,"close"
"3784-6",0,0,2,1,0,37,1,1459885856517,"true",0,0,"split"
"3784-6",0,0,2,1,0,36,1,1459885844897,"true",0,0,"close"
"3784-6",0,0,2,1,0,35,1,1459885831905,"true",0,0,"close"
"3784-6",1,0,1,0,2,34,0,1459885816701,"true",0,1,"split"
"3784-6",0,0,2,1,0,33,1,1459885804882,"true",0,0,"close"
"3784-6",0,0,1,1,0,32,0,1459885794481,"true",0,1,"split"
"3784-6",0,1,0,0,1,50,0,1459886017744,"true",1,0,"split"
