"gameid","sClicked_2","sClicked_1","lClickedIndex","sClicked_0","sClickedIndex","roundNum","lClicked_2","time","outcome","lClicked_0","lClicked_1","condition"
"3788-d",0,0,1,1,0,42,0,1476496667982,"true",0,1,"far"
"3788-d",0,1,2,0,1,48,1,1476496855290,"true",0,0,"close"
"3788-d",1,0,1,0,2,43,0,1476496680731,"true",0,1,"split"
"3788-d",1,0,1,0,2,49,0,1476496909338,"true",0,1,"close"
"3788-d",0,1,2,0,1,24,1,1476496198411,"true",0,0,"far"
"3788-d",1,0,1,0,2,25,0,1476496218203,"true",0,1,"far"
"3788-d",1,0,2,0,2,26,1,1476496236330,"true",0,0,"close"
"3788-d",0,0,2,1,0,27,1,1476496294699,"true",0,0,"close"
"3788-d",0,0,0,1,0,20,0,1476496065328,"true",1,0,"far"
"3788-d",0,0,0,1,0,21,0,1476496114483,"true",1,0,"close"
"3788-d",1,0,1,0,2,22,0,1476496137406,"true",0,1,"close"
"3788-d",0,0,1,1,0,23,0,1476496171556,"false",0,1,"split"
"3788-d",1,0,2,0,2,46,1,1476496780893,"true",0,0,"split"
"3788-d",0,0,0,1,0,47,0,1476496807759,"true",1,0,"close"
"3788-d",1,0,2,0,2,44,1,1476496688981,"true",0,0,"far"
"3788-d",0,1,2,0,1,45,1,1476496709837,"true",0,0,"close"
"3788-d",0,0,0,1,0,28,0,1476496312876,"true",1,0,"split"
"3788-d",0,1,0,0,1,29,0,1476496345446,"true",1,0,"split"
"3788-d",0,0,0,1,0,40,0,1476496624796,"false",1,0,"split"
"3788-d",0,1,0,0,1,41,0,1476496639579,"true",1,0,"far"
"3788-d",0,0,2,1,0,1,1,1476495428900,"true",0,0,"split"
"3788-d",0,1,1,0,1,3,0,1476495485643,"true",0,1,"far"
"3788-d",0,1,0,0,1,2,0,1476495463450,"true",1,0,"close"
"3788-d",0,0,0,1,0,5,0,1476495567807,"true",1,0,"split"
"3788-d",1,0,0,0,2,4,0,1476495555067,"true",1,0,"split"
"3788-d",1,0,0,0,2,7,0,1476495598128,"true",1,0,"split"
"3788-d",0,0,0,1,0,6,0,1476495587245,"true",1,0,"far"
"3788-d",0,1,1,0,1,9,0,1476495710397,"true",0,1,"close"
"3788-d",0,1,1,0,1,8,0,1476495663310,"true",0,1,"close"
"3788-d",0,0,2,1,0,39,1,1476496571680,"true",0,0,"split"
"3788-d",0,0,1,1,0,38,0,1476496514110,"true",0,1,"split"
"3788-d",0,0,2,1,0,11,1,1476495760058,"true",0,0,"far"
"3788-d",0,1,0,0,1,10,0,1476495741923,"true",1,0,"close"
"3788-d",0,0,2,1,0,13,1,1476495824114,"true",0,0,"close"
"3788-d",0,1,1,0,1,12,0,1476495776884,"false",0,1,"split"
"3788-d",1,0,0,0,2,15,0,1476495934670,"false",1,0,"close"
"3788-d",0,1,1,0,1,14,0,1476495856983,"true",0,1,"split"
"3788-d",1,0,2,0,2,17,1,1476495997839,"true",0,0,"close"
"3788-d",0,1,0,0,1,16,0,1476495972410,"true",1,0,"far"
"3788-d",1,0,0,0,2,19,0,1476496057805,"true",1,0,"far"
"3788-d",1,0,2,0,2,18,1,1476496041090,"true",0,0,"far"
"3788-d",0,0,2,1,0,31,1,1476496366200,"true",0,0,"far"
"3788-d",0,1,1,0,1,30,0,1476496356077,"true",0,1,"far"
"3788-d",1,0,2,0,2,37,1,1476496504967,"true",0,0,"close"
"3788-d",0,0,2,1,0,36,1,1476496461226,"true",0,0,"far"
"3788-d",0,0,0,1,0,35,0,1476496442049,"true",1,0,"far"
"3788-d",0,1,2,0,1,34,1,1476496432639,"true",0,0,"split"
"3788-d",0,1,1,0,1,33,0,1476496412639,"true",0,1,"far"
"3788-d",0,1,2,0,1,32,1,1476496385915,"true",0,0,"split"
"3788-d",0,0,0,1,0,50,0,1476496947319,"true",1,0,"split"
