"gameid","sClicked_2","sClicked_1","lClickedIndex","sClicked_0","sClickedIndex","roundNum","lClicked_2","time","outcome","lClicked_0","lClicked_1","condition"
"3791-8",0,1,2,0,1,42,1,1476990302972,"true",0,0,"split"
"3791-8",1,0,2,0,2,48,1,1476990386559,"true",0,0,"far"
"3791-8",0,0,2,1,0,43,1,1476990322864,"true",0,0,"close"
"3791-8",0,0,0,1,0,49,0,1476990395093,"true",1,0,"split"
"3791-8",1,0,0,0,2,24,0,1476990070336,"false",1,0,"close"
"3791-8",0,1,0,0,1,25,0,1476990082608,"true",1,0,"far"
"3791-8",0,1,0,0,1,26,0,1476990091907,"true",1,0,"far"
"3791-8",0,1,0,0,1,27,0,1476990102007,"true",1,0,"close"
"3791-8",0,1,2,0,1,20,1,1476990009534,"true",0,0,"close"
"3791-8",1,0,0,0,2,21,0,1476990026539,"true",1,0,"close"
"3791-8",0,0,0,1,0,22,0,1476990045928,"true",1,0,"close"
"3791-8",1,0,0,0,2,23,0,1476990054115,"true",1,0,"split"
"3791-8",1,0,1,0,2,46,0,1476990367279,"true",0,1,"split"
"3791-8",0,1,2,0,1,47,1,1476990377503,"true",0,0,"split"
"3791-8",1,0,1,0,2,44,0,1476990330564,"true",0,1,"far"
"3791-8",1,0,1,0,2,45,0,1476990343040,"true",0,1,"far"
"3791-8",0,0,1,1,0,28,0,1476990115556,"true",0,1,"close"
"3791-8",1,0,1,0,2,29,0,1476990124887,"true",0,1,"far"
"3791-8",0,0,1,1,0,40,0,1476990274458,"true",0,1,"close"
"3791-8",0,1,2,0,1,41,1,1476990291039,"true",0,0,"far"
"3791-8",0,1,2,0,1,1,1,1476989730978,"false",0,0,"split"
"3791-8",0,1,1,0,1,3,0,1476989758592,"true",0,1,"far"
"3791-8",1,0,1,0,2,2,0,1476989748473,"true",0,1,"split"
"3791-8",0,0,0,1,0,5,0,1476989820063,"true",1,0,"split"
"3791-8",0,0,2,1,0,4,1,1476989802600,"true",0,0,"split"
"3791-8",0,1,0,0,1,7,0,1476989837153,"true",1,0,"split"
"3791-8",1,0,2,0,2,6,1,1476989829392,"true",0,0,"far"
"3791-8",1,0,1,0,2,9,0,1476989852345,"true",0,1,"far"
"3791-8",1,0,0,0,2,8,0,1476989845630,"true",1,0,"far"
"3791-8",0,0,2,1,0,39,1,1476990251432,"true",0,0,"far"
"3791-8",1,0,0,0,2,38,0,1476990243235,"true",1,0,"far"
"3791-8",0,0,2,1,0,11,1,1476989867849,"true",0,0,"close"
"3791-8",0,0,0,1,0,10,0,1476989859936,"true",1,0,"far"
"3791-8",0,1,1,0,1,13,0,1476989892590,"true",0,1,"close"
"3791-8",0,0,2,1,0,12,1,1476989880630,"true",0,0,"close"
"3791-8",0,0,2,1,0,15,1,1476989944559,"true",0,0,"far"
"3791-8",0,0,0,1,0,14,0,1476989935038,"true",1,0,"close"
"3791-8",1,0,1,0,2,17,0,1476989966436,"false",0,1,"close"
"3791-8",1,0,2,0,2,16,1,1476989956001,"true",0,0,"close"
"3791-8",1,0,1,0,2,19,0,1476989988264,"true",0,1,"split"
"3791-8",0,1,1,0,1,18,0,1476989978755,"true",0,1,"split"
"3791-8",1,0,2,0,2,31,1,1476990147036,"true",0,0,"split"
"3791-8",0,1,1,0,1,30,0,1476990136532,"true",0,1,"far"
"3791-8",0,0,0,1,0,37,0,1476990234703,"true",1,0,"close"
"3791-8",1,0,2,0,2,36,1,1476990225050,"true",0,0,"split"
"3791-8",0,0,0,1,0,35,0,1476990212375,"false",1,0,"split"
"3791-8",0,0,2,1,0,34,1,1476990193781,"true",0,0,"close"
"3791-8",0,0,2,1,0,33,1,1476990172135,"true",0,0,"close"
"3791-8",0,1,2,0,1,32,1,1476990158447,"true",0,0,"far"
"3791-8",0,1,1,0,1,50,0,1476990413614,"true",0,1,"split"
