"gameid","sClicked_2","sClicked_1","lClickedIndex","sClicked_0","sClickedIndex","roundNum","lClicked_2","time","outcome","lClicked_0","lClicked_1","condition"
"3792-7",0,1,2,0,1,42,1,1459890638448,"true",0,0,"split"
"3792-7",1,0,1,0,2,48,0,1459890723504,"true",0,1,"far"
"3792-7",1,0,1,0,2,43,0,1459890659533,"true",0,1,"far"
"3792-7",1,0,1,0,2,24,0,1459890115216,"true",0,1,"split"
"3792-7",1,0,0,0,2,25,0,1459890131107,"true",1,0,"split"
"3792-7",0,0,2,1,0,26,1,1459890156451,"true",0,0,"close"
"3792-7",0,0,1,1,0,27,0,1459890171381,"false",0,1,"close"
"3792-7",0,0,0,1,0,20,0,1459890050507,"true",1,0,"close"
"3792-7",1,0,1,0,2,21,0,1459890062772,"true",0,1,"far"
"3792-7",0,1,1,0,1,22,0,1459890084577,"true",0,1,"split"
"3792-7",0,0,1,1,0,23,0,1459890097566,"true",0,1,"far"
"3792-7",0,1,1,0,1,46,0,1459890704378,"true",0,1,"close"
"3792-7",1,0,2,0,2,47,1,1459890716027,"true",0,0,"close"
"3792-7",1,0,0,0,2,44,0,1459890681465,"true",1,0,"far"
"3792-7",0,0,2,1,0,45,1,1459890692293,"true",0,0,"far"
"3792-7",1,0,1,0,2,28,0,1459890180492,"true",0,1,"far"
"3792-7",0,0,0,1,0,29,0,1459890275707,"true",1,0,"close"
"3792-7",0,0,2,1,0,40,1,1459890604355,"true",0,0,"split"
"3792-7",0,0,0,1,0,41,0,1459890617312,"true",1,0,"far"
"3792-7",1,0,1,0,2,1,0,1459889575008,"true",0,1,"close"
"3792-7",0,0,1,1,0,3,0,1459889642309,"true",0,1,"far"
"3792-7",0,1,1,0,1,2,0,1459889607988,"true",0,1,"far"
"3792-7",0,0,2,1,0,5,1,1459889681352,"true",0,0,"far"
"3792-7",0,0,0,1,0,4,0,1459889667990,"true",1,0,"split"
"3792-7",1,0,2,0,2,7,1,1459889724865,"true",0,0,"far"
"3792-7",1,0,0,0,2,6,0,1459889693293,"true",1,0,"split"
"3792-7",0,0,2,1,0,9,1,1459889756818,"true",0,0,"far"
"3792-7",0,0,0,1,0,8,0,1459889739989,"true",1,0,"split"
"3792-7",1,0,2,0,2,39,1,1459890592128,"true",0,0,"split"
"3792-7",0,1,1,0,1,38,0,1459890571439,"true",0,1,"close"
"3792-7",0,0,0,1,0,11,0,1459889779863,"true",1,0,"split"
"3792-7",1,0,1,0,2,10,0,1459889770098,"true",0,1,"split"
"3792-7",1,0,1,0,2,13,0,1459889829674,"true",0,1,"close"
"3792-7",0,0,1,1,0,12,0,1459889790733,"true",0,1,"split"
"3792-7",0,1,0,0,1,15,0,1459889916029,"true",1,0,"far"
"3792-7",1,0,2,0,2,14,1,1459889845758,"true",0,0,"far"
"3792-7",0,0,2,1,0,17,1,1459889987799,"true",0,0,"close"
"3792-7",0,0,2,1,0,16,1,1459889957754,"true",0,0,"far"
"3792-7",1,0,2,0,2,19,1,1459890009965,"true",0,0,"far"
"3792-7",1,0,1,0,2,18,0,1459890001692,"true",0,1,"close"
"3792-7",0,1,1,0,1,31,0,1459890388882,"true",0,1,"split"
"3792-7",0,1,0,0,1,49,0,1459890740083,"true",1,0,"split"
"3792-7",0,0,0,1,0,37,0,1459890554845,"true",1,0,"split"
"3792-7",0,1,0,0,1,36,0,1459890535755,"true",1,0,"close"
"3792-7",0,0,2,1,0,35,1,1459890519771,"true",0,0,"close"
"3792-7",0,1,1,0,1,34,0,1459890492704,"true",0,1,"close"
"3792-7",0,1,0,0,1,33,0,1459890453708,"true",1,0,"split"
"3792-7",0,1,0,0,1,32,0,1459890435220,"true",1,0,"close"
"3792-7",0,0,0,1,0,50,0,1459890754591,"true",1,0,"close"
