"gameid","sClicked_2","sClicked_1","lClickedIndex","sClicked_0","sClickedIndex","roundNum","lClicked_2","time","outcome","lClicked_0","lClicked_1","condition"
"3799-3",0,1,2,0,1,42,1,1476499226882,"true",0,0,"close"
"3799-3",0,0,2,1,0,48,1,1476499338724,"false",0,0,"close"
"3799-3",0,0,1,1,0,43,0,1476499256305,"true",0,1,"close"
"3799-3",0,1,0,0,1,49,0,1476499372777,"true",1,0,"close"
"3799-3",0,1,2,0,1,24,1,1476498935171,"true",0,0,"split"
"3799-3",0,0,2,1,0,25,1,1476498955854,"true",0,0,"split"
"3799-3",0,1,1,0,1,26,0,1476498984916,"true",0,1,"far"
"3799-3",0,1,2,0,1,27,1,1476499001551,"false",0,0,"split"
"3799-3",1,0,1,0,2,20,0,1476498861136,"true",0,1,"far"
"3799-3",0,1,0,0,1,21,0,1476498875395,"true",1,0,"close"
"3799-3",1,0,0,0,2,22,0,1476498887036,"true",1,0,"split"
"3799-3",0,1,2,0,1,23,1,1476498905055,"true",0,0,"close"
"3799-3",0,0,2,1,0,46,1,1476499301551,"false",0,0,"split"
"3799-3",0,0,1,1,0,47,0,1476499312176,"true",0,1,"split"
"3799-3",0,1,0,0,1,44,0,1476499265163,"true",1,0,"far"
"3799-3",1,0,2,0,2,45,1,1476499282434,"false",0,0,"split"
"3799-3",0,0,2,1,0,28,1,1476499027790,"true",0,0,"far"
"3799-3",1,0,1,0,2,29,0,1476499052972,"true",0,1,"close"
"3799-3",0,0,1,1,0,40,0,1476499181927,"true",0,1,"far"
"3799-3",1,0,0,0,2,41,0,1476499191725,"true",1,0,"split"
"3799-3",0,0,1,1,0,1,0,1476498450996,"true",0,1,"close"
"3799-3",1,0,1,0,2,3,0,1476498480048,"true",0,1,"split"
"3799-3",1,0,0,0,2,2,0,1476498460456,"true",1,0,"far"
"3799-3",0,1,2,0,1,5,1,1476498505270,"true",0,0,"close"
"3799-3",0,1,0,0,1,4,0,1476498490034,"true",1,0,"far"
"3799-3",0,0,0,1,0,7,0,1476498551773,"true",1,0,"split"
"3799-3",1,0,1,0,2,6,0,1476498536795,"true",0,1,"close"
"3799-3",1,0,0,0,2,9,0,1476498575760,"true",1,0,"far"
"3799-3",1,0,1,0,2,8,0,1476498561666,"true",0,1,"far"
"3799-3",0,0,0,1,0,39,0,1476499172650,"false",1,0,"far"
"3799-3",0,0,1,1,0,38,0,1476499163377,"true",0,1,"far"
"3799-3",1,0,2,0,2,11,1,1476498597148,"true",0,0,"far"
"3799-3",0,0,0,1,0,10,0,1476498583946,"true",1,0,"far"
"3799-3",1,0,1,0,2,13,0,1476498634059,"true",0,1,"far"
"3799-3",1,0,1,0,2,12,0,1476498608548,"false",0,1,"far"
"3799-3",0,1,2,0,1,15,1,1476498669226,"true",0,0,"close"
"3799-3",0,0,1,1,0,14,0,1476498644684,"true",0,1,"close"
"3799-3",0,1,2,0,1,17,1,1476498776440,"false",0,0,"far"
"3799-3",0,0,2,1,0,16,1,1476498713082,"true",0,0,"close"
"3799-3",0,0,0,1,0,19,0,1476498847664,"true",1,0,"close"
"3799-3",0,1,2,0,1,18,1,1476498831218,"false",0,0,"close"
"3799-3",0,0,0,1,0,31,0,1476499083975,"true",1,0,"split"
"3799-3",0,0,0,1,0,30,0,1476499065439,"true",1,0,"far"
"3799-3",0,0,0,1,0,37,0,1476499154393,"true",1,0,"split"
"3799-3",1,0,0,0,2,36,0,1476499146444,"true",1,0,"split"
"3799-3",0,1,1,0,1,35,0,1476499128323,"true",0,1,"close"
"3799-3",0,0,1,1,0,34,0,1476499112493,"true",0,1,"split"
"3799-3",0,0,2,1,0,33,1,1476499103803,"true",0,0,"close"
"3799-3",0,0,2,1,0,32,1,1476499093961,"true",0,0,"split"
"3799-3",0,1,1,0,1,50,0,1476499398849,"true",0,1,"split"
