"gameid","sClicked_2","sClicked_1","lClickedIndex","sClicked_0","sClickedIndex","roundNum","lClicked_2","time","outcome","lClicked_0","lClicked_1","condition"
"3800-7",0,1,0,0,1,42,0,1476500798101,"true",1,0,"close"
"3800-7",0,1,0,0,1,48,0,1476500947893,"true",1,0,"close"
"3800-7",0,0,0,1,0,43,0,1476500837430,"true",1,0,"far"
"3800-7",1,0,1,0,2,49,0,1476500969065,"true",0,1,"split"
"3800-7",0,1,2,0,1,24,1,1476500229178,"true",0,0,"far"
"3800-7",0,1,1,0,1,25,0,1476500270299,"false",0,1,"close"
"3800-7",0,0,1,1,0,26,0,1476500328971,"true",0,1,"close"
"3800-7",0,1,1,0,1,27,0,1476500376559,"true",0,1,"close"
"3800-7",0,0,2,1,0,20,1,1476500108124,"true",0,0,"far"
"3800-7",0,1,0,0,1,21,0,1476500119683,"true",1,0,"split"
"3800-7",0,1,1,0,1,22,0,1476500187406,"true",0,1,"close"
"3800-7",0,1,2,0,1,23,1,1476500215086,"true",0,0,"close"
"3800-7",1,0,0,0,2,46,0,1476500894944,"true",1,0,"split"
"3800-7",1,0,0,0,2,47,0,1476500928108,"true",1,0,"close"
"3800-7",0,0,2,1,0,44,1,1476500849849,"true",0,0,"far"
"3800-7",0,1,2,0,1,45,1,1476500879319,"true",0,0,"close"
"3800-7",1,0,2,0,2,28,1,1476500438056,"true",0,0,"far"
"3800-7",0,1,2,0,1,29,1,1476500452577,"true",0,0,"split"
"3800-7",0,1,2,0,1,40,1,1476500714214,"false",0,0,"close"
"3800-7",0,1,2,0,1,41,1,1476500760738,"true",0,0,"split"
"3800-7",1,0,0,0,2,1,0,1476499486693,"true",1,0,"split"
"3800-7",0,0,2,1,0,3,1,1476499541941,"true",0,0,"far"
"3800-7",0,1,1,0,1,2,0,1476499534359,"true",0,1,"far"
"3800-7",0,0,2,1,0,5,1,1476499571925,"true",0,0,"split"
"3800-7",0,1,2,0,1,4,1,1476499554381,"true",0,0,"far"
"3800-7",0,0,1,1,0,7,0,1476499604959,"true",0,1,"far"
"3800-7",1,0,1,0,2,6,0,1476499580593,"true",0,1,"far"
"3800-7",0,0,2,1,0,9,1,1476499652456,"true",0,0,"far"
"3800-7",0,1,1,0,1,8,0,1476499644134,"true",0,1,"close"
"3800-7",1,0,2,0,2,39,1,1476500623795,"true",0,0,"split"
"3800-7",0,0,0,1,0,11,0,1476499703940,"true",1,0,"far"
"3800-7",1,0,2,0,2,10,1,1476499680066,"true",0,0,"far"
"3800-7",1,0,2,0,2,13,1,1476499771777,"true",0,0,"far"
"3800-7",0,1,0,0,1,38,0,1476500614717,"true",1,0,"split"
"3800-7",0,1,0,0,1,15,0,1476499809094,"true",1,0,"split"
"3800-7",0,0,2,1,0,14,1,1476499793029,"true",0,0,"close"
"3800-7",1,0,0,0,2,17,0,1476500007745,"true",1,0,"far"
"3800-7",0,1,2,0,1,16,1,1476499885028,"true",0,0,"close"
"3800-7",0,1,1,0,1,19,0,1476500050431,"true",0,1,"close"
"3800-7",0,1,1,0,1,18,0,1476500019370,"true",0,1,"split"
"3800-7",0,1,0,0,1,31,0,1476500473902,"true",1,0,"far"
"3800-7",0,1,2,0,1,30,1,1476500465157,"true",0,0,"split"
"3800-7",1,0,2,0,2,37,1,1476500597592,"false",0,0,"close"
"3800-7",1,0,1,0,2,36,0,1476500583133,"true",0,1,"split"
"3800-7",0,0,0,1,0,35,0,1476500564495,"true",1,0,"close"
"3800-7",0,1,2,0,1,34,1,1476500521737,"true",0,0,"split"
"3800-7",1,0,0,0,2,33,0,1476500512025,"true",1,0,"split"
"3800-7",1,0,0,0,2,32,0,1476500494158,"true",1,0,"split"
"3800-7",0,0,0,1,0,50,0,1476501025290,"true",1,0,"split"
