"gameid","sClicked_2","sClicked_1","lClickedIndex","sClicked_0","sClickedIndex","roundNum","lClicked_2","time","outcome","lClicked_0","lClicked_1","condition"
"3801-2",0,0,0,1,0,42,0,1476473141649,"true",1,0,"close"
"3801-2",1,0,0,0,2,48,0,1476473224678,"true",1,0,"far"
"3801-2",1,0,0,0,2,43,0,1476473149046,"true",1,0,"far"
"3801-2",1,0,2,0,2,24,1,1476472758507,"true",0,0,"close"
"3801-2",0,0,1,1,0,25,0,1476472777546,"true",0,1,"far"
"3801-2",1,0,2,0,2,26,1,1476472789454,"true",0,0,"split"
"3801-2",0,0,2,1,0,27,1,1476472808134,"true",0,0,"close"
"3801-2",0,0,0,1,0,20,0,1476472630930,"false",1,0,"close"
"3801-2",0,1,2,0,1,21,1,1476472685689,"true",0,0,"far"
"3801-2",1,0,0,0,2,22,0,1476472712739,"true",1,0,"split"
"3801-2",1,0,1,0,2,23,0,1476472746769,"true",0,1,"split"
"3801-2",0,1,2,0,1,46,1,1476473200419,"true",0,0,"far"
"3801-2",0,1,1,0,1,47,0,1476473208764,"true",0,1,"split"
"3801-2",0,0,0,1,0,44,0,1476473168587,"false",1,0,"split"
"3801-2",0,1,1,0,1,45,0,1476473193514,"true",0,1,"close"
"3801-2",0,0,1,1,0,28,0,1476472824642,"true",0,1,"split"
"3801-2",0,1,1,0,1,29,0,1476472857520,"false",0,1,"close"
"3801-2",0,1,2,0,1,40,1,1476473104742,"false",0,0,"close"
"3801-2",0,0,1,1,0,41,0,1476473124316,"true",0,1,"close"
"3801-2",0,0,1,1,0,1,0,1476472369876,"true",0,1,"far"
"3801-2",0,0,0,1,0,3,0,1476472397217,"true",1,0,"split"
"3801-2",1,0,0,0,2,2,0,1476472386841,"true",1,0,"far"
"3801-2",0,0,0,1,0,5,0,1476472425231,"true",1,0,"far"
"3801-2",1,0,0,0,2,4,0,1476472406592,"true",1,0,"far"
"3801-2",0,0,2,1,0,7,1,1476472445975,"true",0,0,"far"
"3801-2",0,1,2,0,1,6,1,1476472438587,"true",0,0,"split"
"3801-2",0,0,0,1,0,9,0,1476472473825,"true",1,0,"split"
"3801-2",0,1,1,0,1,8,0,1476472461061,"true",0,1,"close"
"3801-2",0,0,1,1,0,39,0,1476473087540,"true",0,1,"close"
"3801-2",0,0,2,1,0,38,1,1476473074738,"true",0,0,"split"
"3801-2",0,1,1,0,1,11,0,1476472493936,"true",0,1,"far"
"3801-2",1,0,1,0,2,10,0,1476472484590,"true",0,1,"close"
"3801-2",1,0,1,0,2,13,0,1476472527564,"true",0,1,"split"
"3801-2",0,1,1,0,1,12,0,1476472507905,"true",0,1,"close"
"3801-2",0,0,0,1,0,15,0,1476472562117,"true",1,0,"split"
"3801-2",1,0,1,0,2,14,0,1476472539565,"true",0,1,"split"
"3801-2",0,1,0,0,1,17,0,1476472591863,"true",1,0,"split"
"3801-2",0,0,2,1,0,16,1,1476472581578,"true",0,0,"close"
"3801-2",0,1,1,0,1,19,0,1476472608535,"true",0,1,"far"
"3801-2",0,1,1,0,1,18,0,1476472599205,"true",0,1,"far"
"3801-2",0,1,0,0,1,31,0,1476472893786,"true",1,0,"split"
"3801-2",0,1,1,0,1,30,0,1476472875016,"true",0,1,"far"
"3801-2",0,0,0,1,0,37,0,1476473046766,"true",1,0,"close"
"3801-2",1,0,2,0,2,36,1,1476473012690,"true",0,0,"split"
"3801-2",1,0,1,0,2,35,0,1476472976318,"true",0,1,"close"
"3801-2",0,0,0,1,0,34,0,1476472965892,"true",1,0,"far"
"3801-2",0,1,2,0,1,33,1,1476472956386,"true",0,0,"close"
"3801-2",1,0,0,0,2,32,0,1476472919400,"true",1,0,"far"
"3801-2",1,0,0,0,2,50,0,1476473243929,"true",1,0,"close"
