"gameid","sClicked_2","sClicked_1","lClickedIndex","sClicked_0","sClickedIndex","roundNum","lClicked_2","time","outcome","lClicked_0","lClicked_1","condition"
"3801-9",0,0,0,1,0,42,0,1476989127297,"true",1,0,"split"
"3801-9",0,0,2,1,0,48,1,1476989185516,"true",0,0,"split"
"3801-9",0,1,0,0,1,43,0,1476989135181,"true",1,0,"split"
"3801-9",0,0,1,1,0,49,0,1476989193241,"true",0,1,"far"
"3801-9",0,1,2,0,1,24,1,1476988847153,"true",0,0,"close"
"3801-9",0,0,1,1,0,25,0,1476988857924,"true",0,1,"split"
"3801-9",0,0,1,1,0,26,0,1476988869760,"true",0,1,"close"
"3801-9",0,1,0,0,1,27,0,1476988890699,"true",1,0,"far"
"3801-9",0,1,1,0,1,20,0,1476988790952,"true",0,1,"close"
"3801-9",0,1,1,0,1,21,0,1476988806507,"true",0,1,"split"
"3801-9",0,0,1,1,0,22,0,1476988816884,"true",0,1,"far"
"3801-9",0,1,1,0,1,23,0,1476988826349,"true",0,1,"close"
"3801-9",0,1,2,0,1,46,1,1476989169523,"false",0,0,"split"
"3801-9",0,1,2,0,1,47,1,1476989175865,"true",0,0,"far"
"3801-9",1,0,1,0,2,44,0,1476989147840,"true",0,1,"far"
"3801-9",0,0,2,1,0,45,1,1476989157793,"false",0,0,"split"
"3801-9",0,1,0,0,1,28,0,1476988901798,"false",1,0,"close"
"3801-9",0,1,2,0,1,29,1,1476988930211,"true",0,0,"close"
"3801-9",1,0,0,0,2,40,0,1476989090120,"true",1,0,"far"
"3801-9",0,1,2,0,1,41,1,1476989109939,"true",0,0,"split"
"3801-9",1,0,0,0,2,1,0,1476988497217,"true",1,0,"split"
"3801-9",0,1,0,0,1,3,0,1476988534409,"true",1,0,"far"
"3801-9",1,0,2,0,2,2,1,1476988514984,"true",0,0,"split"
"3801-9",1,0,1,0,2,5,0,1476988568112,"true",0,1,"split"
"3801-9",1,0,0,0,2,4,0,1476988551428,"true",1,0,"far"
"3801-9",0,1,2,0,1,7,1,1476988599054,"true",0,0,"far"
"3801-9",1,0,0,0,2,6,0,1476988587202,"true",1,0,"far"
"3801-9",0,1,1,0,1,9,0,1476988619025,"true",0,1,"close"
"3801-9",1,0,0,0,2,8,0,1476988607272,"true",1,0,"split"
"3801-9",0,1,0,0,1,39,0,1476989078944,"true",1,0,"far"
"3801-9",1,0,0,0,2,38,0,1476989069201,"true",1,0,"split"
"3801-9",0,1,0,0,1,11,0,1476988642595,"true",1,0,"split"
"3801-9",1,0,0,0,2,10,0,1476988630463,"false",1,0,"close"
"3801-9",0,0,1,1,0,13,0,1476988682242,"true",0,1,"split"
"3801-9",0,1,0,0,1,12,0,1476988663401,"true",1,0,"close"
"3801-9",1,0,0,0,2,15,0,1476988706664,"true",1,0,"close"
"3801-9",0,1,0,0,1,14,0,1476988694834,"true",1,0,"split"
"3801-9",1,0,2,0,2,17,1,1476988731943,"true",0,0,"close"
"3801-9",1,0,0,0,2,16,0,1476988719228,"true",1,0,"close"
"3801-9",0,1,2,0,1,19,1,1476988767715,"true",0,0,"close"
"3801-9",1,0,0,0,2,18,0,1476988754351,"true",1,0,"far"
"3801-9",0,1,2,0,1,31,1,1476988972961,"true",0,0,"far"
"3801-9",0,1,1,0,1,30,0,1476988953474,"true",0,1,"far"
"3801-9",0,0,0,1,0,37,0,1476989054145,"true",1,0,"split"
"3801-9",0,1,2,0,1,36,1,1476989036928,"true",0,0,"far"
"3801-9",1,0,0,0,2,35,0,1476989025895,"true",1,0,"close"
"3801-9",0,0,0,1,0,34,0,1476989012608,"true",1,0,"close"
"3801-9",1,0,2,0,2,33,1,1476988996816,"true",0,0,"far"
"3801-9",0,1,0,0,1,32,0,1476988985751,"false",1,0,"close"
"3801-9",0,1,2,0,1,50,1,1476989203482,"true",0,0,"far"
