"gameid","sClicked_2","sClicked_1","lClickedIndex","sClicked_0","sClickedIndex","roundNum","lClicked_2","time","outcome","lClicked_0","lClicked_1","condition"
"3802-d",0,0,2,1,0,42,1,1477003562551,"true",0,0,"split"
"3802-d",0,1,2,0,1,48,1,1477003638311,"true",0,0,"split"
"3802-d",0,1,0,0,1,43,0,1477003574431,"true",1,0,"far"
"3802-d",0,0,2,1,0,49,1,1477003646135,"false",0,0,"close"
"3802-d",1,0,2,0,2,24,1,1477003383587,"true",0,0,"far"
"3802-d",0,1,2,0,1,25,1,1477003400318,"false",0,0,"close"
"3802-d",0,0,0,1,0,26,0,1477003408762,"true",1,0,"split"
"3802-d",0,1,2,0,1,27,1,1477003417023,"true",0,0,"far"
"3802-d",1,0,0,0,2,20,0,1477003288169,"true",1,0,"close"
"3802-d",1,0,2,0,2,21,1,1477003308401,"true",0,0,"close"
"3802-d",0,1,2,0,1,22,1,1477003363744,"true",0,0,"far"
"3802-d",0,0,1,1,0,23,0,1477003375842,"true",0,1,"split"
"3802-d",0,0,1,1,0,46,0,1477003610778,"false",0,1,"split"
"3802-d",0,0,0,1,0,47,0,1477003621243,"true",1,0,"split"
"3802-d",0,0,2,1,0,44,1,1477003581252,"true",0,0,"far"
"3802-d",1,0,2,0,2,45,1,1477003600887,"true",0,0,"close"
"3802-d",1,0,1,0,2,28,0,1477003424537,"true",0,1,"far"
"3802-d",0,1,1,0,1,29,0,1477003436319,"true",0,1,"close"
"3802-d",1,0,1,0,2,40,0,1477003542808,"true",0,1,"split"
"3802-d",1,0,2,0,2,41,1,1477003553098,"true",0,0,"split"
"3802-d",1,0,1,0,2,1,0,1477003065108,"false",0,1,"split"
"3802-d",0,1,0,0,1,3,0,1477003083255,"true",1,0,"far"
"3802-d",0,1,0,0,1,2,0,1477003075188,"true",1,0,"close"
"3802-d",0,0,0,1,0,5,0,1477003107901,"true",1,0,"close"
"3802-d",1,0,2,0,2,4,1,1477003096197,"true",0,0,"close"
"3802-d",1,0,1,0,2,7,0,1477003126029,"true",0,1,"split"
"3802-d",0,1,2,0,1,6,1,1477003115371,"true",0,0,"far"
"3802-d",0,1,1,0,1,9,0,1477003154260,"true",0,1,"far"
"3802-d",0,1,2,0,1,8,1,1477003147710,"true",0,0,"close"
"3802-d",1,0,0,0,2,39,0,1477003529474,"true",1,0,"close"
"3802-d",0,1,0,0,1,38,0,1477003520966,"true",1,0,"far"
"3802-d",0,1,2,0,1,11,1,1477003178209,"true",0,0,"far"
"3802-d",1,0,1,0,2,10,0,1477003170750,"true",0,1,"far"
"3802-d",1,0,0,0,2,13,0,1477003202093,"true",1,0,"split"
"3802-d",1,0,0,0,2,12,0,1477003192544,"true",1,0,"close"
"3802-d",0,1,2,0,1,15,1,1477003222662,"true",0,0,"split"
"3802-d",1,0,0,0,2,14,0,1477003216273,"true",1,0,"far"
"3802-d",1,0,1,0,2,17,0,1477003253117,"true",0,1,"close"
"3802-d",0,1,0,0,1,16,0,1477003235747,"true",1,0,"close"
"3802-d",1,0,0,0,2,19,0,1477003272644,"true",1,0,"far"
"3802-d",0,1,1,0,1,18,0,1477003265492,"true",0,1,"close"
"3802-d",0,0,1,1,0,31,0,1477003455455,"true",0,1,"far"
"3802-d",1,0,1,0,2,30,0,1477003448594,"true",0,1,"split"
"3802-d",0,0,2,1,0,37,1,1477003514765,"true",0,0,"split"
"3802-d",1,0,2,0,2,36,1,1477003506193,"true",0,0,"split"
"3802-d",1,0,2,0,2,35,1,1477003492787,"true",0,0,"far"
"3802-d",1,0,0,0,2,34,0,1477003485299,"true",1,0,"split"
"3802-d",0,1,2,0,1,33,1,1477003473603,"true",0,0,"close"
"3802-d",0,1,2,0,1,32,1,1477003462921,"true",0,0,"far"
"3802-d",0,0,1,1,0,50,0,1477003671939,"true",0,1,"split"
