"gameid","sClicked_2","sClicked_1","lClickedIndex","sClicked_0","sClickedIndex","roundNum","lClicked_2","time","outcome","lClicked_0","lClicked_1","condition"
"3816-5",0,1,1,0,1,42,0,1476993922112,"true",0,1,"split"
"3816-5",0,1,0,0,1,48,0,1476993991060,"true",1,0,"close"
"3816-5",0,1,2,0,1,43,1,1476993930556,"true",0,0,"close"
"3816-5",0,0,1,1,0,49,0,1476994007356,"false",0,1,"split"
"3816-5",1,0,2,0,2,24,1,1476993755885,"true",0,0,"close"
"3816-5",0,0,1,1,0,25,0,1476993772680,"true",0,1,"split"
"3816-5",0,1,2,0,1,26,1,1476993781241,"true",0,0,"far"
"3816-5",0,0,0,1,0,27,0,1476993788166,"true",1,0,"far"
"3816-5",1,0,2,0,2,20,1,1476993701186,"false",0,0,"close"
"3816-5",0,1,0,0,1,21,0,1476993708860,"true",1,0,"far"
"3816-5",1,0,2,0,2,22,1,1476993721653,"false",0,0,"split"
"3816-5",0,0,2,1,0,23,1,1476993741633,"true",0,0,"far"
"3816-5",0,1,2,0,1,46,1,1476993971457,"false",0,0,"far"
"3816-5",0,0,0,1,0,47,0,1476993981423,"true",1,0,"far"
"3816-5",0,0,2,1,0,44,1,1476993946191,"false",0,0,"close"
"3816-5",0,0,0,1,0,45,0,1476993959387,"true",1,0,"split"
"3816-5",1,0,0,0,2,28,0,1476993793919,"true",1,0,"far"
"3816-5",1,0,1,0,2,29,0,1476993799902,"true",0,1,"far"
"3816-5",0,1,0,0,1,40,0,1476993905228,"true",1,0,"far"
"3816-5",0,1,2,0,1,41,1,1476993911742,"true",0,0,"far"
"3816-5",1,0,0,0,2,1,0,1476993405790,"true",1,0,"split"
"3816-5",0,0,1,1,0,3,0,1476993432125,"false",0,1,"close"
"3816-5",0,0,2,1,0,2,1,1476993422025,"true",0,0,"split"
"3816-5",0,0,0,1,0,5,0,1476993473930,"true",1,0,"close"
"3816-5",0,0,2,1,0,4,1,1476993441053,"true",0,0,"split"
"3816-5",0,0,2,1,0,7,1,1476993498138,"true",0,0,"close"
"3816-5",0,1,0,0,1,6,0,1476993483590,"true",1,0,"split"
"3816-5",0,1,1,0,1,9,0,1476993549118,"true",0,1,"split"
"3816-5",0,0,1,1,0,8,0,1476993536375,"true",0,1,"close"
"3816-5",1,0,0,0,2,39,0,1476993897332,"true",1,0,"far"
"3816-5",0,1,2,0,1,38,1,1476993889908,"true",0,0,"split"
"3816-5",0,0,0,1,0,11,0,1476993574439,"true",1,0,"split"
"3816-5",1,0,0,0,2,10,0,1476993563249,"true",1,0,"split"
"3816-5",0,0,2,1,0,13,1,1476993596635,"true",0,0,"close"
"3816-5",0,0,2,1,0,12,1,1476993582063,"true",0,0,"far"
"3816-5",0,0,1,1,0,15,0,1476993612815,"true",0,1,"close"
"3816-5",1,0,0,0,2,14,0,1476993604326,"true",1,0,"far"
"3816-5",0,0,2,1,0,17,1,1476993644769,"true",0,0,"close"
"3816-5",0,0,1,1,0,16,0,1476993628265,"true",0,1,"split"
"3816-5",1,0,1,0,2,19,0,1476993670621,"true",0,1,"close"
"3816-5",0,1,0,0,1,18,0,1476993651974,"true",1,0,"far"
"3816-5",0,0,1,1,0,31,0,1476993819029,"true",0,1,"split"
"3816-5",1,0,1,0,2,30,0,1476993805941,"true",0,1,"far"
"3816-5",0,1,1,0,1,37,0,1476993881786,"true",0,1,"close"
"3816-5",0,1,1,0,1,36,0,1476993868273,"false",0,1,"close"
"3816-5",1,0,1,0,2,35,0,1476993852441,"true",0,1,"far"
"3816-5",1,0,1,0,2,34,0,1476993843282,"true",0,1,"split"
"3816-5",0,0,1,1,0,33,0,1476993835841,"true",0,1,"close"
"3816-5",0,1,0,0,1,32,0,1476993826604,"true",1,0,"far"
"3816-5",0,1,1,0,1,50,0,1476994016193,"true",0,1,"split"
