"gameid","sClicked_2","sClicked_1","lClickedIndex","sClicked_0","sClickedIndex","roundNum","lClicked_2","time","outcome","lClicked_0","lClicked_1","condition"
"3824-b",1,0,0,0,2,42,0,1476489110287,"true",1,0,"split"
"3824-b",0,1,1,0,1,48,0,1476489190366,"true",0,1,"far"
"3824-b",0,0,1,1,0,43,0,1476489144988,"true",0,1,"close"
"3824-b",0,0,1,1,0,49,0,1476489199767,"true",0,1,"far"
"3824-b",0,1,0,0,1,24,0,1476488689547,"true",1,0,"close"
"3824-b",0,0,2,1,0,25,1,1476488699165,"true",0,0,"split"
"3824-b",0,0,0,1,0,26,0,1476488707789,"true",1,0,"split"
"3824-b",1,0,1,0,2,27,0,1476488725307,"false",0,1,"split"
"3824-b",1,0,2,0,2,20,1,1476488575419,"true",0,0,"close"
"3824-b",0,0,2,1,0,21,1,1476488612822,"true",0,0,"close"
"3824-b",1,0,0,0,2,22,0,1476488639693,"true",1,0,"split"
"3824-b",0,1,2,0,1,23,1,1476488648688,"true",0,0,"split"
"3824-b",1,0,0,0,2,46,0,1476489175010,"true",1,0,"close"
"3824-b",1,0,1,0,2,47,0,1476489182505,"true",0,1,"far"
"3824-b",0,1,1,0,1,44,0,1476489153065,"true",0,1,"close"
"3824-b",0,1,2,0,1,45,1,1476489160343,"true",0,0,"split"
"3824-b",0,1,1,0,1,28,0,1476488786844,"true",0,1,"far"
"3824-b",0,1,1,0,1,29,0,1476488814925,"true",0,1,"close"
"3824-b",0,0,2,1,0,40,1,1476489083733,"true",0,0,"far"
"3824-b",1,0,2,0,2,41,1,1476489098422,"true",0,0,"far"
"3824-b",0,1,0,0,1,1,0,1476488093486,"false",1,0,"close"
"3824-b",0,1,1,0,1,3,0,1476488195361,"true",0,1,"far"
"3824-b",0,1,1,0,1,2,0,1476488185519,"false",0,1,"close"
"3824-b",0,1,1,0,1,5,0,1476488217523,"true",0,1,"split"
"3824-b",1,0,2,0,2,4,1,1476488206700,"true",0,0,"close"
"3824-b",0,0,2,1,0,7,1,1476488255172,"true",0,0,"far"
"3824-b",0,0,1,1,0,6,0,1476488244266,"true",0,1,"split"
"3824-b",0,0,1,1,0,9,0,1476488289785,"true",0,1,"split"
"3824-b",0,0,1,1,0,8,0,1476488271671,"true",0,1,"split"
"3824-b",0,0,2,1,0,39,1,1476489068810,"true",0,0,"close"
"3824-b",0,0,2,1,0,38,1,1476489011085,"true",0,0,"split"
"3824-b",0,1,2,0,1,11,1,1476488352655,"true",0,0,"split"
"3824-b",0,1,0,0,1,10,0,1476488344406,"true",1,0,"close"
"3824-b",0,1,0,0,1,13,0,1476488397164,"true",1,0,"split"
"3824-b",1,0,1,0,2,12,0,1476488386761,"true",0,1,"close"
"3824-b",0,1,2,0,1,15,1,1476488443955,"true",0,0,"split"
"3824-b",1,0,0,0,2,14,0,1476488404779,"true",1,0,"far"
"3824-b",0,0,1,1,0,17,0,1476488480743,"true",0,1,"far"
"3824-b",0,1,2,0,1,16,1,1476488471677,"true",0,0,"far"
"3824-b",1,0,2,0,2,19,1,1476488531105,"true",0,0,"far"
"3824-b",0,1,2,0,1,18,1,1476488522807,"true",0,0,"close"
"3824-b",0,0,2,1,0,31,1,1476488863278,"true",0,0,"split"
"3824-b",0,0,0,1,0,30,0,1476488827354,"true",1,0,"far"
"3824-b",0,0,2,1,0,37,1,1476489002578,"true",0,0,"close"
"3824-b",1,0,0,0,2,36,0,1476488959105,"true",1,0,"close"
"3824-b",0,0,0,1,0,35,0,1476488906577,"true",1,0,"far"
"3824-b",0,0,0,1,0,34,0,1476488896204,"true",1,0,"far"
"3824-b",1,0,0,0,2,33,0,1476488883550,"true",1,0,"split"
"3824-b",1,0,1,0,2,32,0,1476488872393,"true",0,1,"far"
"3824-b",0,0,1,1,0,50,0,1476489233281,"true",0,1,"close"
