"gameid","sClicked_2","sClicked_1","lClickedIndex","sClicked_0","sClickedIndex","roundNum","lClicked_2","time","outcome","lClicked_0","lClicked_1","condition"
"3830-5",1,0,1,0,2,42,0,1476466753490,"true",0,1,"far"
"3830-5",0,1,1,0,1,48,0,1476466874405,"true",0,1,"close"
"3830-5",1,0,2,0,2,43,1,1476466804443,"true",0,0,"split"
"3830-5",0,1,0,0,1,49,0,1476466879796,"true",1,0,"far"
"3830-5",1,0,1,0,2,24,0,1476466521758,"true",0,1,"split"
"3830-5",1,0,0,0,2,25,0,1476466528894,"true",1,0,"far"
"3830-5",0,0,1,1,0,26,0,1476466547145,"true",0,1,"close"
"3830-5",0,0,0,1,0,27,0,1476466556814,"true",1,0,"split"
"3830-5",0,1,1,0,1,20,0,1476466433012,"true",0,1,"split"
"3830-5",0,0,1,1,0,22,0,1476466500222,"true",0,1,"close"
"3830-5",1,0,1,0,2,23,0,1476466514574,"true",0,1,"close"
"3830-5",0,0,2,1,0,46,1,1476466840339,"false",0,0,"close"
"3830-5",0,0,2,1,0,47,1,1476466861700,"true",0,0,"close"
"3830-5",0,0,0,1,0,44,0,1476466813651,"true",1,0,"split"
"3830-5",1,0,2,0,2,45,1,1476466828115,"true",0,0,"split"
"3830-5",0,0,2,1,0,28,1,1476466565431,"true",0,0,"far"
"3830-5",0,0,0,1,0,29,0,1476466571968,"true",1,0,"far"
"3830-5",0,1,2,0,1,40,1,1476466721202,"true",0,0,"close"
"3830-5",1,0,0,0,2,41,0,1476466745026,"true",1,0,"split"
"3830-5",1,0,0,0,2,1,0,1476466197075,"true",1,0,"close"
"3830-5",0,0,0,1,0,3,0,1476466213193,"false",1,0,"split"
"3830-5",0,0,0,1,0,2,0,1476466203901,"true",1,0,"split"
"3830-5",1,0,0,0,2,5,0,1476466236194,"true",1,0,"far"
"3830-5",0,1,2,0,1,4,1,1476466221265,"true",0,0,"split"
"3830-5",0,0,1,1,0,7,0,1476466255393,"true",0,1,"split"
"3830-5",0,0,2,1,0,6,1,1476466243305,"true",0,0,"far"
"3830-5",0,0,1,1,0,9,0,1476466268409,"true",0,1,"far"
"3830-5",0,1,1,0,1,8,0,1476466262273,"true",0,1,"close"
"3830-5",0,1,1,0,1,39,0,1476466712041,"true",0,1,"close"
"3830-5",0,0,1,1,0,38,0,1476466689305,"true",0,1,"far"
"3830-5",0,1,1,0,1,13,0,1476466361179,"true",0,1,"far"
"3830-5",0,1,1,0,1,12,0,1476466354188,"true",0,1,"close"
"3830-5",0,1,0,0,1,15,0,1476466388972,"true",1,0,"far"
"3830-5",1,0,0,0,2,14,0,1476466382604,"true",1,0,"split"
"3830-5",1,0,0,0,2,17,0,1476466408844,"true",1,0,"far"
"3830-5",1,0,1,0,2,16,0,1476466395964,"true",0,1,"split"
"3830-5",1,0,0,0,2,19,0,1476466427101,"true",1,0,"far"
"3830-5",0,1,2,0,1,18,1,1476466419700,"true",0,0,"split"
"3830-5",1,0,0,0,2,31,0,1476466603928,"true",1,0,"far"
"3830-5",0,1,1,0,1,30,0,1476466579327,"true",0,1,"far"
"3830-5",0,1,1,0,1,36,0,1476466647760,"true",0,1,"split"
"3830-5",0,0,2,1,0,35,1,1476466640696,"true",0,0,"close"
"3830-5",0,0,1,1,0,34,0,1476466631256,"true",0,1,"far"
"3830-5",1,0,0,0,2,33,0,1476466623272,"true",1,0,"far"
"3830-5",0,1,2,0,1,32,1,1476466615991,"true",0,0,"close"
"3830-5",0,1,1,0,1,50,0,1476466887077,"true",0,1,"close"
