"gameid","sClicked_2","sClicked_1","lClickedIndex","sClicked_0","sClickedIndex","roundNum","lClicked_2","time","outcome","lClicked_0","lClicked_1","condition"
"3833-5",1,0,1,0,2,42,0,1476990445631,"true",0,1,"split"
"3833-5",1,0,2,0,2,48,1,1476990507950,"true",0,0,"close"
"3833-5",0,1,0,0,1,43,0,1476990456453,"true",1,0,"far"
"3833-5",0,1,1,0,1,49,0,1476990516349,"true",0,1,"close"
"3833-5",1,0,0,0,2,24,0,1476990208214,"true",1,0,"close"
"3833-5",0,0,1,1,0,25,0,1476990220274,"true",0,1,"close"
"3833-5",0,1,0,0,1,26,0,1476990227991,"true",1,0,"far"
"3833-5",0,0,2,1,0,27,1,1476990242910,"true",0,0,"close"
"3833-5",0,0,0,1,0,20,0,1476990149206,"false",1,0,"split"
"3833-5",0,1,0,0,1,21,0,1476990162647,"true",1,0,"split"
"3833-5",0,0,1,1,0,22,0,1476990172599,"false",0,1,"far"
"3833-5",0,1,2,0,1,23,1,1476990185283,"true",0,0,"close"
"3833-5",0,0,2,1,0,46,1,1476990483120,"true",0,0,"far"
"3833-5",0,0,0,1,0,47,0,1476990496064,"true",1,0,"split"
"3833-5",0,0,1,1,0,44,0,1476990464536,"true",0,1,"close"
"3833-5",0,1,0,0,1,45,0,1476990474571,"true",1,0,"split"
"3833-5",1,0,1,0,2,28,0,1476990251616,"true",0,1,"close"
"3833-5",1,0,2,0,2,29,1,1476990264566,"true",0,0,"far"
"3833-5",0,0,0,1,0,40,0,1476990415138,"true",1,0,"close"
"3833-5",0,1,2,0,1,41,1,1476990423160,"true",0,0,"far"
"3833-5",0,1,0,0,1,1,0,1476989786336,"true",1,0,"far"
"3833-5",1,0,1,0,2,3,0,1476989869704,"true",0,1,"close"
"3833-5",1,0,1,0,2,2,0,1476989827846,"true",0,1,"split"
"3833-5",0,1,0,0,1,5,0,1476989916168,"true",1,0,"split"
"3833-5",0,0,2,1,0,4,1,1476989890815,"false",0,0,"close"
"3833-5",0,1,0,0,1,7,0,1476989957207,"true",1,0,"split"
"3833-5",0,0,1,1,0,6,0,1476989945127,"true",0,1,"close"
"3833-5",1,0,1,0,2,9,0,1476989976180,"true",0,1,"far"
"3833-5",0,0,2,1,0,8,1,1476989966929,"true",0,0,"close"
"3833-5",0,0,0,1,0,39,0,1476990403961,"false",1,0,"split"
"3833-5",0,1,1,0,1,38,0,1476990391401,"true",0,1,"far"
"3833-5",0,0,0,1,0,11,0,1476990011838,"true",1,0,"far"
"3833-5",0,0,1,1,0,10,0,1476989991934,"false",0,1,"split"
"3833-5",1,0,1,0,2,13,0,1476990032460,"true",0,1,"far"
"3833-5",1,0,2,0,2,12,1,1476990023194,"true",0,0,"split"
"3833-5",0,0,1,1,0,15,0,1476990059872,"false",0,1,"far"
"3833-5",0,1,2,0,1,14,1,1476990039511,"true",0,0,"close"
"3833-5",1,0,1,0,2,17,0,1476990094899,"true",0,1,"split"
"3833-5",1,0,0,0,2,16,0,1476990072970,"true",1,0,"far"
"3833-5",1,0,2,0,2,19,1,1476990130797,"true",0,0,"split"
"3833-5",0,1,2,0,1,18,1,1476990120977,"false",0,0,"close"
"3833-5",1,0,1,0,2,31,0,1476990299214,"false",0,1,"split"
"3833-5",0,1,1,0,1,30,0,1476990280350,"true",0,1,"split"
"3833-5",0,1,0,0,1,37,0,1476990380743,"true",1,0,"split"
"3833-5",0,0,0,1,0,36,0,1476990362015,"true",1,0,"split"
"3833-5",0,0,0,1,0,35,0,1476990354274,"true",1,0,"close"
"3833-5",1,0,1,0,2,34,0,1476990341743,"true",0,1,"far"
"3833-5",0,0,1,1,0,33,0,1476990320583,"true",0,1,"far"
"3833-5",0,0,1,1,0,32,0,1476990309849,"true",0,1,"far"
"3833-5",0,0,1,1,0,50,0,1476990533852,"false",0,1,"close"
