"gameid","sClicked_2","sClicked_1","lClickedIndex","sClicked_0","sClickedIndex","roundNum","lClicked_2","time","outcome","lClicked_0","lClicked_1","condition"
"3838-0",0,0,1,1,0,42,0,1476989635928,"true",0,1,"close"
"3838-0",0,0,0,1,0,48,0,1476989700921,"true",1,0,"far"
"3838-0",0,1,2,0,1,43,1,1476989647819,"true",0,0,"close"
"3838-0",1,0,0,0,2,49,0,1476989723268,"true",1,0,"close"
"3838-0",0,1,2,0,1,24,1,1476989405314,"true",0,0,"split"
"3838-0",1,0,2,0,2,25,1,1476989414285,"true",0,0,"split"
"3838-0",0,0,1,1,0,26,0,1476989424256,"true",0,1,"far"
"3838-0",0,1,2,0,1,27,1,1476989441577,"true",0,0,"close"
"3838-0",0,0,1,1,0,20,0,1476989354916,"true",0,1,"close"
"3838-0",0,0,2,1,0,21,1,1476989368628,"true",0,0,"far"
"3838-0",0,1,2,0,1,22,1,1476989383380,"true",0,0,"far"
"3838-0",0,1,0,0,1,23,0,1476989394055,"false",1,0,"far"
"3838-0",0,0,0,1,0,46,0,1476989680537,"true",1,0,"split"
"3838-0",1,0,2,0,2,47,1,1476989692830,"true",0,0,"close"
"3838-0",1,0,2,0,2,44,1,1476989660731,"true",0,0,"close"
"3838-0",1,0,1,0,2,45,0,1476989671934,"true",0,1,"far"
"3838-0",1,0,2,0,2,28,1,1476989448399,"true",0,0,"far"
"3838-0",1,0,1,0,2,29,0,1476989464318,"false",0,1,"close"
"3838-0",0,1,1,0,1,40,0,1476989620660,"false",0,1,"close"
"3838-0",0,1,0,0,1,41,0,1476989628518,"true",1,0,"far"
"3838-0",0,0,1,1,0,1,0,1476989099779,"true",0,1,"far"
"3838-0",0,0,2,1,0,3,1,1476989130002,"true",0,0,"close"
"3838-0",0,0,0,1,0,2,0,1476989111418,"true",1,0,"split"
"3838-0",0,1,1,0,1,5,0,1476989159662,"true",0,1,"close"
"3838-0",0,1,2,0,1,4,1,1476989137628,"true",0,0,"far"
"3838-0",0,1,0,0,1,7,0,1476989181488,"true",1,0,"far"
"3838-0",0,0,2,1,0,6,1,1476989169991,"true",0,0,"split"
"3838-0",0,0,2,1,0,9,1,1476989204736,"true",0,0,"far"
"3838-0",0,1,0,0,1,8,0,1476989196088,"true",1,0,"close"
"3838-0",0,1,0,0,1,39,0,1476989602935,"true",1,0,"split"
"3838-0",0,1,0,0,1,38,0,1476989594554,"true",1,0,"close"
"3838-0",1,0,0,0,2,11,0,1476989227915,"true",1,0,"close"
"3838-0",1,0,1,0,2,10,0,1476989211776,"true",0,1,"split"
"3838-0",1,0,1,0,2,13,0,1476989253958,"true",0,1,"split"
"3838-0",0,1,0,0,1,12,0,1476989242143,"true",1,0,"split"
"3838-0",1,0,1,0,2,15,0,1476989280432,"true",0,1,"far"
"3838-0",0,0,0,1,0,14,0,1476989269899,"true",1,0,"close"
"3838-0",0,0,0,1,0,17,0,1476989302406,"true",1,0,"far"
"3838-0",1,0,1,0,2,16,0,1476989290309,"true",0,1,"split"
"3838-0",1,0,0,0,2,19,0,1476989338031,"true",1,0,"split"
"3838-0",1,0,2,0,2,18,1,1476989320812,"true",0,0,"split"
"3838-0",1,0,0,0,2,31,0,1476989485740,"true",1,0,"split"
"3838-0",0,1,2,0,1,30,1,1476989472912,"true",0,0,"far"
"3838-0",0,0,1,1,0,37,0,1476989575592,"true",0,1,"split"
"3838-0",0,1,1,0,1,36,0,1476989566219,"true",0,1,"split"
"3838-0",0,1,1,0,1,35,0,1476989553758,"true",0,1,"close"
"3838-0",0,0,0,1,0,34,0,1476989537866,"true",1,0,"far"
"3838-0",1,0,2,0,2,33,1,1476989529919,"true",0,0,"split"
"3838-0",1,0,1,0,2,32,0,1476989506106,"true",0,1,"close"
"3838-0",0,1,1,0,1,50,0,1476989742981,"true",0,1,"far"
