"gameid","sClicked_2","sClicked_1","lClickedIndex","sClicked_0","sClickedIndex","roundNum","lClicked_2","time","outcome","lClicked_0","lClicked_1","condition"
"3843-c",1,0,2,0,2,42,1,1459880340268,"true",0,0,"far"
"3843-c",0,1,2,0,1,48,1,1459880402781,"false",0,0,"far"
"3843-c",1,0,0,0,2,43,0,1459880347745,"true",1,0,"split"
"3843-c",0,0,2,1,0,49,1,1459880413841,"true",0,0,"close"
"3843-c",0,1,0,0,1,24,0,1459880149708,"true",1,0,"split"
"3843-c",1,0,0,0,2,25,0,1459880159391,"false",1,0,"close"
"3843-c",0,1,0,0,1,26,0,1459880166937,"true",1,0,"far"
"3843-c",1,0,0,0,2,27,0,1459880178864,"true",1,0,"close"
"3843-c",1,0,0,0,2,20,0,1459880119723,"true",1,0,"far"
"3843-c",1,0,0,0,2,21,0,1459880127623,"true",1,0,"far"
"3843-c",0,0,0,1,0,22,0,1459880135874,"true",1,0,"close"
"3843-c",0,0,1,1,0,23,0,1459880142259,"true",0,1,"far"
"3843-c",0,0,1,1,0,46,0,1459880377985,"true",0,1,"far"
"3843-c",1,0,1,0,2,47,0,1459880391243,"true",0,1,"close"
"3843-c",0,1,0,0,1,44,0,1459880355246,"true",1,0,"split"
"3843-c",0,0,0,1,0,45,0,1459880367948,"true",1,0,"split"
"3843-c",1,0,2,0,2,28,1,1459880196467,"true",0,0,"split"
"3843-c",0,0,2,1,0,29,1,1459880206432,"false",0,0,"close"
"3843-c",0,1,0,0,1,40,0,1459880326246,"true",1,0,"far"
"3843-c",1,0,2,0,2,41,1,1459880332674,"true",0,0,"far"
"3843-c",0,0,2,1,0,1,1,1459879876548,"true",0,0,"split"
"3843-c",0,1,1,0,1,3,0,1459879908407,"true",0,1,"split"
"3843-c",0,0,2,1,0,2,1,1459879890706,"true",0,0,"far"
"3843-c",1,0,0,0,2,5,0,1459879927001,"true",1,0,"split"
"3843-c",0,1,0,0,1,4,0,1459879917328,"false",1,0,"split"
"3843-c",1,0,1,0,2,7,0,1459879953014,"true",0,1,"close"
"3843-c",0,0,0,1,0,6,0,1459879942862,"true",1,0,"far"
"3843-c",0,1,1,0,1,9,0,1459879972428,"true",0,1,"far"
"3843-c",0,1,2,0,1,8,1,1459879965039,"true",0,0,"close"
"3843-c",0,0,1,1,0,39,0,1459880318416,"true",0,1,"split"
"3843-c",0,0,0,1,0,38,0,1459880306165,"true",1,0,"split"
"3843-c",0,0,2,1,0,11,1,1459880003400,"true",0,0,"split"
"3843-c",1,0,0,0,2,10,0,1459879992533,"true",1,0,"close"
"3843-c",0,0,2,1,0,13,1,1459880024092,"true",0,0,"close"
"3843-c",0,1,0,0,1,12,0,1459880014788,"true",1,0,"split"
"3843-c",0,1,1,0,1,15,0,1459880045845,"true",0,1,"close"
"3843-c",1,0,2,0,2,14,1,1459880037788,"true",0,0,"close"
"3843-c",1,0,0,0,2,17,0,1459880075521,"true",1,0,"close"
"3843-c",0,0,2,1,0,16,1,1459880054860,"true",0,0,"close"
"3843-c",1,0,0,0,2,19,0,1459880112440,"true",1,0,"close"
"3843-c",1,0,2,0,2,18,1,1459880086552,"true",0,0,"far"
"3843-c",0,0,2,1,0,31,1,1459880246170,"true",0,0,"far"
"3843-c",1,0,0,0,2,30,0,1459880225865,"true",1,0,"close"
"3843-c",0,0,1,1,0,37,0,1459880299848,"false",0,1,"split"
"3843-c",0,0,2,1,0,36,1,1459880289286,"true",0,0,"far"
"3843-c",0,1,1,0,1,35,0,1459880282137,"true",0,1,"close"
"3843-c",0,1,0,0,1,34,0,1459880275570,"true",1,0,"split"
"3843-c",1,0,1,0,2,33,0,1459880264749,"true",0,1,"far"
"3843-c",0,0,2,1,0,32,1,1459880258698,"true",0,0,"split"
"3843-c",1,0,1,0,2,50,0,1459880419643,"true",0,1,"far"
