"gameid","sClicked_2","sClicked_1","lClickedIndex","sClicked_0","sClickedIndex","roundNum","lClicked_2","time","outcome","lClicked_0","lClicked_1","condition"
"3850-8",0,1,0,0,1,42,0,1476479375981,"true",1,0,"close"
"3850-8",1,0,2,0,2,48,1,1476479477125,"true",0,0,"split"
"3850-8",1,0,0,0,2,43,0,1476479412080,"true",1,0,"far"
"3850-8",0,0,2,1,0,49,1,1476479493003,"true",0,0,"split"
"3850-8",0,1,0,0,1,24,0,1476479103154,"true",1,0,"far"
"3850-8",0,1,1,0,1,25,0,1476479112842,"true",0,1,"split"
"3850-8",0,1,1,0,1,26,0,1476479119136,"true",0,1,"far"
"3850-8",1,0,1,0,2,27,0,1476479154562,"true",0,1,"far"
"3850-8",1,0,0,0,2,20,0,1476479045090,"false",1,0,"far"
"3850-8",0,0,2,1,0,21,1,1476479054612,"true",0,0,"far"
"3850-8",1,0,2,0,2,22,1,1476479082528,"false",0,0,"close"
"3850-8",1,0,1,0,2,23,0,1476479094053,"true",0,1,"split"
"3850-8",1,0,1,0,2,46,0,1476479462363,"true",0,1,"split"
"3850-8",0,1,1,0,1,47,0,1476479469939,"true",0,1,"far"
"3850-8",0,1,0,0,1,44,0,1476479427548,"true",1,0,"far"
"3850-8",1,0,2,0,2,45,1,1476479442448,"true",0,0,"split"
"3850-8",0,0,0,1,0,28,0,1476479163959,"true",1,0,"far"
"3850-8",1,0,2,0,2,29,1,1476479175743,"true",0,0,"split"
"3850-8",0,0,2,1,0,40,1,1476479325619,"true",0,0,"split"
"3850-8",1,0,1,0,2,41,0,1476479333526,"true",0,1,"far"
"3850-8",0,1,0,0,1,1,0,1476478665606,"true",1,0,"split"
"3850-8",0,1,2,0,1,3,1,1476478688920,"true",0,0,"far"
"3850-8",1,0,2,0,2,2,1,1476478679626,"true",0,0,"close"
"3850-8",1,0,0,0,2,5,0,1476478721127,"false",1,0,"close"
"3850-8",1,0,0,0,2,4,0,1476478702460,"true",1,0,"close"
"3850-8",0,0,2,1,0,7,1,1476478753550,"true",0,0,"close"
"3850-8",1,0,1,0,2,6,0,1476478732698,"true",0,1,"split"
"3850-8",0,0,2,1,0,9,1,1476478789757,"false",0,0,"close"
"3850-8",0,0,2,1,0,8,1,1476478764282,"true",0,0,"far"
"3850-8",1,0,1,0,2,39,0,1476479317947,"true",0,1,"split"
"3850-8",1,0,1,0,2,38,0,1476479308931,"true",0,1,"close"
"3850-8",0,0,2,1,0,11,1,1476478853358,"true",0,0,"close"
"3850-8",0,0,2,1,0,10,1,1476478833830,"true",0,0,"close"
"3850-8",0,1,2,0,1,13,1,1476478914083,"true",0,0,"close"
"3850-8",0,0,0,1,0,12,0,1476478893840,"true",1,0,"close"
"3850-8",0,1,2,0,1,15,1,1476478935224,"true",0,0,"far"
"3850-8",0,1,2,0,1,14,1,1476478923530,"true",0,0,"split"
"3850-8",1,0,1,0,2,17,0,1476478994852,"false",0,1,"split"
"3850-8",0,0,1,1,0,16,0,1476478957067,"true",0,1,"close"
"3850-8",0,1,1,0,1,19,0,1476479021094,"true",0,1,"far"
"3850-8",0,0,1,1,0,18,0,1476479006034,"true",0,1,"split"
"3850-8",0,1,0,0,1,31,0,1476479199480,"true",1,0,"close"
"3850-8",0,1,0,0,1,30,0,1476479183213,"true",1,0,"far"
"3850-8",0,0,1,1,0,37,0,1476479292372,"true",0,1,"split"
"3850-8",0,1,1,0,1,36,0,1476479276252,"true",0,1,"far"
"3850-8",0,1,2,0,1,35,1,1476479264274,"true",0,0,"close"
"3850-8",0,1,0,0,1,34,0,1476479248822,"true",1,0,"close"
"3850-8",0,0,2,1,0,33,1,1476479231116,"true",0,0,"split"
"3850-8",1,0,0,0,2,32,0,1476479219384,"true",1,0,"split"
"3850-8",0,0,2,1,0,50,1,1476479510455,"true",0,0,"close"
