"gameid","sClicked_2","sClicked_1","lClickedIndex","sClicked_0","sClickedIndex","roundNum","lClicked_2","time","outcome","lClicked_0","lClicked_1","condition"
"3864-c",0,1,2,0,1,42,1,1476992408326,"true",0,0,"split"
"3864-c",1,0,0,0,2,48,0,1476992466168,"true",1,0,"far"
"3864-c",1,0,2,0,2,43,1,1476992418622,"false",0,0,"split"
"3864-c",1,0,0,0,2,49,0,1476992513998,"false",1,0,"close"
"3864-c",1,0,1,0,2,24,0,1476992074299,"true",0,1,"split"
"3864-c",0,1,0,0,1,25,0,1476992099351,"false",1,0,"split"
"3864-c",0,0,1,1,0,26,0,1476992107789,"true",0,1,"far"
"3864-c",1,0,1,0,2,27,0,1476992122061,"true",0,1,"split"
"3864-c",0,1,0,0,1,20,0,1476991992466,"true",1,0,"close"
"3864-c",0,1,0,0,1,21,0,1476992001074,"true",1,0,"far"
"3864-c",1,0,2,0,2,22,1,1476992017111,"true",0,0,"far"
"3864-c",0,0,1,1,0,23,0,1476992035356,"false",0,1,"split"
"3864-c",0,0,0,1,0,46,0,1476992450919,"true",1,0,"far"
"3864-c",0,0,2,1,0,47,1,1476992459926,"true",0,0,"split"
"3864-c",1,0,1,0,2,44,0,1476992427451,"false",0,1,"split"
"3864-c",0,0,0,1,0,45,0,1476992442959,"true",1,0,"far"
"3864-c",0,1,1,0,1,28,0,1476992167898,"false",0,1,"close"
"3864-c",0,1,2,0,1,29,1,1476992197695,"false",0,0,"split"
"3864-c",0,1,2,0,1,40,1,1476992383710,"true",0,0,"far"
"3864-c",0,1,1,0,1,41,0,1476992392647,"false",0,1,"close"
"3864-c",1,0,1,0,2,1,0,1476991572988,"true",0,1,"split"
"3864-c",0,0,0,1,0,3,0,1476991628638,"true",1,0,"far"
"3864-c",1,0,1,0,2,2,0,1476991592572,"false",0,1,"close"
"3864-c",0,0,0,1,0,5,0,1476991707323,"true",1,0,"close"
"3864-c",1,0,2,0,2,4,1,1476991661822,"true",0,0,"close"
"3864-c",0,0,1,1,0,7,0,1476991726700,"true",0,1,"far"
"3864-c",1,0,1,0,2,6,0,1476991718072,"true",0,1,"far"
"3864-c",0,0,1,1,0,9,0,1476991748930,"true",0,1,"split"
"3864-c",0,0,2,1,0,8,1,1476991739300,"true",0,0,"far"
"3864-c",1,0,2,0,2,39,1,1476992364620,"true",0,0,"split"
"3864-c",0,1,0,0,1,38,0,1476992355357,"true",1,0,"close"
"3864-c",0,1,2,0,1,11,1,1476991769728,"true",0,0,"far"
"3864-c",1,0,1,0,2,10,0,1476991761735,"true",0,1,"far"
"3864-c",0,0,1,1,0,13,0,1476991789204,"true",0,1,"split"
"3864-c",0,1,0,0,1,12,0,1476991779198,"true",1,0,"far"
"3864-c",0,1,0,0,1,15,0,1476991810796,"true",1,0,"split"
"3864-c",0,1,1,0,1,14,0,1476991795837,"true",0,1,"far"
"3864-c",0,0,2,1,0,17,1,1476991932509,"true",0,0,"close"
"3864-c",1,0,1,0,2,16,0,1476991842489,"true",0,1,"close"
"3864-c",0,0,2,1,0,19,1,1476991970739,"true",0,0,"close"
"3864-c",1,0,1,0,2,18,0,1476991953398,"true",0,1,"close"
"3864-c",0,1,1,0,1,31,0,1476992230727,"true",0,1,"split"
"3864-c",0,0,1,1,0,30,0,1476992211555,"true",0,1,"split"
"3864-c",1,0,0,0,2,37,0,1476992336672,"true",1,0,"far"
"3864-c",1,0,2,0,2,36,1,1476992329234,"true",0,0,"far"
"3864-c",0,1,1,0,1,35,0,1476992320734,"true",0,1,"close"
"3864-c",0,0,1,1,0,34,0,1476992270331,"true",0,1,"close"
"3864-c",0,0,1,1,0,33,0,1476992258054,"true",0,1,"close"
"3864-c",1,0,0,0,2,32,0,1476992241976,"true",1,0,"split"
"3864-c",0,0,1,1,0,50,0,1476992524802,"true",0,1,"close"
