"gameid","sClicked_2","sClicked_1","lClickedIndex","sClicked_0","sClickedIndex","roundNum","lClicked_2","time","outcome","lClicked_0","lClicked_1","condition"
"3866-e",1,0,2,0,2,42,1,1476991797298,"true",0,0,"split"
"3866-e",0,1,2,0,1,48,1,1476991898179,"true",0,0,"close"
"3866-e",1,0,0,0,2,43,0,1476991823090,"true",1,0,"split"
"3866-e",0,1,1,0,1,49,0,1476991911858,"true",0,1,"far"
"3866-e",1,0,1,0,2,24,0,1476991558858,"true",0,1,"close"
"3866-e",0,1,1,0,1,25,0,1476991571718,"true",0,1,"far"
"3866-e",1,0,0,0,2,26,0,1476991589692,"true",1,0,"close"
"3866-e",1,0,2,0,2,27,1,1476991602568,"true",0,0,"close"
"3866-e",0,0,2,1,0,20,1,1476991487295,"false",0,0,"far"
"3866-e",1,0,1,0,2,21,0,1476991505203,"true",0,1,"split"
"3866-e",1,0,2,0,2,22,1,1476991532873,"true",0,0,"close"
"3866-e",0,0,2,1,0,23,1,1476991547587,"true",0,0,"close"
"3866-e",1,0,2,0,2,46,1,1476991862924,"true",0,0,"split"
"3866-e",1,0,2,0,2,47,1,1476991871394,"true",0,0,"split"
"3866-e",1,0,0,0,2,44,0,1476991846630,"false",1,0,"close"
"3866-e",1,0,0,0,2,45,0,1476991854409,"true",1,0,"far"
"3866-e",0,1,1,0,1,28,0,1476991611094,"true",0,1,"close"
"3866-e",0,1,2,0,1,29,1,1476991622908,"true",0,0,"close"
"3866-e",0,0,2,1,0,40,1,1476991772969,"true",0,0,"far"
"3866-e",0,1,1,0,1,41,0,1476991781066,"true",0,1,"far"
"3866-e",0,1,0,0,1,1,0,1476991224146,"true",1,0,"split"
"3866-e",0,1,1,0,1,3,0,1476991268746,"true",0,1,"close"
"3866-e",0,1,1,0,1,2,0,1476991238155,"true",0,1,"far"
"3866-e",1,0,0,0,2,5,0,1476991285269,"true",1,0,"far"
"3866-e",0,1,0,0,1,4,0,1476991276634,"true",1,0,"far"
"3866-e",1,0,0,0,2,7,0,1476991303384,"true",1,0,"close"
"3866-e",0,1,2,0,1,6,1,1476991292158,"true",0,0,"far"
"3866-e",1,0,0,0,2,9,0,1476991335515,"true",1,0,"split"
"3866-e",0,1,2,0,1,8,1,1476991319148,"false",0,0,"far"
"3866-e",1,0,0,0,2,39,0,1476991765235,"true",1,0,"split"
"3866-e",0,0,2,1,0,38,1,1476991758443,"true",0,0,"split"
"3866-e",0,1,0,0,1,11,0,1476991357784,"false",1,0,"split"
"3866-e",0,1,1,0,1,10,0,1476991344174,"true",0,1,"far"
"3866-e",0,1,1,0,1,13,0,1476991394374,"true",0,1,"far"
"3866-e",0,0,0,1,0,12,0,1476991387403,"true",1,0,"close"
"3866-e",0,0,1,1,0,15,0,1476991418138,"true",0,1,"close"
"3866-e",0,1,0,0,1,14,0,1476991401710,"true",1,0,"far"
"3866-e",0,0,0,1,0,17,0,1476991450533,"true",1,0,"close"
"3866-e",0,1,1,0,1,16,0,1476991434239,"true",0,1,"split"
"3866-e",0,0,2,1,0,19,1,1476991477283,"true",0,0,"split"
"3866-e",0,1,1,0,1,18,0,1476991467673,"true",0,1,"split"
"3866-e",1,0,2,0,2,31,1,1476991659149,"true",0,0,"split"
"3866-e",0,0,0,1,0,30,0,1476991638764,"true",1,0,"close"
"3866-e",0,0,2,1,0,37,1,1476991748953,"true",0,0,"far"
"3866-e",0,0,1,1,0,36,0,1476991727256,"true",0,1,"close"
"3866-e",1,0,1,0,2,35,0,1476991716673,"true",0,1,"far"
"3866-e",0,1,2,0,1,34,1,1476991705396,"false",0,0,"close"
"3866-e",1,0,2,0,2,33,1,1476991678509,"true",0,0,"far"
"3866-e",0,1,0,0,1,32,0,1476991670789,"true",1,0,"split"
"3866-e",0,1,2,0,1,50,1,1476991921416,"true",0,0,"split"
