"gameid","sClicked_2","sClicked_1","lClickedIndex","sClicked_0","sClickedIndex","roundNum","lClicked_2","time","outcome","lClicked_0","lClicked_1","condition"
"3900-b",1,0,2,0,2,42,1,1476496397009,"true",0,0,"split"
"3900-b",1,0,2,0,2,48,1,1476496543485,"false",0,0,"split"
"3900-b",0,0,1,1,0,43,0,1476496411483,"true",0,1,"split"
"3900-b",0,0,1,1,0,24,0,1476495981565,"true",0,1,"far"
"3900-b",0,0,2,1,0,25,1,1476495989577,"true",0,0,"far"
"3900-b",0,1,1,0,1,26,0,1476496015902,"true",0,1,"split"
"3900-b",0,1,0,0,1,27,0,1476496037330,"true",1,0,"far"
"3900-b",0,0,1,1,0,21,0,1476495858287,"false",0,1,"close"
"3900-b",0,1,1,0,1,22,0,1476495875657,"true",0,1,"split"
"3900-b",0,1,0,0,1,49,0,1476496576253,"false",1,0,"close"
"3900-b",0,0,0,1,0,46,0,1476496486454,"false",1,0,"split"
"3900-b",1,0,1,0,2,47,0,1476496520509,"true",0,1,"close"
"3900-b",0,0,1,1,0,44,0,1476496425433,"true",0,1,"close"
"3900-b",1,0,2,0,2,45,1,1476496432459,"true",0,0,"far"
"3900-b",1,0,2,0,2,28,1,1476496076532,"true",0,0,"split"
"3900-b",0,0,0,1,0,29,0,1476496095392,"false",1,0,"far"
"3900-b",0,0,0,1,0,40,0,1476496363598,"true",1,0,"close"
"3900-b",1,0,1,0,2,41,0,1476496380359,"true",0,1,"close"
"3900-b",0,0,2,1,0,1,1,1476495249632,"true",0,0,"far"
"3900-b",0,1,1,0,1,3,0,1476495291389,"false",0,1,"split"
"3900-b",1,0,0,0,2,2,0,1476495266440,"true",1,0,"far"
"3900-b",0,0,2,1,0,5,1,1476495383612,"true",0,0,"close"
"3900-b",0,1,2,0,1,7,1,1476495483732,"false",0,0,"split"
"3900-b",1,0,0,0,2,9,0,1476495534953,"true",1,0,"split"
"3900-b",0,1,1,0,1,8,0,1476495518023,"true",0,1,"split"
"3900-b",0,0,2,1,0,39,1,1476496325868,"true",0,0,"far"
"3900-b",0,1,2,0,1,38,1,1476496318598,"true",0,0,"far"
"3900-b",1,0,2,0,2,11,1,1476495616302,"true",0,0,"far"
"3900-b",0,1,2,0,1,10,1,1476495575563,"false",0,0,"close"
"3900-b",0,1,1,0,1,13,0,1476495658736,"true",0,1,"far"
"3900-b",0,0,2,1,0,12,1,1476495650068,"false",0,0,"close"
"3900-b",0,0,1,1,0,15,0,1476495675182,"true",0,1,"far"
"3900-b",0,0,1,1,0,14,0,1476495667693,"true",0,1,"far"
"3900-b",1,0,1,0,2,17,0,1476495721437,"false",0,1,"split"
"3900-b",0,1,2,0,1,16,1,1476495705314,"false",0,0,"split"
"3900-b",0,1,0,0,1,19,0,1476495785152,"true",1,0,"far"
"3900-b",0,0,1,1,0,18,0,1476495753714,"true",0,1,"close"
"3900-b",1,0,1,0,2,31,0,1476496142093,"true",0,1,"close"
"3900-b",0,1,0,0,1,30,0,1476496118702,"true",1,0,"far"
"3900-b",1,0,0,0,2,36,0,1476496224094,"false",1,0,"close"
"3900-b",0,0,1,1,0,35,0,1476496205057,"true",0,1,"split"
"3900-b",0,0,2,1,0,34,1,1476496196537,"true",0,0,"close"
"3900-b",1,0,1,0,2,33,0,1476496173910,"true",0,1,"split"
"3900-b",0,1,1,0,1,32,0,1476496152042,"false",0,1,"close"
"3900-b",1,0,2,0,2,50,1,1476496621570,"true",0,0,"close"
