"gameid","sClicked_2","sClicked_1","lClickedIndex","sClicked_0","sClickedIndex","roundNum","lClicked_2","time","outcome","lClicked_0","lClicked_1","condition"
"3920-3",1,0,1,0,2,42,0,1476990551120,"true",0,1,"split"
"3920-3",0,0,1,1,0,48,0,1476990645832,"true",0,1,"far"
"3920-3",0,0,1,1,0,43,0,1476990568745,"true",0,1,"close"
"3920-3",0,0,2,1,0,49,1,1476990652089,"true",0,0,"far"
"3920-3",1,0,1,0,2,24,0,1476990311702,"true",0,1,"far"
"3920-3",0,1,0,0,1,25,0,1476990318600,"true",1,0,"far"
"3920-3",1,0,2,0,2,26,1,1476990334968,"true",0,0,"close"
"3920-3",1,0,2,0,2,27,1,1476990357504,"true",0,0,"close"
"3920-3",0,0,2,1,0,20,1,1476990244350,"true",0,0,"far"
"3920-3",1,0,1,0,2,21,0,1476990256237,"false",0,1,"close"
"3920-3",0,1,2,0,1,22,1,1476990269385,"true",0,0,"split"
"3920-3",1,0,2,0,2,23,1,1476990300200,"true",0,0,"close"
"3920-3",0,1,2,0,1,46,1,1476990617536,"false",0,0,"close"
"3920-3",0,1,0,0,1,47,0,1476990637951,"true",1,0,"split"
"3920-3",0,0,2,1,0,44,1,1476990591937,"true",0,0,"close"
"3920-3",0,0,1,1,0,45,0,1476990601312,"true",0,1,"far"
"3920-3",1,0,0,0,2,28,0,1476990371439,"true",1,0,"split"
"3920-3",0,0,1,1,0,29,0,1476990381654,"true",0,1,"far"
"3920-3",0,1,0,0,1,40,0,1476990525143,"true",1,0,"split"
"3920-3",1,0,1,0,2,41,0,1476990539232,"true",0,1,"split"
"3920-3",0,0,1,1,0,1,0,1476989856964,"false",0,1,"split"
"3920-3",0,1,2,0,1,3,1,1476989887999,"true",0,0,"close"
"3920-3",1,0,1,0,2,2,0,1476989871294,"true",0,1,"split"
"3920-3",1,0,0,0,2,5,0,1476989905639,"true",1,0,"far"
"3920-3",1,0,1,0,2,4,0,1476989897694,"true",0,1,"close"
"3920-3",0,0,1,1,0,7,0,1476989979233,"true",0,1,"close"
"3920-3",1,0,2,0,2,6,1,1476989922741,"true",0,0,"close"
"3920-3",0,1,0,0,1,9,0,1476990003151,"true",1,0,"close"
"3920-3",0,1,1,0,1,8,0,1476989992063,"false",0,1,"close"
"3920-3",1,0,1,0,2,39,0,1476990511783,"true",0,1,"split"
"3920-3",0,1,1,0,1,38,0,1476990496880,"true",0,1,"far"
"3920-3",0,1,0,0,1,11,0,1476990060130,"true",1,0,"close"
"3920-3",1,0,2,0,2,10,1,1476990018415,"false",0,0,"close"
"3920-3",1,0,0,0,2,13,0,1476990100640,"true",1,0,"close"
"3920-3",0,1,2,0,1,12,1,1476990069757,"true",0,0,"split"
"3920-3",1,0,1,0,2,15,0,1476990153460,"true",0,1,"far"
"3920-3",1,0,1,0,2,14,0,1476990143807,"true",0,1,"split"
"3920-3",0,0,0,1,0,17,0,1476990195671,"true",1,0,"split"
"3920-3",1,0,2,0,2,16,1,1476990169846,"true",0,0,"far"
"3920-3",0,1,0,0,1,19,0,1476990232826,"true",1,0,"split"
"3920-3",1,0,2,0,2,18,1,1476990213334,"true",0,0,"split"
"3920-3",0,1,1,0,1,31,0,1476990410671,"true",0,1,"far"
"3920-3",1,0,1,0,2,30,0,1476990403296,"true",0,1,"close"
"3920-3",1,0,0,0,2,37,0,1476990487276,"true",1,0,"split"
"3920-3",0,0,1,1,0,36,0,1476990459111,"true",0,1,"far"
"3920-3",1,0,1,0,2,35,0,1476990452658,"true",0,1,"far"
"3920-3",0,1,1,0,1,34,0,1476990440729,"true",0,1,"far"
"3920-3",0,0,1,1,0,33,0,1476990434799,"true",0,1,"far"
"3920-3",1,0,1,0,2,32,0,1476990428366,"true",0,1,"split"
"3920-3",0,1,0,0,1,50,0,1476990659198,"true",1,0,"far"
