"gameid","sClicked_2","sClicked_1","lClickedIndex","sClicked_0","sClickedIndex","roundNum","lClicked_2","time","outcome","lClicked_0","lClicked_1","condition"
"3920-e",0,1,2,0,1,42,1,1476998743282,"true",0,0,"close"
"3920-e",0,0,0,1,0,48,0,1476998799416,"true",1,0,"split"
"3920-e",1,0,2,0,2,43,1,1476998755126,"true",0,0,"split"
"3920-e",0,1,0,0,1,49,0,1476998809073,"true",1,0,"far"
"3920-e",0,1,1,0,1,24,0,1476998558531,"false",0,1,"close"
"3920-e",0,1,2,0,1,25,1,1476998573612,"true",0,0,"close"
"3920-e",0,0,0,1,0,26,0,1476998581470,"true",1,0,"close"
"3920-e",0,1,2,0,1,27,1,1476998588629,"true",0,0,"far"
"3920-e",0,0,0,1,0,20,0,1476998510596,"true",1,0,"far"
"3920-e",0,0,0,1,0,21,0,1476998518715,"true",1,0,"far"
"3920-e",1,0,0,0,2,22,0,1476998536091,"true",1,0,"split"
"3920-e",0,1,1,0,1,23,0,1476998542524,"true",0,1,"far"
"3920-e",1,0,0,0,2,46,0,1476998781241,"true",1,0,"far"
"3920-e",1,0,0,0,2,47,0,1476998789085,"true",1,0,"split"
"3920-e",0,1,2,0,1,44,1,1476998763735,"true",0,0,"close"
"3920-e",1,0,2,0,2,45,1,1476998772944,"true",0,0,"split"
"3920-e",0,0,2,1,0,28,1,1476998597730,"true",0,0,"split"
"3920-e",0,1,0,0,1,29,0,1476998605163,"true",1,0,"far"
"3920-e",1,0,2,0,2,40,1,1476998717064,"true",0,0,"far"
"3920-e",0,0,2,1,0,41,1,1476998733282,"true",0,0,"close"
"3920-e",0,1,2,0,1,1,1,1476998257954,"true",0,0,"split"
"3920-e",0,0,2,1,0,3,1,1476998275437,"true",0,0,"split"
"3920-e",0,0,1,1,0,2,0,1476998267495,"true",0,1,"split"
"3920-e",0,1,1,0,1,5,0,1476998311978,"true",0,1,"close"
"3920-e",0,1,2,0,1,4,1,1476998282070,"true",0,0,"close"
"3920-e",1,0,0,0,2,7,0,1476998344733,"true",1,0,"close"
"3920-e",1,0,0,0,2,6,0,1476998332129,"false",1,0,"close"
"3920-e",1,0,2,0,2,9,1,1476998370430,"true",0,0,"close"
"3920-e",0,0,2,1,0,8,1,1476998354496,"true",0,0,"split"
"3920-e",0,1,0,0,1,39,0,1476998710407,"true",1,0,"far"
"3920-e",1,0,1,0,2,38,0,1476998703410,"true",0,1,"far"
"3920-e",0,1,2,0,1,11,1,1476998389439,"true",0,0,"split"
"3920-e",0,1,0,0,1,10,0,1476998378350,"true",1,0,"close"
"3920-e",0,1,2,0,1,13,1,1476998410309,"true",0,0,"close"
"3920-e",1,0,0,0,2,12,0,1476998400677,"false",1,0,"close"
"3920-e",0,0,1,1,0,15,0,1476998440505,"true",0,1,"close"
"3920-e",0,0,0,1,0,14,0,1476998426667,"false",1,0,"far"
"3920-e",0,0,0,1,0,17,0,1476998467930,"true",1,0,"far"
"3920-e",0,0,1,1,0,16,0,1476998456259,"true",0,1,"close"
"3920-e",0,0,1,1,0,19,0,1476998499268,"true",0,1,"split"
"3920-e",0,1,1,0,1,18,0,1476998490266,"true",0,1,"split"
"3920-e",0,1,2,0,1,31,1,1476998634810,"true",0,0,"split"
"3920-e",0,1,2,0,1,30,1,1476998620506,"true",0,0,"split"
"3920-e",0,1,0,0,1,37,0,1476998696515,"true",1,0,"split"
"3920-e",0,1,0,0,1,36,0,1476998686689,"true",1,0,"split"
"3920-e",1,0,2,0,2,35,1,1476998673922,"true",0,0,"close"
"3920-e",0,0,1,1,0,34,0,1476998657849,"true",0,1,"far"
"3920-e",0,1,0,0,1,33,0,1476998652050,"true",1,0,"far"
"3920-e",1,0,1,0,2,32,0,1476998644117,"true",0,1,"far"
"3920-e",0,0,2,1,0,50,1,1476998816641,"true",0,0,"far"
