"gameid","sClicked_2","sClicked_1","lClickedIndex","sClicked_0","sClickedIndex","roundNum","lClicked_2","time","outcome","lClicked_0","lClicked_1","condition"
"3922-a",0,1,1,0,1,42,0,1459897329328,"true",0,1,"far"
"3922-a",0,1,1,0,1,48,0,1459897424839,"true",0,1,"far"
"3922-a",0,1,2,0,1,43,1,1459897337063,"true",0,0,"far"
"3922-a",1,0,0,0,2,49,0,1459897447607,"true",1,0,"close"
"3922-a",0,0,0,1,0,24,0,1459897066050,"true",1,0,"far"
"3922-a",0,0,1,1,0,25,0,1459897081927,"true",0,1,"split"
"3922-a",0,0,0,1,0,26,0,1459897096487,"true",1,0,"close"
"3922-a",1,0,2,0,2,27,1,1459897106626,"true",0,0,"far"
"3922-a",1,0,0,0,2,20,0,1459896996678,"true",1,0,"close"
"3922-a",0,1,2,0,1,21,1,1459897005878,"false",0,0,"far"
"3922-a",1,0,2,0,2,22,1,1459897045698,"true",0,0,"close"
"3922-a",0,0,1,1,0,23,0,1459897054799,"true",0,1,"far"
"3922-a",1,0,2,0,2,46,1,1459897384127,"true",0,0,"split"
"3922-a",1,0,1,0,2,47,0,1459897415511,"true",0,1,"split"
"3922-a",0,1,2,0,1,44,1,1459897352543,"true",0,0,"split"
"3922-a",0,0,1,1,0,45,0,1459897366984,"true",0,1,"close"
"3922-a",0,1,1,0,1,28,0,1459897117185,"true",0,1,"far"
"3922-a",0,1,0,0,1,29,0,1459897135631,"true",1,0,"close"
"3922-a",1,0,0,0,2,40,0,1459897310503,"true",1,0,"close"
"3922-a",1,0,2,0,2,41,1,1459897320246,"true",0,0,"close"
"3922-a",1,0,2,0,2,1,1,1459896661206,"true",0,0,"split"
"3922-a",0,1,2,0,1,3,1,1459896694824,"true",0,0,"split"
"3922-a",1,0,0,0,2,2,0,1459896674709,"true",1,0,"split"
"3922-a",0,1,1,0,1,5,0,1459896724846,"true",0,1,"split"
"3922-a",0,1,2,0,1,4,1,1459896713272,"true",0,0,"split"
"3922-a",1,0,0,0,2,7,0,1459896752721,"true",1,0,"split"
"3922-a",0,1,1,0,1,6,0,1459896740761,"true",0,1,"split"
"3922-a",0,0,0,1,0,9,0,1459896779061,"true",1,0,"far"
"3922-a",0,1,1,0,1,8,0,1459896761082,"true",0,1,"far"
"3922-a",1,0,2,0,2,39,1,1459897297009,"true",0,0,"far"
"3922-a",0,1,1,0,1,38,0,1459897283489,"true",0,1,"close"
"3922-a",1,0,0,0,2,11,0,1459896826286,"true",1,0,"far"
"3922-a",1,0,2,0,2,10,1,1459896811668,"true",0,0,"close"
"3922-a",1,0,2,0,2,13,1,1459896843661,"true",0,0,"far"
"3922-a",1,0,0,0,2,12,0,1459896834177,"true",1,0,"far"
"3922-a",0,1,2,0,1,15,1,1459896910724,"false",0,0,"close"
"3922-a",1,0,1,0,2,14,0,1459896890227,"true",0,1,"close"
"3922-a",0,0,0,1,0,17,0,1459896933341,"true",1,0,"close"
"3922-a",0,1,1,0,1,16,0,1459896920441,"true",0,1,"far"
"3922-a",0,0,1,1,0,19,0,1459896973936,"true",0,1,"close"
"3922-a",0,0,0,1,0,18,0,1459896949607,"true",1,0,"split"
"3922-a",0,0,2,1,0,31,1,1459897167428,"true",0,0,"split"
"3922-a",0,1,2,0,1,30,1,1459897149774,"true",0,0,"split"
"3922-a",0,0,2,1,0,37,1,1459897269943,"true",0,0,"close"
"3922-a",0,0,2,1,0,36,1,1459897248839,"true",0,0,"split"
"3922-a",0,1,0,0,1,35,0,1459897228455,"false",1,0,"far"
"3922-a",1,0,0,0,2,34,0,1459897218348,"true",1,0,"split"
"3922-a",0,1,1,0,1,33,0,1459897190531,"true",0,1,"close"
"3922-a",0,0,2,1,0,32,1,1459897175953,"true",0,0,"far"
"3922-a",0,1,0,0,1,50,0,1459897459524,"true",1,0,"close"
