"gameid","sClicked_2","sClicked_1","lClickedIndex","sClicked_0","sClickedIndex","roundNum","lClicked_2","time","outcome","lClicked_0","lClicked_1","condition"
"3924-e",0,1,0,0,1,42,0,1476995909215,"true",1,0,"far"
"3924-e",0,1,2,0,1,48,1,1476996027345,"true",0,0,"far"
"3924-e",0,1,0,0,1,43,0,1476995921040,"true",1,0,"close"
"3924-e",0,0,2,1,0,49,1,1476996037819,"true",0,0,"far"
"3924-e",0,1,1,0,1,24,0,1476995709627,"true",0,1,"close"
"3924-e",0,0,1,1,0,25,0,1476995720401,"true",0,1,"split"
"3924-e",1,0,1,0,2,26,0,1476995735633,"true",0,1,"close"
"3924-e",0,1,2,0,1,27,1,1476995743668,"true",0,0,"far"
"3924-e",1,0,2,0,2,20,1,1476995655789,"true",0,0,"split"
"3924-e",0,0,0,1,0,21,0,1476995664201,"true",1,0,"far"
"3924-e",1,0,1,0,2,22,0,1476995671697,"true",0,1,"far"
"3924-e",0,1,1,0,1,23,0,1476995682783,"true",0,1,"split"
"3924-e",1,0,0,0,2,46,0,1476995979593,"true",1,0,"split"
"3924-e",0,0,0,1,0,47,0,1476996018747,"true",1,0,"close"
"3924-e",0,0,0,1,0,44,0,1476995941193,"true",1,0,"close"
"3924-e",0,0,1,1,0,45,0,1476995956553,"true",0,1,"close"
"3924-e",1,0,2,0,2,28,1,1476995750936,"true",0,0,"far"
"3924-e",0,0,2,1,0,29,1,1476995757933,"true",0,0,"far"
"3924-e",1,0,0,0,2,40,0,1476995891238,"true",1,0,"close"
"3924-e",0,0,2,1,0,41,1,1476995900006,"true",0,0,"close"
"3924-e",1,0,2,0,2,1,1,1476995471192,"true",0,0,"far"
"3924-e",1,0,2,0,2,3,1,1476995488407,"true",0,0,"split"
"3924-e",0,0,2,1,0,2,1,1476995479412,"true",0,0,"far"
"3924-e",1,0,0,0,2,5,0,1476995505709,"true",1,0,"split"
"3924-e",0,1,0,0,1,4,0,1476995496955,"true",1,0,"close"
"3924-e",1,0,1,0,2,7,0,1476995520024,"true",0,1,"split"
"3924-e",1,0,2,0,2,6,1,1476995512095,"true",0,0,"far"
"3924-e",1,0,0,0,2,9,0,1476995542025,"true",1,0,"split"
"3924-e",0,0,1,1,0,8,0,1476995532952,"true",0,1,"split"
"3924-e",0,0,1,1,0,39,0,1476995861357,"true",0,1,"close"
"3924-e",0,0,0,1,0,38,0,1476995851792,"true",1,0,"far"
"3924-e",0,0,1,1,0,11,0,1476995561965,"true",0,1,"far"
"3924-e",0,1,0,0,1,10,0,1476995553901,"true",1,0,"split"
"3924-e",0,0,2,1,0,13,1,1476995588397,"true",0,0,"close"
"3924-e",1,0,1,0,2,12,0,1476995574248,"true",0,1,"split"
"3924-e",0,1,2,0,1,15,1,1476995610968,"true",0,0,"split"
"3924-e",0,0,0,1,0,14,0,1476995604418,"true",1,0,"close"
"3924-e",0,0,1,1,0,17,0,1476995634498,"true",0,1,"close"
"3924-e",0,0,0,1,0,16,0,1476995619849,"true",1,0,"close"
"3924-e",0,0,0,1,0,19,0,1476995648230,"true",1,0,"far"
"3924-e",1,0,1,0,2,18,0,1476995640849,"true",0,1,"far"
"3924-e",1,0,1,0,2,31,0,1476995779465,"true",0,1,"split"
"3924-e",1,0,0,0,2,30,0,1476995768152,"true",1,0,"split"
"3924-e",0,0,2,1,0,37,1,1476995845528,"true",0,0,"split"
"3924-e",0,1,0,0,1,36,0,1476995834022,"true",1,0,"far"
"3924-e",1,0,2,0,2,35,1,1476995827579,"true",0,0,"close"
"3924-e",1,0,0,0,2,34,0,1476995818584,"true",1,0,"far"
"3924-e",0,1,0,0,1,33,0,1476995812183,"true",1,0,"split"
"3924-e",1,0,0,0,2,32,0,1476995792834,"true",1,0,"close"
"3924-e",0,0,1,1,0,50,0,1476996060020,"true",0,1,"close"
