"gameid","sClicked_2","sClicked_1","lClickedIndex","sClicked_0","sClickedIndex","roundNum","lClicked_2","time","outcome","lClicked_0","lClicked_1","condition"
"3938-b",0,0,1,1,0,42,0,1476991907141,"true",0,1,"far"
"3938-b",0,1,1,0,1,48,0,1476992033162,"true",0,1,"far"
"3938-b",0,0,1,1,0,43,0,1476991914431,"true",0,1,"far"
"3938-b",0,0,2,1,0,49,1,1476992066792,"true",0,0,"close"
"3938-b",0,0,2,1,0,24,1,1476991515155,"true",0,0,"far"
"3938-b",1,0,2,0,2,25,1,1476991538248,"true",0,0,"close"
"3938-b",1,0,0,0,2,26,0,1476991556464,"true",1,0,"split"
"3938-b",0,0,0,1,0,27,0,1476991566780,"true",1,0,"far"
"3938-b",0,1,2,0,1,20,1,1476991432468,"true",0,0,"close"
"3938-b",0,1,1,0,1,21,0,1476991450831,"true",0,1,"close"
"3938-b",0,1,2,0,1,22,1,1476991471710,"true",0,0,"far"
"3938-b",1,0,0,0,2,23,0,1476991483000,"true",1,0,"split"
"3938-b",1,0,1,0,2,46,0,1476992003407,"true",0,1,"close"
"3938-b",1,0,1,0,2,47,0,1476992025467,"true",0,1,"far"
"3938-b",0,0,1,1,0,44,0,1476991950288,"true",0,1,"far"
"3938-b",0,1,0,0,1,45,0,1476991976740,"true",1,0,"close"
"3938-b",0,1,2,0,1,28,1,1476991603165,"true",0,0,"close"
"3938-b",0,0,2,1,0,29,1,1476991613861,"true",0,0,"split"
"3938-b",1,0,0,0,2,40,0,1476991889121,"true",1,0,"split"
"3938-b",0,1,2,0,1,41,1,1476991899585,"true",0,0,"far"
"3938-b",0,0,0,1,0,1,0,1476991094922,"true",1,0,"close"
"3938-b",0,1,2,0,1,3,1,1476991147928,"true",0,0,"far"
"3938-b",0,0,0,1,0,2,0,1476991128178,"true",1,0,"split"
"3938-b",0,1,1,0,1,5,0,1476991175087,"true",0,1,"split"
"3938-b",1,0,1,0,2,4,0,1476991163321,"true",0,1,"far"
"3938-b",0,1,2,0,1,7,1,1476991208303,"true",0,0,"close"
"3938-b",1,0,1,0,2,6,0,1476991195496,"true",0,1,"far"
"3938-b",1,0,1,0,2,9,0,1476991232375,"true",0,1,"split"
"3938-b",0,0,1,1,0,8,0,1476991220509,"true",0,1,"split"
"3938-b",1,0,0,0,2,39,0,1476991862623,"true",1,0,"close"
"3938-b",0,0,0,1,0,38,0,1476991845721,"true",1,0,"far"
"3938-b",0,1,0,0,1,11,0,1476991302891,"true",1,0,"close"
"3938-b",1,0,1,0,2,10,0,1476991244421,"true",0,1,"close"
"3938-b",0,1,1,0,1,13,0,1476991323790,"true",0,1,"split"
"3938-b",0,1,0,0,1,12,0,1476991315226,"true",1,0,"split"
"3938-b",0,1,1,0,1,15,0,1476991364911,"true",0,1,"split"
"3938-b",1,0,1,0,2,14,0,1476991330372,"true",0,1,"far"
"3938-b",0,1,1,0,1,17,0,1476991384022,"true",0,1,"far"
"3938-b",0,0,2,1,0,16,1,1476991375194,"true",0,0,"close"
"3938-b",0,0,2,1,0,19,1,1476991410273,"true",0,0,"far"
"3938-b",0,0,1,1,0,18,0,1476991400099,"false",0,1,"close"
"3938-b",1,0,1,0,2,31,0,1476991681735,"true",0,1,"far"
"3938-b",0,1,2,0,1,30,1,1476991668865,"true",0,0,"close"
"3938-b",0,0,0,1,0,37,0,1476991836491,"true",1,0,"split"
"3938-b",0,0,0,1,0,36,0,1476991826616,"false",1,0,"close"
"3938-b",1,0,0,0,2,35,0,1476991814022,"true",1,0,"split"
"3938-b",0,1,0,0,1,34,0,1476991749555,"true",1,0,"split"
"3938-b",0,0,1,1,0,33,0,1476991716362,"true",0,1,"close"
"3938-b",0,1,2,0,1,32,1,1476991695453,"true",0,0,"split"
"3938-b",0,1,0,0,1,50,0,1476992081920,"true",1,0,"split"
