"gameid","sClicked_2","sClicked_1","lClickedIndex","sClicked_0","sClickedIndex","roundNum","lClicked_2","time","outcome","lClicked_0","lClicked_1","condition"
"3940-b",1,0,0,0,2,42,0,1476993224274,"true",1,0,"far"
"3940-b",0,1,1,0,1,48,0,1476993273284,"true",0,1,"far"
"3940-b",0,0,2,1,0,43,1,1476993232386,"true",0,0,"split"
"3940-b",1,0,0,0,2,49,0,1476993283254,"true",1,0,"close"
"3940-b",0,0,0,1,0,24,0,1476993020529,"true",1,0,"close"
"3940-b",1,0,2,0,2,25,1,1476993028097,"true",0,0,"far"
"3940-b",0,0,2,1,0,26,1,1476993037776,"true",0,0,"close"
"3940-b",0,1,1,0,1,27,0,1476993045831,"true",0,1,"close"
"3940-b",1,0,2,0,2,20,1,1476992966976,"false",0,0,"split"
"3940-b",0,0,1,1,0,21,0,1476992977416,"true",0,1,"far"
"3940-b",0,0,1,1,0,22,0,1476992994612,"true",0,1,"close"
"3940-b",1,0,1,0,2,23,0,1476993003728,"true",0,1,"split"
"3940-b",0,1,2,0,1,46,1,1476993256234,"true",0,0,"far"
"3940-b",0,1,0,0,1,47,0,1476993263085,"true",1,0,"far"
"3940-b",1,0,2,0,2,44,1,1476993239686,"true",0,0,"split"
"3940-b",0,1,2,0,1,45,1,1476993248846,"true",0,0,"split"
"3940-b",0,0,1,1,0,28,0,1476993051791,"true",0,1,"far"
"3940-b",1,0,2,0,2,29,1,1476993068671,"true",0,0,"split"
"3940-b",0,1,2,0,1,40,1,1476993207942,"true",0,0,"split"
"3940-b",0,0,2,1,0,41,1,1476993217701,"true",0,0,"far"
"3940-b",0,0,0,1,0,1,0,1476992673662,"true",1,0,"far"
"3940-b",0,0,1,1,0,3,0,1476992746515,"true",0,1,"close"
"3940-b",0,1,0,0,1,2,0,1476992718700,"true",1,0,"close"
"3940-b",0,1,1,0,1,5,0,1476992768514,"true",0,1,"split"
"3940-b",0,1,2,0,1,4,1,1476992760497,"true",0,0,"far"
"3940-b",1,0,0,0,2,7,0,1476992798473,"true",1,0,"close"
"3940-b",0,0,0,1,0,6,0,1476992779817,"true",1,0,"split"
"3940-b",1,0,2,0,2,9,1,1476992821495,"true",0,0,"split"
"3940-b",1,0,0,0,2,8,0,1476992805290,"true",1,0,"far"
"3940-b",0,0,2,1,0,39,1,1476993201246,"true",0,0,"far"
"3940-b",1,0,0,0,2,38,0,1476993192824,"true",1,0,"split"
"3940-b",0,1,0,0,1,11,0,1476992838689,"true",1,0,"far"
"3940-b",1,0,2,0,2,10,1,1476992831137,"true",0,0,"far"
"3940-b",1,0,2,0,2,13,1,1476992871481,"true",0,0,"close"
"3940-b",1,0,2,0,2,12,1,1476992847316,"true",0,0,"far"
"3940-b",0,0,0,1,0,15,0,1476992891118,"true",1,0,"split"
"3940-b",1,0,2,0,2,14,1,1476992882251,"true",0,0,"close"
"3940-b",0,1,1,0,1,17,0,1476992914170,"true",0,1,"close"
"3940-b",1,0,2,0,2,16,1,1476992901525,"true",0,0,"far"
"3940-b",0,1,1,0,1,19,0,1476992947624,"true",0,1,"close"
"3940-b",0,1,1,0,1,18,0,1476992935344,"true",0,1,"close"
"3940-b",0,0,1,1,0,31,0,1476993087296,"true",0,1,"split"
"3940-b",0,0,0,1,0,30,0,1476993078967,"false",1,0,"close"
"3940-b",1,0,2,0,2,37,1,1476993180642,"true",0,0,"close"
"3940-b",0,0,0,1,0,36,0,1476993151414,"false",1,0,"split"
"3940-b",0,0,0,1,0,35,0,1476993140367,"true",1,0,"split"
"3940-b",0,1,2,0,1,34,1,1476993117400,"true",0,0,"split"
"3940-b",0,0,2,1,0,33,1,1476993110103,"true",0,0,"close"
"3940-b",0,1,0,0,1,32,0,1476993097267,"true",1,0,"close"
"3940-b",0,0,1,1,0,50,0,1476993299460,"true",0,1,"far"
