"gameid","sClicked_2","sClicked_1","lClickedIndex","sClicked_0","sClickedIndex","roundNum","lClicked_2","time","outcome","lClicked_0","lClicked_1","condition"
"3942-1",0,1,1,0,1,42,0,1476994025133,"true",0,1,"split"
"3942-1",1,0,0,0,2,48,0,1476994104923,"false",1,0,"close"
"3942-1",0,1,0,0,1,43,0,1476994032527,"true",1,0,"far"
"3942-1",0,1,1,0,1,49,0,1476994112443,"false",0,1,"close"
"3942-1",0,0,2,1,0,24,1,1476993785551,"true",0,0,"far"
"3942-1",1,0,0,0,2,25,0,1476993806851,"true",1,0,"close"
"3942-1",0,0,1,1,0,26,0,1476993815536,"true",0,1,"close"
"3942-1",0,1,1,0,1,27,0,1476993822796,"true",0,1,"far"
"3942-1",0,1,2,0,1,20,1,1476993732639,"true",0,0,"split"
"3942-1",0,0,2,1,0,21,1,1476993753420,"true",0,0,"close"
"3942-1",1,0,2,0,2,22,1,1476993761751,"true",0,0,"far"
"3942-1",1,0,1,0,2,23,0,1476993775630,"true",0,1,"close"
"3942-1",0,1,2,0,1,46,1,1476994071119,"false",0,0,"split"
"3942-1",0,1,2,0,1,47,1,1476994089733,"true",0,0,"split"
"3942-1",0,0,0,1,0,44,0,1476994044492,"true",1,0,"split"
"3942-1",1,0,1,0,2,45,0,1476994056698,"false",0,1,"split"
"3942-1",1,0,0,0,2,28,0,1476993831871,"true",1,0,"split"
"3942-1",0,0,0,1,0,29,0,1476993838461,"true",1,0,"far"
"3942-1",0,1,1,0,1,40,0,1476994010139,"true",0,1,"split"
"3942-1",0,0,0,1,0,41,0,1476994017942,"true",1,0,"far"
"3942-1",0,1,0,0,1,1,0,1476993455148,"false",1,0,"close"
"3942-1",1,0,1,0,2,3,0,1476993486204,"true",0,1,"close"
"3942-1",0,0,2,1,0,2,1,1476993462800,"true",0,0,"far"
"3942-1",0,0,0,1,0,5,0,1476993504733,"true",1,0,"far"
"3942-1",0,1,1,0,1,4,0,1476993493343,"true",0,1,"far"
"3942-1",0,0,2,1,0,7,1,1476993536024,"true",0,0,"close"
"3942-1",1,0,0,0,2,6,0,1476993522263,"false",1,0,"close"
"3942-1",0,1,0,0,1,9,0,1476993555802,"true",1,0,"far"
"3942-1",0,1,2,0,1,8,1,1476993546234,"true",0,0,"far"
"3942-1",0,1,1,0,1,39,0,1476993988750,"true",0,1,"close"
"3942-1",0,0,0,1,0,38,0,1476993972982,"true",1,0,"split"
"3942-1",0,0,0,1,0,11,0,1476993575880,"false",1,0,"far"
"3942-1",0,0,2,1,0,10,1,1476993567894,"true",0,0,"far"
"3942-1",0,0,0,1,0,13,0,1476993601104,"true",1,0,"far"
"3942-1",0,1,0,0,1,12,0,1476993593592,"true",1,0,"close"
"3942-1",1,0,1,0,2,15,0,1476993638255,"true",0,1,"split"
"3942-1",0,0,2,1,0,14,1,1476993613414,"true",0,0,"far"
"3942-1",1,0,0,0,2,17,0,1476993669480,"true",1,0,"close"
"3942-1",1,0,0,0,2,16,0,1476993658398,"true",1,0,"split"
"3942-1",0,0,2,1,0,19,1,1476993720665,"true",0,0,"split"
"3942-1",0,1,1,0,1,18,0,1476993688590,"true",0,1,"close"
"3942-1",0,1,1,0,1,31,0,1476993874897,"false",0,1,"close"
"3942-1",0,1,2,0,1,30,1,1476993858933,"true",0,0,"split"
"3942-1",0,0,2,1,0,37,1,1476993958781,"true",0,0,"split"
"3942-1",1,0,1,0,2,36,0,1476993951168,"true",0,1,"close"
"3942-1",1,0,2,0,2,35,1,1476993938822,"true",0,0,"far"
"3942-1",0,0,1,1,0,34,0,1476993929527,"true",0,1,"split"
"3942-1",0,0,2,1,0,33,1,1476993899051,"true",0,0,"close"
"3942-1",0,1,2,0,1,32,1,1476993881151,"true",0,0,"far"
"3942-1",0,1,0,0,1,50,0,1476994128228,"true",1,0,"split"
