"gameid","sClicked_2","sClicked_1","lClickedIndex","sClicked_0","sClickedIndex","roundNum","lClicked_2","time","outcome","lClicked_0","lClicked_1","condition"
"3945-0",0,1,0,0,1,42,0,1476991199267,"false",1,0,"split"
"3945-0",0,0,2,1,0,48,1,1476991261022,"true",0,0,"close"
"3945-0",0,0,0,1,0,43,0,1476991208317,"true",1,0,"far"
"3945-0",1,0,2,0,2,49,1,1476991275728,"true",0,0,"close"
"3945-0",0,0,1,1,0,24,0,1476990893759,"true",0,1,"far"
"3945-0",1,0,0,0,2,25,0,1476990906750,"true",1,0,"split"
"3945-0",0,1,0,0,1,26,0,1476990935207,"true",1,0,"close"
"3945-0",0,0,0,1,0,27,0,1476990974528,"true",1,0,"close"
"3945-0",0,0,1,1,0,20,0,1476990840531,"true",0,1,"close"
"3945-0",1,0,2,0,2,21,1,1476990856154,"true",0,0,"split"
"3945-0",0,0,1,1,0,22,0,1476990864776,"false",0,1,"far"
"3945-0",0,1,1,0,1,23,0,1476990873945,"true",0,1,"close"
"3945-0",0,1,0,0,1,46,0,1476991241741,"true",1,0,"far"
"3945-0",0,0,0,1,0,47,0,1476991249221,"true",1,0,"far"
"3945-0",0,1,1,0,1,44,0,1476991216426,"true",0,1,"close"
"3945-0",1,0,2,0,2,45,1,1476991224315,"true",0,0,"split"
"3945-0",1,0,1,0,2,28,0,1476990984668,"true",0,1,"far"
"3945-0",1,0,0,0,2,29,0,1476990992024,"true",1,0,"far"
"3945-0",0,0,0,1,0,40,0,1476991183106,"true",1,0,"far"
"3945-0",0,0,1,1,0,41,0,1476991193037,"true",0,1,"split"
"3945-0",1,0,2,0,2,1,1,1476990551192,"true",0,0,"split"
"3945-0",0,0,0,1,0,3,0,1476990566828,"true",1,0,"split"
"3945-0",0,0,0,1,0,2,0,1476990558638,"true",1,0,"far"
"3945-0",0,0,1,1,0,5,0,1476990603990,"true",0,1,"split"
"3945-0",0,1,0,0,1,4,0,1476990582116,"true",1,0,"close"
"3945-0",0,1,0,0,1,7,0,1476990627744,"true",1,0,"close"
"3945-0",1,0,2,0,2,6,1,1476990613566,"true",0,0,"far"
"3945-0",0,1,1,0,1,9,0,1476990670516,"true",0,1,"close"
"3945-0",0,1,1,0,1,8,0,1476990643584,"true",0,1,"close"
"3945-0",0,1,0,0,1,39,0,1476991153874,"true",1,0,"far"
"3945-0",1,0,2,0,2,38,1,1476991135183,"true",0,0,"split"
"3945-0",0,0,2,1,0,11,1,1476990689499,"true",0,0,"split"
"3945-0",1,0,2,0,2,10,1,1476990678576,"true",0,0,"far"
"3945-0",0,1,0,0,1,13,0,1476990725157,"true",1,0,"close"
"3945-0",0,0,2,1,0,12,1,1476990714447,"false",0,0,"close"
"3945-0",1,0,1,0,2,15,0,1476990757606,"true",0,1,"close"
"3945-0",0,1,0,0,1,14,0,1476990742208,"true",1,0,"split"
"3945-0",0,1,2,0,1,17,1,1476990774192,"true",0,0,"far"
"3945-0",1,0,0,0,2,16,0,1476990766805,"true",1,0,"far"
"3945-0",0,1,0,0,1,19,0,1476990799855,"true",1,0,"split"
"3945-0",1,0,1,0,2,18,0,1476990780027,"true",0,1,"split"
"3945-0",0,0,2,1,0,31,1,1476991010448,"true",0,0,"far"
"3945-0",0,1,2,0,1,30,1,1476991002086,"true",0,0,"close"
"3945-0",0,1,0,0,1,37,0,1476991106080,"true",1,0,"split"
"3945-0",0,1,2,0,1,36,1,1476991079946,"true",0,0,"split"
"3945-0",0,1,1,0,1,35,0,1476991063848,"true",0,1,"split"
"3945-0",0,1,2,0,1,34,1,1476991049933,"true",0,0,"split"
"3945-0",0,0,1,1,0,33,0,1476991036413,"true",0,1,"close"
"3945-0",0,0,1,1,0,32,0,1476991019296,"true",0,1,"far"
"3945-0",0,0,2,1,0,50,1,1476991297289,"true",0,0,"far"
