"gameid","sClicked_2","sClicked_1","lClickedIndex","sClicked_0","sClickedIndex","roundNum","lClicked_2","time","outcome","lClicked_0","lClicked_1","condition"
"3947-0",1,0,0,0,2,42,0,1476992351518,"true",1,0,"far"
"3947-0",0,1,2,0,1,48,1,1476992425913,"true",0,0,"close"
"3947-0",0,1,2,0,1,43,1,1476992363243,"true",0,0,"close"
"3947-0",0,1,0,0,1,49,0,1476992455176,"true",1,0,"close"
"3947-0",0,1,2,0,1,24,1,1476992112522,"true",0,0,"split"
"3947-0",1,0,2,0,2,25,1,1476992128121,"true",0,0,"far"
"3947-0",0,1,2,0,1,26,1,1476992135408,"true",0,0,"split"
"3947-0",0,0,2,1,0,27,1,1476992162739,"true",0,0,"close"
"3947-0",0,0,0,1,0,20,0,1476992073538,"true",1,0,"split"
"3947-0",0,0,0,1,0,21,0,1476992079707,"true",1,0,"split"
"3947-0",0,0,2,1,0,22,1,1476992090803,"true",0,0,"far"
"3947-0",0,1,1,0,1,23,0,1476992104723,"true",0,1,"split"
"3947-0",0,1,1,0,1,46,0,1476992386414,"true",0,1,"far"
"3947-0",0,1,0,0,1,47,0,1476992400595,"true",1,0,"close"
"3947-0",1,0,0,0,2,44,0,1476992371397,"true",1,0,"far"
"3947-0",0,1,0,0,1,45,0,1476992379313,"true",1,0,"far"
"3947-0",0,0,0,1,0,28,0,1476992170843,"false",1,0,"close"
"3947-0",1,0,1,0,2,29,0,1476992181274,"false",0,1,"close"
"3947-0",0,1,1,0,1,40,0,1476992333477,"false",0,1,"split"
"3947-0",0,1,2,0,1,41,1,1476992341560,"true",0,0,"split"
"3947-0",0,1,1,0,1,1,0,1476991915216,"true",0,1,"close"
"3947-0",0,1,0,0,1,3,0,1476991928654,"true",1,0,"split"
"3947-0",0,1,1,0,1,2,0,1476991922087,"true",0,1,"far"
"3947-0",1,0,0,0,2,5,0,1476991945333,"true",1,0,"far"
"3947-0",0,0,2,1,0,4,1,1476991938052,"false",0,0,"split"
"3947-0",0,1,2,0,1,7,1,1476991962165,"true",0,0,"far"
"3947-0",0,1,0,0,1,6,0,1476991955316,"true",1,0,"close"
"3947-0",1,0,2,0,2,9,1,1476991979203,"true",0,0,"far"
"3947-0",1,0,1,0,2,8,0,1476991972694,"false",0,1,"split"
"3947-0",0,1,1,0,1,39,0,1476992313924,"true",0,1,"close"
"3947-0",0,0,2,1,0,38,1,1476992304014,"true",0,0,"close"
"3947-0",0,0,2,1,0,11,1,1476991996495,"true",0,0,"split"
"3947-0",1,0,0,0,2,10,0,1476991986865,"true",1,0,"split"
"3947-0",1,0,0,0,2,13,0,1476992011443,"true",1,0,"close"
"3947-0",0,0,2,1,0,12,1,1476992003914,"true",0,0,"split"
"3947-0",0,0,1,1,0,15,0,1476992025299,"true",0,1,"far"
"3947-0",0,1,2,0,1,14,1,1476992017826,"true",0,0,"far"
"3947-0",0,0,2,1,0,17,1,1476992048418,"true",0,0,"close"
"3947-0",1,0,0,0,2,16,0,1476992033205,"true",1,0,"split"
"3947-0",0,0,2,1,0,19,1,1476992064716,"true",0,0,"far"
"3947-0",0,1,2,0,1,18,1,1476992053931,"true",0,0,"split"
"3947-0",0,0,2,1,0,31,1,1476992214392,"true",0,0,"close"
"3947-0",0,1,0,0,1,30,0,1476992188975,"true",1,0,"far"
"3947-0",0,0,2,1,0,37,1,1476992285698,"true",0,0,"split"
"3947-0",0,1,0,0,1,36,0,1476992277330,"true",1,0,"close"
"3947-0",0,1,2,0,1,35,1,1476992262654,"true",0,0,"far"
"3947-0",0,0,0,1,0,34,0,1476992255075,"true",1,0,"close"
"3947-0",0,1,1,0,1,33,0,1476992240496,"true",0,1,"far"
"3947-0",0,0,1,1,0,32,0,1476992224456,"true",0,1,"split"
"3947-0",0,0,0,1,0,50,0,1476992465903,"false",1,0,"close"
