"gameid","sClicked_2","sClicked_1","lClickedIndex","sClicked_0","sClickedIndex","roundNum","lClicked_2","time","outcome","lClicked_0","lClicked_1","condition"
"3957-d",0,0,0,1,0,42,0,1476990664951,"true",1,0,"close"
"3957-d",0,1,1,0,1,48,0,1476990787463,"true",0,1,"far"
"3957-d",1,0,1,0,2,43,0,1476990704399,"true",0,1,"split"
"3957-d",0,0,2,1,0,49,1,1476990795746,"true",0,0,"split"
"3957-d",0,0,1,1,0,24,0,1476990272737,"true",0,1,"close"
"3957-d",0,0,1,1,0,25,0,1476990356266,"true",0,1,"close"
"3957-d",0,0,1,1,0,26,0,1476990366634,"true",0,1,"far"
"3957-d",0,1,0,0,1,27,0,1476990377451,"false",1,0,"close"
"3957-d",1,0,0,0,2,20,0,1476990076495,"true",1,0,"far"
"3957-d",0,0,2,1,0,21,1,1476990091894,"true",0,0,"close"
"3957-d",0,1,2,0,1,22,1,1476990201593,"false",0,0,"close"
"3957-d",0,0,1,1,0,23,0,1476990257216,"false",0,1,"split"
"3957-d",0,0,1,1,0,46,0,1476990764749,"true",0,1,"far"
"3957-d",0,0,0,1,0,47,0,1476990776024,"true",1,0,"close"
"3957-d",0,1,0,0,1,44,0,1476990717451,"false",1,0,"close"
"3957-d",0,0,1,1,0,45,0,1476990756123,"true",0,1,"split"
"3957-d",0,0,0,1,0,28,0,1476990396776,"true",1,0,"far"
"3957-d",0,0,1,1,0,29,0,1476990405114,"true",0,1,"split"
"3957-d",1,0,1,0,2,40,0,1476990640376,"true",0,1,"split"
"3957-d",0,0,1,1,0,41,0,1476990650536,"true",0,1,"split"
"3957-d",0,1,0,0,1,1,0,1476989751573,"true",1,0,"close"
"3957-d",0,0,2,1,0,3,1,1476989774078,"true",0,0,"close"
"3957-d",0,1,1,0,1,2,0,1476989762693,"true",0,1,"close"
"3957-d",0,1,2,0,1,5,1,1476989799077,"true",0,0,"far"
"3957-d",0,1,2,0,1,4,1,1476989783202,"true",0,0,"far"
"3957-d",1,0,2,0,2,7,1,1476989823791,"true",0,0,"far"
"3957-d",0,0,1,1,0,6,0,1476989814697,"false",0,1,"split"
"3957-d",0,1,1,0,1,9,0,1476989853828,"true",0,1,"far"
"3957-d",0,1,2,0,1,8,1,1476989835333,"true",0,0,"split"
"3957-d",0,1,2,0,1,39,1,1476990625700,"true",0,0,"far"
"3957-d",1,0,1,0,2,38,0,1476990616083,"true",0,1,"split"
"3957-d",0,1,2,0,1,11,1,1476989903950,"true",0,0,"split"
"3957-d",1,0,2,0,2,10,1,1476989878678,"true",0,0,"split"
"3957-d",0,1,1,0,1,13,0,1476989969186,"true",0,1,"split"
"3957-d",0,0,2,1,0,12,1,1476989952719,"false",0,0,"split"
"3957-d",1,0,1,0,2,15,0,1476990014319,"true",0,1,"split"
"3957-d",1,0,0,0,2,14,0,1476989977262,"true",1,0,"far"
"3957-d",1,0,2,0,2,17,1,1476990036572,"true",0,0,"close"
"3957-d",0,1,1,0,1,16,0,1476990024570,"true",0,1,"close"
"3957-d",1,0,2,0,2,19,1,1476990066960,"true",0,0,"far"
"3957-d",1,0,1,0,2,18,0,1476990058046,"false",0,1,"close"
"3957-d",0,1,0,0,1,31,0,1476990482177,"true",1,0,"far"
"3957-d",1,0,1,0,2,30,0,1476990473789,"true",0,1,"close"
"3957-d",1,0,0,0,2,37,0,1476990587287,"false",1,0,"close"
"3957-d",0,1,1,0,1,36,0,1476990561765,"true",0,1,"far"
"3957-d",0,0,0,1,0,35,0,1476990549559,"false",1,0,"split"
"3957-d",1,0,0,0,2,34,0,1476990535240,"true",1,0,"split"
"3957-d",0,1,0,0,1,33,0,1476990507481,"true",1,0,"far"
"3957-d",0,0,1,1,0,32,0,1476990491302,"true",0,1,"far"
"3957-d",0,1,2,0,1,50,1,1476990803421,"true",0,0,"far"
