"gameid","sClicked_2","sClicked_1","lClickedIndex","sClicked_0","sClickedIndex","roundNum","lClicked_2","time","outcome","lClicked_0","lClicked_1","condition"
"3963-6",0,1,1,0,1,42,0,1476489950937,"true",0,1,"split"
"3963-6",1,0,0,0,2,48,0,1476490028105,"true",1,0,"split"
"3963-6",1,0,0,0,2,43,0,1476489963449,"true",1,0,"close"
"3963-6",0,1,0,0,1,49,0,1476490037356,"true",1,0,"far"
"3963-6",1,0,1,0,2,24,0,1476489686768,"true",0,1,"split"
"3963-6",1,0,0,0,2,25,0,1476489698252,"true",1,0,"close"
"3963-6",0,0,2,1,0,26,1,1476489712105,"true",0,0,"far"
"3963-6",0,0,2,1,0,27,1,1476489732483,"true",0,0,"close"
"3963-6",0,0,1,1,0,20,0,1476489646281,"true",0,1,"far"
"3963-6",1,0,0,0,2,21,0,1476489658719,"true",1,0,"split"
"3963-6",0,0,1,1,0,22,0,1476489666425,"true",0,1,"far"
"3963-6",0,1,0,0,1,23,0,1476489675606,"true",1,0,"split"
"3963-6",0,1,0,0,1,46,0,1476490008249,"false",1,0,"close"
"3963-6",1,0,2,0,2,47,1,1476490016636,"true",0,0,"close"
"3963-6",0,1,2,0,1,44,1,1476489988233,"true",0,0,"split"
"3963-6",0,0,2,1,0,45,1,1476489997369,"true",0,0,"split"
"3963-6",0,0,0,1,0,28,0,1476489753529,"true",1,0,"far"
"3963-6",0,0,2,1,0,29,1,1476489763011,"true",0,0,"far"
"3963-6",1,0,0,0,2,40,0,1476489932886,"true",1,0,"far"
"3963-6",0,0,1,1,0,41,0,1476489943775,"true",0,1,"split"
"3963-6",0,1,0,0,1,1,0,1476489264659,"true",1,0,"split"
"3963-6",1,0,0,0,2,3,0,1476489311251,"true",1,0,"far"
"3963-6",0,1,2,0,1,2,1,1476489297024,"false",0,0,"far"
"3963-6",0,1,1,0,1,5,0,1476489360069,"true",0,1,"close"
"3963-6",1,0,1,0,2,4,0,1476489337222,"false",0,1,"close"
"3963-6",1,0,1,0,2,7,0,1476489391065,"false",0,1,"split"
"3963-6",0,1,2,0,1,6,1,1476489379891,"true",0,0,"split"
"3963-6",0,0,0,1,0,9,0,1476489424275,"true",1,0,"far"
"3963-6",0,0,1,1,0,8,0,1476489410623,"true",0,1,"close"
"3963-6",1,0,2,0,2,39,1,1476489920047,"true",0,0,"close"
"3963-6",0,0,0,1,0,38,0,1476489889340,"false",1,0,"split"
"3963-6",1,0,1,0,2,11,0,1476489453145,"true",0,1,"far"
"3963-6",0,1,0,0,1,10,0,1476489440269,"true",1,0,"far"
"3963-6",0,0,1,1,0,13,0,1476489501932,"true",0,1,"close"
"3963-6",0,1,0,0,1,12,0,1476489469062,"true",1,0,"split"
"3963-6",1,0,0,0,2,15,0,1476489564665,"false",1,0,"close"
"3963-6",1,0,1,0,2,14,0,1476489531658,"true",0,1,"close"
"3963-6",0,0,0,1,0,17,0,1476489598879,"false",1,0,"close"
"3963-6",0,0,0,1,0,16,0,1476489580617,"false",1,0,"far"
"3963-6",1,0,0,0,2,19,0,1476489632950,"true",1,0,"far"
"3963-6",0,0,2,1,0,18,1,1476489617545,"true",0,0,"split"
"3963-6",0,0,1,1,0,31,0,1476489783564,"false",0,1,"split"
"3963-6",0,1,0,0,1,30,0,1476489772857,"true",1,0,"far"
"3963-6",0,0,1,1,0,37,0,1476489876902,"true",0,1,"split"
"3963-6",0,1,1,0,1,36,0,1476489864064,"true",0,1,"close"
"3963-6",0,1,1,0,1,35,0,1476489843714,"true",0,1,"far"
"3963-6",0,1,2,0,1,34,1,1476489835126,"true",0,0,"close"
"3963-6",1,0,1,0,2,33,0,1476489827555,"true",0,1,"close"
"3963-6",0,1,1,0,1,32,0,1476489805340,"false",0,1,"close"
"3963-6",0,1,0,0,1,50,0,1476490044199,"true",1,0,"far"
