"gameid","sClicked_2","sClicked_1","lClickedIndex","sClicked_0","sClickedIndex","roundNum","lClicked_2","time","outcome","lClicked_0","lClicked_1","condition"
"3999-9",0,1,2,0,1,42,1,1476992404523,"true",0,0,"split"
"3999-9",1,0,2,0,2,48,1,1476992492906,"true",0,0,"split"
"3999-9",0,1,2,0,1,43,1,1476992424859,"true",0,0,"close"
"3999-9",0,0,1,1,0,49,0,1476992533576,"true",0,1,"close"
"3999-9",0,1,2,0,1,24,1,1476992105374,"true",0,0,"far"
"3999-9",1,0,0,0,2,25,0,1476992117028,"true",1,0,"far"
"3999-9",0,1,1,0,1,26,0,1476992126408,"true",0,1,"far"
"3999-9",0,1,1,0,1,27,0,1476992145929,"true",0,1,"split"
"3999-9",0,1,0,0,1,20,0,1476992044515,"true",1,0,"close"
"3999-9",0,0,0,1,0,21,0,1476992068345,"true",1,0,"split"
"3999-9",0,1,0,0,1,22,0,1476992079065,"true",1,0,"close"
"3999-9",0,0,2,1,0,23,1,1476992097784,"true",0,0,"split"
"3999-9",1,0,1,0,2,46,0,1476992469776,"false",0,1,"close"
"3999-9",0,1,0,0,1,47,0,1476992478326,"true",1,0,"far"
"3999-9",0,0,0,1,0,44,0,1476992435503,"true",1,0,"far"
"3999-9",1,0,2,0,2,45,1,1476992451673,"true",0,0,"split"
"3999-9",0,0,0,1,0,28,0,1476992155442,"true",1,0,"far"
"3999-9",1,0,2,0,2,29,1,1476992164056,"true",0,0,"far"
"3999-9",0,0,1,1,0,40,0,1476992381241,"true",0,1,"close"
"3999-9",0,1,2,0,1,41,1,1476992393567,"true",0,0,"split"
"3999-9",0,0,1,1,0,1,0,1476991677248,"true",0,1,"split"
"3999-9",0,1,0,0,1,3,0,1476991693339,"true",1,0,"split"
"3999-9",0,1,1,0,1,2,0,1476991685037,"true",0,1,"far"
"3999-9",0,0,1,1,0,5,0,1476991745225,"false",0,1,"close"
"3999-9",1,0,0,0,2,4,0,1476991701414,"true",1,0,"far"
"3999-9",0,1,2,0,1,7,1,1476991765394,"true",0,0,"close"
"3999-9",0,0,1,1,0,6,0,1476991755980,"true",0,1,"split"
"3999-9",0,0,1,1,0,9,0,1476991821917,"true",0,1,"far"
"3999-9",0,0,0,1,0,8,0,1476991814175,"true",1,0,"close"
"3999-9",0,0,1,1,0,39,0,1476992330895,"true",0,1,"split"
"3999-9",0,1,0,0,1,38,0,1476992315644,"true",1,0,"close"
"3999-9",0,0,0,1,0,11,0,1476991889125,"false",1,0,"close"
"3999-9",0,0,1,1,0,10,0,1476991833056,"true",0,1,"far"
"3999-9",1,0,2,0,2,13,1,1476991906221,"true",0,0,"far"
"3999-9",0,1,1,0,1,12,0,1476991897296,"true",0,1,"far"
"3999-9",1,0,1,0,2,15,0,1476991947802,"true",0,1,"close"
"3999-9",0,0,0,1,0,14,0,1476991936831,"true",1,0,"split"
"3999-9",0,1,1,0,1,17,0,1476991964412,"true",0,1,"far"
"3999-9",0,1,0,0,1,16,0,1476991955652,"true",1,0,"far"
"3999-9",0,1,1,0,1,19,0,1476992021513,"true",0,1,"close"
"3999-9",1,0,2,0,2,18,1,1476991977022,"true",0,0,"split"
"3999-9",0,1,2,0,1,31,1,1476992186203,"true",0,0,"split"
"3999-9",0,1,1,0,1,30,0,1476992179176,"true",0,1,"split"
"3999-9",1,0,1,0,2,37,0,1476992278018,"true",0,1,"close"
"3999-9",0,1,2,0,1,36,1,1476992268036,"true",0,0,"split"
"3999-9",1,0,0,0,2,35,0,1476992248052,"true",1,0,"close"
"3999-9",0,0,0,1,0,34,0,1476992234665,"true",1,0,"far"
"3999-9",0,0,2,1,0,33,1,1476992224354,"true",0,0,"close"
"3999-9",1,0,1,0,2,32,0,1476992194828,"true",0,1,"far"
"3999-9",1,0,2,0,2,50,1,1476992543136,"true",0,0,"close"
