"gameid","sClicked_2","sClicked_1","lClickedIndex","sClicked_0","sClickedIndex","roundNum","lClicked_2","time","outcome","lClicked_0","lClicked_1","condition"
"4000-9",0,0,2,1,0,42,1,1476998193421,"true",0,0,"far"
"4000-9",1,0,1,0,2,48,0,1476998281226,"true",0,1,"split"
"4000-9",1,0,2,0,2,43,1,1476998202309,"true",0,0,"split"
"4000-9",0,1,0,0,1,49,0,1476998293513,"true",1,0,"close"
"4000-9",1,0,0,0,2,24,0,1476997922785,"true",1,0,"far"
"4000-9",0,1,1,0,1,25,0,1476997931633,"true",0,1,"far"
"4000-9",0,0,0,1,0,26,0,1476997952888,"false",1,0,"close"
"4000-9",1,0,1,0,2,27,0,1476997966753,"true",0,1,"split"
"4000-9",1,0,2,0,2,20,1,1476997865132,"true",0,0,"split"
"4000-9",1,0,2,0,2,21,1,1476997888027,"true",0,0,"close"
"4000-9",0,0,2,1,0,22,1,1476997900939,"true",0,0,"split"
"4000-9",0,0,0,1,0,23,0,1476997912867,"true",1,0,"far"
"4000-9",0,0,0,1,0,46,0,1476998253180,"true",1,0,"split"
"4000-9",0,1,1,0,1,47,0,1476998262266,"true",0,1,"far"
"4000-9",0,1,2,0,1,44,1,1476998218069,"true",0,0,"close"
"4000-9",0,1,1,0,1,45,0,1476998237316,"true",0,1,"split"
"4000-9",1,0,0,0,2,28,0,1476997988534,"true",1,0,"close"
"4000-9",0,1,0,0,1,29,0,1476998007099,"true",1,0,"split"
"4000-9",1,0,2,0,2,40,1,1476998165151,"true",0,0,"split"
"4000-9",1,0,1,0,2,41,0,1476998182190,"false",0,1,"split"
"4000-9",0,0,0,1,0,1,0,1476997503833,"true",1,0,"far"
"4000-9",1,0,0,0,2,3,0,1476997541881,"true",1,0,"far"
"4000-9",0,1,2,0,1,5,1,1476997563106,"true",0,0,"far"
"4000-9",0,0,0,1,0,4,0,1476997552866,"true",1,0,"far"
"4000-9",1,0,2,0,2,7,1,1476997603626,"false",0,0,"far"
"4000-9",0,0,0,1,0,9,0,1476997653474,"false",1,0,"close"
"4000-9",1,0,1,0,2,8,0,1476997632463,"true",0,1,"far"
"4000-9",0,1,2,0,1,39,1,1476998147367,"true",0,0,"close"
"4000-9",0,1,2,0,1,38,1,1476998135073,"true",0,0,"far"
"4000-9",0,0,0,1,0,11,0,1476997701938,"true",1,0,"close"
"4000-9",1,0,2,0,2,10,1,1476997678029,"false",0,0,"split"
"4000-9",1,0,2,0,2,13,1,1476997740643,"true",0,0,"split"
"4000-9",0,1,1,0,1,12,0,1476997716979,"true",0,1,"split"
"4000-9",0,1,1,0,1,15,0,1476997787250,"false",0,1,"close"
"4000-9",1,0,2,0,2,14,1,1476997755977,"true",0,0,"split"
"4000-9",1,0,1,0,2,17,0,1476997810951,"false",0,1,"far"
"4000-9",1,0,2,0,2,16,1,1476997799287,"true",0,0,"split"
"4000-9",1,0,2,0,2,19,1,1476997847013,"true",0,0,"close"
"4000-9",0,1,0,0,1,18,0,1476997823942,"true",1,0,"far"
"4000-9",0,1,1,0,1,31,0,1476998054364,"true",0,1,"close"
"4000-9",0,1,0,0,1,30,0,1476998030557,"false",1,0,"close"
"4000-9",1,0,2,0,2,37,1,1476998124121,"true",0,0,"far"
"4000-9",1,0,1,0,2,36,0,1476998115457,"true",0,1,"split"
"4000-9",0,0,0,1,0,35,0,1476998100770,"true",1,0,"far"
"4000-9",0,1,1,0,1,34,0,1476998093795,"true",0,1,"close"
"4000-9",1,0,2,0,2,33,1,1476998083083,"true",0,0,"close"
"4000-9",0,1,0,0,1,32,0,1476998074027,"true",1,0,"far"
"4000-9",0,0,2,1,0,50,1,1476998303904,"true",0,0,"close"
