"gameid","sClicked_2","sClicked_1","lClickedIndex","sClicked_0","sClickedIndex","roundNum","lClicked_2","time","outcome","lClicked_0","lClicked_1","condition"
"4003-8",0,0,0,1,0,42,0,1476993163093,"true",1,0,"split"
"4003-8",0,0,0,1,0,48,0,1476993347779,"true",1,0,"far"
"4003-8",0,0,1,1,0,43,0,1476993175581,"true",0,1,"far"
"4003-8",1,0,0,0,2,49,0,1476993369885,"true",1,0,"far"
"4003-8",0,0,2,1,0,24,1,1476992681677,"true",0,0,"close"
"4003-8",0,1,2,0,1,25,1,1476992701901,"true",0,0,"close"
"4003-8",1,0,1,0,2,26,0,1476992720429,"true",0,1,"split"
"4003-8",1,0,1,0,2,27,0,1476992731370,"true",0,1,"split"
"4003-8",1,0,0,0,2,20,0,1476992570087,"true",1,0,"far"
"4003-8",0,1,1,0,1,21,0,1476992597233,"true",0,1,"split"
"4003-8",0,1,1,0,1,22,0,1476992613879,"true",0,1,"far"
"4003-8",0,1,0,0,1,23,0,1476992645594,"true",1,0,"close"
"4003-8",0,1,0,0,1,46,0,1476993282852,"true",1,0,"close"
"4003-8",1,0,0,0,2,47,0,1476993328636,"true",1,0,"close"
"4003-8",1,0,1,0,2,45,0,1476993254032,"true",0,1,"split"
"4003-8",0,1,2,0,1,28,1,1476992752017,"true",0,0,"far"
"4003-8",0,0,2,1,0,29,1,1476992771168,"true",0,0,"close"
"4003-8",1,0,1,0,2,40,0,1476993115832,"true",0,1,"far"
"4003-8",0,1,1,0,1,41,0,1476993139965,"true",0,1,"far"
"4003-8",0,1,1,0,1,1,0,1476992130179,"true",0,1,"far"
"4003-8",1,0,0,0,2,3,0,1476992164007,"true",1,0,"far"
"4003-8",0,1,2,0,1,2,1,1476992150905,"true",0,0,"split"
"4003-8",0,1,1,0,1,5,0,1476992203207,"true",0,1,"far"
"4003-8",1,0,0,0,2,4,0,1476992192922,"true",1,0,"split"
"4003-8",1,0,1,0,2,7,0,1476992275306,"true",0,1,"split"
"4003-8",1,0,1,0,2,6,0,1476992217591,"true",0,1,"far"
"4003-8",1,0,0,0,2,9,0,1476992323235,"false",1,0,"close"
"4003-8",1,0,2,0,2,8,1,1476992304157,"true",0,0,"close"
"4003-8",0,1,0,0,1,39,0,1476993098958,"true",1,0,"close"
"4003-8",1,0,2,0,2,38,1,1476993054183,"true",0,0,"split"
"4003-8",0,0,1,1,0,11,0,1476992371511,"true",0,1,"close"
"4003-8",0,0,2,1,0,10,1,1476992335559,"true",0,0,"far"
"4003-8",1,0,0,0,2,13,0,1476992418298,"false",1,0,"close"
"4003-8",0,0,0,1,0,12,0,1476992395520,"true",1,0,"split"
"4003-8",0,0,0,1,0,15,0,1476992464410,"false",1,0,"split"
"4003-8",1,0,0,0,2,14,0,1476992450138,"true",1,0,"far"
"4003-8",1,0,2,0,2,17,1,1476992516906,"true",0,0,"far"
"4003-8",1,0,0,0,2,16,0,1476992496509,"true",1,0,"split"
"4003-8",0,1,1,0,1,19,0,1476992555011,"false",0,1,"far"
"4003-8",1,0,0,0,2,18,0,1476992545143,"true",1,0,"close"
"4003-8",0,0,1,1,0,31,0,1476992816849,"true",0,1,"split"
"4003-8",0,0,2,1,0,30,1,1476992789396,"true",0,0,"far"
"4003-8",0,0,1,1,0,37,0,1476993032771,"true",0,1,"split"
"4003-8",1,0,1,0,2,36,0,1476992982254,"false",0,1,"split"
"4003-8",0,1,2,0,1,35,1,1476992957450,"true",0,0,"close"
"4003-8",1,0,2,0,2,34,1,1476992920781,"false",0,0,"close"
"4003-8",0,0,1,1,0,33,0,1476992884608,"true",0,1,"split"
"4003-8",0,0,1,1,0,32,0,1476992850289,"false",0,1,"close"
"4003-8",0,1,0,0,1,50,0,1476993401399,"true",1,0,"split"
