"gameid","sClicked_2","sClicked_1","lClickedIndex","sClicked_0","sClickedIndex","roundNum","lClicked_2","time","outcome","lClicked_0","lClicked_1","condition"
"4020-0",0,0,2,1,0,42,1,1476998831539,"true",0,0,"far"
"4020-0",0,1,2,0,1,48,1,1476998923639,"true",0,0,"split"
"4020-0",0,0,0,1,0,43,0,1476998844887,"true",1,0,"close"
"4020-0",1,0,0,0,2,49,0,1476998936547,"true",1,0,"split"
"4020-0",1,0,0,0,2,24,0,1476998566498,"true",1,0,"far"
"4020-0",1,0,1,0,2,25,0,1476998581108,"false",0,1,"far"
"4020-0",0,0,0,1,0,26,0,1476998589109,"true",1,0,"split"
"4020-0",0,1,2,0,1,27,1,1476998619128,"true",0,0,"close"
"4020-0",0,0,2,1,0,20,1,1476998511589,"true",0,0,"far"
"4020-0",1,0,1,0,2,21,0,1476998541355,"true",0,1,"close"
"4020-0",0,1,2,0,1,22,1,1476998548483,"true",0,0,"split"
"4020-0",0,1,2,0,1,23,1,1476998557590,"true",0,0,"close"
"4020-0",1,0,2,0,2,46,1,1476998886461,"true",0,0,"close"
"4020-0",0,0,1,1,0,47,0,1476998897384,"true",0,1,"close"
"4020-0",0,0,2,1,0,44,1,1476998859447,"true",0,0,"split"
"4020-0",0,0,1,1,0,45,0,1476998872443,"true",0,1,"close"
"4020-0",1,0,2,0,2,28,1,1476998630657,"true",0,0,"close"
"4020-0",0,0,2,1,0,29,1,1476998639007,"true",0,0,"far"
"4020-0",0,0,0,1,0,40,0,1476998801063,"false",1,0,"split"
"4020-0",1,0,2,0,2,41,1,1476998823883,"true",0,0,"split"
"4020-0",0,1,1,0,1,1,0,1476998272582,"true",0,1,"far"
"4020-0",1,0,1,0,2,3,0,1476998294250,"true",0,1,"far"
"4020-0",0,0,1,1,0,2,0,1476998286121,"true",0,1,"split"
"4020-0",0,1,2,0,1,5,1,1476998316923,"false",0,0,"far"
"4020-0",1,0,2,0,2,4,1,1476998303339,"true",0,0,"split"
"4020-0",0,1,1,0,1,7,0,1476998340193,"true",0,1,"close"
"4020-0",0,1,0,0,1,6,0,1476998328786,"true",1,0,"close"
"4020-0",0,0,1,1,0,9,0,1476998385698,"true",0,1,"close"
"4020-0",1,0,0,0,2,8,0,1476998352688,"true",1,0,"close"
"4020-0",0,0,2,1,0,39,1,1476998787770,"true",0,0,"far"
"4020-0",0,0,2,1,0,38,1,1476998771433,"false",0,0,"far"
"4020-0",0,0,1,1,0,11,0,1476998417433,"true",0,1,"split"
"4020-0",1,0,2,0,2,10,1,1476998399736,"true",0,0,"split"
"4020-0",1,0,1,0,2,13,0,1476998437311,"true",0,1,"close"
"4020-0",0,0,1,1,0,12,0,1476998428630,"true",0,1,"far"
"4020-0",0,1,2,0,1,15,1,1476998458201,"true",0,0,"far"
"4020-0",1,0,0,0,2,14,0,1476998450066,"true",1,0,"far"
"4020-0",0,0,0,1,0,17,0,1476998484832,"false",1,0,"split"
"4020-0",0,0,1,1,0,16,0,1476998471016,"true",0,1,"split"
"4020-0",0,0,2,1,0,19,1,1476998502637,"true",0,0,"far"
"4020-0",1,0,1,0,2,18,0,1476998493919,"true",0,1,"split"
"4020-0",0,1,1,0,1,31,0,1476998654674,"true",0,1,"far"
"4020-0",0,0,0,1,0,30,0,1476998647521,"true",1,0,"far"
"4020-0",1,0,2,0,2,37,1,1476998756336,"true",0,0,"split"
"4020-0",0,0,2,1,0,36,1,1476998740003,"true",0,0,"split"
"4020-0",0,1,0,0,1,35,0,1476998729102,"false",1,0,"close"
"4020-0",1,0,1,0,2,34,0,1476998706204,"true",0,1,"close"
"4020-0",0,1,0,0,1,33,0,1476998697993,"true",1,0,"close"
"4020-0",0,1,0,0,1,32,0,1476998670033,"true",1,0,"far"
"4020-0",0,0,0,1,0,50,0,1476998952498,"true",1,0,"split"
