"gameid","sClicked_2","sClicked_1","lClickedIndex","sClicked_0","sClickedIndex","roundNum","lClicked_2","time","outcome","lClicked_0","lClicked_1","condition"
"4024-b",1,0,0,0,2,42,0,1476996548663,"true",1,0,"split"
"4024-b",0,1,2,0,1,48,1,1476996632087,"true",0,0,"close"
"4024-b",1,0,2,0,2,43,1,1476996559568,"true",0,0,"split"
"4024-b",0,0,1,1,0,49,0,1476996655287,"false",0,1,"close"
"4024-b",0,1,2,0,1,24,1,1476996255456,"true",0,0,"close"
"4024-b",0,1,1,0,1,25,0,1476996267337,"true",0,1,"far"
"4024-b",0,0,2,1,0,26,1,1476996275741,"true",0,0,"far"
"4024-b",0,0,0,1,0,27,0,1476996285347,"true",1,0,"close"
"4024-b",0,0,1,1,0,20,0,1476996186862,"true",0,1,"split"
"4024-b",0,0,0,1,0,21,0,1476996202007,"true",1,0,"far"
"4024-b",0,0,0,1,0,22,0,1476996215341,"true",1,0,"split"
"4024-b",1,0,0,0,2,23,0,1476996237591,"true",1,0,"close"
"4024-b",1,0,1,0,2,46,0,1476996593178,"true",0,1,"split"
"4024-b",0,0,1,1,0,47,0,1476996617793,"false",0,1,"close"
"4024-b",1,0,1,0,2,44,0,1476996566042,"true",0,1,"far"
"4024-b",0,1,0,0,1,45,0,1476996582979,"true",1,0,"split"
"4024-b",0,1,0,0,1,28,0,1476996292189,"true",1,0,"far"
"4024-b",0,1,1,0,1,29,0,1476996326317,"true",0,1,"close"
"4024-b",0,1,0,0,1,40,0,1476996507421,"true",1,0,"close"
"4024-b",1,0,0,0,2,41,0,1476996533703,"true",1,0,"far"
"4024-b",0,0,1,1,0,1,0,1476995887424,"true",0,1,"far"
"4024-b",1,0,1,0,2,3,0,1476995917849,"true",0,1,"close"
"4024-b",0,1,1,0,1,2,0,1476995895213,"true",0,1,"split"
"4024-b",0,0,1,1,0,5,0,1476995944025,"true",0,1,"far"
"4024-b",0,1,0,0,1,4,0,1476995934361,"true",1,0,"close"
"4024-b",0,1,1,0,1,7,0,1476995979011,"true",0,1,"far"
"4024-b",0,0,1,1,0,6,0,1476995968819,"true",0,1,"split"
"4024-b",1,0,0,0,2,9,0,1476996007997,"true",1,0,"far"
"4024-b",0,0,0,1,0,8,0,1476995996877,"true",1,0,"split"
"4024-b",1,0,1,0,2,39,0,1476996486148,"true",0,1,"far"
"4024-b",0,1,0,0,1,38,0,1476996474947,"true",1,0,"split"
"4024-b",0,0,0,1,0,11,0,1476996040160,"true",1,0,"split"
"4024-b",0,0,1,1,0,10,0,1476996032227,"false",0,1,"split"
"4024-b",1,0,1,0,2,13,0,1476996062931,"true",0,1,"far"
"4024-b",0,0,2,1,0,12,1,1476996051513,"true",0,0,"far"
"4024-b",0,0,1,1,0,15,0,1476996117936,"true",0,1,"far"
"4024-b",0,0,1,1,0,14,0,1476996104643,"true",0,1,"close"
"4024-b",0,0,2,1,0,17,1,1476996149779,"true",0,0,"far"
"4024-b",0,1,2,0,1,16,1,1476996137360,"true",0,0,"close"
"4024-b",0,1,0,0,1,19,0,1476996175523,"true",1,0,"split"
"4024-b",1,0,2,0,2,18,1,1476996164115,"true",0,0,"split"
"4024-b",1,0,2,0,2,31,1,1476996367360,"true",0,0,"close"
"4024-b",0,0,1,1,0,30,0,1476996343139,"true",0,1,"close"
"4024-b",1,0,2,0,2,37,1,1476996456599,"true",0,0,"split"
"4024-b",0,1,2,0,1,36,1,1476996446327,"true",0,0,"close"
"4024-b",0,1,2,0,1,35,1,1476996428689,"true",0,0,"split"
"4024-b",0,1,2,0,1,34,1,1476996413037,"true",0,0,"close"
"4024-b",0,0,1,1,0,33,0,1476996401589,"true",0,1,"far"
"4024-b",1,0,1,0,2,32,0,1476996394445,"true",0,1,"split"
"4024-b",1,0,2,0,2,50,1,1476996675914,"true",0,0,"close"
