"gameid","sClicked_2","sClicked_1","lClickedIndex","sClicked_0","sClickedIndex","roundNum","lClicked_2","time","outcome","lClicked_0","lClicked_1","condition"
"4033-4",0,0,2,1,0,42,1,1476990248186,"true",0,0,"far"
"4033-4",0,1,1,0,1,48,0,1476990361202,"true",0,1,"split"
"4033-4",0,1,0,0,1,43,0,1476990267850,"true",1,0,"split"
"4033-4",0,0,1,1,0,49,0,1476990371362,"true",0,1,"close"
"4033-4",0,0,2,1,0,24,1,1476989906619,"false",0,0,"split"
"4033-4",0,1,0,0,1,25,0,1476989925153,"true",1,0,"split"
"4033-4",0,0,2,1,0,26,1,1476989943539,"true",0,0,"far"
"4033-4",1,0,1,0,2,27,0,1476989960067,"true",0,1,"far"
"4033-4",1,0,2,0,2,20,1,1476989844639,"true",0,0,"split"
"4033-4",0,0,1,1,0,21,0,1476989854029,"true",0,1,"far"
"4033-4",0,1,0,0,1,22,0,1476989871006,"true",1,0,"split"
"4033-4",0,0,0,1,0,23,0,1476989886199,"true",1,0,"split"
"4033-4",0,1,2,0,1,46,1,1476990328542,"false",0,0,"close"
"4033-4",1,0,1,0,2,47,0,1476990340247,"true",0,1,"far"
"4033-4",0,0,1,1,0,44,0,1476990283894,"true",0,1,"far"
"4033-4",0,1,1,0,1,45,0,1476990298004,"true",0,1,"split"
"4033-4",1,0,2,0,2,28,1,1476989985856,"true",0,0,"split"
"4033-4",0,1,0,0,1,29,0,1476990005926,"true",1,0,"close"
"4033-4",0,0,0,1,0,40,0,1476990220560,"true",1,0,"split"
"4033-4",0,1,0,0,1,41,0,1476990238441,"true",1,0,"split"
"4033-4",0,0,2,1,0,1,1,1476989462695,"true",0,0,"close"
"4033-4",0,1,0,0,1,3,0,1476989507210,"false",1,0,"split"
"4033-4",1,0,2,0,2,2,1,1476989480767,"true",0,0,"split"
"4033-4",0,1,2,0,1,5,1,1476989550639,"true",0,0,"close"
"4033-4",0,1,1,0,1,4,0,1476989522696,"true",0,1,"close"
"4033-4",0,0,0,1,0,7,0,1476989581096,"true",1,0,"far"
"4033-4",0,0,0,1,0,6,0,1476989561952,"true",1,0,"far"
"4033-4",0,0,0,1,0,9,0,1476989617987,"false",1,0,"far"
"4033-4",0,0,0,1,0,8,0,1476989594090,"true",1,0,"close"
"4033-4",1,0,0,0,2,39,0,1476990203059,"true",1,0,"split"
"4033-4",0,1,2,0,1,38,1,1476990183448,"false",0,0,"close"
"4033-4",0,1,2,0,1,11,1,1476989660581,"true",0,0,"close"
"4033-4",0,0,1,1,0,10,0,1476989634060,"true",0,1,"close"
"4033-4",0,1,1,0,1,13,0,1476989685792,"true",0,1,"close"
"4033-4",1,0,0,0,2,12,0,1476989672142,"true",1,0,"far"
"4033-4",0,0,1,1,0,15,0,1476989714024,"true",0,1,"far"
"4033-4",1,0,2,0,2,14,1,1476989695464,"true",0,0,"far"
"4033-4",0,1,0,0,1,17,0,1476989777256,"true",1,0,"far"
"4033-4",1,0,1,0,2,16,0,1476989757921,"false",0,1,"close"
"4033-4",0,0,1,1,0,19,0,1476989829382,"false",0,1,"close"
"4033-4",0,1,0,0,1,18,0,1476989798827,"false",1,0,"far"
"4033-4",1,0,2,0,2,31,1,1476990041847,"false",0,0,"far"
"4033-4",0,1,1,0,1,30,0,1476990025230,"true",0,1,"close"
"4033-4",0,0,2,1,0,37,1,1476990167175,"true",0,0,"close"
"4033-4",0,1,0,0,1,36,0,1476990137111,"false",1,0,"close"
"4033-4",0,0,0,1,0,35,0,1476990106828,"false",1,0,"split"
"4033-4",0,0,1,1,0,34,0,1476990090364,"true",0,1,"far"
"4033-4",1,0,2,0,2,33,1,1476990070431,"true",0,0,"split"
"4033-4",0,1,1,0,1,32,0,1476990056601,"false",0,1,"split"
"4033-4",0,0,2,1,0,50,1,1476990382194,"true",0,0,"far"
