"gameid","sClicked_2","sClicked_1","lClickedIndex","sClicked_0","sClickedIndex","roundNum","lClicked_2","time","outcome","lClicked_0","lClicked_1","condition"
"4042-9",1,0,1,0,2,42,0,1459890406753,"true",0,1,"split"
"4042-9",1,0,0,0,2,48,0,1459890480556,"true",1,0,"far"
"4042-9",0,0,2,1,0,43,1,1459890416528,"true",0,0,"split"
"4042-9",0,0,2,1,0,49,1,1459890488696,"true",0,0,"split"
"4042-9",1,0,2,0,2,24,1,1459890076730,"true",0,0,"far"
"4042-9",0,1,2,0,1,25,1,1459890105442,"true",0,0,"split"
"4042-9",0,0,2,1,0,26,1,1459890112896,"true",0,0,"far"
"4042-9",0,0,2,1,0,27,1,1459890128665,"true",0,0,"split"
"4042-9",0,1,0,0,1,20,0,1459890032762,"false",1,0,"split"
"4042-9",1,0,2,0,2,21,1,1459890043244,"true",0,0,"split"
"4042-9",0,0,2,1,0,22,1,1459890059487,"true",0,0,"far"
"4042-9",0,0,2,1,0,23,1,1459890067307,"true",0,0,"far"
"4042-9",0,0,0,1,0,46,0,1459890445898,"true",1,0,"far"
"4042-9",1,0,1,0,2,47,0,1459890473513,"true",0,1,"close"
"4042-9",0,1,1,0,1,44,0,1459890425168,"true",0,1,"far"
"4042-9",0,0,1,1,0,45,0,1459890438426,"true",0,1,"split"
"4042-9",0,1,1,0,1,28,0,1459890151575,"true",0,1,"close"
"4042-9",1,0,1,0,2,29,0,1459890172436,"true",0,1,"close"
"4042-9",1,0,2,0,2,40,1,1459890381873,"true",0,0,"far"
"4042-9",1,0,0,0,2,41,0,1459890395471,"false",1,0,"split"
"4042-9",0,0,0,1,0,1,0,1459889668902,"true",1,0,"split"
"4042-9",0,1,1,0,1,3,0,1459889692136,"true",0,1,"close"
"4042-9",0,0,1,1,0,2,0,1459889681102,"true",0,1,"far"
"4042-9",1,0,0,0,2,5,0,1459889712237,"true",1,0,"far"
"4042-9",0,1,2,0,1,4,1,1459889702597,"true",0,0,"close"
"4042-9",0,1,1,0,1,7,0,1459889728868,"true",0,1,"far"
"4042-9",1,0,1,0,2,6,0,1459889720142,"true",0,1,"far"
"4042-9",0,0,1,1,0,9,0,1459889801607,"false",0,1,"close"
"4042-9",1,0,2,0,2,8,1,1459889766761,"true",0,0,"close"
"4042-9",1,0,0,0,2,39,0,1459890370807,"false",1,0,"close"
"4042-9",1,0,2,0,2,38,1,1459890316643,"true",0,0,"close"
"4042-9",1,0,2,0,2,11,1,1459889838242,"true",0,0,"split"
"4042-9",1,0,2,0,2,10,1,1459889826802,"false",0,0,"split"
"4042-9",0,0,0,1,0,13,0,1459889858160,"true",1,0,"far"
"4042-9",1,0,2,0,2,12,1,1459889847878,"true",0,0,"split"
"4042-9",1,0,0,0,2,15,0,1459889902378,"true",1,0,"close"
"4042-9",0,0,1,1,0,14,0,1459889878228,"true",0,1,"close"
"4042-9",1,0,1,0,2,17,0,1459889976731,"true",0,1,"close"
"4042-9",0,0,1,1,0,16,0,1459889912556,"true",0,1,"split"
"4042-9",0,1,0,0,1,19,0,1459890015535,"true",1,0,"far"
"4042-9",0,0,0,1,0,18,0,1459890006488,"true",1,0,"close"
"4042-9",0,1,2,0,1,31,1,1459890203476,"false",0,0,"split"
"4042-9",1,0,1,0,2,30,0,1459890187212,"true",0,1,"close"
"4042-9",0,0,0,1,0,37,0,1459890295496,"true",1,0,"close"
"4042-9",1,0,0,0,2,36,0,1459890266308,"true",1,0,"far"
"4042-9",0,0,1,1,0,35,0,1459890251087,"false",0,1,"split"
"4042-9",0,1,1,0,1,34,0,1459890230281,"true",0,1,"far"
"4042-9",1,0,0,0,2,33,0,1459890221691,"true",1,0,"close"
"4042-9",1,0,2,0,2,32,1,1459890211172,"true",0,0,"far"
"4042-9",1,0,1,0,2,50,0,1459890497582,"true",0,1,"close"
