"gameid","sClicked_2","sClicked_1","lClickedIndex","sClicked_0","sClickedIndex","roundNum","lClicked_2","time","outcome","lClicked_0","lClicked_1","condition"
"4076-9",0,0,0,1,0,42,0,1476999923360,"true",1,0,"split"
"4076-9",0,0,2,1,0,48,1,1476999995754,"true",0,0,"far"
"4076-9",1,0,2,0,2,43,1,1476999931328,"false",0,0,"far"
"4076-9",0,1,0,0,1,49,0,1477000002314,"true",1,0,"far"
"4076-9",1,0,1,0,2,24,0,1476999695514,"false",0,1,"close"
"4076-9",0,1,0,0,1,25,0,1476999715426,"false",1,0,"close"
"4076-9",1,0,2,0,2,26,1,1476999725621,"true",0,0,"far"
"4076-9",0,1,1,0,1,27,0,1476999733029,"true",0,1,"far"
"4076-9",0,0,1,1,0,20,0,1476999646382,"true",0,1,"split"
"4076-9",1,0,0,0,2,21,0,1476999665172,"true",1,0,"close"
"4076-9",0,1,0,0,1,22,0,1476999676184,"true",1,0,"close"
"4076-9",0,1,2,0,1,23,1,1476999684449,"true",0,0,"far"
"4076-9",0,0,1,1,0,46,0,1476999959781,"true",0,1,"close"
"4076-9",1,0,2,0,2,47,1,1476999986455,"true",0,0,"close"
"4076-9",1,0,1,0,2,44,0,1476999942429,"true",0,1,"split"
"4076-9",0,1,2,0,1,45,1,1476999951499,"true",0,0,"far"
"4076-9",1,0,2,0,2,28,1,1476999742909,"true",0,0,"close"
"4076-9",1,0,0,0,2,29,0,1476999753239,"true",1,0,"far"
"4076-9",0,0,1,1,0,40,0,1476999901891,"true",0,1,"close"
"4076-9",0,1,1,0,1,41,0,1476999913413,"true",0,1,"split"
"4076-9",0,0,1,1,0,1,0,1476999416589,"true",0,1,"far"
"4076-9",1,0,0,0,2,3,0,1476999431858,"true",1,0,"far"
"4076-9",1,0,1,0,2,2,0,1476999424402,"true",0,1,"far"
"4076-9",0,1,2,0,1,5,1,1476999454557,"true",0,0,"far"
"4076-9",1,0,0,0,2,4,0,1476999446863,"true",1,0,"close"
"4076-9",0,0,1,1,0,7,0,1476999483939,"true",0,1,"close"
"4076-9",1,0,2,0,2,6,1,1476999468006,"true",0,0,"split"
"4076-9",1,0,2,0,2,9,1,1476999510206,"true",0,0,"far"
"4076-9",1,0,0,0,2,8,0,1476999502734,"true",1,0,"close"
"4076-9",0,1,1,0,1,39,0,1476999881254,"true",0,1,"split"
"4076-9",0,1,1,0,1,38,0,1476999862206,"true",0,1,"far"
"4076-9",1,0,1,0,2,11,0,1476999532046,"true",0,1,"split"
"4076-9",0,0,0,1,0,10,0,1476999523288,"true",1,0,"split"
"4076-9",0,1,2,0,1,13,1,1476999547166,"true",0,0,"close"
"4076-9",0,1,1,0,1,12,0,1476999539232,"true",0,1,"split"
"4076-9",0,0,2,1,0,15,1,1476999564976,"true",0,0,"split"
"4076-9",1,0,0,0,2,14,0,1476999555389,"true",1,0,"far"
"4076-9",1,0,0,0,2,17,0,1476999589897,"true",1,0,"split"
"4076-9",0,0,0,1,0,16,0,1476999574991,"true",1,0,"split"
"4076-9",1,0,1,0,2,19,0,1476999634247,"false",0,1,"far"
"4076-9",0,0,0,1,0,18,0,1476999626110,"true",1,0,"close"
"4076-9",1,0,1,0,2,31,0,1476999772391,"true",0,1,"split"
"4076-9",1,0,2,0,2,30,1,1476999761265,"true",0,0,"split"
"4076-9",0,0,1,1,0,37,0,1476999855366,"true",0,1,"split"
"4076-9",0,1,0,0,1,36,0,1476999845740,"true",1,0,"close"
"4076-9",0,1,0,0,1,35,0,1476999826964,"true",1,0,"split"
"4076-9",0,1,0,0,1,34,0,1476999814898,"false",1,0,"close"
"4076-9",0,0,0,1,0,33,0,1476999796927,"true",1,0,"split"
"4076-9",0,1,2,0,1,32,1,1476999786005,"true",0,0,"close"
"4076-9",0,0,2,1,0,50,1,1477000015801,"true",0,0,"close"
