"gameid","sClicked_2","sClicked_1","lClickedIndex","sClicked_0","sClickedIndex","roundNum","lClicked_2","time","outcome","lClicked_0","lClicked_1","condition"
"4080-f",1,0,1,0,2,42,0,1476996823801,"true",0,1,"close"
"4080-f",0,0,1,1,0,48,0,1476996885992,"true",0,1,"far"
"4080-f",1,0,1,0,2,43,0,1476996838051,"true",0,1,"split"
"4080-f",0,0,1,1,0,49,0,1476996946611,"true",0,1,"close"
"4080-f",1,0,2,0,2,24,1,1476996486880,"true",0,0,"split"
"4080-f",0,0,0,1,0,25,0,1476996503135,"true",1,0,"split"
"4080-f",1,0,2,0,2,26,1,1476996556712,"true",0,0,"close"
"4080-f",1,0,2,0,2,27,1,1476996571472,"true",0,0,"close"
"4080-f",0,0,1,1,0,20,0,1476996440302,"true",0,1,"far"
"4080-f",0,1,0,0,1,21,0,1476996460592,"true",1,0,"close"
"4080-f",0,1,1,0,1,22,0,1476996467493,"true",0,1,"far"
"4080-f",1,0,1,0,2,23,0,1476996477353,"true",0,1,"close"
"4080-f",0,0,2,1,0,46,1,1476996863110,"true",0,0,"split"
"4080-f",0,1,1,0,1,47,0,1476996877812,"true",0,1,"far"
"4080-f",0,1,0,0,1,44,0,1476996846329,"true",1,0,"split"
"4080-f",0,1,0,0,1,45,0,1476996853859,"true",1,0,"far"
"4080-f",0,1,2,0,1,28,1,1476996581016,"true",0,0,"far"
"4080-f",0,1,2,0,1,29,1,1476996587289,"true",0,0,"close"
"4080-f",0,0,0,1,0,40,0,1476996793337,"true",1,0,"close"
"4080-f",0,0,2,1,0,41,1,1476996803727,"true",0,0,"split"
"4080-f",0,0,2,1,0,1,1,1476996079421,"true",0,0,"split"
"4080-f",0,1,1,0,1,3,0,1476996107248,"true",0,1,"far"
"4080-f",0,0,0,1,0,2,0,1476996089091,"false",1,0,"far"
"4080-f",0,0,2,1,0,5,1,1476996129710,"true",0,0,"close"
"4080-f",0,0,1,1,0,4,0,1476996116507,"true",0,1,"far"
"4080-f",0,1,2,0,1,7,1,1476996178833,"true",0,0,"close"
"4080-f",0,0,0,1,0,6,0,1476996144020,"true",1,0,"split"
"4080-f",0,1,0,0,1,9,0,1476996197400,"true",1,0,"far"
"4080-f",1,0,2,0,2,8,1,1476996189217,"true",0,0,"split"
"4080-f",0,0,0,1,0,39,0,1476996778448,"true",1,0,"far"
"4080-f",1,0,1,0,2,38,0,1476996770154,"true",0,1,"far"
"4080-f",0,1,2,0,1,11,1,1476996236683,"true",0,0,"split"
"4080-f",0,1,1,0,1,10,0,1476996208542,"true",0,1,"split"
"4080-f",1,0,0,0,2,13,0,1476996282076,"true",1,0,"far"
"4080-f",1,0,1,0,2,12,0,1476996249865,"false",0,1,"close"
"4080-f",0,0,2,1,0,15,1,1476996347056,"true",0,0,"far"
"4080-f",0,1,1,0,1,14,0,1476996323325,"false",0,1,"close"
"4080-f",0,1,2,0,1,17,1,1476996387344,"true",0,0,"close"
"4080-f",1,0,1,0,2,16,0,1476996357548,"true",0,1,"far"
"4080-f",1,0,1,0,2,19,0,1476996424014,"true",0,1,"close"
"4080-f",0,1,2,0,1,18,1,1476996394119,"true",0,0,"far"
"4080-f",1,0,0,0,2,31,0,1476996612211,"true",1,0,"split"
"4080-f",0,1,2,0,1,30,1,1476996603991,"true",0,0,"close"
"4080-f",1,0,0,0,2,37,0,1476996763767,"true",1,0,"close"
"4080-f",1,0,0,0,2,36,0,1476996753831,"true",1,0,"split"
"4080-f",1,0,1,0,2,35,0,1476996736074,"true",0,1,"split"
"4080-f",0,1,2,0,1,34,1,1476996693161,"true",0,0,"split"
"4080-f",1,0,2,0,2,33,1,1476996678230,"true",0,0,"split"
"4080-f",0,1,2,0,1,32,1,1476996664882,"false",0,0,"close"
"4080-f",0,0,1,1,0,50,0,1476996965041,"false",0,1,"split"
