"gameid","sClicked_2","sClicked_1","lClickedIndex","sClicked_0","sClickedIndex","roundNum","lClicked_2","time","outcome","lClicked_0","lClicked_1","condition"
"4087-7",0,0,0,1,0,42,0,1476992010136,"true",1,0,"split"
"4087-7",1,0,2,0,2,48,1,1476992091360,"true",0,0,"split"
"4087-7",0,0,2,1,0,43,1,1476992023578,"true",0,0,"close"
"4087-7",0,0,2,1,0,49,1,1476992099497,"true",0,0,"far"
"4087-7",0,0,0,1,0,24,0,1476991764582,"true",1,0,"split"
"4087-7",0,0,2,1,0,25,1,1476991772581,"true",0,0,"close"
"4087-7",1,0,0,0,2,26,0,1476991788189,"false",1,0,"close"
"4087-7",0,1,2,0,1,27,1,1476991812364,"false",0,0,"close"
"4087-7",0,0,0,1,0,20,0,1476991709524,"true",1,0,"close"
"4087-7",0,1,1,0,1,21,0,1476991737404,"true",0,1,"close"
"4087-7",0,0,1,1,0,22,0,1476991744239,"true",0,1,"far"
"4087-7",1,0,0,0,2,23,0,1476991756516,"true",1,0,"split"
"4087-7",0,0,2,1,0,46,1,1476992071261,"false",0,0,"close"
"4087-7",1,0,2,0,2,47,1,1476992083475,"true",0,0,"split"
"4087-7",0,0,0,1,0,44,0,1476992044883,"true",1,0,"far"
"4087-7",1,0,0,0,2,45,0,1476992052992,"true",1,0,"far"
"4087-7",0,1,2,0,1,28,1,1476991831694,"false",0,0,"close"
"4087-7",0,1,1,0,1,29,0,1476991840902,"true",0,1,"far"
"4087-7",1,0,1,0,2,40,0,1476991978583,"true",0,1,"far"
"4087-7",0,1,1,0,1,41,0,1476991996792,"false",0,1,"split"
"4087-7",0,1,0,0,1,1,0,1476991492078,"true",1,0,"split"
"4087-7",1,0,0,0,2,3,0,1476991507992,"true",1,0,"far"
"4087-7",1,0,0,0,2,2,0,1476991499481,"true",1,0,"split"
"4087-7",1,0,0,0,2,5,0,1476991532990,"true",1,0,"split"
"4087-7",0,1,0,0,1,4,0,1476991520178,"true",1,0,"close"
"4087-7",0,0,2,1,0,7,1,1476991547774,"true",0,0,"far"
"4087-7",0,1,0,0,1,6,0,1476991541137,"true",1,0,"split"
"4087-7",1,0,0,0,2,9,0,1476991569571,"true",1,0,"close"
"4087-7",1,0,2,0,2,8,1,1476991557537,"true",0,0,"split"
"4087-7",1,0,2,0,2,39,1,1476991972520,"true",0,0,"far"
"4087-7",0,1,1,0,1,38,0,1476991960830,"true",0,1,"far"
"4087-7",0,1,0,0,1,11,0,1476991602612,"true",1,0,"far"
"4087-7",1,0,0,0,2,10,0,1476991595051,"false",1,0,"close"
"4087-7",0,0,1,1,0,13,0,1476991640268,"false",0,1,"close"
"4087-7",0,1,2,0,1,12,1,1476991624868,"false",0,0,"split"
"4087-7",0,1,1,0,1,15,0,1476991656988,"true",0,1,"split"
"4087-7",0,1,2,0,1,14,1,1476991648396,"true",0,0,"far"
"4087-7",0,1,2,0,1,17,1,1476991671546,"true",0,0,"close"
"4087-7",0,0,2,1,0,16,1,1476991664107,"true",0,0,"far"
"4087-7",0,1,1,0,1,19,0,1476991696486,"true",0,1,"far"
"4087-7",1,0,1,0,2,18,0,1476991687268,"true",0,1,"close"
"4087-7",0,1,2,0,1,31,1,1476991869229,"true",0,0,"split"
"4087-7",0,0,1,1,0,30,0,1476991850864,"false",0,1,"split"
"4087-7",0,0,0,1,0,37,0,1476991951856,"true",1,0,"split"
"4087-7",1,0,0,0,2,36,0,1476991937215,"true",1,0,"split"
"4087-7",1,0,1,0,2,35,0,1476991923343,"false",0,1,"close"
"4087-7",1,0,1,0,2,34,0,1476991900280,"true",0,1,"close"
"4087-7",0,0,2,1,0,33,1,1476991887280,"true",0,0,"far"
"4087-7",1,0,2,0,2,32,1,1476991880663,"true",0,0,"far"
"4087-7",1,0,1,0,2,50,0,1476992106986,"true",0,1,"far"
