"gameid","sClicked_2","sClicked_1","lClickedIndex","sClicked_0","sClickedIndex","roundNum","lClicked_2","time","outcome","lClicked_0","lClicked_1","condition"
"4099-d",0,1,0,0,1,42,0,1476492011603,"true",1,0,"split"
"4099-d",0,0,1,1,0,48,0,1476492073965,"true",0,1,"close"
"4099-d",0,1,0,0,1,43,0,1476492021213,"true",1,0,"split"
"4099-d",0,0,1,1,0,49,0,1476492086012,"true",0,1,"close"
"4099-d",0,0,0,1,0,24,0,1476491784954,"true",1,0,"split"
"4099-d",0,1,2,0,1,25,1,1476491797762,"true",0,0,"close"
"4099-d",0,1,0,0,1,26,0,1476491820689,"true",1,0,"close"
"4099-d",0,0,2,1,0,27,1,1476491828762,"true",0,0,"far"
"4099-d",0,0,2,1,0,20,1,1476491718024,"true",0,0,"split"
"4099-d",0,1,1,0,1,21,0,1476491726888,"true",0,1,"far"
"4099-d",1,0,1,0,2,22,0,1476491736736,"true",0,1,"split"
"4099-d",0,0,1,1,0,23,0,1476491762217,"true",0,1,"close"
"4099-d",1,0,2,0,2,46,1,1476492047589,"true",0,0,"far"
"4099-d",0,1,0,0,1,47,0,1476492060396,"true",1,0,"close"
"4099-d",0,0,2,1,0,44,1,1476492029484,"true",0,0,"far"
"4099-d",1,0,2,0,2,45,1,1476492037292,"true",0,0,"far"
"4099-d",0,0,2,1,0,28,1,1476491838506,"true",0,0,"far"
"4099-d",1,0,0,0,2,29,0,1476491847874,"true",1,0,"far"
"4099-d",0,0,0,1,0,40,0,1476491980211,"true",1,0,"split"
"4099-d",0,0,2,1,0,41,1,1476491998501,"true",0,0,"close"
"4099-d",0,1,0,0,1,1,0,1476491374068,"true",1,0,"split"
"4099-d",1,0,1,0,2,3,0,1476491416085,"true",0,1,"split"
"4099-d",1,0,1,0,2,2,0,1476491405412,"true",0,1,"close"
"4099-d",0,1,1,0,1,5,0,1476491449000,"true",0,1,"close"
"4099-d",1,0,2,0,2,4,1,1476491430558,"true",0,0,"close"
"4099-d",0,1,2,0,1,7,1,1476491497806,"true",0,0,"close"
"4099-d",0,1,2,0,1,6,1,1476491460648,"true",0,0,"far"
"4099-d",1,0,2,0,2,9,1,1476491528806,"true",0,0,"split"
"4099-d",1,0,0,0,2,8,0,1476491509406,"true",1,0,"split"
"4099-d",0,0,2,1,0,39,1,1476491967003,"true",0,0,"split"
"4099-d",1,0,2,0,2,38,1,1476491955035,"true",0,0,"far"
"4099-d",0,0,0,1,0,11,0,1476491570567,"true",1,0,"far"
"4099-d",0,1,1,0,1,10,0,1476491545359,"true",0,1,"close"
"4099-d",1,0,0,0,2,13,0,1476491601303,"true",1,0,"split"
"4099-d",0,1,2,0,1,12,1,1476491582087,"true",0,0,"far"
"4099-d",1,0,2,0,2,15,1,1476491641402,"true",0,0,"close"
"4099-d",0,0,0,1,0,14,0,1476491610487,"true",1,0,"far"
"4099-d",1,0,2,0,2,17,1,1476491682623,"true",0,0,"far"
"4099-d",0,1,2,0,1,16,1,1476491673272,"false",0,0,"split"
"4099-d",0,0,0,1,0,19,0,1476491708608,"true",1,0,"far"
"4099-d",0,0,0,1,0,18,0,1476491698080,"true",1,0,"split"
"4099-d",0,1,2,0,1,31,1,1476491870898,"true",0,0,"close"
"4099-d",1,0,1,0,2,30,0,1476491856306,"true",0,1,"far"
"4099-d",1,0,0,0,2,37,0,1476491943539,"true",1,0,"close"
"4099-d",1,0,2,0,2,36,1,1476491929356,"true",0,0,"split"
"4099-d",0,0,1,1,0,35,0,1476491912451,"false",0,1,"split"
"4099-d",0,1,1,0,1,34,0,1476491899402,"true",0,1,"far"
"4099-d",0,1,1,0,1,33,0,1476491888794,"true",0,1,"split"
"4099-d",0,1,2,0,1,32,1,1476491878506,"true",0,0,"far"
"4099-d",0,0,1,1,0,50,0,1476492130501,"true",0,1,"close"
