"gameid","sClicked_2","sClicked_1","lClickedIndex","sClicked_0","sClickedIndex","roundNum","lClicked_2","time","outcome","lClicked_0","lClicked_1","condition"
"4108-c",1,0,2,0,2,42,1,1459895442667,"true",0,0,"split"
"4108-c",0,1,0,0,1,48,0,1459895583244,"true",1,0,"split"
"4108-c",1,0,0,0,2,43,0,1459895450599,"true",1,0,"far"
"4108-c",0,0,1,1,0,49,0,1459895603186,"true",0,1,"close"
"4108-c",1,0,2,0,2,24,1,1459895100536,"true",0,0,"far"
"4108-c",0,1,1,0,1,26,0,1459895151783,"true",0,1,"close"
"4108-c",0,0,1,1,0,27,0,1459895176328,"true",0,1,"close"
"4108-c",1,0,2,0,2,20,1,1459895034719,"true",0,0,"split"
"4108-c",0,0,2,1,0,21,1,1459895049784,"true",0,0,"close"
"4108-c",0,0,1,1,0,22,0,1459895064184,"true",0,1,"split"
"4108-c",0,1,2,0,1,23,1,1459895093009,"true",0,0,"split"
"4108-c",1,0,1,0,2,47,0,1459895567638,"true",0,1,"far"
"4108-c",0,0,0,1,0,44,0,1459895505284,"true",1,0,"close"
"4108-c",0,0,2,1,0,45,1,1459895528610,"true",0,0,"split"
"4108-c",0,0,1,1,0,28,0,1459895184853,"true",0,1,"far"
"4108-c",0,0,0,1,0,29,0,1459895200062,"true",1,0,"split"
"4108-c",1,0,2,0,2,40,1,1459895416345,"true",0,0,"far"
"4108-c",0,1,2,0,1,41,1,1459895423354,"true",0,0,"far"
"4108-c",1,0,2,0,2,1,1,1459894486273,"false",0,0,"close"
"4108-c",0,0,1,1,0,3,0,1459894558333,"true",0,1,"far"
"4108-c",0,0,1,1,0,2,0,1459894531251,"true",0,1,"close"
"4108-c",0,0,1,1,0,5,0,1459894609197,"false",0,1,"close"
"4108-c",0,0,1,1,0,7,0,1459894655624,"true",0,1,"close"
"4108-c",0,0,0,1,0,6,0,1459894622789,"false",1,0,"close"
"4108-c",0,1,1,0,1,9,0,1459894717333,"true",0,1,"close"
"4108-c",0,1,2,0,1,8,1,1459894689823,"true",0,0,"split"
"4108-c",0,1,2,0,1,39,1,1459895406312,"true",0,0,"close"
"4108-c",0,1,1,0,1,38,0,1459895373649,"true",0,1,"split"
"4108-c",0,0,2,1,0,11,1,1459894749044,"true",0,0,"far"
"4108-c",1,0,2,0,2,10,1,1459894734979,"true",0,0,"far"
"4108-c",0,0,2,1,0,13,1,1459894832726,"true",0,0,"close"
"4108-c",0,0,0,1,0,12,0,1459894780888,"true",1,0,"split"
"4108-c",1,0,0,0,2,15,0,1459894871675,"true",1,0,"close"
"4108-c",0,1,0,0,1,14,0,1459894842935,"true",1,0,"far"
"4108-c",1,0,0,0,2,17,0,1459894909109,"true",1,0,"far"
"4108-c",0,0,2,1,0,16,1,1459894892629,"true",0,0,"far"
"4108-c",1,0,0,0,2,19,0,1459894972812,"true",1,0,"close"
"4108-c",0,0,1,1,0,18,0,1459894930363,"true",0,1,"far"
"4108-c",0,1,0,0,1,31,0,1459895236661,"true",1,0,"split"
"4108-c",1,0,2,0,2,30,1,1459895221322,"true",0,0,"far"
"4108-c",0,0,2,1,0,37,1,1459895354720,"true",0,0,"far"
"4108-c",1,0,1,0,2,36,0,1459895334815,"true",0,1,"far"
"4108-c",1,0,2,0,2,35,1,1459895327004,"true",0,0,"split"
"4108-c",0,0,1,1,0,34,0,1459895305457,"true",0,1,"close"
"4108-c",0,0,1,1,0,33,0,1459895285046,"true",0,1,"split"
"4108-c",0,0,1,1,0,32,0,1459895267331,"true",0,1,"split"
"4108-c",0,0,2,1,0,50,1,1459895611129,"true",0,0,"far"
