"gameid","sClicked_2","sClicked_1","lClickedIndex","sClicked_0","sClickedIndex","roundNum","lClicked_2","time","outcome","lClicked_0","lClicked_1","condition"
"4117-0",0,1,0,0,1,42,0,1459883378690,"true",1,0,"far"
"4117-0",0,1,2,0,1,48,1,1459883442947,"true",0,0,"far"
"4117-0",0,1,1,0,1,43,0,1459883388000,"true",0,1,"split"
"4117-0",0,0,0,1,0,49,0,1459883459686,"false",1,0,"close"
"4117-0",0,0,0,1,0,24,0,1459883193031,"true",1,0,"split"
"4117-0",1,0,0,0,2,25,0,1459883200768,"true",1,0,"split"
"4117-0",0,1,0,0,1,26,0,1459883210854,"true",1,0,"far"
"4117-0",0,0,0,1,0,27,0,1459883218663,"true",1,0,"split"
"4117-0",0,0,1,1,0,20,0,1459883141000,"true",0,1,"split"
"4117-0",0,0,2,1,0,21,1,1459883164232,"true",0,0,"close"
"4117-0",1,0,1,0,2,22,0,1459883175222,"true",0,1,"split"
"4117-0",1,0,1,0,2,23,0,1459883182176,"false",0,1,"split"
"4117-0",0,0,0,1,0,46,0,1459883424420,"true",1,0,"close"
"4117-0",0,1,1,0,1,47,0,1459883433385,"true",0,1,"split"
"4117-0",0,0,2,1,0,44,1,1459883403916,"false",0,0,"close"
"4117-0",0,1,2,0,1,45,1,1459883415178,"false",0,0,"far"
"4117-0",1,0,2,0,2,28,1,1459883227851,"true",0,0,"close"
"4117-0",0,0,0,1,0,29,0,1459883240143,"false",1,0,"close"
"4117-0",1,0,0,0,2,40,0,1459883359438,"true",1,0,"close"
"4117-0",0,1,1,0,1,41,0,1459883371274,"true",0,1,"close"
"4117-0",0,1,0,0,1,1,0,1459882907133,"true",1,0,"split"
"4117-0",1,0,2,0,2,3,1,1459882940220,"true",0,0,"far"
"4117-0",0,0,1,1,0,2,0,1459882930284,"true",0,1,"split"
"4117-0",0,0,0,1,0,5,0,1459882961639,"true",1,0,"far"
"4117-0",0,0,0,1,0,4,0,1459882950027,"true",1,0,"far"
"4117-0",0,1,2,0,1,7,1,1459882986814,"true",0,0,"split"
"4117-0",0,1,1,0,1,6,0,1459882973966,"true",0,1,"far"
"4117-0",0,0,2,1,0,9,1,1459883016254,"true",0,0,"close"
"4117-0",1,0,0,0,2,8,0,1459883003252,"false",1,0,"split"
"4117-0",0,1,0,0,1,39,0,1459883348158,"true",1,0,"close"
"4117-0",0,1,1,0,1,38,0,1459883336644,"true",0,1,"close"
"4117-0",0,1,2,0,1,11,1,1459883040050,"true",0,0,"close"
"4117-0",0,0,1,1,0,10,0,1459883030076,"true",0,1,"split"
"4117-0",0,1,2,0,1,13,1,1459883068572,"true",0,0,"far"
"4117-0",0,1,1,0,1,12,0,1459883054310,"true",0,1,"split"
"4117-0",1,0,0,0,2,15,0,1459883092479,"true",1,0,"far"
"4117-0",0,1,0,0,1,14,0,1459883080183,"true",1,0,"close"
"4117-0",0,1,1,0,1,17,0,1459883108679,"true",0,1,"split"
"4117-0",0,0,1,1,0,16,0,1459883100848,"true",0,1,"far"
"4117-0",0,0,0,1,0,19,0,1459883131797,"true",1,0,"far"
"4117-0",0,1,1,0,1,18,0,1459883118067,"true",0,1,"split"
"4117-0",0,1,1,0,1,31,0,1459883262088,"true",0,1,"close"
"4117-0",1,0,0,0,2,30,0,1459883249402,"true",1,0,"far"
"4117-0",0,0,2,1,0,37,1,1459883320962,"true",0,0,"far"
"4117-0",0,1,2,0,1,36,1,1459883313110,"false",0,0,"close"
"4117-0",0,0,0,1,0,35,0,1459883298153,"true",1,0,"far"
"4117-0",0,1,2,0,1,34,1,1459883287839,"true",0,0,"split"
"4117-0",1,0,2,0,2,33,1,1459883280457,"true",0,0,"close"
"4117-0",0,0,2,1,0,32,1,1459883271169,"true",0,0,"far"
"4117-0",0,1,2,0,1,50,1,1459883468259,"true",0,0,"far"
