"gameid","sClicked_2","sClicked_1","lClickedIndex","sClicked_0","sClickedIndex","roundNum","lClicked_2","time","outcome","lClicked_0","lClicked_1","condition"
"4119-5",0,1,2,0,1,42,1,1476989660886,"true",0,0,"close"
"4119-5",0,0,0,1,0,48,0,1476989711157,"true",1,0,"far"
"4119-5",0,0,2,1,0,43,1,1476989672742,"true",0,0,"split"
"4119-5",0,1,0,0,1,49,0,1476989716548,"true",1,0,"far"
"4119-5",0,1,0,0,1,24,0,1476989388425,"true",1,0,"close"
"4119-5",1,0,1,0,2,25,0,1476989422426,"true",0,1,"close"
"4119-5",0,0,1,1,0,26,0,1476989430121,"true",0,1,"split"
"4119-5",1,0,0,0,2,27,0,1476989444568,"true",1,0,"split"
"4119-5",0,0,1,1,0,20,0,1476989346970,"true",0,1,"close"
"4119-5",0,1,2,0,1,21,1,1476989354250,"true",0,0,"far"
"4119-5",0,0,1,1,0,22,0,1476989370865,"true",0,1,"close"
"4119-5",0,0,2,1,0,23,1,1476989377809,"true",0,0,"far"
"4119-5",1,0,2,0,2,46,1,1476989695402,"true",0,0,"split"
"4119-5",0,0,1,1,0,47,0,1476989704913,"true",0,1,"far"
"4119-5",0,0,0,1,0,44,0,1476989683357,"true",1,0,"split"
"4119-5",0,1,1,0,1,45,0,1476989689078,"true",0,1,"far"
"4119-5",0,0,1,1,0,28,0,1476989465752,"true",0,1,"close"
"4119-5",0,0,0,1,0,29,0,1476989479191,"true",1,0,"close"
"4119-5",0,0,0,1,0,40,0,1476989621118,"true",1,0,"split"
"4119-5",0,1,2,0,1,41,1,1476989628862,"true",0,0,"far"
"4119-5",1,0,0,0,2,1,0,1476989083686,"false",1,0,"split"
"4119-5",1,0,1,0,2,3,0,1476989135132,"true",0,1,"close"
"4119-5",0,1,0,0,1,2,0,1476989094189,"true",1,0,"far"
"4119-5",1,0,2,0,2,5,1,1476989162621,"true",0,0,"far"
"4119-5",0,1,0,0,1,4,0,1476989147540,"true",1,0,"split"
"4119-5",0,1,0,0,1,7,0,1476989177342,"true",1,0,"split"
"4119-5",0,0,2,1,0,6,1,1476989170364,"true",0,0,"split"
"4119-5",0,1,2,0,1,9,1,1476989203275,"true",0,0,"far"
"4119-5",0,1,1,0,1,8,0,1476989188843,"false",0,1,"far"
"4119-5",1,0,1,0,2,39,0,1476989598622,"true",0,1,"close"
"4119-5",1,0,0,0,2,38,0,1476989576534,"true",1,0,"far"
"4119-5",0,0,0,1,0,11,0,1476989237562,"true",1,0,"split"
"4119-5",1,0,1,0,2,10,0,1476989229947,"true",0,1,"split"
"4119-5",0,0,0,1,0,13,0,1476989260891,"true",1,0,"close"
"4119-5",0,1,1,0,1,12,0,1476989248018,"true",0,1,"close"
"4119-5",0,0,2,1,0,15,1,1476989293299,"false",0,0,"close"
"4119-5",0,1,1,0,1,14,0,1476989282012,"true",0,1,"close"
"4119-5",1,0,2,0,2,17,1,1476989316091,"true",0,0,"split"
"4119-5",0,1,0,0,1,16,0,1476989304770,"true",1,0,"far"
"4119-5",0,1,2,0,1,19,1,1476989332522,"true",0,0,"split"
"4119-5",1,0,1,0,2,18,0,1476989323140,"true",0,1,"far"
"4119-5",0,1,0,0,1,31,0,1476989501607,"true",1,0,"split"
"4119-5",0,1,0,0,1,30,0,1476989491424,"true",1,0,"close"
"4119-5",1,0,1,0,2,37,0,1476989569863,"true",0,1,"far"
"4119-5",0,1,2,0,1,36,1,1476989563415,"true",0,0,"close"
"4119-5",0,1,0,0,1,35,0,1476989547024,"true",1,0,"split"
"4119-5",0,1,2,0,1,34,1,1476989535343,"true",0,0,"split"
"4119-5",0,0,2,1,0,33,1,1476989517791,"true",0,0,"far"
"4119-5",0,1,1,0,1,32,0,1476989508551,"true",0,1,"close"
"4119-5",0,1,2,0,1,50,1,1476989738557,"false",0,0,"close"
