"gameid","sClicked_2","sClicked_1","lClickedIndex","sClicked_0","sClickedIndex","roundNum","lClicked_2","time","outcome","lClicked_0","lClicked_1","condition"
"4120-1",1,0,1,0,2,42,0,1476990999955,"true",0,1,"close"
"4120-1",0,0,2,1,0,48,1,1476991085330,"true",0,0,"close"
"4120-1",0,1,1,0,1,43,0,1476991008963,"true",0,1,"split"
"4120-1",0,1,2,0,1,49,1,1476991108745,"true",0,0,"far"
"4120-1",1,0,2,0,2,24,1,1476990747824,"true",0,0,"far"
"4120-1",0,0,2,1,0,25,1,1476990761223,"true",0,0,"far"
"4120-1",1,0,2,0,2,26,1,1476990787584,"true",0,0,"split"
"4120-1",0,1,2,0,1,27,1,1476990797392,"true",0,0,"far"
"4120-1",0,1,0,0,1,20,0,1476990656426,"true",1,0,"close"
"4120-1",1,0,1,0,2,21,0,1476990670824,"true",0,1,"split"
"4120-1",0,0,1,1,0,22,0,1476990713064,"true",0,1,"close"
"4120-1",1,0,2,0,2,23,1,1476990728864,"true",0,0,"close"
"4120-1",1,0,0,0,2,46,0,1476991056469,"true",1,0,"far"
"4120-1",0,0,0,1,0,47,0,1476991071677,"true",1,0,"close"
"4120-1",1,0,2,0,2,44,1,1476991027475,"false",0,0,"close"
"4120-1",1,0,0,0,2,45,0,1476991048806,"true",1,0,"far"
"4120-1",0,1,0,0,1,28,0,1476990810864,"true",1,0,"far"
"4120-1",0,1,0,0,1,29,0,1476990817823,"true",1,0,"far"
"4120-1",0,0,0,1,0,40,0,1476990976411,"true",1,0,"close"
"4120-1",0,1,1,0,1,41,0,1476990985923,"true",0,1,"far"
"4120-1",0,0,2,1,0,1,1,1476990078014,"true",0,0,"close"
"4120-1",0,0,0,1,0,3,0,1476990132934,"true",1,0,"split"
"4120-1",0,0,1,1,0,2,0,1476990096063,"true",0,1,"split"
"4120-1",0,0,2,1,0,5,1,1476990194831,"true",0,0,"split"
"4120-1",0,0,2,1,0,4,1,1476990176342,"true",0,0,"close"
"4120-1",0,0,1,1,0,7,0,1476990302983,"true",0,1,"close"
"4120-1",0,1,0,0,1,6,0,1476990244828,"true",1,0,"split"
"4120-1",1,0,1,0,2,9,0,1476990372140,"true",0,1,"close"
"4120-1",1,0,1,0,2,8,0,1476990343223,"true",0,1,"split"
"4120-1",0,0,1,1,0,39,0,1476990959444,"true",0,1,"split"
"4120-1",0,0,0,1,0,38,0,1476990940563,"true",1,0,"far"
"4120-1",1,0,0,0,2,11,0,1476990407745,"false",1,0,"close"
"4120-1",1,0,1,0,2,10,0,1476990386634,"true",0,1,"split"
"4120-1",1,0,1,0,2,13,0,1476990476635,"true",0,1,"close"
"4120-1",1,0,0,0,2,12,0,1476990425506,"true",1,0,"far"
"4120-1",0,0,1,1,0,15,0,1476990571944,"true",0,1,"close"
"4120-1",0,0,2,1,0,14,1,1476990491603,"true",0,0,"far"
"4120-1",0,0,2,1,0,17,1,1476990601223,"true",0,0,"far"
"4120-1",0,1,1,0,1,16,0,1476990585518,"true",0,1,"close"
"4120-1",0,0,1,1,0,19,0,1476990640153,"true",0,1,"far"
"4120-1",1,0,1,0,2,18,0,1476990626624,"false",0,1,"close"
"4120-1",0,1,1,0,1,31,0,1476990845864,"true",0,1,"split"
"4120-1",1,0,1,0,2,30,0,1476990827272,"true",0,1,"split"
"4120-1",0,0,2,1,0,37,1,1476990932202,"true",0,0,"far"
"4120-1",0,0,1,1,0,36,0,1476990923043,"true",0,1,"split"
"4120-1",0,1,2,0,1,35,1,1476990897529,"false",0,0,"split"
"4120-1",1,0,0,0,2,34,0,1476990875184,"true",1,0,"split"
"4120-1",1,0,2,0,2,33,1,1476990862592,"true",0,0,"far"
"4120-1",1,0,1,0,2,32,0,1476990854544,"true",0,1,"split"
"4120-1",1,0,0,0,2,50,0,1476991135075,"true",1,0,"far"
