"gameid","sClicked_2","sClicked_1","lClickedIndex","sClicked_0","sClickedIndex","roundNum","lClicked_2","time","outcome","lClicked_0","lClicked_1","condition"
"4126-9",0,1,2,0,1,42,1,1476996845293,"true",0,0,"close"
"4126-9",0,0,0,1,0,48,0,1476996895533,"true",1,0,"close"
"4126-9",1,0,0,0,2,43,0,1476996852117,"true",1,0,"close"
"4126-9",0,0,2,1,0,49,1,1476996908421,"true",0,0,"split"
"4126-9",0,0,2,1,0,24,1,1476996656364,"true",0,0,"split"
"4126-9",0,0,1,1,0,25,0,1476996666559,"true",0,1,"close"
"4126-9",1,0,1,0,2,26,0,1476996674280,"true",0,1,"split"
"4126-9",0,0,1,1,0,27,0,1476996684510,"true",0,1,"close"
"4126-9",1,0,2,0,2,20,1,1476996613910,"true",0,0,"far"
"4126-9",1,0,2,0,2,21,1,1476996621510,"true",0,0,"far"
"4126-9",1,0,2,0,2,22,1,1476996637380,"false",0,0,"split"
"4126-9",0,0,1,1,0,23,0,1476996648096,"false",0,1,"close"
"4126-9",1,0,0,0,2,46,0,1476996875856,"true",1,0,"close"
"4126-9",0,0,1,1,0,47,0,1476996882791,"true",0,1,"far"
"4126-9",0,0,1,1,0,44,0,1476996859269,"true",0,1,"far"
"4126-9",1,0,2,0,2,45,1,1476996868557,"true",0,0,"close"
"4126-9",0,0,0,1,0,28,0,1476996690995,"true",1,0,"far"
"4126-9",0,1,1,0,1,29,0,1476996702848,"true",0,1,"split"
"4126-9",1,0,1,0,2,40,0,1476996828795,"true",0,1,"far"
"4126-9",0,0,0,1,0,41,0,1476996836844,"true",1,0,"split"
"4126-9",0,0,2,1,0,1,1,1476996427365,"true",0,0,"split"
"4126-9",0,0,1,1,0,3,0,1476996454279,"true",0,1,"far"
"4126-9",1,0,2,0,2,2,1,1476996442409,"true",0,0,"split"
"4126-9",0,1,2,0,1,5,1,1476996483476,"true",0,0,"close"
"4126-9",1,0,2,0,2,4,1,1476996473534,"false",0,0,"close"
"4126-9",0,1,0,0,1,7,0,1476996508352,"true",1,0,"far"
"4126-9",0,0,0,1,0,6,0,1476996494472,"true",1,0,"split"
"4126-9",1,0,1,0,2,9,0,1476996526161,"true",0,1,"far"
"4126-9",0,1,2,0,1,8,1,1476996517614,"true",0,0,"close"
"4126-9",1,0,0,0,2,39,0,1476996817413,"true",1,0,"close"
"4126-9",0,1,2,0,1,38,1,1476996799910,"true",0,0,"far"
"4126-9",0,1,2,0,1,11,1,1476996542321,"true",0,0,"split"
"4126-9",0,1,0,0,1,10,0,1476996534804,"true",1,0,"split"
"4126-9",1,0,0,0,2,13,0,1476996558042,"true",1,0,"split"
"4126-9",0,1,2,0,1,12,1,1476996549774,"true",0,0,"far"
"4126-9",1,0,1,0,2,15,0,1476996570597,"true",0,1,"far"
"4126-9",0,1,1,0,1,14,0,1476996564054,"true",0,1,"far"
"4126-9",1,0,1,0,2,17,0,1476996587178,"true",0,1,"split"
"4126-9",0,1,1,0,1,16,0,1476996580184,"true",0,1,"split"
"4126-9",0,0,0,1,0,19,0,1476996600513,"false",1,0,"far"
"4126-9",1,0,0,0,2,18,0,1476996594099,"true",1,0,"close"
"4126-9",1,0,0,0,2,31,0,1476996724096,"false",1,0,"close"
"4126-9",0,0,1,1,0,30,0,1476996710206,"true",0,1,"split"
"4126-9",0,1,1,0,1,37,0,1476996793062,"true",0,1,"close"
"4126-9",0,1,1,0,1,36,0,1476996785833,"false",0,1,"close"
"4126-9",0,1,2,0,1,35,1,1476996762587,"true",0,0,"far"
"4126-9",0,1,2,0,1,34,1,1476996749400,"true",0,0,"close"
"4126-9",0,0,0,1,0,33,0,1476996737026,"true",1,0,"far"
"4126-9",0,1,0,0,1,32,0,1476996730700,"true",1,0,"far"
"4126-9",0,0,0,1,0,50,0,1476996916519,"true",1,0,"split"
