"gameid","sClicked_2","sClicked_1","lClickedIndex","sClicked_0","sClickedIndex","roundNum","lClicked_2","time","outcome","lClicked_0","lClicked_1","condition"
"4131-6",0,0,0,1,0,42,0,1476996560901,"true",1,0,"far"
"4131-6",0,0,2,1,0,48,1,1476996616009,"true",0,0,"close"
"4131-6",0,1,0,0,1,43,0,1476996573951,"false",1,0,"close"
"4131-6",1,0,1,0,2,49,0,1476996622916,"true",0,1,"far"
"4131-6",0,1,0,0,1,24,0,1476996350177,"true",1,0,"split"
"4131-6",0,1,0,0,1,25,0,1476996358033,"true",1,0,"split"
"4131-6",0,0,1,1,0,26,0,1476996364336,"true",0,1,"far"
"4131-6",1,0,1,0,2,27,0,1476996373936,"true",0,1,"split"
"4131-6",1,0,2,0,2,20,1,1476996308565,"true",0,0,"close"
"4131-6",0,1,2,0,1,21,1,1476996315546,"true",0,0,"far"
"4131-6",0,1,1,0,1,22,0,1476996325110,"false",0,1,"close"
"4131-6",1,0,2,0,2,23,1,1476996337338,"true",0,0,"far"
"4131-6",1,0,2,0,2,46,1,1476996596790,"true",0,0,"far"
"4131-6",1,0,2,0,2,47,1,1476996605350,"true",0,0,"close"
"4131-6",1,0,0,0,2,44,0,1476996581758,"true",1,0,"far"
"4131-6",1,0,1,0,2,45,0,1476996590078,"true",0,1,"close"
"4131-6",1,0,1,0,2,28,0,1476996380288,"true",0,1,"far"
"4131-6",0,0,2,1,0,29,1,1476996400439,"false",0,0,"close"
"4131-6",0,1,2,0,1,40,1,1476996548872,"true",0,0,"split"
"4131-6",0,0,2,1,0,41,1,1476996554992,"true",0,0,"far"
"4131-6",0,0,1,1,0,1,0,1476996102805,"true",0,1,"split"
"4131-6",0,1,2,0,1,3,1,1476996123363,"true",0,0,"far"
"4131-6",0,1,0,0,1,2,0,1476996115035,"true",1,0,"close"
"4131-6",0,1,2,0,1,5,1,1476996146162,"true",0,0,"split"
"4131-6",1,0,0,0,2,4,0,1476996136122,"true",1,0,"close"
"4131-6",1,0,2,0,2,7,1,1476996184272,"false",0,0,"close"
"4131-6",0,1,1,0,1,6,0,1476996172481,"true",0,1,"split"
"4131-6",0,1,2,0,1,9,1,1476996200943,"true",0,0,"split"
"4131-6",0,0,1,1,0,8,0,1476996194283,"true",0,1,"close"
"4131-6",0,0,0,1,0,39,0,1476996537320,"true",1,0,"split"
"4131-6",0,1,2,0,1,38,1,1476996525586,"true",0,0,"far"
"4131-6",0,0,1,1,0,11,0,1476996218951,"true",0,1,"split"
"4131-6",1,0,1,0,2,10,0,1476996211270,"true",0,1,"split"
"4131-6",0,1,0,0,1,13,0,1476996238517,"false",1,0,"split"
"4131-6",1,0,2,0,2,12,1,1476996229607,"true",0,0,"close"
"4131-6",1,0,2,0,2,15,1,1476996257036,"true",0,0,"far"
"4131-6",0,1,0,0,1,14,0,1476996245151,"true",1,0,"close"
"4131-6",0,0,0,1,0,17,0,1476996282123,"true",1,0,"split"
"4131-6",1,0,1,0,2,16,0,1476996272268,"true",0,1,"close"
"4131-6",1,0,0,0,2,19,0,1476996295755,"true",1,0,"far"
"4131-6",0,1,2,0,1,18,1,1476996288748,"true",0,0,"split"
"4131-6",1,0,0,0,2,31,0,1476996429197,"true",1,0,"close"
"4131-6",1,0,2,0,2,30,1,1476996408310,"true",0,0,"far"
"4131-6",1,0,1,0,2,37,0,1476996519050,"true",0,1,"close"
"4131-6",0,1,1,0,1,36,0,1476996509265,"true",0,1,"split"
"4131-6",0,0,1,1,0,35,0,1476996488035,"true",0,1,"close"
"4131-6",1,0,2,0,2,34,1,1476996475979,"false",0,0,"far"
"4131-6",1,0,1,0,2,33,0,1476996468027,"true",0,1,"split"
"4131-6",1,0,1,0,2,32,0,1476996436788,"true",0,1,"split"
"4131-6",1,0,2,0,2,50,1,1476996629132,"true",0,0,"far"
