"gameid","sClicked_2","sClicked_1","lClickedIndex","sClicked_0","sClickedIndex","roundNum","lClicked_2","time","outcome","lClicked_0","lClicked_1","condition"
"4139-d",1,0,1,0,2,42,0,1459887177326,"true",0,1,"close"
"4139-d",0,0,0,1,0,48,0,1459887259326,"true",1,0,"split"
"4139-d",0,1,1,0,1,43,0,1459887189454,"true",0,1,"close"
"4139-d",0,1,2,0,1,49,1,1459887283566,"true",0,0,"far"
"4139-d",0,1,0,0,1,24,0,1459886823294,"true",1,0,"far"
"4139-d",1,0,2,0,2,25,1,1459886834408,"true",0,0,"far"
"4139-d",0,0,0,1,0,26,0,1459886842990,"true",1,0,"far"
"4139-d",0,0,1,1,0,27,0,1459886857816,"true",0,1,"close"
"4139-d",1,0,1,0,2,20,0,1459886747080,"true",0,1,"split"
"4139-d",0,0,1,1,0,21,0,1459886774379,"true",0,1,"close"
"4139-d",0,1,1,0,1,22,0,1459886795400,"true",0,1,"close"
"4139-d",0,1,2,0,1,23,1,1459886805080,"true",0,0,"far"
"4139-d",0,0,0,1,0,46,0,1459887233672,"true",1,0,"split"
"4139-d",0,1,2,0,1,47,1,1459887245854,"true",0,0,"far"
"4139-d",1,0,1,0,2,44,0,1459887204468,"true",0,1,"close"
"4139-d",1,0,1,0,2,45,0,1459887215941,"true",0,1,"split"
"4139-d",1,0,1,0,2,28,0,1459886873816,"false",0,1,"split"
"4139-d",0,1,1,0,1,29,0,1459886884587,"true",0,1,"far"
"4139-d",1,0,0,0,2,40,0,1459887151230,"true",1,0,"split"
"4139-d",1,0,2,0,2,41,1,1459887165269,"true",0,0,"close"
"4139-d",1,0,2,0,2,1,1,1459886116084,"true",0,0,"split"
"4139-d",0,0,0,1,0,3,0,1459886286894,"true",1,0,"close"
"4139-d",1,0,0,0,2,2,0,1459886150426,"true",1,0,"split"
"4139-d",0,1,1,0,1,5,0,1459886310311,"true",0,1,"far"
"4139-d",0,1,1,0,1,4,0,1459886300788,"true",0,1,"split"
"4139-d",1,0,1,0,2,7,0,1459886365191,"true",0,1,"split"
"4139-d",1,0,0,0,2,6,0,1459886320126,"true",1,0,"far"
"4139-d",0,1,0,0,1,9,0,1459886389358,"true",1,0,"far"
"4139-d",1,0,2,0,2,8,1,1459886376369,"true",0,0,"far"
"4139-d",0,0,0,1,0,39,0,1459887136957,"true",1,0,"close"
"4139-d",0,1,0,0,1,11,0,1459886454584,"true",1,0,"far"
"4139-d",0,1,1,0,1,10,0,1459886443847,"true",0,1,"split"
"4139-d",0,1,1,0,1,13,0,1459886518586,"true",0,1,"split"
"4139-d",0,0,0,1,0,38,0,1459887031889,"true",1,0,"split"
"4139-d",0,0,1,1,0,15,0,1459886585377,"true",0,1,"far"
"4139-d",1,0,0,0,2,14,0,1459886576241,"true",1,0,"close"
"4139-d",1,0,1,0,2,17,0,1459886673582,"true",0,1,"split"
"4139-d",1,0,2,0,2,16,1,1459886606075,"true",0,0,"split"
"4139-d",1,0,1,0,2,19,0,1459886723860,"true",0,1,"split"
"4139-d",1,0,1,0,2,18,0,1459886694638,"true",0,1,"close"
"4139-d",1,0,0,0,2,30,0,1459886897265,"true",1,0,"far"
"4139-d",0,0,2,1,0,37,1,1459887018128,"true",0,0,"far"
"4139-d",0,0,1,1,0,36,0,1459887004077,"true",0,1,"split"
"4139-d",0,0,2,1,0,35,1,1459886995271,"true",0,0,"far"
"4139-d",0,0,0,1,0,34,0,1459886982790,"true",1,0,"close"
"4139-d",0,1,0,0,1,33,0,1459886968027,"true",1,0,"close"
"4139-d",0,1,2,0,1,32,1,1459886946081,"true",0,0,"far"
"4139-d",0,1,2,0,1,50,1,1459887334440,"true",0,0,"close"
