"gameid","sClicked_2","sClicked_1","lClickedIndex","sClicked_0","sClickedIndex","roundNum","lClicked_2","time","outcome","lClicked_0","lClicked_1","condition"
"4166-4",0,0,1,1,0,42,0,1476480822684,"true",0,1,"split"
"4166-4",1,0,2,0,2,48,1,1476480930319,"true",0,0,"far"
"4166-4",0,1,1,0,1,43,0,1476480831805,"true",0,1,"split"
"4166-4",0,1,0,0,1,49,0,1476480940550,"true",1,0,"split"
"4166-4",1,0,1,0,2,24,0,1476480475326,"true",0,1,"far"
"4166-4",0,1,0,0,1,25,0,1476480487271,"true",1,0,"far"
"4166-4",0,1,2,0,1,26,1,1476480498687,"true",0,0,"far"
"4166-4",1,0,2,0,2,20,1,1476480419461,"true",0,0,"split"
"4166-4",0,0,1,1,0,21,0,1476480426654,"true",0,1,"far"
"4166-4",0,1,2,0,1,22,1,1476480448071,"true",0,0,"split"
"4166-4",0,1,0,0,1,23,0,1476480463831,"true",1,0,"close"
"4166-4",0,0,1,1,0,46,0,1476480895982,"true",0,1,"split"
"4166-4",0,0,2,1,0,47,1,1476480920934,"false",0,0,"split"
"4166-4",1,0,1,0,2,45,0,1476480882790,"true",0,1,"close"
"4166-4",0,0,2,1,0,28,1,1476480568216,"true",0,0,"far"
"4166-4",1,0,0,0,2,29,0,1476480580000,"true",1,0,"close"
"4166-4",0,1,2,0,1,40,1,1476480796708,"true",0,0,"close"
"4166-4",0,1,0,0,1,41,0,1476480809908,"true",1,0,"close"
"4166-4",1,0,1,0,2,1,0,1476480070713,"true",0,1,"split"
"4166-4",0,1,1,0,1,3,0,1476480090632,"true",0,1,"far"
"4166-4",0,1,1,0,1,2,0,1476480081496,"true",0,1,"far"
"4166-4",0,1,2,0,1,5,1,1476480207210,"true",0,0,"close"
"4166-4",1,0,0,0,2,4,0,1476480180001,"false",1,0,"close"
"4166-4",0,1,1,0,1,7,0,1476480234218,"true",0,1,"close"
"4166-4",0,0,0,1,0,6,0,1476480222202,"true",1,0,"close"
"4166-4",1,0,0,0,2,9,0,1476480258451,"true",1,0,"far"
"4166-4",0,0,0,1,0,8,0,1476480242186,"true",1,0,"far"
"4166-4",0,1,2,0,1,39,1,1476480783260,"true",0,0,"split"
"4166-4",0,0,0,1,0,38,0,1476480772251,"true",1,0,"split"
"4166-4",0,1,2,0,1,11,1,1476480283675,"true",0,0,"close"
"4166-4",0,0,1,1,0,10,0,1476480267643,"true",0,1,"far"
"4166-4",0,1,1,0,1,13,0,1476480329980,"true",0,1,"close"
"4166-4",1,0,0,0,2,12,0,1476480293115,"true",1,0,"far"
"4166-4",0,0,2,1,0,15,1,1476480349660,"true",0,0,"far"
"4166-4",0,0,0,1,0,14,0,1476480339660,"true",1,0,"far"
"4166-4",0,0,2,1,0,17,1,1476480378813,"false",0,0,"split"
"4166-4",1,0,1,0,2,16,0,1476480358885,"false",0,1,"far"
"4166-4",0,0,0,1,0,19,0,1476480405389,"true",1,0,"far"
"4166-4",0,0,1,1,0,18,0,1476480396853,"true",0,1,"far"
"4166-4",1,0,1,0,2,31,0,1476480635522,"true",0,1,"close"
"4166-4",1,0,1,0,2,30,0,1476480619993,"true",0,1,"split"
"4166-4",1,0,0,0,2,37,0,1476480759467,"true",1,0,"split"
"4166-4",1,0,0,0,2,36,0,1476480743974,"true",1,0,"close"
"4166-4",0,1,0,0,1,35,0,1476480726075,"true",1,0,"split"
"4166-4",0,0,0,1,0,34,0,1476480714282,"true",1,0,"split"
"4166-4",0,1,1,0,1,33,0,1476480693722,"true",0,1,"close"
"4166-4",0,0,1,1,0,32,0,1476480659186,"true",0,1,"close"
"4166-4",0,1,0,0,1,50,0,1476480952662,"true",1,0,"split"
