"gameid","sClicked_2","sClicked_1","lClickedIndex","sClicked_0","sClickedIndex","roundNum","lClicked_2","time","outcome","lClicked_0","lClicked_1","condition"
"4178-b",0,1,0,0,1,42,0,1459890515592,"false",1,0,"close"
"4178-b",1,0,2,0,2,48,1,1459890704018,"true",0,0,"split"
"4178-b",1,0,1,0,2,43,0,1459890560633,"true",0,1,"split"
"4178-b",0,1,1,0,1,49,0,1459890712901,"true",0,1,"split"
"4178-b",1,0,2,0,2,24,1,1459889807188,"true",0,0,"far"
"4178-b",0,0,1,1,0,25,0,1459889829754,"true",0,1,"split"
"4178-b",0,1,1,0,1,26,0,1459889850090,"true",0,1,"split"
"4178-b",1,0,2,0,2,27,1,1459889891283,"true",0,0,"far"
"4178-b",0,0,0,1,0,20,0,1459889701274,"true",1,0,"split"
"4178-b",1,0,0,0,2,21,0,1459889731177,"true",1,0,"close"
"4178-b",0,0,1,1,0,22,0,1459889770851,"true",0,1,"split"
"4178-b",0,0,2,1,0,23,1,1459889794578,"true",0,0,"split"
"4178-b",0,1,1,0,1,46,0,1459890628059,"true",0,1,"close"
"4178-b",1,0,2,0,2,47,1,1459890671226,"true",0,0,"split"
"4178-b",1,0,2,0,2,44,1,1459890574346,"true",0,0,"far"
"4178-b",0,1,2,0,1,45,1,1459890589370,"true",0,0,"split"
"4178-b",1,0,1,0,2,28,0,1459889975516,"true",0,1,"close"
"4178-b",1,0,2,0,2,29,1,1459890019573,"true",0,0,"split"
"4178-b",0,0,0,1,0,40,0,1459890367727,"true",1,0,"far"
"4178-b",1,0,2,0,2,41,1,1459890439446,"true",0,0,"close"
"4178-b",0,0,1,1,0,1,0,1459889068942,"true",0,1,"far"
"4178-b",0,0,2,1,0,3,1,1459889273272,"false",0,0,"close"
"4178-b",1,0,1,0,2,2,0,1459889133892,"true",0,1,"close"
"4178-b",0,1,2,0,1,5,1,1459889345263,"true",0,0,"close"
"4178-b",0,0,0,1,0,4,0,1459889296894,"true",1,0,"far"
"4178-b",1,0,2,0,2,7,1,1459889364982,"true",0,0,"far"
"4178-b",0,1,1,0,1,6,0,1459889354965,"true",0,1,"far"
"4178-b",0,1,2,0,1,9,1,1459889401719,"false",0,0,"close"
"4178-b",1,0,2,0,2,8,1,1459889378575,"false",0,0,"far"
"4178-b",1,0,1,0,2,39,0,1459890298047,"true",0,1,"split"
"4178-b",0,0,2,1,0,38,1,1459890285494,"true",0,0,"close"
"4178-b",0,1,2,0,1,11,1,1459889453223,"true",0,0,"split"
"4178-b",0,1,1,0,1,10,0,1459889418886,"true",0,1,"far"
"4178-b",0,0,1,1,0,13,0,1459889485640,"true",0,1,"far"
"4178-b",0,0,0,1,0,12,0,1459889473663,"true",1,0,"far"
"4178-b",0,1,1,0,1,15,0,1459889514640,"true",0,1,"close"
"4178-b",0,1,2,0,1,14,1,1459889497159,"true",0,0,"close"
"4178-b",0,0,1,1,0,17,0,1459889608264,"true",0,1,"close"
"4178-b",0,1,0,0,1,16,0,1459889534860,"true",1,0,"split"
"4178-b",0,1,0,0,1,19,0,1459889630665,"true",1,0,"close"
"4178-b",0,1,1,0,1,18,0,1459889620545,"true",0,1,"far"
"4178-b",0,0,1,1,0,31,0,1459890090141,"true",0,1,"far"
"4178-b",0,1,0,0,1,30,0,1459890066889,"true",1,0,"close"
"4178-b",0,0,0,1,0,37,0,1459890257312,"true",1,0,"split"
"4178-b",0,1,2,0,1,36,1,1459890228893,"true",0,0,"far"
"4178-b",1,0,1,0,2,35,0,1459890188765,"true",0,1,"close"
"4178-b",0,0,0,1,0,34,0,1459890147581,"true",1,0,"far"
"4178-b",1,0,2,0,2,33,1,1459890140293,"true",0,0,"far"
"4178-b",1,0,2,0,2,32,1,1459890127270,"true",0,0,"split"
"4178-b",0,0,0,1,0,50,0,1459890790548,"true",1,0,"split"
