"gameid","sClicked_2","sClicked_1","lClickedIndex","sClicked_0","sClickedIndex","roundNum","lClicked_2","time","outcome","lClicked_0","lClicked_1","condition"
"4188-6",0,0,1,1,0,42,0,1476497040565,"false",0,1,"close"
"4188-6",0,0,1,1,0,48,0,1476497103028,"true",0,1,"split"
"4188-6",0,1,0,0,1,43,0,1476497049117,"true",1,0,"close"
"4188-6",1,0,1,0,2,49,0,1476497119293,"true",0,1,"far"
"4188-6",0,0,1,1,0,24,0,1476496810032,"true",0,1,"far"
"4188-6",0,0,2,1,0,25,1,1476496823524,"true",0,0,"far"
"4188-6",1,0,0,0,2,26,0,1476496841206,"true",1,0,"split"
"4188-6",0,0,2,1,0,27,1,1476496861345,"true",0,0,"split"
"4188-6",0,1,2,0,1,20,1,1476496775064,"true",0,0,"close"
"4188-6",0,0,2,1,0,21,1,1476496784361,"true",0,0,"far"
"4188-6",0,0,2,1,0,22,1,1476496792976,"true",0,0,"far"
"4188-6",0,1,2,0,1,23,1,1476496801804,"true",0,0,"far"
"4188-6",0,0,0,1,0,46,0,1476497073268,"true",1,0,"split"
"4188-6",0,1,2,0,1,47,1,1476497086420,"true",0,0,"far"
"4188-6",0,1,2,0,1,44,1,1476497056742,"true",0,0,"close"
"4188-6",1,0,1,0,2,45,0,1476497064524,"true",0,1,"split"
"4188-6",0,1,1,0,1,28,0,1476496873943,"false",0,1,"close"
"4188-6",0,1,2,0,1,29,1,1476496885831,"true",0,0,"split"
"4188-6",0,0,0,1,0,40,0,1476497024896,"true",1,0,"split"
"4188-6",0,1,1,0,1,41,0,1476497031493,"true",0,1,"close"
"4188-6",0,1,1,0,1,1,0,1476496537576,"true",0,1,"far"
"4188-6",0,0,2,1,0,3,1,1476496561270,"true",0,0,"far"
"4188-6",0,0,0,1,0,2,0,1476496553988,"true",1,0,"close"
"4188-6",0,1,0,0,1,5,0,1476496575494,"true",1,0,"far"
"4188-6",1,0,0,0,2,4,0,1476496568642,"true",1,0,"far"
"4188-6",1,0,1,0,2,7,0,1476496610812,"true",0,1,"split"
"4188-6",0,0,1,1,0,6,0,1476496598730,"false",0,1,"split"
"4188-6",0,1,0,0,1,9,0,1476496629906,"true",1,0,"split"
"4188-6",0,0,2,1,0,8,1,1476496622639,"true",0,0,"close"
"4188-6",1,0,2,0,2,39,1,1476497014982,"true",0,0,"split"
"4188-6",0,0,1,1,0,38,0,1476497004669,"true",0,1,"split"
"4188-6",1,0,2,0,2,11,1,1476496651697,"true",0,0,"close"
"4188-6",1,0,2,0,2,10,1,1476496638850,"true",0,0,"far"
"4188-6",0,0,0,1,0,13,0,1476496677349,"true",1,0,"close"
"4188-6",1,0,1,0,2,12,0,1476496664838,"true",0,1,"close"
"4188-6",0,0,1,1,0,15,0,1476496709931,"true",0,1,"far"
"4188-6",0,1,0,0,1,14,0,1476496692850,"true",1,0,"close"
"4188-6",0,1,1,0,1,17,0,1476496729689,"false",0,1,"close"
"4188-6",0,1,0,0,1,16,0,1476496716681,"true",1,0,"far"
"4188-6",0,1,2,0,1,19,1,1476496751240,"true",0,0,"close"
"4188-6",0,0,1,1,0,18,0,1476496742342,"true",0,1,"split"
"4188-6",0,1,2,0,1,31,1,1476496917222,"true",0,0,"close"
"4188-6",0,0,1,1,0,30,0,1476496900370,"true",0,1,"split"
"4188-6",1,0,2,0,2,37,1,1476496993814,"true",0,0,"far"
"4188-6",1,0,2,0,2,36,1,1476496986633,"true",0,0,"split"
"4188-6",0,0,0,1,0,35,0,1476496968614,"true",1,0,"far"
"4188-6",0,0,2,1,0,34,1,1476496954709,"true",0,0,"far"
"4188-6",1,0,2,0,2,33,1,1476496948638,"true",0,0,"close"
"4188-6",0,0,0,1,0,32,0,1476496926766,"true",1,0,"split"
"4188-6",0,1,1,0,1,50,0,1476497149876,"false",0,1,"close"
