"gameid","sClicked_2","sClicked_1","lClickedIndex","sClicked_0","sClickedIndex","roundNum","lClicked_2","time","outcome","lClicked_0","lClicked_1","condition"
"4216-9",1,0,0,0,2,42,0,1476496213191,"true",1,0,"far"
"4216-9",0,0,0,1,0,48,0,1476496345296,"true",1,0,"close"
"4216-9",1,0,0,0,2,43,0,1476496226511,"true",1,0,"split"
"4216-9",0,1,0,0,1,49,0,1476496365412,"true",1,0,"far"
"4216-9",0,1,1,0,1,24,0,1476495755366,"true",0,1,"split"
"4216-9",1,0,2,0,2,25,1,1476495764620,"true",0,0,"far"
"4216-9",0,0,0,1,0,26,0,1476495774537,"true",1,0,"split"
"4216-9",1,0,1,0,2,27,0,1476495782210,"true",0,1,"far"
"4216-9",0,0,0,1,0,20,0,1476495652789,"true",1,0,"split"
"4216-9",0,0,0,1,0,21,0,1476495703507,"false",1,0,"split"
"4216-9",0,1,0,0,1,22,0,1476495713081,"true",1,0,"close"
"4216-9",0,1,2,0,1,23,1,1476495728104,"false",0,0,"close"
"4216-9",0,0,1,1,0,46,0,1476496298900,"true",0,1,"far"
"4216-9",1,0,2,0,2,47,1,1476496316164,"true",0,0,"close"
"4216-9",1,0,2,0,2,44,1,1476496238755,"true",0,0,"far"
"4216-9",0,1,1,0,1,45,0,1476496289200,"false",0,1,"close"
"4216-9",0,1,0,0,1,28,0,1476495879111,"true",1,0,"split"
"4216-9",0,0,2,1,0,29,1,1476495899759,"true",0,0,"close"
"4216-9",0,1,1,0,1,40,0,1476496189442,"true",0,1,"split"
"4216-9",0,1,2,0,1,41,1,1476496204372,"true",0,0,"close"
"4216-9",0,0,0,1,0,1,0,1476495309501,"true",1,0,"split"
"4216-9",0,0,0,1,0,3,0,1476495363416,"true",1,0,"split"
"4216-9",0,1,2,0,1,2,1,1476495340377,"true",0,0,"split"
"4216-9",1,0,0,0,2,5,0,1476495387550,"true",1,0,"far"
"4216-9",0,0,2,1,0,4,1,1476495377167,"true",0,0,"close"
"4216-9",1,0,1,0,2,7,0,1476495411121,"true",0,1,"far"
"4216-9",0,0,1,1,0,6,0,1476495403287,"true",0,1,"split"
"4216-9",0,1,2,0,1,9,1,1476495429774,"true",0,0,"far"
"4216-9",0,0,2,1,0,8,1,1476495418443,"true",0,0,"far"
"4216-9",0,1,0,0,1,39,0,1476496172663,"true",1,0,"split"
"4216-9",0,0,0,1,0,38,0,1476496159643,"true",1,0,"close"
"4216-9",1,0,1,0,2,11,0,1476495451521,"true",0,1,"split"
"4216-9",0,0,2,1,0,10,1,1476495441369,"true",0,0,"close"
"4216-9",0,0,1,1,0,13,0,1476495475724,"true",0,1,"split"
"4216-9",0,0,0,1,0,12,0,1476495459447,"true",1,0,"far"
"4216-9",0,0,0,1,0,15,0,1476495518171,"true",1,0,"close"
"4216-9",1,0,2,0,2,14,1,1476495502285,"false",0,0,"split"
"4216-9",0,0,2,1,0,17,1,1476495538960,"true",0,0,"far"
"4216-9",0,1,2,0,1,16,1,1476495529083,"true",0,0,"split"
"4216-9",1,0,1,0,2,19,0,1476495620472,"true",0,1,"close"
"4216-9",0,0,2,1,0,18,1,1476495609442,"true",0,0,"close"
"4216-9",1,0,1,0,2,31,0,1476495938185,"true",0,1,"close"
"4216-9",1,0,0,0,2,30,0,1476495924581,"true",1,0,"close"
"4216-9",0,1,0,0,1,37,0,1476496128292,"true",1,0,"close"
"4216-9",1,0,0,0,2,36,0,1476496074315,"true",1,0,"close"
"4216-9",1,0,0,0,2,35,0,1476495995065,"true",1,0,"split"
"4216-9",0,1,1,0,1,34,0,1476495977548,"true",0,1,"far"
"4216-9",0,0,1,1,0,33,0,1476495968415,"true",0,1,"far"
"4216-9",1,0,0,0,2,32,0,1476495950546,"true",1,0,"far"
"4216-9",0,1,0,0,1,50,0,1476496374424,"true",1,0,"far"
