"gameid","sClicked_2","sClicked_1","lClickedIndex","sClicked_0","sClickedIndex","roundNum","lClicked_2","time","outcome","lClicked_0","lClicked_1","condition"
"4229-d",0,0,0,1,0,42,0,1476996544472,"true",1,0,"far"
"4229-d",1,0,1,0,2,48,0,1476996610959,"true",0,1,"close"
"4229-d",1,0,0,0,2,50,0,1476996632281,"true",1,0,"split"
"4229-d",0,1,0,0,1,49,0,1476996618117,"true",1,0,"split"
"4229-d",1,0,0,0,2,24,0,1476996191280,"true",1,0,"split"
"4229-d",0,0,2,1,0,25,1,1476996225540,"true",0,0,"far"
"4229-d",0,0,0,1,0,26,0,1476996243933,"true",1,0,"split"
"4229-d",0,1,2,0,1,27,1,1476996267341,"true",0,0,"split"
"4229-d",1,0,2,0,2,20,1,1476996112751,"false",0,0,"close"
"4229-d",0,1,0,0,1,21,0,1476996149242,"true",1,0,"close"
"4229-d",0,1,1,0,1,22,0,1476996156386,"true",0,1,"close"
"4229-d",0,0,1,1,0,23,0,1476996168602,"true",0,1,"split"
"4229-d",0,1,1,0,1,46,0,1476996592291,"true",0,1,"close"
"4229-d",1,0,2,0,2,47,1,1476996603375,"false",0,0,"split"
"4229-d",1,0,2,0,2,44,1,1476996563673,"true",0,0,"split"
"4229-d",0,1,2,0,1,45,1,1476996573071,"false",0,0,"close"
"4229-d",0,0,0,1,0,28,0,1476996356402,"false",1,0,"close"
"4229-d",1,0,0,0,2,43,0,1476996556353,"true",1,0,"split"
"4229-d",1,0,2,0,2,40,1,1476996530943,"true",0,0,"far"
"4229-d",0,1,0,0,1,41,0,1476996538122,"true",1,0,"close"
"4229-d",1,0,2,0,2,1,1,1476995722441,"true",0,0,"far"
"4229-d",0,1,0,0,1,3,0,1476995770881,"true",1,0,"split"
"4229-d",1,0,2,0,2,2,1,1476995730723,"true",0,0,"split"
"4229-d",0,0,2,1,0,5,1,1476995810202,"true",0,0,"split"
"4229-d",1,0,2,0,2,4,1,1476995781143,"true",0,0,"far"
"4229-d",1,0,2,0,2,7,1,1476995827896,"true",0,0,"far"
"4229-d",1,0,0,0,2,6,0,1476995818068,"true",1,0,"far"
"4229-d",0,1,1,0,1,9,0,1476995849582,"true",0,1,"split"
"4229-d",1,0,1,0,2,8,0,1476995840116,"true",0,1,"split"
"4229-d",0,1,1,0,1,39,0,1476996524445,"true",0,1,"split"
"4229-d",0,0,1,1,0,38,0,1476996517798,"true",0,1,"close"
"4229-d",0,0,2,1,0,11,1,1476995884696,"true",0,0,"close"
"4229-d",0,1,1,0,1,10,0,1476995864551,"true",0,1,"close"
"4229-d",0,0,0,1,0,13,0,1476995959655,"false",1,0,"close"
"4229-d",0,0,2,1,0,12,1,1476995910801,"true",0,0,"far"
"4229-d",1,0,1,0,2,15,0,1476996001012,"true",0,1,"far"
"4229-d",1,0,2,0,2,14,1,1476995992352,"true",0,0,"close"
"4229-d",0,1,1,0,1,17,0,1476996018462,"true",0,1,"far"
"4229-d",0,0,0,1,0,16,0,1476996009232,"true",1,0,"far"
"4229-d",1,0,0,0,2,19,0,1476996066121,"false",1,0,"close"
"4229-d",0,1,0,0,1,18,0,1476996028210,"true",1,0,"far"
"4229-d",1,0,1,0,2,31,0,1476996417721,"true",0,1,"far"
"4229-d",0,0,2,1,0,30,1,1476996406921,"false",0,0,"split"
"4229-d",0,1,0,0,1,37,0,1476996501180,"true",1,0,"split"
"4229-d",0,0,1,1,0,36,0,1476996494032,"true",0,1,"far"
"4229-d",0,0,0,1,0,35,0,1476996487104,"true",1,0,"far"
"4229-d",0,0,0,1,0,34,0,1476996476312,"true",1,0,"close"
"4229-d",1,0,0,0,2,33,0,1476996466042,"true",1,0,"far"
"4229-d",0,0,2,1,0,32,1,1476996458841,"true",0,0,"close"
