"gameid","sClicked_2","sClicked_1","lClickedIndex","sClicked_0","sClickedIndex","roundNum","lClicked_2","time","outcome","lClicked_0","lClicked_1","condition"
"4235-3",1,0,1,0,2,42,0,1476490446946,"true",0,1,"split"
"4235-3",0,1,0,0,1,43,0,1476490461202,"true",1,0,"split"
"4235-3",0,1,0,0,1,49,0,1476490553211,"true",1,0,"far"
"4235-3",1,0,0,0,2,24,0,1476490045324,"true",1,0,"close"
"4235-3",0,0,1,1,0,25,0,1476490054088,"true",0,1,"split"
"4235-3",1,0,2,0,2,26,1,1476490069026,"true",0,0,"far"
"4235-3",0,1,2,0,1,27,1,1476490090176,"true",0,0,"close"
"4235-3",0,0,2,1,0,20,1,1476489942152,"false",0,0,"close"
"4235-3",1,0,1,0,2,21,0,1476489986521,"true",0,1,"close"
"4235-3",0,0,0,1,0,22,0,1476489998924,"true",1,0,"split"
"4235-3",1,0,2,0,2,23,1,1476490016717,"true",0,0,"close"
"4235-3",0,1,2,0,1,46,1,1476490501208,"true",0,0,"far"
"4235-3",0,0,1,1,0,47,0,1476490521214,"true",0,1,"close"
"4235-3",0,0,0,1,0,44,0,1476490473442,"true",1,0,"far"
"4235-3",0,1,1,0,1,45,0,1476490481672,"true",0,1,"far"
"4235-3",1,0,2,0,2,28,1,1476490105579,"false",0,0,"split"
"4235-3",0,0,1,1,0,29,0,1476490139560,"true",0,1,"split"
"4235-3",0,0,0,1,0,40,0,1476490418862,"true",1,0,"split"
"4235-3",0,1,2,0,1,41,1,1476490429539,"true",0,0,"far"
"4235-3",1,0,0,0,2,1,0,1476489575094,"false",1,0,"split"
"4235-3",1,0,1,0,2,3,0,1476489598143,"true",0,1,"close"
"4235-3",0,1,0,0,1,2,0,1476489589032,"true",1,0,"far"
"4235-3",0,1,2,0,1,5,1,1476489627208,"true",0,0,"close"
"4235-3",0,0,2,1,0,4,1,1476489613935,"true",0,0,"split"
"4235-3",0,0,0,1,0,7,0,1476489664610,"true",1,0,"close"
"4235-3",0,0,0,1,0,6,0,1476489644648,"true",1,0,"far"
"4235-3",0,0,1,1,0,9,0,1476489713954,"true",0,1,"far"
"4235-3",1,0,1,0,2,8,0,1476489706360,"true",0,1,"close"
"4235-3",0,0,2,1,0,39,1,1476490401362,"true",0,0,"far"
"4235-3",0,0,2,1,0,38,1,1476490382220,"true",0,0,"far"
"4235-3",0,1,1,0,1,11,0,1476489738895,"true",0,1,"close"
"4235-3",1,0,0,0,2,10,0,1476489725279,"true",1,0,"close"
"4235-3",1,0,2,0,2,13,1,1476489801797,"false",0,0,"split"
"4235-3",1,0,1,0,2,12,0,1476489754140,"true",0,1,"far"
"4235-3",1,0,1,0,2,15,0,1476489857954,"true",0,1,"split"
"4235-3",1,0,2,0,2,48,1,1476490534002,"true",0,0,"split"
"4235-3",0,1,2,0,1,17,1,1476489891630,"true",0,0,"close"
"4235-3",1,0,2,0,2,16,1,1476489870626,"true",0,0,"far"
"4235-3",1,0,1,0,2,19,0,1476489919736,"true",0,1,"split"
"4235-3",1,0,2,0,2,18,1,1476489904386,"true",0,0,"far"
"4235-3",0,0,1,1,0,31,0,1476490199922,"true",0,1,"far"
"4235-3",1,0,0,0,2,30,0,1476490175422,"true",1,0,"split"
"4235-3",0,0,1,1,0,37,0,1476490369838,"true",0,1,"far"
"4235-3",0,0,1,1,0,36,0,1476490341919,"true",0,1,"split"
"4235-3",0,1,2,0,1,35,1,1476490309112,"true",0,0,"far"
"4235-3",1,0,2,0,2,34,1,1476490286254,"true",0,0,"close"
"4235-3",0,1,2,0,1,33,1,1476490253022,"true",0,0,"split"
"4235-3",1,0,1,0,2,32,0,1476490230643,"true",0,1,"close"
"4235-3",0,1,1,0,1,50,0,1476490573467,"true",0,1,"close"
