"gameid","sClicked_2","sClicked_1","lClickedIndex","sClicked_0","sClickedIndex","roundNum","lClicked_2","time","outcome","lClicked_0","lClicked_1","condition"
"4261-9",0,0,0,1,0,42,0,1476495940467,"true",1,0,"far"
"4261-9",0,0,2,1,0,48,1,1476496016915,"true",0,0,"split"
"4261-9",0,0,0,1,0,43,0,1476495953149,"true",1,0,"split"
"4261-9",0,1,0,0,1,49,0,1476496051982,"true",1,0,"far"
"4261-9",1,0,2,0,2,24,1,1476495681497,"true",0,0,"close"
"4261-9",0,1,1,0,1,25,0,1476495693025,"true",0,1,"split"
"4261-9",1,0,2,0,2,26,1,1476495706517,"false",0,0,"close"
"4261-9",0,1,1,0,1,27,0,1476495720981,"true",0,1,"close"
"4261-9",0,1,0,0,1,20,0,1476495632884,"true",1,0,"split"
"4261-9",1,0,2,0,2,21,1,1476495655022,"false",0,0,"far"
"4261-9",1,0,1,0,2,22,0,1476495664052,"true",0,1,"far"
"4261-9",0,0,0,1,0,23,0,1476495673258,"true",1,0,"far"
"4261-9",0,1,2,0,1,46,1,1476495994017,"true",0,0,"close"
"4261-9",0,1,0,0,1,47,0,1476496004794,"false",1,0,"split"
"4261-9",0,0,2,1,0,44,1,1476495968238,"true",0,0,"close"
"4261-9",0,0,1,1,0,45,0,1476495981447,"true",0,1,"far"
"4261-9",0,0,0,1,0,28,0,1476495747079,"true",1,0,"close"
"4261-9",0,0,2,1,0,29,1,1476495758297,"false",0,0,"close"
"4261-9",1,0,1,0,2,40,0,1476495913024,"true",0,1,"far"
"4261-9",0,1,1,0,1,41,0,1476495928450,"true",0,1,"split"
"4261-9",0,1,2,0,1,1,1,1476495378492,"true",0,0,"far"
"4261-9",0,0,1,1,0,3,0,1476495421744,"false",0,1,"split"
"4261-9",0,1,1,0,1,2,0,1476495408189,"true",0,1,"split"
"4261-9",0,1,1,0,1,5,0,1476495440522,"true",0,1,"split"
"4261-9",0,0,1,1,0,4,0,1476495432912,"true",0,1,"close"
"4261-9",0,0,1,1,0,7,0,1476495456835,"true",0,1,"far"
"4261-9",0,1,2,0,1,6,1,1476495449330,"true",0,0,"far"
"4261-9",0,0,2,1,0,9,1,1476495478221,"true",0,0,"far"
"4261-9",1,0,1,0,2,8,0,1476495468343,"true",0,1,"far"
"4261-9",1,0,1,0,2,39,0,1476495896735,"true",0,1,"close"
"4261-9",0,0,2,1,0,38,1,1476495886384,"true",0,0,"close"
"4261-9",0,1,2,0,1,11,1,1476495492558,"true",0,0,"far"
"4261-9",0,0,1,1,0,10,0,1476495485165,"true",0,1,"far"
"4261-9",1,0,2,0,2,13,1,1476495516569,"true",0,0,"far"
"4261-9",0,0,0,1,0,12,0,1476495506080,"true",1,0,"close"
"4261-9",0,0,1,1,0,15,0,1476495553164,"true",0,1,"close"
"4261-9",0,1,2,0,1,14,1,1476495537043,"true",0,0,"split"
"4261-9",0,1,1,0,1,17,0,1476495592201,"false",0,1,"close"
"4261-9",1,0,0,0,2,16,0,1476495567862,"true",1,0,"close"
"4261-9",1,0,0,0,2,19,0,1476495616140,"false",1,0,"split"
"4261-9",1,0,2,0,2,18,1,1476495606643,"true",0,0,"close"
"4261-9",1,0,2,0,2,31,1,1476495781908,"true",0,0,"split"
"4261-9",1,0,1,0,2,30,0,1476495766699,"true",0,1,"far"
"4261-9",0,1,2,0,1,37,1,1476495874749,"false",0,0,"far"
"4261-9",1,0,2,0,2,36,1,1476495853403,"false",0,0,"split"
"4261-9",0,0,2,1,0,35,1,1476495838425,"true",0,0,"split"
"4261-9",0,1,0,0,1,34,0,1476495815952,"true",1,0,"close"
"4261-9",0,0,0,1,0,33,0,1476495804941,"true",1,0,"split"
"4261-9",0,0,0,1,0,32,0,1476495795981,"true",1,0,"close"
"4261-9",0,1,1,0,1,50,0,1476496061127,"true",0,1,"split"
