"gameid","sClicked_2","sClicked_1","lClickedIndex","sClicked_0","sClickedIndex","roundNum","lClicked_2","time","outcome","lClicked_0","lClicked_1","condition"
"4285-1",1,0,1,0,2,48,0,1476500935753,"true",0,1,"far"
"4285-1",0,1,1,0,1,43,0,1476500820574,"true",0,1,"far"
"4285-1",0,0,0,1,0,49,0,1476500948668,"true",1,0,"far"
"4285-1",0,1,1,0,1,24,0,1476500491575,"true",0,1,"close"
"4285-1",0,0,0,1,0,25,0,1476500500363,"true",1,0,"split"
"4285-1",1,0,2,0,2,26,1,1476500508053,"true",0,0,"far"
"4285-1",1,0,0,0,2,27,0,1476500525880,"false",1,0,"close"
"4285-1",1,0,2,0,2,20,1,1476500364199,"true",0,0,"split"
"4285-1",0,0,2,1,0,21,1,1476500427529,"true",0,0,"close"
"4285-1",0,1,2,0,1,22,1,1476500448343,"true",0,0,"close"
"4285-1",0,1,2,0,1,23,1,1476500459749,"true",0,0,"split"
"4285-1",0,0,2,1,0,46,1,1476500917685,"true",0,0,"close"
"4285-1",0,1,2,0,1,47,1,1476500927695,"true",0,0,"close"
"4285-1",0,1,1,0,1,44,0,1476500845083,"true",0,1,"close"
"4285-1",0,1,1,0,1,45,0,1476500856840,"true",0,1,"split"
"4285-1",0,0,2,1,0,28,1,1476500552041,"true",0,0,"far"
"4285-1",0,1,1,0,1,29,0,1476500567484,"true",0,1,"split"
"4285-1",1,0,2,0,2,40,1,1476500754523,"true",0,0,"far"
"4285-1",1,0,2,0,2,41,1,1476500765556,"true",0,0,"far"
"4285-1",1,0,1,0,2,1,0,1476500005336,"true",0,1,"close"
"4285-1",0,1,1,0,1,3,0,1476500034894,"true",0,1,"close"
"4285-1",0,1,2,0,1,2,1,1476500014560,"true",0,0,"far"
"4285-1",0,1,2,0,1,5,1,1476500055063,"true",0,0,"far"
"4285-1",0,0,1,1,0,4,0,1476500045980,"true",0,1,"far"
"4285-1",1,0,2,0,2,7,1,1476500079876,"true",0,0,"split"
"4285-1",0,1,1,0,1,6,0,1476500064854,"true",0,1,"far"
"4285-1",0,0,1,1,0,9,0,1476500121128,"true",0,1,"far"
"4285-1",0,1,0,0,1,8,0,1476500109939,"true",1,0,"close"
"4285-1",0,0,1,1,0,39,0,1476500737053,"true",0,1,"close"
"4285-1",0,0,2,1,0,38,1,1476500723560,"true",0,0,"split"
"4285-1",0,1,1,0,1,11,0,1476500204245,"true",0,1,"split"
"4285-1",1,0,1,0,2,10,0,1476500159935,"true",0,1,"close"
"4285-1",0,0,2,1,0,13,1,1476500234933,"true",0,0,"split"
"4285-1",0,1,2,0,1,12,1,1476500226804,"true",0,0,"close"
"4285-1",0,0,1,1,0,15,0,1476500252088,"true",0,1,"split"
"4285-1",0,1,0,0,1,14,0,1476500244240,"true",1,0,"split"
"4285-1",0,0,0,1,0,17,0,1476500300789,"true",1,0,"split"
"4285-1",1,0,1,0,2,16,0,1476500287974,"true",0,1,"split"
"4285-1",1,0,1,0,2,19,0,1476500346584,"true",0,1,"close"
"4285-1",0,1,0,0,1,18,0,1476500338351,"true",1,0,"close"
"4285-1",1,0,1,0,2,31,0,1476500598566,"true",0,1,"far"
"4285-1",1,0,0,0,2,30,0,1476500580865,"true",1,0,"split"
"4285-1",0,1,0,0,1,37,0,1476500716965,"true",1,0,"far"
"4285-1",1,0,1,0,2,36,0,1476500698524,"true",0,1,"split"
"4285-1",1,0,2,0,2,35,1,1476500679323,"true",0,0,"split"
"4285-1",0,0,1,1,0,34,0,1476500654120,"true",0,1,"close"
"4285-1",0,0,0,1,0,33,0,1476500641499,"true",1,0,"far"
"4285-1",0,0,1,1,0,32,0,1476500620471,"true",0,1,"split"
"4285-1",1,0,0,0,2,50,0,1476500966669,"true",1,0,"far"
