"gameid","sClicked_2","sClicked_1","lClickedIndex","sClicked_0","sClickedIndex","roundNum","lClicked_2","time","outcome","lClicked_0","lClicked_1","condition"
"4285-a",0,1,2,0,1,42,1,1476992704705,"true",0,0,"split"
"4285-a",0,0,1,1,0,48,0,1476992806118,"true",0,1,"split"
"4285-a",1,0,0,0,2,43,0,1476992712746,"true",1,0,"far"
"4285-a",0,0,1,1,0,49,0,1476992815136,"true",0,1,"far"
"4285-a",0,1,0,0,1,24,0,1476992464967,"true",1,0,"split"
"4285-a",0,0,2,1,0,25,1,1476992473558,"true",0,0,"far"
"4285-a",1,0,0,0,2,26,0,1476992486995,"false",1,0,"split"
"4285-a",1,0,2,0,2,27,1,1476992495713,"true",0,0,"far"
"4285-a",1,0,0,0,2,20,0,1476992390705,"true",1,0,"far"
"4285-a",0,0,2,1,0,21,1,1476992398777,"true",0,0,"far"
"4285-a",1,0,1,0,2,22,0,1476992415434,"false",0,1,"split"
"4285-a",1,0,1,0,2,23,0,1476992446845,"true",0,1,"split"
"4285-a",1,0,1,0,2,46,0,1476992781252,"true",0,1,"close"
"4285-a",0,1,1,0,1,47,0,1476992791463,"true",0,1,"split"
"4285-a",1,0,2,0,2,44,1,1476992734551,"false",0,0,"close"
"4285-a",1,0,2,0,2,45,1,1476992758621,"true",0,0,"split"
"4285-a",1,0,2,0,2,28,1,1476992509985,"true",0,0,"close"
"4285-a",0,0,1,1,0,29,0,1476992535011,"true",0,1,"far"
"4285-a",1,0,2,0,2,40,1,1476992674648,"true",0,0,"close"
"4285-a",0,1,0,0,1,41,0,1476992684119,"true",1,0,"far"
"4285-a",0,1,0,0,1,1,0,1476992081750,"true",1,0,"close"
"4285-a",1,0,1,0,2,3,0,1476992137270,"true",0,1,"split"
"4285-a",1,0,1,0,2,2,0,1476992108067,"true",0,1,"split"
"4285-a",1,0,0,0,2,5,0,1476992174409,"true",1,0,"close"
"4285-a",0,0,1,1,0,4,0,1476992146940,"true",0,1,"far"
"4285-a",0,1,1,0,1,7,0,1476992200714,"false",0,1,"split"
"4285-a",0,0,2,1,0,6,1,1476992183095,"true",0,0,"far"
"4285-a",1,0,2,0,2,9,1,1476992218703,"true",0,0,"split"
"4285-a",0,1,0,0,1,8,0,1476992209991,"true",1,0,"far"
"4285-a",0,1,1,0,1,39,0,1476992658612,"false",0,1,"close"
"4285-a",0,1,0,0,1,38,0,1476992642324,"true",1,0,"far"
"4285-a",0,0,1,1,0,11,0,1476992252371,"true",0,1,"split"
"4285-a",0,1,2,0,1,10,1,1476992233497,"true",0,0,"split"
"4285-a",0,0,2,1,0,13,1,1476992289369,"true",0,0,"close"
"4285-a",0,1,0,0,1,12,0,1476992261827,"true",1,0,"far"
"4285-a",0,0,1,1,0,15,0,1476992321304,"true",0,1,"split"
"4285-a",0,1,2,0,1,14,1,1476992305661,"true",0,0,"close"
"4285-a",0,1,0,0,1,17,0,1476992340934,"true",1,0,"far"
"4285-a",1,0,0,0,2,16,0,1476992331498,"true",1,0,"far"
"4285-a",0,0,2,1,0,19,1,1476992373396,"true",0,0,"far"
"4285-a",1,0,0,0,2,18,0,1476992362679,"true",1,0,"close"
"4285-a",1,0,2,0,2,31,1,1476992557904,"true",0,0,"far"
"4285-a",0,0,0,1,0,30,0,1476992549913,"true",1,0,"close"
"4285-a",1,0,1,0,2,37,0,1476992634630,"true",0,1,"close"
"4285-a",1,0,1,0,2,36,0,1476992615097,"true",0,1,"close"
"4285-a",0,0,0,1,0,35,0,1476992604176,"true",1,0,"split"
"4285-a",1,0,2,0,2,34,1,1476992592035,"true",0,0,"split"
"4285-a",1,0,1,0,2,33,0,1476992582618,"true",0,1,"close"
"4285-a",0,1,2,0,1,32,1,1476992568195,"true",0,0,"close"
"4285-a",1,0,0,0,2,50,0,1476992831674,"true",1,0,"close"
