"gameid","sClicked_2","sClicked_1","lClickedIndex","sClicked_0","sClickedIndex","roundNum","lClicked_2","time","outcome","lClicked_0","lClicked_1","condition"
"4302-e",1,0,0,0,2,42,0,1476995427262,"true",1,0,"close"
"4302-e",1,0,0,0,2,48,0,1476995534664,"true",1,0,"close"
"4302-e",0,0,0,1,0,43,0,1476995435454,"true",1,0,"far"
"4302-e",1,0,0,0,2,49,0,1476995545998,"true",1,0,"far"
"4302-e",0,1,1,0,1,24,0,1476995021419,"true",0,1,"far"
"4302-e",0,1,1,0,1,25,0,1476995028312,"true",0,1,"far"
"4302-e",1,0,0,0,2,26,0,1476995041830,"true",1,0,"split"
"4302-e",0,0,0,1,0,27,0,1476995052303,"true",1,0,"far"
"4302-e",0,0,1,1,0,20,0,1476994975212,"true",0,1,"split"
"4302-e",0,1,0,0,1,21,0,1476994986477,"true",1,0,"far"
"4302-e",1,0,1,0,2,22,0,1476994995567,"true",0,1,"split"
"4302-e",1,0,0,0,2,23,0,1476995012877,"true",1,0,"close"
"4302-e",0,1,0,0,1,46,0,1476995508890,"true",1,0,"split"
"4302-e",0,1,0,0,1,47,0,1476995519945,"true",1,0,"split"
"4302-e",0,1,2,0,1,44,1,1476995443952,"true",0,0,"far"
"4302-e",1,0,1,0,2,45,0,1476995458051,"true",0,1,"split"
"4302-e",0,0,2,1,0,28,1,1476995076671,"false",0,0,"close"
"4302-e",0,0,0,1,0,29,0,1476995084727,"true",1,0,"far"
"4302-e",0,0,2,1,0,40,1,1476995406447,"true",0,0,"close"
"4302-e",0,1,2,0,1,41,1,1476995416864,"true",0,0,"far"
"4302-e",0,1,1,0,1,1,0,1476994613628,"true",0,1,"close"
"4302-e",0,0,0,1,0,3,0,1476994643291,"true",1,0,"far"
"4302-e",0,1,1,0,1,2,0,1476994632068,"true",0,1,"split"
"4302-e",1,0,0,0,2,5,0,1476994704878,"true",1,0,"close"
"4302-e",0,0,1,1,0,4,0,1476994685462,"true",0,1,"split"
"4302-e",0,1,0,0,1,7,0,1476994727810,"true",1,0,"split"
"4302-e",0,0,2,1,0,6,1,1476994714468,"true",0,0,"far"
"4302-e",0,0,1,1,0,9,0,1476994749535,"false",0,1,"far"
"4302-e",0,0,0,1,0,8,0,1476994739294,"true",1,0,"split"
"4302-e",0,0,2,1,0,39,1,1476995394101,"true",0,0,"close"
"4302-e",0,0,0,1,0,38,0,1476995358158,"true",1,0,"split"
"4302-e",1,0,2,0,2,11,1,1476994791580,"true",0,0,"close"
"4302-e",0,1,0,0,1,10,0,1476994762324,"true",1,0,"far"
"4302-e",1,0,2,0,2,13,1,1476994811206,"true",0,0,"close"
"4302-e",1,0,1,0,2,12,0,1476994799766,"true",0,1,"far"
"4302-e",1,0,2,0,2,15,1,1476994848023,"false",0,0,"close"
"4302-e",0,0,2,1,0,14,1,1476994822656,"true",0,0,"split"
"4302-e",0,0,2,1,0,17,1,1476994900555,"true",0,0,"close"
"4302-e",0,1,2,0,1,16,1,1476994858599,"true",0,0,"split"
"4302-e",0,0,0,1,0,19,0,1476994964379,"true",1,0,"far"
"4302-e",1,0,0,0,2,18,0,1476994952972,"false",1,0,"close"
"4302-e",0,1,1,0,1,31,0,1476995114710,"true",0,1,"far"
"4302-e",0,1,1,0,1,30,0,1476995105699,"true",0,1,"close"
"4302-e",0,0,2,1,0,37,1,1476995279221,"true",0,0,"split"
"4302-e",0,1,0,0,1,36,0,1476995236506,"true",1,0,"close"
"4302-e",1,0,1,0,2,35,0,1476995223836,"true",0,1,"split"
"4302-e",0,0,2,1,0,34,1,1476995195184,"false",0,0,"split"
"4302-e",0,1,1,0,1,33,0,1476995155393,"true",0,1,"split"
"4302-e",0,0,0,1,0,32,0,1476995136682,"true",1,0,"close"
"4302-e",1,0,0,0,2,50,0,1476995584659,"true",1,0,"close"
