"gameid","sClicked_2","sClicked_1","lClickedIndex","sClicked_0","sClickedIndex","roundNum","lClicked_2","time","outcome","lClicked_0","lClicked_1","condition"
"4307-f",0,0,1,1,0,42,0,1476485276864,"true",0,1,"close"
"4307-f",0,0,2,1,0,48,1,1476485340000,"true",0,0,"split"
"4307-f",0,0,1,1,0,43,0,1476485285763,"true",0,1,"far"
"4307-f",0,1,1,0,1,49,0,1476485348514,"true",0,1,"close"
"4307-f",1,0,2,0,2,24,1,1476485051124,"true",0,0,"split"
"4307-f",0,0,2,1,0,25,1,1476485066569,"true",0,0,"close"
"4307-f",0,0,1,1,0,26,0,1476485088854,"false",0,1,"close"
"4307-f",0,1,2,0,1,27,1,1476485102639,"true",0,0,"far"
"4307-f",0,1,0,0,1,20,0,1476484915663,"true",1,0,"split"
"4307-f",1,0,1,0,2,21,0,1476484946814,"true",0,1,"close"
"4307-f",0,0,2,1,0,22,1,1476484969764,"true",0,0,"far"
"4307-f",1,0,0,0,2,23,0,1476485018273,"false",1,0,"split"
"4307-f",1,0,2,0,2,46,1,1476485316063,"false",0,0,"close"
"4307-f",1,0,0,0,2,47,0,1476485324913,"true",1,0,"far"
"4307-f",0,1,2,0,1,44,1,1476485294265,"false",0,0,"close"
"4307-f",0,0,0,1,0,45,0,1476485302935,"false",1,0,"far"
"4307-f",0,1,1,0,1,28,0,1476485119423,"true",0,1,"split"
"4307-f",0,1,1,0,1,29,0,1476485143172,"false",0,1,"close"
"4307-f",0,1,1,0,1,40,0,1476485256954,"true",0,1,"split"
"4307-f",0,1,2,0,1,41,1,1476485269844,"true",0,0,"close"
"4307-f",0,1,2,0,1,1,1,1476484585792,"false",0,0,"far"
"4307-f",0,0,1,1,0,3,0,1476484628905,"false",0,1,"close"
"4307-f",0,1,1,0,1,2,0,1476484612773,"true",0,1,"split"
"4307-f",0,1,1,0,1,5,0,1476484658114,"false",0,1,"far"
"4307-f",0,0,1,1,0,4,0,1476484643209,"true",0,1,"far"
"4307-f",1,0,0,0,2,7,0,1476484714313,"false",1,0,"close"
"4307-f",1,0,2,0,2,6,1,1476484674233,"true",0,0,"split"
"4307-f",1,0,0,0,2,9,0,1476484750570,"true",1,0,"far"
"4307-f",0,0,1,1,0,8,0,1476484741828,"true",0,1,"far"
"4307-f",1,0,0,0,2,39,0,1476485247731,"true",1,0,"split"
"4307-f",1,0,1,0,2,38,0,1476485239443,"false",0,1,"close"
"4307-f",0,0,1,1,0,11,0,1476484775511,"true",0,1,"close"
"4307-f",0,1,2,0,1,10,1,1476484763312,"true",0,0,"split"
"4307-f",1,0,2,0,2,13,1,1476484810183,"true",0,0,"far"
"4307-f",1,0,2,0,2,12,1,1476484802962,"true",0,0,"split"
"4307-f",0,1,1,0,1,15,0,1476484848163,"true",0,1,"close"
"4307-f",0,1,1,0,1,14,0,1476484817672,"true",0,1,"far"
"4307-f",0,0,1,1,0,17,0,1476484866124,"true",0,1,"split"
"4307-f",1,0,0,0,2,16,0,1476484858543,"true",1,0,"far"
"4307-f",1,0,2,0,2,19,1,1476484904602,"false",0,0,"split"
"4307-f",1,0,2,0,2,18,1,1476484882771,"false",0,0,"split"
"4307-f",0,0,1,1,0,31,0,1476485160348,"true",0,1,"far"
"4307-f",0,0,1,1,0,30,0,1476485153383,"true",0,1,"far"
"4307-f",0,0,0,1,0,37,0,1476485225993,"true",1,0,"split"
"4307-f",0,1,1,0,1,36,0,1476485208023,"false",0,1,"close"
"4307-f",0,1,2,0,1,35,1,1476485200735,"true",0,0,"split"
"4307-f",0,1,0,0,1,34,0,1476485194557,"true",1,0,"far"
"4307-f",0,1,2,0,1,33,1,1476485187420,"true",0,0,"far"
"4307-f",1,0,2,0,2,32,1,1476485176673,"true",0,0,"close"
"4307-f",1,0,0,0,2,50,0,1476485359933,"true",1,0,"close"
