"gameid","sClicked_2","sClicked_1","lClickedIndex","sClicked_0","sClickedIndex","roundNum","lClicked_2","time","outcome","lClicked_0","lClicked_1","condition"
"4314-7",0,1,0,0,1,42,0,1476496226733,"true",1,0,"close"
"4314-7",0,0,1,1,0,48,0,1476496328955,"true",0,1,"split"
"4314-7",0,0,1,1,0,43,0,1476496239045,"true",0,1,"far"
"4314-7",0,0,2,1,0,49,1,1476496362788,"true",0,0,"split"
"4314-7",0,0,1,1,0,24,0,1476495783036,"true",0,1,"far"
"4314-7",1,0,2,0,2,25,1,1476495827883,"true",0,0,"split"
"4314-7",1,0,1,0,2,26,0,1476495837330,"true",0,1,"far"
"4314-7",0,1,1,0,1,27,0,1476495846753,"true",0,1,"far"
"4314-7",0,0,1,1,0,20,0,1476495680134,"true",0,1,"far"
"4314-7",1,0,0,0,2,21,0,1476495739834,"true",1,0,"split"
"4314-7",1,0,0,0,2,22,0,1476495749039,"true",1,0,"far"
"4314-7",0,0,0,1,0,23,0,1476495774193,"true",1,0,"close"
"4314-7",0,1,2,0,1,46,1,1476496277788,"true",0,0,"split"
"4314-7",0,0,1,1,0,47,0,1476496290929,"true",0,1,"split"
"4314-7",0,1,2,0,1,44,1,1476496251620,"true",0,0,"close"
"4314-7",1,0,0,0,2,45,0,1476496268191,"true",1,0,"split"
"4314-7",1,0,1,0,2,28,0,1476495864962,"true",0,1,"close"
"4314-7",1,0,2,0,2,29,1,1476495884575,"true",0,0,"split"
"4314-7",0,1,0,0,1,40,0,1476496160630,"true",1,0,"close"
"4314-7",0,0,0,1,0,41,0,1476496173262,"true",1,0,"far"
"4314-7",0,1,1,0,1,1,0,1476495214875,"true",0,1,"close"
"4314-7",0,0,2,1,0,3,1,1476495240414,"true",0,0,"split"
"4314-7",0,0,2,1,0,2,1,1476495228076,"true",0,0,"far"
"4314-7",0,1,0,0,1,5,0,1476495280114,"false",1,0,"far"
"4314-7",1,0,0,0,2,4,0,1476495253512,"false",1,0,"split"
"4314-7",0,1,1,0,1,7,0,1476495301906,"true",0,1,"close"
"4314-7",0,0,2,1,0,6,1,1476495290934,"true",0,0,"far"
"4314-7",0,1,2,0,1,9,1,1476495421053,"false",0,0,"close"
"4314-7",0,1,1,0,1,8,0,1476495317784,"true",0,1,"close"
"4314-7",0,0,1,1,0,39,0,1476496145609,"true",0,1,"split"
"4314-7",0,1,2,0,1,38,1,1476496135671,"true",0,0,"split"
"4314-7",0,1,2,0,1,11,1,1476495452936,"true",0,0,"close"
"4314-7",0,1,0,0,1,10,0,1476495437371,"true",1,0,"split"
"4314-7",1,0,0,0,2,13,0,1476495560844,"true",1,0,"close"
"4314-7",0,1,1,0,1,12,0,1476495475277,"true",0,1,"close"
"4314-7",1,0,0,0,2,15,0,1476495583049,"true",1,0,"far"
"4314-7",1,0,0,0,2,14,0,1476495571777,"true",1,0,"far"
"4314-7",0,1,0,0,1,17,0,1476495621015,"true",1,0,"far"
"4314-7",0,0,1,1,0,16,0,1476495613332,"true",0,1,"far"
"4314-7",0,1,0,0,1,19,0,1476495652539,"true",1,0,"split"
"4314-7",0,0,1,1,0,18,0,1476495632421,"true",0,1,"split"
"4314-7",1,0,2,0,2,31,1,1476495920409,"false",0,0,"close"
"4314-7",0,0,1,1,0,30,0,1476495897994,"true",0,1,"close"
"4314-7",0,0,0,1,0,37,0,1476496105194,"true",1,0,"far"
"4314-7",1,0,0,0,2,36,0,1476496086029,"true",1,0,"close"
"4314-7",1,0,2,0,2,35,1,1476496028718,"true",0,0,"far"
"4314-7",1,0,2,0,2,34,1,1476496017616,"true",0,0,"far"
"4314-7",1,0,0,0,2,33,0,1476496008892,"true",1,0,"close"
"4314-7",0,1,0,0,1,32,0,1476495978044,"true",1,0,"close"
"4314-7",0,0,2,1,0,50,1,1476496426191,"true",0,0,"split"
