"gameid","sClicked_2","sClicked_1","lClickedIndex","sClicked_0","sClickedIndex","roundNum","lClicked_2","time","outcome","lClicked_0","lClicked_1","condition"
"4333-f",0,0,1,1,0,42,0,1476994765001,"true",0,1,"split"
"4333-f",1,0,2,0,2,48,1,1476994835356,"true",0,0,"split"
"4333-f",0,0,1,1,0,43,0,1476994783939,"true",0,1,"split"
"4333-f",0,0,2,1,0,49,1,1476994844312,"true",0,0,"far"
"4333-f",1,0,2,0,2,24,1,1476994521519,"true",0,0,"split"
"4333-f",0,0,2,1,0,25,1,1476994531417,"true",0,0,"far"
"4333-f",0,1,1,0,1,26,0,1476994547801,"true",0,1,"close"
"4333-f",0,0,1,1,0,27,0,1476994568508,"true",0,1,"close"
"4333-f",0,0,0,1,0,20,0,1476994477893,"true",1,0,"far"
"4333-f",1,0,2,0,2,21,1,1476994489033,"true",0,0,"close"
"4333-f",0,0,1,1,0,22,0,1476994501938,"true",0,1,"far"
"4333-f",0,1,0,0,1,23,0,1476994509663,"true",1,0,"far"
"4333-f",0,0,2,1,0,46,1,1476994812530,"true",0,0,"split"
"4333-f",1,0,1,0,2,47,0,1476994822406,"true",0,1,"close"
"4333-f",0,0,0,1,0,44,0,1476994792853,"true",1,0,"split"
"4333-f",1,0,2,0,2,45,1,1476994799666,"true",0,0,"far"
"4333-f",1,0,2,0,2,28,1,1476994580031,"true",0,0,"close"
"4333-f",0,1,0,0,1,29,0,1476994607666,"true",1,0,"split"
"4333-f",0,1,0,0,1,40,0,1476994741852,"true",1,0,"close"
"4333-f",0,1,1,0,1,41,0,1476994754508,"true",0,1,"far"
"4333-f",0,0,1,1,0,1,0,1476994204630,"false",0,1,"split"
"4333-f",0,1,1,0,1,3,0,1476994227631,"true",0,1,"split"
"4333-f",1,0,1,0,2,2,0,1476994218531,"true",0,1,"close"
"4333-f",0,1,2,0,1,5,1,1476994247766,"true",0,0,"split"
"4333-f",0,0,0,1,0,4,0,1476994235167,"true",1,0,"far"
"4333-f",1,0,0,0,2,7,0,1476994264742,"true",1,0,"close"
"4333-f",0,0,0,1,0,6,0,1476994256547,"true",1,0,"split"
"4333-f",0,0,2,1,0,9,1,1476994281265,"true",0,0,"close"
"4333-f",1,0,0,0,2,8,0,1476994271816,"true",1,0,"far"
"4333-f",0,0,1,1,0,39,0,1476994729164,"true",0,1,"close"
"4333-f",1,0,1,0,2,38,0,1476994721516,"true",0,1,"split"
"4333-f",0,0,0,1,0,11,0,1476994303045,"true",1,0,"split"
"4333-f",1,0,2,0,2,10,1,1476994291892,"true",0,0,"close"
"4333-f",0,0,0,1,0,13,0,1476994359020,"true",1,0,"far"
"4333-f",0,0,2,1,0,12,1,1476994344598,"false",0,0,"close"
"4333-f",0,1,2,0,1,15,1,1476994383820,"true",0,0,"split"
"4333-f",1,0,0,0,2,14,0,1476994373276,"true",1,0,"close"
"4333-f",0,0,0,1,0,17,0,1476994426175,"true",1,0,"close"
"4333-f",0,1,2,0,1,16,1,1476994404278,"true",0,0,"far"
"4333-f",0,0,0,1,0,19,0,1476994460287,"true",1,0,"split"
"4333-f",1,0,0,0,2,18,0,1476994440662,"true",1,0,"far"
"4333-f",0,1,1,0,1,31,0,1476994644005,"true",0,1,"close"
"4333-f",0,0,2,1,0,30,1,1476994615606,"true",0,0,"far"
"4333-f",1,0,1,0,2,37,0,1476994710399,"true",0,1,"far"
"4333-f",1,0,0,0,2,36,0,1476994701823,"true",1,0,"split"
"4333-f",0,1,2,0,1,35,1,1476994686437,"true",0,0,"far"
"4333-f",0,1,1,0,1,34,0,1476994678630,"true",0,1,"split"
"4333-f",0,0,1,1,0,33,0,1476994662642,"true",0,1,"close"
"4333-f",0,1,0,0,1,32,0,1476994653641,"true",1,0,"far"
"4333-f",0,0,0,1,0,50,0,1476994858425,"true",1,0,"close"
