"gameid","sClicked_2","sClicked_1","lClickedIndex","sClicked_0","sClickedIndex","roundNum","lClicked_2","time","outcome","lClicked_0","lClicked_1","condition"
"4339-d",0,1,2,0,1,42,1,1476994583192,"true",0,0,"split"
"4339-d",1,0,1,0,2,48,0,1476994647987,"true",0,1,"close"
"4339-d",1,0,1,0,2,43,0,1476994594310,"true",0,1,"far"
"4339-d",1,0,1,0,2,49,0,1476994659790,"true",0,1,"split"
"4339-d",1,0,2,0,2,24,1,1476994401633,"true",0,0,"split"
"4339-d",0,0,1,1,0,25,0,1476994411121,"true",0,1,"split"
"4339-d",0,1,1,0,1,26,0,1476994418496,"false",0,1,"far"
"4339-d",0,0,1,1,0,27,0,1476994429403,"true",0,1,"split"
"4339-d",0,0,2,1,0,20,1,1476994367701,"true",0,0,"close"
"4339-d",0,0,0,1,0,21,0,1476994375486,"true",1,0,"close"
"4339-d",1,0,2,0,2,22,1,1476994382167,"true",0,0,"far"
"4339-d",0,0,0,1,0,23,0,1476994388517,"true",1,0,"far"
"4339-d",0,1,0,0,1,46,0,1476994621725,"true",1,0,"split"
"4339-d",0,1,2,0,1,47,1,1476994631707,"true",0,0,"far"
"4339-d",0,1,1,0,1,44,0,1476994605721,"true",0,1,"close"
"4339-d",1,0,2,0,2,45,1,1476994613644,"true",0,0,"close"
"4339-d",0,1,1,0,1,28,0,1476994437760,"true",0,1,"close"
"4339-d",0,0,2,1,0,29,1,1476994444512,"true",0,0,"far"
"4339-d",0,1,0,0,1,40,0,1476994567731,"true",1,0,"far"
"4339-d",1,0,1,0,2,41,0,1476994574551,"true",0,1,"close"
"4339-d",0,0,0,1,0,1,0,1476994128690,"true",1,0,"close"
"4339-d",1,0,0,0,2,3,0,1476994149016,"true",1,0,"split"
"4339-d",1,0,2,0,2,2,1,1476994137806,"true",0,0,"far"
"4339-d",0,0,0,1,0,5,0,1476994191635,"false",1,0,"split"
"4339-d",0,1,1,0,1,4,0,1476994171805,"false",0,1,"close"
"4339-d",0,1,1,0,1,7,0,1476994207949,"true",0,1,"close"
"4339-d",0,1,2,0,1,6,1,1476994198927,"true",0,0,"far"
"4339-d",1,0,0,0,2,9,0,1476994225656,"true",1,0,"far"
"4339-d",0,1,0,0,1,8,0,1476994218385,"true",1,0,"split"
"4339-d",0,0,0,1,0,39,0,1476994559130,"true",1,0,"close"
"4339-d",0,0,1,1,0,38,0,1476994542799,"true",0,1,"split"
"4339-d",1,0,0,0,2,11,0,1476994239115,"true",1,0,"far"
"4339-d",1,0,2,0,2,10,1,1476994232896,"true",0,0,"split"
"4339-d",0,1,2,0,1,13,1,1476994285471,"true",0,0,"far"
"4339-d",0,1,0,0,1,12,0,1476994267137,"true",1,0,"close"
"4339-d",1,0,1,0,2,15,0,1476994299346,"true",0,1,"close"
"4339-d",1,0,2,0,2,14,1,1476994292705,"true",0,0,"far"
"4339-d",1,0,2,0,2,17,1,1476994339581,"true",0,0,"close"
"4339-d",1,0,1,0,2,16,0,1476994318129,"true",0,1,"split"
"4339-d",0,1,1,0,1,19,0,1476994355090,"true",0,1,"far"
"4339-d",1,0,1,0,2,18,0,1476994349044,"true",0,1,"far"
"4339-d",1,0,2,0,2,31,1,1476994466131,"true",0,0,"close"
"4339-d",1,0,1,0,2,30,0,1476994458075,"true",0,1,"close"
"4339-d",0,0,1,1,0,37,0,1476994528696,"true",0,1,"split"
"4339-d",0,1,0,0,1,36,0,1476994519211,"true",1,0,"split"
"4339-d",0,1,0,0,1,35,0,1476994500647,"true",1,0,"split"
"4339-d",0,1,0,0,1,34,0,1476994494571,"true",1,0,"close"
"4339-d",1,0,2,0,2,33,1,1476994485191,"true",0,0,"split"
"4339-d",1,0,1,0,2,32,0,1476994472460,"true",0,1,"far"
"4339-d",0,1,1,0,1,50,0,1476994669121,"true",0,1,"split"
