"gameid","sClicked_2","sClicked_1","lClickedIndex","sClicked_0","sClickedIndex","roundNum","lClicked_2","time","outcome","lClicked_0","lClicked_1","condition"
"4340-c",0,1,2,0,1,42,1,1476992933087,"false",0,0,"close"
"4340-c",0,0,1,1,0,48,0,1476992977675,"true",0,1,"split"
"4340-c",0,1,1,0,1,43,0,1476992939829,"true",0,1,"split"
"4340-c",1,0,0,0,2,49,0,1476992986324,"true",1,0,"close"
"4340-c",0,1,0,0,1,24,0,1476992766446,"true",1,0,"close"
"4340-c",0,0,0,1,0,25,0,1476992773149,"true",1,0,"split"
"4340-c",0,1,0,0,1,26,0,1476992778770,"true",1,0,"far"
"4340-c",0,1,2,0,1,27,1,1476992786984,"true",0,0,"far"
"4340-c",1,0,2,0,2,20,1,1476992734301,"true",0,0,"close"
"4340-c",0,1,0,0,1,21,0,1476992740393,"true",1,0,"far"
"4340-c",0,0,2,1,0,22,1,1476992747338,"true",0,0,"far"
"4340-c",0,0,0,1,0,23,0,1476992759450,"true",1,0,"split"
"4340-c",0,0,0,1,0,46,0,1476992963074,"true",1,0,"split"
"4340-c",0,0,2,1,0,47,1,1476992969657,"true",0,0,"close"
"4340-c",1,0,1,0,2,44,0,1476992948633,"true",0,1,"close"
"4340-c",0,1,2,0,1,45,1,1476992955110,"true",0,0,"far"
"4340-c",0,0,0,1,0,28,0,1476992800318,"false",1,0,"far"
"4340-c",0,1,1,0,1,29,0,1476992809163,"true",0,1,"split"
"4340-c",0,1,1,0,1,40,0,1476992905789,"true",0,1,"split"
"4340-c",1,0,1,0,2,41,0,1476992911911,"true",0,1,"far"
"4340-c",0,1,0,0,1,1,0,1476992542883,"false",1,0,"split"
"4340-c",0,1,2,0,1,3,1,1476992559716,"true",0,0,"split"
"4340-c",0,0,0,1,0,2,0,1476992552263,"true",1,0,"far"
"4340-c",1,0,1,0,2,5,0,1476992580389,"true",0,1,"close"
"4340-c",0,0,0,1,0,4,0,1476992569492,"true",1,0,"close"
"4340-c",0,0,2,1,0,7,1,1476992621024,"true",0,0,"split"
"4340-c",0,1,0,0,1,6,0,1476992592352,"true",1,0,"split"
"4340-c",0,0,1,1,0,9,0,1476992639399,"true",0,1,"close"
"4340-c",1,0,2,0,2,8,1,1476992628647,"true",0,0,"far"
"4340-c",0,0,2,1,0,39,1,1476992898331,"true",0,0,"close"
"4340-c",0,1,2,0,1,38,1,1476992889292,"true",0,0,"close"
"4340-c",1,0,2,0,2,11,1,1476992652166,"true",0,0,"far"
"4340-c",0,1,0,0,1,10,0,1476992645345,"true",1,0,"split"
"4340-c",0,1,1,0,1,13,0,1476992667701,"true",0,1,"far"
"4340-c",0,1,1,0,1,12,0,1476992660333,"true",0,1,"split"
"4340-c",1,0,1,0,2,15,0,1476992683336,"true",0,1,"split"
"4340-c",0,0,0,1,0,14,0,1476992675454,"true",1,0,"close"
"4340-c",0,1,2,0,1,17,1,1476992700171,"true",0,0,"far"
"4340-c",0,1,1,0,1,16,0,1476992691178,"false",0,1,"close"
"4340-c",1,0,0,0,2,19,0,1476992727808,"false",1,0,"close"
"4340-c",0,0,0,1,0,18,0,1476992706279,"true",1,0,"far"
"4340-c",0,1,1,0,1,31,0,1476992825755,"true",0,1,"split"
"4340-c",0,0,0,1,0,30,0,1476992818174,"true",1,0,"close"
"4340-c",0,0,1,1,0,37,0,1476992878323,"true",0,1,"far"
"4340-c",1,0,1,0,2,36,0,1476992869313,"true",0,1,"close"
"4340-c",1,0,0,0,2,35,0,1476992862638,"true",1,0,"far"
"4340-c",0,1,0,0,1,34,0,1476992856277,"true",1,0,"split"
"4340-c",0,0,1,1,0,33,0,1476992847296,"true",0,1,"split"
"4340-c",0,1,1,0,1,32,0,1476992838277,"true",0,1,"close"
"4340-c",1,0,1,0,2,50,0,1476992992433,"true",0,1,"far"
