"gameid","sClicked_2","sClicked_1","lClickedIndex","sClicked_0","sClickedIndex","roundNum","lClicked_2","time","outcome","lClicked_0","lClicked_1","condition"
"4363-d",0,1,2,0,1,42,1,1476491103352,"true",0,0,"close"
"4363-d",0,0,2,1,0,48,1,1476491170117,"true",0,0,"far"
"4363-d",1,0,2,0,2,43,1,1476491110854,"true",0,0,"far"
"4363-d",0,1,1,0,1,49,0,1476491177020,"true",0,1,"far"
"4363-d",0,1,0,0,1,24,0,1476490837920,"true",1,0,"split"
"4363-d",1,0,1,0,2,25,0,1476490852206,"true",0,1,"close"
"4363-d",1,0,2,0,2,26,1,1476490860609,"true",0,0,"far"
"4363-d",0,0,0,1,0,27,0,1476490875962,"true",1,0,"split"
"4363-d",1,0,0,0,2,20,0,1476490789178,"true",1,0,"close"
"4363-d",0,1,2,0,1,21,1,1476490803125,"true",0,0,"split"
"4363-d",1,0,1,0,2,22,0,1476490813946,"true",0,1,"split"
"4363-d",0,0,1,1,0,23,0,1476490823930,"true",0,1,"far"
"4363-d",0,1,2,0,1,46,1,1476491153180,"true",0,0,"split"
"4363-d",0,1,1,0,1,47,0,1476491161092,"true",0,1,"split"
"4363-d",1,0,0,0,2,44,0,1476491118153,"true",1,0,"far"
"4363-d",1,0,0,0,2,45,0,1476491126104,"true",1,0,"split"
"4363-d",0,1,1,0,1,28,0,1476490893513,"true",0,1,"close"
"4363-d",1,0,2,0,2,29,1,1476490917851,"true",0,0,"close"
"4363-d",1,0,2,0,2,40,1,1476491081644,"false",0,0,"split"
"4363-d",0,0,2,1,0,41,1,1476491093080,"true",0,0,"far"
"4363-d",0,1,0,0,1,1,0,1476490501934,"true",1,0,"close"
"4363-d",0,0,1,1,0,3,0,1476490527295,"false",0,1,"split"
"4363-d",1,0,0,0,2,2,0,1476490515592,"true",1,0,"close"
"4363-d",1,0,2,0,2,5,1,1476490568168,"true",0,0,"close"
"4363-d",1,0,0,0,2,4,0,1476490551043,"true",1,0,"close"
"4363-d",0,1,0,0,1,7,0,1476490589119,"true",1,0,"close"
"4363-d",1,0,1,0,2,6,0,1476490577477,"false",0,1,"far"
"4363-d",0,0,2,1,0,9,1,1476490621776,"true",0,0,"close"
"4363-d",1,0,1,0,2,8,0,1476490602079,"true",0,1,"close"
"4363-d",0,0,0,1,0,39,0,1476491067218,"true",1,0,"split"
"4363-d",0,0,1,1,0,11,0,1476490646031,"true",0,1,"far"
"4363-d",0,0,2,1,0,10,1,1476490636394,"false",0,0,"split"
"4363-d",0,1,1,0,1,13,0,1476490666726,"true",0,1,"close"
"4363-d",0,1,2,0,1,12,1,1476490655518,"true",0,0,"close"
"4363-d",0,0,0,1,0,15,0,1476490712259,"true",1,0,"split"
"4363-d",1,0,0,0,2,14,0,1476490698205,"true",1,0,"split"
"4363-d",0,0,1,1,0,17,0,1476490735566,"true",0,1,"split"
"4363-d",0,1,1,0,1,16,0,1476490721708,"true",0,1,"far"
"4363-d",0,1,0,0,1,19,0,1476490776814,"true",1,0,"close"
"4363-d",0,1,1,0,1,18,0,1476490743878,"true",0,1,"far"
"4363-d",1,0,2,0,2,31,1,1476490943287,"true",0,0,"far"
"4363-d",0,0,1,1,0,30,0,1476490925403,"true",0,1,"far"
"4363-d",1,0,1,0,2,37,0,1476491009910,"true",0,1,"far"
"4363-d",1,0,0,0,2,36,0,1476491002498,"true",1,0,"split"
"4363-d",0,0,0,1,0,35,0,1476490988728,"true",1,0,"far"
"4363-d",0,0,1,1,0,34,0,1476490978694,"true",0,1,"far"
"4363-d",0,1,1,0,1,33,0,1476490968645,"true",0,1,"split"
"4363-d",0,1,2,0,1,32,1,1476490957909,"true",0,0,"close"
"4363-d",1,0,0,0,2,50,0,1476491187594,"true",1,0,"far"
