"gameid","sClicked_2","sClicked_1","lClickedIndex","sClicked_0","sClickedIndex","roundNum","lClicked_2","time","outcome","lClicked_0","lClicked_1","condition"
"4377-5",1,0,0,0,2,42,0,1476487430300,"true",1,0,"far"
"4377-5",0,0,0,1,0,48,0,1476487512354,"true",1,0,"far"
"4377-5",0,0,2,1,0,43,1,1476487440452,"true",0,0,"split"
"4377-5",0,1,1,0,1,49,0,1476487532395,"true",0,1,"close"
"4377-5",0,1,1,0,1,24,0,1476487196674,"true",0,1,"far"
"4377-5",0,1,2,0,1,25,1,1476487208458,"true",0,0,"far"
"4377-5",0,0,0,1,0,26,0,1476487217866,"true",1,0,"far"
"4377-5",1,0,2,0,2,27,1,1476487228474,"true",0,0,"close"
"4377-5",0,0,1,1,0,20,0,1476487125221,"true",0,1,"split"
"4377-5",0,1,0,0,1,21,0,1476487139803,"true",1,0,"split"
"4377-5",1,0,0,0,2,22,0,1476487150728,"true",1,0,"close"
"4377-5",1,0,1,0,2,23,0,1476487175072,"true",0,1,"far"
"4377-5",0,0,1,1,0,46,0,1476487490644,"true",0,1,"close"
"4377-5",0,0,1,1,0,47,0,1476487498836,"true",0,1,"split"
"4377-5",1,0,0,0,2,44,0,1476487454312,"false",1,0,"close"
"4377-5",0,1,0,0,1,45,0,1476487482146,"true",1,0,"split"
"4377-5",1,0,2,0,2,28,1,1476487240946,"true",0,0,"split"
"4377-5",1,0,0,0,2,29,0,1476487259732,"false",1,0,"far"
"4377-5",0,0,1,1,0,40,0,1476487402578,"true",0,1,"far"
"4377-5",0,0,1,1,0,41,0,1476487419708,"true",0,1,"close"
"4377-5",0,1,1,0,1,1,0,1476486772979,"true",0,1,"close"
"4377-5",0,0,0,1,0,3,0,1476486830935,"true",1,0,"close"
"4377-5",1,0,0,0,2,2,0,1476486797182,"true",1,0,"split"
"4377-5",0,0,0,1,0,5,0,1476486878021,"true",1,0,"split"
"4377-5",0,1,2,0,1,4,1,1476486860558,"false",0,0,"close"
"4377-5",0,1,1,0,1,7,0,1476486907820,"true",0,1,"split"
"4377-5",0,1,2,0,1,6,1,1476486889131,"true",0,0,"split"
"4377-5",0,1,2,0,1,9,1,1476486941954,"true",0,0,"close"
"4377-5",0,1,2,0,1,8,1,1476486930066,"true",0,0,"split"
"4377-5",0,1,1,0,1,39,0,1476487390051,"true",0,1,"far"
"4377-5",0,0,0,1,0,38,0,1476487379780,"true",1,0,"far"
"4377-5",0,1,0,0,1,11,0,1476486973504,"true",1,0,"far"
"4377-5",0,1,1,0,1,10,0,1476486956290,"true",0,1,"split"
"4377-5",1,0,1,0,2,13,0,1476487004554,"true",0,1,"close"
"4377-5",0,0,0,1,0,12,0,1476486988356,"true",1,0,"close"
"4377-5",1,0,1,0,2,15,0,1476487063005,"true",0,1,"split"
"4377-5",1,0,0,0,2,14,0,1476487044157,"false",1,0,"close"
"4377-5",1,0,2,0,2,17,1,1476487080675,"true",0,0,"far"
"4377-5",0,0,2,1,0,16,1,1476487072669,"true",0,0,"far"
"4377-5",0,0,2,1,0,19,1,1476487112073,"true",0,0,"split"
"4377-5",1,0,2,0,2,18,1,1476487099411,"false",0,0,"close"
"4377-5",1,0,1,0,2,31,0,1476487280291,"true",0,1,"far"
"4377-5",1,0,1,0,2,30,0,1476487267953,"true",0,1,"split"
"4377-5",1,0,0,0,2,37,0,1476487366147,"true",1,0,"split"
"4377-5",1,0,0,0,2,36,0,1476487350803,"true",1,0,"far"
"4377-5",0,0,2,1,0,35,1,1476487332783,"true",0,0,"close"
"4377-5",0,1,2,0,1,34,1,1476487312091,"true",0,0,"far"
"4377-5",0,0,1,1,0,33,0,1476487304133,"true",0,1,"far"
"4377-5",0,0,0,1,0,32,0,1476487294356,"true",1,0,"close"
"4377-5",0,0,2,1,0,50,1,1476487550146,"true",0,0,"split"
