"gameid","sClicked_2","sClicked_1","lClickedIndex","sClicked_0","sClickedIndex","roundNum","lClicked_2","time","outcome","lClicked_0","lClicked_1","condition"
"4380-e",0,0,0,1,0,42,0,1476989917075,"false",1,0,"split"
"4380-e",1,0,0,0,2,48,0,1476989992002,"true",1,0,"close"
"4380-e",0,0,2,1,0,43,1,1476989934201,"true",0,0,"close"
"4380-e",0,1,1,0,1,49,0,1476990026644,"true",0,1,"close"
"4380-e",0,1,1,0,1,24,0,1476989637977,"false",0,1,"close"
"4380-e",0,0,1,1,0,25,0,1476989654440,"true",0,1,"far"
"4380-e",0,0,1,1,0,26,0,1476989666469,"true",0,1,"far"
"4380-e",0,0,0,1,0,27,0,1476989680363,"true",1,0,"close"
"4380-e",0,0,1,1,0,20,0,1476989548405,"true",0,1,"split"
"4380-e",0,0,1,1,0,21,0,1476989584866,"false",0,1,"close"
"4380-e",0,1,0,0,1,22,0,1476989610431,"true",1,0,"close"
"4380-e",1,0,1,0,2,23,0,1476989622337,"true",0,1,"split"
"4380-e",1,0,2,0,2,46,1,1476989971022,"true",0,0,"close"
"4380-e",1,0,2,0,2,47,1,1476989978493,"true",0,0,"close"
"4380-e",0,1,1,0,1,44,0,1476989941516,"true",0,1,"split"
"4380-e",0,0,2,1,0,45,1,1476989954477,"true",0,0,"split"
"4380-e",0,1,0,0,1,28,0,1476989688142,"true",1,0,"far"
"4380-e",0,1,1,0,1,29,0,1476989694928,"true",0,1,"far"
"4380-e",1,0,1,0,2,40,0,1476989871398,"true",0,1,"close"
"4380-e",1,0,1,0,2,41,0,1476989877840,"true",0,1,"far"
"4380-e",0,1,2,0,1,1,1,1476989160792,"true",0,0,"split"
"4380-e",0,0,2,1,0,3,1,1476989208300,"true",0,0,"far"
"4380-e",0,0,2,1,0,2,1,1476989198512,"true",0,0,"close"
"4380-e",0,0,0,1,0,5,0,1476989239324,"true",1,0,"far"
"4380-e",1,0,0,0,2,4,0,1476989220509,"true",1,0,"split"
"4380-e",0,0,0,1,0,7,0,1476989299507,"true",1,0,"far"
"4380-e",0,0,1,1,0,6,0,1476989275305,"true",0,1,"close"
"4380-e",1,0,0,0,2,9,0,1476989377448,"true",1,0,"far"
"4380-e",0,1,2,0,1,8,1,1476989363368,"true",0,0,"close"
"4380-e",0,0,0,1,0,39,0,1476989857353,"true",1,0,"close"
"4380-e",0,1,0,0,1,38,0,1476989842966,"true",1,0,"far"
"4380-e",0,1,0,0,1,11,0,1476989400113,"true",1,0,"far"
"4380-e",0,1,2,0,1,10,1,1476989391029,"true",0,0,"far"
"4380-e",0,1,2,0,1,13,1,1476989436207,"true",0,0,"split"
"4380-e",1,0,2,0,2,12,1,1476989424132,"true",0,0,"far"
"4380-e",0,0,0,1,0,15,0,1476989471588,"true",1,0,"split"
"4380-e",1,0,0,0,2,14,0,1476989448148,"true",1,0,"far"
"4380-e",0,1,1,0,1,17,0,1476989511509,"true",0,1,"split"
"4380-e",1,0,0,0,2,16,0,1476989495268,"true",1,0,"split"
"4380-e",0,1,0,0,1,19,0,1476989532326,"true",1,0,"far"
"4380-e",0,1,2,0,1,18,1,1476989520988,"true",0,0,"split"
"4380-e",1,0,1,0,2,31,0,1476989725517,"true",0,1,"far"
"4380-e",0,0,2,1,0,30,1,1476989716801,"false",0,0,"close"
"4380-e",0,1,2,0,1,37,1,1476989815930,"true",0,0,"split"
"4380-e",0,0,2,1,0,36,1,1476989803666,"false",0,0,"split"
"4380-e",1,0,2,0,2,35,1,1476989785492,"true",0,0,"close"
"4380-e",0,0,0,1,0,34,0,1476989760333,"true",1,0,"far"
"4380-e",1,0,1,0,2,33,0,1476989751228,"true",0,1,"split"
"4380-e",1,0,1,0,2,32,0,1476989743497,"true",0,1,"split"
"4380-e",1,0,1,0,2,50,0,1476990037509,"true",0,1,"split"
