"gameid","sClicked_2","sClicked_1","lClickedIndex","sClicked_0","sClickedIndex","roundNum","lClicked_2","time","outcome","lClicked_0","lClicked_1","condition"
"4391-a",1,0,1,0,2,42,0,1477000517761,"true",0,1,"far"
"4391-a",0,0,2,1,0,48,1,1477000586748,"true",0,0,"close"
"4391-a",1,0,1,0,2,43,0,1477000523588,"true",0,1,"split"
"4391-a",0,1,0,0,1,49,0,1477000600717,"true",1,0,"far"
"4391-a",1,0,2,0,2,24,1,1477000269392,"true",0,0,"split"
"4391-a",0,1,0,0,1,25,0,1477000277706,"true",1,0,"split"
"4391-a",1,0,0,0,2,26,0,1477000294555,"true",1,0,"close"
"4391-a",1,0,1,0,2,27,0,1477000304453,"true",0,1,"split"
"4391-a",1,0,2,0,2,20,1,1477000234557,"true",0,0,"far"
"4391-a",1,0,1,0,2,21,0,1477000243867,"true",0,1,"far"
"4391-a",0,0,2,1,0,22,1,1477000255851,"true",0,0,"split"
"4391-a",0,1,0,0,1,23,0,1477000262323,"true",1,0,"far"
"4391-a",1,0,0,0,2,46,0,1477000559286,"true",1,0,"far"
"4391-a",0,1,0,0,1,47,0,1477000577840,"true",1,0,"close"
"4391-a",1,0,1,0,2,44,0,1477000545069,"true",0,1,"close"
"4391-a",0,0,0,1,0,45,0,1477000552379,"true",1,0,"split"
"4391-a",0,0,0,1,0,28,0,1477000318201,"true",1,0,"close"
"4391-a",0,1,0,0,1,29,0,1477000324322,"true",1,0,"far"
"4391-a",0,0,0,1,0,40,0,1477000505888,"true",1,0,"split"
"4391-a",0,1,2,0,1,41,1,1477000511941,"true",0,0,"split"
"4391-a",0,1,1,0,1,1,0,1477000011427,"true",0,1,"close"
"4391-a",0,0,0,1,0,3,0,1477000030424,"true",1,0,"split"
"4391-a",0,1,1,0,1,2,0,1477000018110,"true",0,1,"far"
"4391-a",0,1,0,0,1,5,0,1477000058872,"true",1,0,"split"
"4391-a",0,0,2,1,0,4,1,1477000044678,"true",0,0,"split"
"4391-a",1,0,2,0,2,7,1,1477000075314,"true",0,0,"close"
"4391-a",0,1,2,0,1,6,1,1477000065945,"true",0,0,"split"
"4391-a",0,1,2,0,1,9,1,1477000090615,"true",0,0,"close"
"4391-a",1,0,1,0,2,8,0,1477000083151,"true",0,1,"far"
"4391-a",0,0,1,1,0,39,0,1477000489443,"true",0,1,"far"
"4391-a",1,0,2,0,2,38,1,1477000475704,"true",0,0,"close"
"4391-a",0,0,0,1,0,11,0,1477000111585,"true",1,0,"far"
"4391-a",1,0,2,0,2,10,1,1477000105463,"true",0,0,"far"
"4391-a",0,0,1,1,0,13,0,1477000143342,"true",0,1,"close"
"4391-a",1,0,2,0,2,12,1,1477000120805,"true",0,0,"split"
"4391-a",0,1,0,0,1,15,0,1477000179532,"true",1,0,"close"
"4391-a",1,0,2,0,2,14,1,1477000158109,"true",0,0,"far"
"4391-a",0,0,1,1,0,17,0,1477000201541,"true",0,1,"split"
"4391-a",1,0,1,0,2,16,0,1477000187665,"true",0,1,"far"
"4391-a",0,1,2,0,1,19,1,1477000227597,"true",0,0,"close"
"4391-a",0,0,0,1,0,18,0,1477000216942,"true",1,0,"split"
"4391-a",0,0,0,1,0,31,0,1477000363056,"true",1,0,"close"
"4391-a",0,0,0,1,0,30,0,1477000348686,"false",1,0,"close"
"4391-a",1,0,1,0,2,37,0,1477000462910,"true",0,1,"close"
"4391-a",0,0,2,1,0,36,1,1477000440003,"true",0,0,"far"
"4391-a",0,1,0,0,1,35,0,1477000433454,"true",1,0,"far"
"4391-a",1,0,1,0,2,34,0,1477000422105,"true",0,1,"far"
"4391-a",0,0,0,1,0,33,0,1477000405045,"false",1,0,"close"
"4391-a",1,0,0,0,2,32,0,1477000373237,"true",1,0,"split"
"4391-a",0,0,1,1,0,50,0,1477000624147,"true",0,1,"close"
