"gameid","sClicked_2","sClicked_1","lClickedIndex","sClicked_0","sClickedIndex","roundNum","lClicked_2","time","outcome","lClicked_0","lClicked_1","condition"
"4449-1",1,0,0,0,2,42,0,1476493408532,"true",1,0,"close"
"4449-1",1,0,0,0,2,48,0,1476493494502,"true",1,0,"split"
"4449-1",0,0,1,1,0,43,0,1476493430211,"false",0,1,"close"
"4449-1",1,0,2,0,2,49,1,1476493504025,"false",0,0,"split"
"4449-1",0,0,1,1,0,24,0,1476493066248,"true",0,1,"split"
"4449-1",1,0,1,0,2,25,0,1476493077816,"true",0,1,"far"
"4449-1",0,1,1,0,1,26,0,1476493092751,"true",0,1,"split"
"4449-1",0,1,1,0,1,27,0,1476493162179,"true",0,1,"close"
"4449-1",1,0,2,0,2,20,1,1476493015690,"true",0,0,"close"
"4449-1",0,0,0,1,0,21,0,1476493029740,"false",1,0,"close"
"4449-1",0,0,1,1,0,22,0,1476493039749,"true",0,1,"far"
"4449-1",0,1,2,0,1,23,1,1476493051810,"true",0,0,"close"
"4449-1",0,1,2,0,1,46,1,1476493469273,"true",0,0,"split"
"4449-1",1,0,2,0,2,47,1,1476493484350,"true",0,0,"far"
"4449-1",0,0,1,1,0,44,0,1476493442132,"true",0,1,"far"
"4449-1",0,1,1,0,1,45,0,1476493460886,"true",0,1,"far"
"4449-1",1,0,1,0,2,28,0,1476493177813,"true",0,1,"split"
"4449-1",0,1,1,0,1,29,0,1476493188453,"true",0,1,"split"
"4449-1",0,1,0,0,1,40,0,1476493382446,"true",1,0,"far"
"4449-1",0,0,0,1,0,41,0,1476493390955,"true",1,0,"far"
"4449-1",0,1,0,0,1,1,0,1476492736241,"true",1,0,"far"
"4449-1",0,0,1,1,0,3,0,1476492789977,"false",0,1,"close"
"4449-1",0,1,0,0,1,2,0,1476492777571,"true",1,0,"close"
"4449-1",1,0,1,0,2,5,0,1476492819011,"true",0,1,"far"
"4449-1",0,0,2,1,0,4,1,1476492805003,"true",0,0,"split"
"4449-1",0,0,0,1,0,7,0,1476492842927,"false",1,0,"split"
"4449-1",1,0,2,0,2,6,1,1476492829605,"true",0,0,"far"
"4449-1",1,0,0,0,2,9,0,1476492867089,"true",1,0,"split"
"4449-1",0,1,0,0,1,8,0,1476492858860,"true",1,0,"split"
"4449-1",1,0,2,0,2,39,1,1476493372169,"true",0,0,"close"
"4449-1",1,0,1,0,2,38,0,1476493355342,"true",0,1,"split"
"4449-1",0,1,2,0,1,11,1,1476492889002,"true",0,0,"far"
"4449-1",0,0,2,1,0,10,1,1476492878518,"true",0,0,"far"
"4449-1",0,1,0,0,1,13,0,1476492915386,"true",1,0,"close"
"4449-1",0,0,2,1,0,12,1,1476492899804,"true",0,0,"split"
"4449-1",1,0,0,0,2,15,0,1476492937894,"true",1,0,"split"
"4449-1",1,0,0,0,2,14,0,1476492926960,"true",1,0,"split"
"4449-1",0,1,1,0,1,17,0,1476492966711,"false",0,1,"close"
"4449-1",1,0,1,0,2,16,0,1476492950753,"true",0,1,"far"
"4449-1",0,1,1,0,1,19,0,1476493000576,"true",0,1,"split"
"4449-1",0,1,2,0,1,18,1,1476492986613,"true",0,0,"close"
"4449-1",0,0,2,1,0,31,1,1476493226938,"true",0,0,"split"
"4449-1",1,0,0,0,2,30,0,1476493199176,"true",1,0,"far"
"4449-1",1,0,2,0,2,37,1,1476493342670,"true",0,0,"far"
"4449-1",0,1,0,0,1,36,0,1476493325467,"true",1,0,"close"
"4449-1",0,1,2,0,1,35,1,1476493312244,"false",0,0,"close"
"4449-1",1,0,1,0,2,34,0,1476493284150,"true",0,1,"close"
"4449-1",1,0,0,0,2,33,0,1476493265350,"true",1,0,"close"
"4449-1",0,1,0,0,1,32,0,1476493249026,"true",1,0,"close"
"4449-1",0,1,0,0,1,50,0,1476493515869,"true",1,0,"far"
