"gameid","sClicked_2","sClicked_1","lClickedIndex","sClicked_0","sClickedIndex","roundNum","lClicked_2","time","outcome","lClicked_0","lClicked_1","condition"
"4475-6",0,0,0,1,0,42,0,1476491888283,"true",1,0,"far"
"4475-6",0,1,2,0,1,48,1,1476491960068,"true",0,0,"close"
"4475-6",0,1,1,0,1,43,0,1476491902799,"true",0,1,"split"
"4475-6",1,0,2,0,2,49,1,1476491966870,"true",0,0,"split"
"4475-6",0,0,0,1,0,24,0,1476491734870,"true",1,0,"far"
"4475-6",0,1,0,0,1,25,0,1476491744886,"true",1,0,"far"
"4475-6",0,0,2,1,0,26,1,1476491752128,"true",0,0,"close"
"4475-6",1,0,0,0,2,27,0,1476491761837,"true",1,0,"split"
"4475-6",0,1,0,0,1,20,0,1476491706302,"true",1,0,"split"
"4475-6",1,0,0,0,2,21,0,1476491712373,"true",1,0,"split"
"4475-6",0,0,2,1,0,22,1,1476491719542,"true",0,0,"close"
"4475-6",0,0,2,1,0,23,1,1476491727542,"true",0,0,"far"
"4475-6",0,1,0,0,1,46,0,1476491927011,"true",1,0,"close"
"4475-6",0,0,0,1,0,47,0,1476491936749,"true",1,0,"close"
"4475-6",1,0,1,0,2,44,0,1476491910087,"true",0,1,"split"
"4475-6",0,0,0,1,0,45,0,1476491917861,"true",1,0,"split"
"4475-6",1,0,2,0,2,28,1,1476491768171,"true",0,0,"far"
"4475-6",0,0,1,1,0,29,0,1476491774459,"true",0,1,"far"
"4475-6",1,0,0,0,2,40,0,1476491872890,"true",1,0,"split"
"4475-6",0,1,0,0,1,41,0,1476491881301,"true",1,0,"close"
"4475-6",1,0,0,0,2,1,0,1476491475007,"true",1,0,"split"
"4475-6",1,0,0,0,2,3,0,1476491505449,"true",1,0,"split"
"4475-6",1,0,2,0,2,2,1,1476491491591,"true",0,0,"far"
"4475-6",0,1,2,0,1,5,1,1476491528113,"true",0,0,"close"
"4475-6",0,0,0,1,0,4,0,1476491515337,"true",1,0,"close"
"4475-6",1,0,2,0,2,7,1,1476491560818,"true",0,0,"far"
"4475-6",1,0,0,0,2,6,0,1476491541021,"true",1,0,"split"
"4475-6",0,1,1,0,1,9,0,1476491581124,"true",0,1,"far"
"4475-6",0,1,2,0,1,8,1,1476491573710,"true",0,0,"close"
"4475-6",0,0,2,1,0,39,1,1476491861471,"false",0,0,"close"
"4475-6",1,0,2,0,2,38,1,1476491848146,"true",0,0,"far"
"4475-6",1,0,0,0,2,11,0,1476491594567,"true",1,0,"far"
"4475-6",0,1,1,0,1,10,0,1476491589227,"true",0,1,"far"
"4475-6",0,0,2,1,0,13,1,1476491613084,"true",0,0,"split"
"4475-6",1,0,0,0,2,12,0,1476491602622,"true",1,0,"split"
"4475-6",0,0,0,1,0,15,0,1476491639990,"true",1,0,"split"
"4475-6",1,0,0,0,2,14,0,1476491622825,"true",1,0,"split"
"4475-6",0,1,2,0,1,17,1,1476491662866,"true",0,0,"close"
"4475-6",1,0,0,0,2,16,0,1476491652591,"false",1,0,"close"
"4475-6",0,0,2,1,0,19,1,1476491689777,"true",0,0,"close"
"4475-6",1,0,1,0,2,18,0,1476491673086,"true",0,1,"split"
"4475-6",0,0,0,1,0,31,0,1476491794772,"false",1,0,"close"
"4475-6",1,0,0,0,2,30,0,1476491782382,"true",1,0,"far"
"4475-6",0,1,1,0,1,37,0,1476491841217,"true",0,1,"close"
"4475-6",0,0,0,1,0,36,0,1476491833873,"true",1,0,"far"
"4475-6",1,0,0,0,2,35,0,1476491824246,"true",1,0,"far"
"4475-6",1,0,1,0,2,34,0,1476491818532,"true",0,1,"split"
"4475-6",0,0,2,1,0,33,1,1476491810926,"true",0,0,"close"
"4475-6",0,0,0,1,0,32,0,1476491802704,"true",1,0,"far"
"4475-6",0,1,0,0,1,50,0,1476491973157,"true",1,0,"far"
