"gameid","sClicked_2","sClicked_1","lClickedIndex","sClicked_0","sClickedIndex","roundNum","lClicked_2","time","outcome","lClicked_0","lClicked_1","condition"
"4478-9",1,0,2,0,2,42,1,1476502711273,"true",0,0,"far"
"4478-9",0,0,2,1,0,48,1,1476502818571,"false",0,0,"far"
"4478-9",0,0,1,1,0,43,0,1476502737188,"true",0,1,"split"
"4478-9",0,0,2,1,0,49,1,1476502831675,"true",0,0,"close"
"4478-9",0,0,2,1,0,24,1,1476502422833,"true",0,0,"split"
"4478-9",0,1,0,0,1,25,0,1476502433146,"true",1,0,"split"
"4478-9",1,0,2,0,2,26,1,1476502457145,"true",0,0,"far"
"4478-9",0,0,0,1,0,27,0,1476502470207,"true",1,0,"far"
"4478-9",1,0,2,0,2,20,1,1476502324512,"true",0,0,"split"
"4478-9",0,1,2,0,1,21,1,1476502341391,"true",0,0,"split"
"4478-9",0,0,1,1,0,22,0,1476502377577,"true",0,1,"close"
"4478-9",1,0,0,0,2,23,0,1476502398929,"true",1,0,"close"
"4478-9",1,0,1,0,2,46,0,1476502784099,"true",0,1,"far"
"4478-9",1,0,0,0,2,47,0,1476502807220,"true",1,0,"close"
"4478-9",0,0,2,1,0,44,1,1476502759262,"true",0,0,"split"
"4478-9",0,1,2,0,1,45,1,1476502774170,"true",0,0,"far"
"4478-9",0,0,2,1,0,28,1,1476502494554,"true",0,0,"far"
"4478-9",0,0,2,1,0,29,1,1476502513520,"true",0,0,"far"
"4478-9",0,1,0,0,1,40,0,1476502682723,"true",1,0,"far"
"4478-9",0,0,0,1,0,41,0,1476502698684,"true",1,0,"close"
"4478-9",0,1,2,0,1,1,1,1476501948326,"true",0,0,"far"
"4478-9",0,1,1,0,1,3,0,1476501979004,"true",0,1,"close"
"4478-9",0,0,2,1,0,2,1,1476501966628,"false",0,0,"close"
"4478-9",1,0,2,0,2,5,1,1476502001468,"true",0,0,"far"
"4478-9",1,0,1,0,2,4,0,1476501989573,"true",0,1,"close"
"4478-9",1,0,2,0,2,7,1,1476502041493,"true",0,0,"split"
"4478-9",0,1,1,0,1,6,0,1476502012302,"true",0,1,"split"
"4478-9",0,1,2,0,1,9,1,1476502108095,"true",0,0,"close"
"4478-9",0,0,2,1,0,8,1,1476502085877,"true",0,0,"close"
"4478-9",1,0,0,0,2,39,0,1476502673594,"true",1,0,"far"
"4478-9",0,0,1,1,0,38,0,1476502649948,"true",0,1,"split"
"4478-9",0,0,0,1,0,11,0,1476502149493,"true",1,0,"close"
"4478-9",0,0,1,1,0,10,0,1476502131311,"true",0,1,"close"
"4478-9",0,0,1,1,0,13,0,1476502203518,"true",0,1,"close"
"4478-9",0,1,1,0,1,12,0,1476502174583,"true",0,1,"split"
"4478-9",1,0,1,0,2,15,0,1476502241728,"true",0,1,"split"
"4478-9",0,0,0,1,0,14,0,1476502226255,"true",1,0,"close"
"4478-9",1,0,2,0,2,17,1,1476502262934,"true",0,0,"far"
"4478-9",0,1,1,0,1,16,0,1476502252344,"true",0,1,"far"
"4478-9",1,0,1,0,2,19,0,1476502295151,"true",0,1,"close"
"4478-9",1,0,0,0,2,18,0,1476502278551,"true",1,0,"split"
"4478-9",0,0,2,1,0,31,1,1476502572160,"true",0,0,"close"
"4478-9",0,0,0,1,0,30,0,1476502553617,"true",1,0,"close"
"4478-9",0,0,1,1,0,37,0,1476502631059,"true",0,1,"far"
"4478-9",1,0,1,0,2,36,0,1476502620809,"true",0,1,"split"
"4478-9",1,0,1,0,2,35,0,1476502611297,"true",0,1,"far"
"4478-9",1,0,2,0,2,34,1,1476502602779,"true",0,0,"far"
"4478-9",0,0,1,1,0,33,0,1476502591609,"true",0,1,"split"
"4478-9",1,0,1,0,2,32,0,1476502582138,"true",0,1,"split"
"4478-9",0,1,2,0,1,50,1,1476502861803,"true",0,0,"split"
