"gameid","sClicked_2","sClicked_1","lClickedIndex","sClicked_0","sClickedIndex","roundNum","lClicked_2","time","outcome","lClicked_0","lClicked_1","condition"
"4490-3",1,0,1,0,2,42,0,1476467527003,"false",0,1,"far"
"4490-3",1,0,1,0,2,48,0,1476467597140,"true",0,1,"close"
"4490-3",0,0,2,1,0,43,1,1476467535176,"true",0,0,"far"
"4490-3",0,1,1,0,1,49,0,1476467609299,"true",0,1,"close"
"4490-3",0,1,0,0,1,24,0,1476467297066,"false",1,0,"close"
"4490-3",0,1,2,0,1,25,1,1476467309107,"true",0,0,"close"
"4490-3",0,0,2,1,0,26,1,1476467320721,"true",0,0,"close"
"4490-3",1,0,1,0,2,27,0,1476467364802,"true",0,1,"split"
"4490-3",0,1,1,0,1,20,0,1476467240350,"true",0,1,"close"
"4490-3",0,1,1,0,1,21,0,1476467249351,"true",0,1,"close"
"4490-3",0,1,0,0,1,22,0,1476467265793,"true",1,0,"close"
"4490-3",0,1,0,0,1,23,0,1476467273681,"true",1,0,"far"
"4490-3",1,0,0,0,2,46,0,1476467578112,"true",1,0,"far"
"4490-3",0,1,0,0,1,47,0,1476467589562,"true",1,0,"split"
"4490-3",1,0,2,0,2,44,1,1476467543147,"true",0,0,"split"
"4490-3",1,0,2,0,2,45,1,1476467558167,"false",0,0,"split"
"4490-3",0,1,1,0,1,28,0,1476467378600,"true",0,1,"close"
"4490-3",0,1,2,0,1,29,1,1476467396392,"true",0,0,"split"
"4490-3",1,0,2,0,2,40,1,1476467508766,"false",0,0,"close"
"4490-3",0,0,2,1,0,41,1,1476467515664,"true",0,0,"far"
"4490-3",1,0,1,0,2,1,0,1476466911349,"true",0,1,"split"
"4490-3",0,0,1,1,0,3,0,1476466938655,"true",0,1,"close"
"4490-3",0,1,0,0,1,2,0,1476466927225,"true",1,0,"split"
"4490-3",0,1,2,0,1,5,1,1476466964061,"true",0,0,"far"
"4490-3",1,0,2,0,2,4,1,1476466953740,"true",0,0,"far"
"4490-3",1,0,1,0,2,7,0,1476467025647,"true",0,1,"close"
"4490-3",0,0,2,1,0,6,1,1476466981475,"false",0,0,"far"
"4490-3",0,1,1,0,1,9,0,1476467062658,"true",0,1,"split"
"4490-3",1,0,1,0,2,8,0,1476467043966,"true",0,1,"far"
"4490-3",1,0,1,0,2,39,0,1476467495302,"true",0,1,"split"
"4490-3",0,0,1,1,0,38,0,1476467483002,"true",0,1,"split"
"4490-3",0,1,1,0,1,11,0,1476467083405,"true",0,1,"far"
"4490-3",1,0,2,0,2,10,1,1476467074995,"true",0,0,"split"
"4490-3",0,0,2,1,0,13,1,1476467153760,"true",0,0,"close"
"4490-3",1,0,0,0,2,12,0,1476467091729,"true",1,0,"split"
"4490-3",1,0,2,0,2,15,1,1476467186468,"true",0,0,"split"
"4490-3",0,1,0,0,1,14,0,1476467168331,"true",1,0,"far"
"4490-3",0,0,0,1,0,17,0,1476467208836,"true",1,0,"split"
"4490-3",0,0,1,1,0,16,0,1476467195400,"true",0,1,"far"
"4490-3",1,0,0,0,2,19,0,1476467228993,"true",1,0,"split"
"4490-3",0,0,2,1,0,18,1,1476467216631,"true",0,0,"far"
"4490-3",0,1,0,0,1,31,0,1476467417154,"true",1,0,"close"
"4490-3",0,0,2,1,0,30,1,1476467404156,"true",0,0,"far"
"4490-3",0,0,2,1,0,37,1,1476467475435,"true",0,0,"far"
"4490-3",1,0,2,0,2,36,1,1476467468324,"true",0,0,"far"
"4490-3",0,1,0,0,1,35,0,1476467459716,"true",1,0,"split"
"4490-3",0,0,0,1,0,34,0,1476467450435,"true",1,0,"far"
"4490-3",1,0,2,0,2,33,1,1476467441740,"true",0,0,"split"
"4490-3",0,0,0,1,0,32,0,1476467425666,"true",1,0,"close"
"4490-3",1,0,2,0,2,50,1,1476467642617,"true",0,0,"close"
