"gameid","sClicked_2","sClicked_1","lClickedIndex","sClicked_0","sClickedIndex","roundNum","lClicked_2","time","outcome","lClicked_0","lClicked_1","condition"
"4503-8",0,1,0,0,1,42,0,1476469281499,"true",1,0,"far"
"4503-8",0,0,0,1,0,48,0,1476469363384,"true",1,0,"close"
"4503-8",0,1,1,0,1,43,0,1476469300922,"false",0,1,"split"
"4503-8",0,1,0,0,1,49,0,1476469374288,"true",1,0,"close"
"4503-8",1,0,0,0,2,24,0,1476469023304,"true",1,0,"close"
"4503-8",0,1,0,0,1,25,0,1476469040457,"true",1,0,"split"
"4503-8",0,0,2,1,0,26,1,1476469052396,"true",0,0,"close"
"4503-8",1,0,1,0,2,27,0,1476469063957,"true",0,1,"far"
"4503-8",0,0,2,1,0,20,1,1476468957427,"true",0,0,"far"
"4503-8",0,0,2,1,0,21,1,1476468976185,"true",0,0,"split"
"4503-8",0,1,1,0,1,22,0,1476468992665,"true",0,1,"close"
"4503-8",0,0,0,1,0,23,0,1476469005358,"true",1,0,"close"
"4503-8",0,1,1,0,1,46,0,1476469341569,"true",0,1,"split"
"4503-8",1,0,2,0,2,47,1,1476469354311,"true",0,0,"split"
"4503-8",0,1,1,0,1,44,0,1476469317186,"true",0,1,"far"
"4503-8",0,1,0,0,1,45,0,1476469331071,"true",1,0,"close"
"4503-8",0,1,1,0,1,28,0,1476469074399,"true",0,1,"split"
"4503-8",1,0,0,0,2,29,0,1476469119570,"true",1,0,"close"
"4503-8",0,0,1,1,0,40,0,1476469254436,"true",0,1,"far"
"4503-8",0,0,0,1,0,41,0,1476469271092,"true",1,0,"far"
"4503-8",1,0,2,0,2,1,1,1476468608700,"true",0,0,"far"
"4503-8",1,0,1,0,2,3,0,1476468646102,"true",0,1,"far"
"4503-8",1,0,0,0,2,2,0,1476468636471,"true",1,0,"far"
"4503-8",1,0,2,0,2,5,1,1476468679203,"true",0,0,"split"
"4503-8",0,0,1,1,0,4,0,1476468665015,"true",0,1,"far"
"4503-8",0,0,2,1,0,7,1,1476468704473,"true",0,0,"split"
"4503-8",1,0,1,0,2,6,0,1476468694653,"true",0,1,"close"
"4503-8",1,0,2,0,2,9,1,1476468792289,"true",0,0,"split"
"4503-8",0,0,2,1,0,8,1,1476468778853,"true",0,0,"close"
"4503-8",1,0,1,0,2,39,0,1476469246002,"true",0,1,"far"
"4503-8",0,1,0,0,1,38,0,1476469236763,"true",1,0,"split"
"4503-8",1,0,1,0,2,11,0,1476468823678,"true",0,1,"split"
"4503-8",0,0,1,1,0,10,0,1476468800907,"true",0,1,"far"
"4503-8",0,0,1,1,0,13,0,1476468865384,"false",0,1,"close"
"4503-8",1,0,0,0,2,12,0,1476468835359,"true",1,0,"split"
"4503-8",0,0,0,1,0,15,0,1476468897721,"true",1,0,"split"
"4503-8",1,0,0,0,2,14,0,1476468888807,"false",1,0,"close"
"4503-8",1,0,1,0,2,17,0,1476468924574,"true",0,1,"close"
"4503-8",0,0,2,1,0,16,1,1476468908640,"true",0,0,"far"
"4503-8",1,0,1,0,2,19,0,1476468948998,"true",0,1,"split"
"4503-8",1,0,0,0,2,18,0,1476468939421,"true",1,0,"close"
"4503-8",0,1,2,0,1,31,1,1476469142361,"true",0,0,"split"
"4503-8",0,1,1,0,1,30,0,1476469129563,"true",0,1,"split"
"4503-8",1,0,2,0,2,37,1,1476469228045,"true",0,0,"close"
"4503-8",0,0,0,1,0,36,0,1476469201623,"true",1,0,"split"
"4503-8",1,0,1,0,2,35,0,1476469190518,"true",0,1,"far"
"4503-8",0,0,1,1,0,34,0,1476469181149,"false",0,1,"close"
"4503-8",0,1,2,0,1,33,1,1476469165810,"true",0,0,"close"
"4503-8",0,1,0,0,1,32,0,1476469151076,"true",1,0,"far"
"4503-8",0,1,1,0,1,50,0,1476469402254,"true",0,1,"far"
