"gameid","sClicked_2","sClicked_1","lClickedIndex","sClicked_0","sClickedIndex","roundNum","lClicked_2","time","outcome","lClicked_0","lClicked_1","condition"
"4505-b",0,1,2,0,1,42,1,1476469625000,"true",0,0,"split"
"4505-b",1,0,1,0,2,48,0,1476469704835,"true",0,1,"far"
"4505-b",0,0,2,1,0,43,1,1476469643511,"true",0,0,"close"
"4505-b",0,1,1,0,1,49,0,1476469724396,"true",0,1,"close"
"4505-b",0,1,1,0,1,24,0,1476469286110,"true",0,1,"far"
"4505-b",1,0,1,0,2,25,0,1476469295657,"true",0,1,"far"
"4505-b",0,1,0,0,1,26,0,1476469312785,"true",1,0,"split"
"4505-b",0,0,0,1,0,27,0,1476469333804,"true",1,0,"close"
"4505-b",0,0,0,1,0,20,0,1476469202665,"true",1,0,"split"
"4505-b",0,0,1,1,0,21,0,1476469231553,"true",0,1,"close"
"4505-b",1,0,0,0,2,22,0,1476469268581,"true",1,0,"split"
"4505-b",0,0,0,1,0,23,0,1476469278420,"true",1,0,"split"
"4505-b",1,0,0,0,2,46,0,1476469680683,"true",1,0,"far"
"4505-b",1,0,0,0,2,47,0,1476469696274,"true",1,0,"far"
"4505-b",1,0,0,0,2,44,0,1476469653279,"true",1,0,"split"
"4505-b",0,1,2,0,1,45,1,1476469662995,"true",0,0,"close"
"4505-b",1,0,2,0,2,28,1,1476469379349,"true",0,0,"close"
"4505-b",0,1,2,0,1,29,1,1476469389895,"true",0,0,"split"
"4505-b",0,0,1,1,0,40,0,1476469595146,"true",0,1,"far"
"4505-b",0,1,1,0,1,41,0,1476469606203,"true",0,1,"close"
"4505-b",0,0,0,1,0,1,0,1476468880118,"true",1,0,"close"
"4505-b",0,0,2,1,0,3,1,1476468899841,"true",0,0,"far"
"4505-b",0,0,1,1,0,2,0,1476468890522,"true",0,1,"far"
"4505-b",0,0,1,1,0,5,0,1476468940267,"false",0,1,"split"
"4505-b",0,1,0,0,1,4,0,1476468909517,"true",1,0,"far"
"4505-b",0,0,1,1,0,7,0,1476468984250,"true",0,1,"split"
"4505-b",0,1,0,0,1,6,0,1476468969930,"true",1,0,"close"
"4505-b",0,1,0,0,1,9,0,1476469024390,"true",1,0,"far"
"4505-b",0,1,0,0,1,8,0,1476469014208,"false",1,0,"split"
"4505-b",0,1,2,0,1,39,1,1476469580393,"true",0,0,"close"
"4505-b",1,0,1,0,2,38,0,1476469570267,"true",0,1,"far"
"4505-b",0,0,2,1,0,11,1,1476469041137,"true",0,0,"far"
"4505-b",1,0,2,0,2,10,1,1476469033086,"true",0,0,"far"
"4505-b",1,0,2,0,2,13,1,1476469086588,"true",0,0,"close"
"4505-b",0,1,0,0,1,12,0,1476469072598,"true",1,0,"close"
"4505-b",0,0,2,1,0,15,1,1476469104511,"true",0,0,"far"
"4505-b",0,0,0,1,0,14,0,1476469094619,"true",1,0,"far"
"4505-b",0,1,2,0,1,17,1,1476469131786,"true",0,0,"far"
"4505-b",0,0,0,1,0,16,0,1476469123513,"true",1,0,"close"
"4505-b",0,1,2,0,1,19,1,1476469193927,"true",0,0,"split"
"4505-b",1,0,1,0,2,18,0,1476469148641,"true",0,1,"split"
"4505-b",0,1,2,0,1,31,1,1476469467135,"true",0,0,"close"
"4505-b",0,1,0,0,1,30,0,1476469404901,"true",1,0,"close"
"4505-b",1,0,1,0,2,37,0,1476469562778,"true",0,1,"far"
"4505-b",1,0,2,0,2,36,1,1476469551834,"true",0,0,"split"
"4505-b",0,1,0,0,1,35,0,1476469533570,"false",1,0,"close"
"4505-b",1,0,0,0,2,34,0,1476469510325,"true",1,0,"split"
"4505-b",0,1,1,0,1,33,0,1476469498525,"true",0,1,"split"
"4505-b",0,0,0,1,0,32,0,1476469485673,"true",1,0,"close"
"4505-b",1,0,1,0,2,50,0,1476469743182,"false",0,1,"split"
