"gameid","sClicked_2","sClicked_1","lClickedIndex","sClicked_0","sClickedIndex","roundNum","lClicked_2","time","outcome","lClicked_0","lClicked_1","condition"
"4517-7",1,0,0,0,2,42,0,1476469898827,"true",1,0,"close"
"4517-7",0,0,1,1,0,48,0,1476469954517,"true",0,1,"far"
"4517-7",0,0,1,1,0,43,0,1476469909157,"true",0,1,"split"
"4517-7",1,0,0,0,2,49,0,1476469969669,"true",1,0,"close"
"4517-7",0,0,2,1,0,24,1,1476469679079,"true",0,0,"far"
"4517-7",0,1,1,0,1,25,0,1476469687009,"true",0,1,"split"
"4517-7",0,1,2,0,1,26,1,1476469697928,"true",0,0,"close"
"4517-7",0,0,0,1,0,27,0,1476469711000,"true",1,0,"far"
"4517-7",1,0,1,0,2,20,0,1476469614582,"true",0,1,"split"
"4517-7",1,0,0,0,2,21,0,1476469629870,"true",1,0,"split"
"4517-7",0,0,1,1,0,22,0,1476469637943,"true",0,1,"far"
"4517-7",0,1,1,0,1,23,0,1476469667680,"false",0,1,"close"
"4517-7",1,0,0,0,2,46,0,1476469939020,"true",1,0,"far"
"4517-7",0,0,2,1,0,47,1,1476469946092,"true",0,0,"far"
"4517-7",0,0,0,1,0,44,0,1476469919308,"true",1,0,"close"
"4517-7",0,0,1,1,0,45,0,1476469928956,"true",0,1,"far"
"4517-7",0,0,2,1,0,28,1,1476469719641,"true",0,0,"split"
"4517-7",1,0,0,0,2,29,0,1476469739665,"true",1,0,"close"
"4517-7",0,0,0,1,0,40,0,1476469876875,"true",1,0,"close"
"4517-7",0,0,2,1,0,41,1,1476469884069,"true",0,0,"far"
"4517-7",1,0,2,0,2,1,1,1476469349340,"true",0,0,"close"
"4517-7",0,0,0,1,0,3,0,1476469369739,"false",1,0,"far"
"4517-7",0,0,1,1,0,2,0,1476469361018,"true",0,1,"split"
"4517-7",1,0,1,0,2,5,0,1476469403731,"true",0,1,"split"
"4517-7",0,1,1,0,1,4,0,1476469378938,"true",0,1,"far"
"4517-7",0,1,2,0,1,7,1,1476469429260,"false",0,0,"close"
"4517-7",1,0,2,0,2,6,1,1476469415555,"true",0,0,"split"
"4517-7",0,1,0,0,1,9,0,1476469456236,"true",1,0,"close"
"4517-7",0,0,0,1,0,8,0,1476469442979,"true",1,0,"far"
"4517-7",0,1,1,0,1,39,0,1476469859147,"true",0,1,"split"
"4517-7",0,0,0,1,0,38,0,1476469849579,"true",1,0,"split"
"4517-7",0,1,0,0,1,11,0,1476469508876,"true",1,0,"close"
"4517-7",0,0,2,1,0,10,1,1476469471900,"true",0,0,"split"
"4517-7",1,0,1,0,2,13,0,1476469535581,"true",0,1,"split"
"4517-7",0,1,1,0,1,12,0,1476469520509,"true",0,1,"far"
"4517-7",1,0,1,0,2,15,0,1476469554309,"true",0,1,"far"
"4517-7",1,0,2,0,2,14,1,1476469544788,"true",0,0,"split"
"4517-7",1,0,2,0,2,17,1,1476469573398,"true",0,0,"far"
"4517-7",0,0,0,1,0,16,0,1476469565262,"true",1,0,"split"
"4517-7",0,1,2,0,1,19,1,1476469601158,"true",0,0,"close"
"4517-7",0,0,1,1,0,18,0,1476469582614,"true",0,1,"split"
"4517-7",0,0,0,1,0,31,0,1476469755441,"true",1,0,"far"
"4517-7",0,1,0,0,1,30,0,1476469748689,"true",1,0,"far"
"4517-7",0,1,1,0,1,37,0,1476469839090,"true",0,1,"split"
"4517-7",0,0,2,1,0,36,1,1476469826146,"true",0,0,"split"
"4517-7",0,0,2,1,0,35,1,1476469816258,"false",0,0,"close"
"4517-7",0,1,2,0,1,34,1,1476469799962,"true",0,0,"close"
"4517-7",0,1,0,0,1,33,0,1476469776794,"true",1,0,"far"
"4517-7",1,0,0,0,2,32,0,1476469769713,"true",1,0,"close"
"4517-7",1,0,0,0,2,50,0,1476469988997,"true",1,0,"close"
