"gameid","sClicked_2","sClicked_1","lClickedIndex","sClicked_0","sClickedIndex","roundNum","lClicked_2","time","outcome","lClicked_0","lClicked_1","condition"
"4522-0",1,0,2,0,2,42,1,1459890589245,"true",0,0,"far"
"4522-0",0,1,1,0,1,48,0,1459890700736,"true",0,1,"split"
"4522-0",0,0,1,1,0,43,0,1459890597391,"true",0,1,"close"
"4522-0",0,0,2,1,0,49,1,1459890712998,"true",0,0,"split"
"4522-0",0,1,2,0,1,24,1,1459890325864,"true",0,0,"split"
"4522-0",0,0,1,1,0,25,0,1459890339699,"true",0,1,"split"
"4522-0",0,0,0,1,0,26,0,1459890352525,"true",1,0,"close"
"4522-0",0,1,0,0,1,27,0,1459890364113,"true",1,0,"far"
"4522-0",1,0,0,0,2,20,0,1459890291185,"true",1,0,"far"
"4522-0",0,0,2,1,0,21,1,1459890300673,"true",0,0,"close"
"4522-0",0,0,1,1,0,22,0,1459890310301,"true",0,1,"close"
"4522-0",0,0,1,1,0,23,0,1459890319070,"true",0,1,"split"
"4522-0",0,0,2,1,0,46,1,1459890665409,"true",0,0,"split"
"4522-0",0,0,0,1,0,47,0,1459890686272,"true",1,0,"close"
"4522-0",1,0,1,0,2,44,0,1459890623444,"true",0,1,"close"
"4522-0",0,1,0,0,1,45,0,1459890633578,"true",1,0,"split"
"4522-0",0,1,0,0,1,28,0,1459890372634,"true",1,0,"close"
"4522-0",0,0,1,1,0,29,0,1459890414348,"true",0,1,"close"
"4522-0",0,0,2,1,0,40,1,1459890552790,"true",0,0,"close"
"4522-0",0,0,1,1,0,41,0,1459890570959,"true",0,1,"close"
"4522-0",0,0,2,1,0,1,1,1459890037669,"true",0,0,"split"
"4522-0",1,0,1,0,2,3,0,1459890061593,"true",0,1,"split"
"4522-0",1,0,2,0,2,2,1,1459890049983,"true",0,0,"close"
"4522-0",0,0,2,1,0,5,1,1459890080117,"true",0,0,"far"
"4522-0",1,0,2,0,2,4,1,1459890070033,"true",0,0,"close"
"4522-0",1,0,1,0,2,7,0,1459890107068,"true",0,1,"far"
"4522-0",0,1,0,0,1,6,0,1459890092074,"true",1,0,"far"
"4522-0",0,1,2,0,1,9,1,1459890155225,"false",0,0,"close"
"4522-0",0,1,1,0,1,8,0,1459890117161,"true",0,1,"split"
"4522-0",0,0,2,1,0,39,1,1459890541348,"true",0,0,"far"
"4522-0",0,1,2,0,1,38,1,1459890532631,"true",0,0,"close"
"4522-0",0,1,0,0,1,11,0,1459890182213,"true",1,0,"far"
"4522-0",1,0,1,0,2,10,0,1459890172694,"true",0,1,"split"
"4522-0",0,0,1,1,0,13,0,1459890214649,"false",0,1,"split"
"4522-0",0,1,2,0,1,12,1,1459890199215,"false",0,0,"close"
"4522-0",1,0,1,0,2,15,0,1459890236070,"false",0,1,"close"
"4522-0",1,0,1,0,2,14,0,1459890222533,"true",0,1,"far"
"4522-0",0,0,1,1,0,17,0,1459890257242,"true",0,1,"split"
"4522-0",0,1,1,0,1,16,0,1459890246704,"false",0,1,"far"
"4522-0",0,0,0,1,0,19,0,1459890281199,"true",1,0,"close"
"4522-0",1,0,0,0,2,18,0,1459890264928,"true",1,0,"far"
"4522-0",0,1,0,0,1,31,0,1459890439462,"true",1,0,"far"
"4522-0",1,0,2,0,2,30,1,1459890428674,"true",0,0,"far"
"4522-0",0,0,0,1,0,37,0,1459890524147,"true",1,0,"far"
"4522-0",0,1,1,0,1,36,0,1459890513543,"true",0,1,"split"
"4522-0",0,0,0,1,0,35,0,1459890495133,"true",1,0,"far"
"4522-0",0,0,1,1,0,34,0,1459890487408,"true",0,1,"split"
"4522-0",0,0,0,1,0,33,0,1459890480033,"true",1,0,"far"
"4522-0",0,0,2,1,0,32,1,1459890472316,"true",0,0,"split"
"4522-0",0,0,0,1,0,50,0,1459890720648,"true",1,0,"split"
