"gameid","sClicked_2","sClicked_1","lClickedIndex","sClicked_0","sClickedIndex","roundNum","lClicked_2","time","outcome","lClicked_0","lClicked_1","condition"
"4544-5",0,0,0,1,0,42,0,1476478043192,"true",1,0,"split"
"4544-5",1,0,1,0,2,48,0,1476478116763,"true",0,1,"close"
"4544-5",0,0,1,1,0,43,0,1476478050736,"true",0,1,"far"
"4544-5",1,0,0,0,2,49,0,1476478124620,"true",1,0,"far"
"4544-5",1,0,0,0,2,24,0,1476477751238,"true",1,0,"far"
"4544-5",1,0,0,0,2,25,0,1476477758520,"true",1,0,"split"
"4544-5",0,0,1,1,0,26,0,1476477785308,"false",0,1,"split"
"4544-5",1,0,1,0,2,27,0,1476477794866,"true",0,1,"far"
"4544-5",0,0,0,1,0,20,0,1476477713928,"true",1,0,"far"
"4544-5",0,0,0,1,0,21,0,1476477722358,"true",1,0,"far"
"4544-5",0,0,2,1,0,22,1,1476477733920,"true",0,0,"split"
"4544-5",1,0,0,0,2,23,0,1476477743156,"true",1,0,"close"
"4544-5",0,0,0,1,0,46,0,1476478089795,"true",1,0,"split"
"4544-5",0,1,1,0,1,47,0,1476478097518,"true",0,1,"far"
"4544-5",0,0,2,1,0,44,1,1476478066453,"true",0,0,"close"
"4544-5",0,0,2,1,0,45,1,1476478082742,"false",0,0,"split"
"4544-5",0,0,0,1,0,28,0,1476477818971,"true",1,0,"far"
"4544-5",1,0,0,0,2,29,0,1476477847180,"false",1,0,"close"
"4544-5",1,0,0,0,2,40,0,1476478010691,"true",1,0,"far"
"4544-5",0,0,1,1,0,41,0,1476478033775,"true",0,1,"close"
"4544-5",1,0,1,0,2,1,0,1476477421596,"false",0,1,"close"
"4544-5",0,1,1,0,1,3,0,1476477457742,"true",0,1,"close"
"4544-5",0,0,2,1,0,2,1,1476477440585,"true",0,0,"split"
"4544-5",0,1,0,0,1,5,0,1476477472826,"true",1,0,"far"
"4544-5",0,1,0,0,1,4,0,1476477465352,"true",1,0,"far"
"4544-5",1,0,2,0,2,7,1,1476477514471,"true",0,0,"close"
"4544-5",0,1,0,0,1,6,0,1476477499770,"true",1,0,"close"
"4544-5",1,0,0,0,2,9,0,1476477557772,"true",1,0,"close"
"4544-5",1,0,1,0,2,8,0,1476477535702,"true",0,1,"split"
"4544-5",1,0,2,0,2,39,1,1476477998838,"true",0,0,"close"
"4544-5",0,0,0,1,0,38,0,1476477983900,"true",1,0,"close"
"4544-5",0,0,2,1,0,11,1,1476477581106,"true",0,0,"far"
"4544-5",0,1,0,0,1,10,0,1476477564951,"true",1,0,"split"
"4544-5",1,0,2,0,2,13,1,1476477604903,"true",0,0,"far"
"4544-5",1,0,2,0,2,12,1,1476477591387,"true",0,0,"far"
"4544-5",0,1,0,0,1,15,0,1476477639263,"true",1,0,"split"
"4544-5",0,0,2,1,0,14,1,1476477612718,"true",0,0,"split"
"4544-5",0,1,1,0,1,17,0,1476477692287,"true",0,1,"far"
"4544-5",0,1,2,0,1,16,1,1476477685208,"true",0,0,"close"
"4544-5",0,1,0,0,1,19,0,1476477707350,"true",1,0,"split"
"4544-5",1,0,2,0,2,18,1,1476477699687,"true",0,0,"far"
"4544-5",0,1,2,0,1,31,1,1476477865535,"true",0,0,"split"
"4544-5",1,0,0,0,2,30,0,1476477856656,"true",1,0,"split"
"4544-5",0,0,2,1,0,37,1,1476477969195,"true",0,0,"close"
"4544-5",0,1,1,0,1,36,0,1476477933642,"true",0,1,"close"
"4544-5",0,0,2,1,0,35,1,1476477920159,"true",0,0,"split"
"4544-5",0,1,0,0,1,34,0,1476477907161,"true",1,0,"close"
"4544-5",0,1,0,0,1,33,0,1476477887267,"true",1,0,"split"
"4544-5",0,1,2,0,1,32,1,1476477873100,"true",0,0,"far"
"4544-5",0,1,0,0,1,50,0,1476478140924,"false",1,0,"close"
