"gameid","sClicked_2","sClicked_1","lClickedIndex","sClicked_0","sClickedIndex","roundNum","lClicked_2","time","outcome","lClicked_0","lClicked_1","condition"
"4544-9",1,0,0,0,2,42,0,1476493892189,"true",1,0,"close"
"4544-9",0,0,1,1,0,48,0,1476494052801,"true",0,1,"split"
"4544-9",0,0,1,1,0,43,0,1476493903558,"true",0,1,"split"
"4544-9",0,1,1,0,1,49,0,1476494072977,"true",0,1,"far"
"4544-9",1,0,0,0,2,24,0,1476493474546,"true",1,0,"close"
"4544-9",1,0,1,0,2,25,0,1476493517366,"true",0,1,"split"
"4544-9",1,0,1,0,2,26,0,1476493552189,"true",0,1,"split"
"4544-9",0,0,0,1,0,27,0,1476493586100,"true",1,0,"split"
"4544-9",0,0,0,1,0,20,0,1476493371160,"true",1,0,"close"
"4544-9",0,1,1,0,1,21,0,1476493383641,"true",0,1,"split"
"4544-9",0,1,0,0,1,22,0,1476493426544,"true",1,0,"close"
"4544-9",1,0,2,0,2,23,1,1476493442804,"true",0,0,"far"
"4544-9",1,0,2,0,2,46,1,1476494005313,"true",0,0,"far"
"4544-9",0,0,0,1,0,47,0,1476494026752,"true",1,0,"split"
"4544-9",0,0,2,1,0,44,1,1476493933919,"true",0,0,"close"
"4544-9",0,1,0,0,1,45,0,1476493993901,"false",1,0,"close"
"4544-9",0,1,2,0,1,28,1,1476493597549,"true",0,0,"far"
"4544-9",0,1,1,0,1,29,0,1476493620511,"false",0,1,"close"
"4544-9",0,0,1,1,0,40,0,1476493842449,"true",0,1,"close"
"4544-9",0,0,1,1,0,41,0,1476493870345,"true",0,1,"split"
"4544-9",1,0,2,0,2,1,1,1476492966740,"true",0,0,"close"
"4544-9",0,1,1,0,1,3,0,1476493003460,"true",0,1,"split"
"4544-9",0,1,2,0,1,2,1,1476492984849,"false",0,0,"close"
"4544-9",0,0,0,1,0,5,0,1476493055848,"true",1,0,"far"
"4544-9",0,0,1,1,0,4,0,1476493027093,"true",0,1,"split"
"4544-9",1,0,0,0,2,7,0,1476493107904,"true",1,0,"split"
"4544-9",0,0,2,1,0,6,1,1476493090480,"false",0,0,"close"
"4544-9",0,0,0,1,0,9,0,1476493144584,"true",1,0,"far"
"4544-9",1,0,1,0,2,8,0,1476493134114,"false",0,1,"close"
"4544-9",0,1,1,0,1,39,0,1476493805952,"true",0,1,"close"
"4544-9",0,0,2,1,0,38,1,1476493778904,"true",0,0,"split"
"4544-9",1,0,0,0,2,11,0,1476493180465,"false",1,0,"split"
"4544-9",1,0,2,0,2,10,1,1476493161086,"true",0,0,"far"
"4544-9",0,1,2,0,1,13,1,1476493239017,"false",0,0,"far"
"4544-9",0,0,1,1,0,12,0,1476493197465,"false",0,1,"close"
"4544-9",0,1,0,0,1,15,0,1476493285568,"true",1,0,"far"
"4544-9",1,0,1,0,2,14,0,1476493262577,"true",0,1,"close"
"4544-9",1,0,1,0,2,17,0,1476493312162,"true",0,1,"split"
"4544-9",0,1,1,0,1,16,0,1476493295520,"true",0,1,"far"
"4544-9",0,0,2,1,0,19,1,1476493342290,"true",0,0,"far"
"4544-9",0,0,1,1,0,18,0,1476493330591,"true",0,1,"close"
"4544-9",1,0,1,0,2,31,0,1476493649849,"true",0,1,"far"
"4544-9",0,1,1,0,1,30,0,1476493635649,"true",0,1,"far"
"4544-9",1,0,2,0,2,37,1,1476493756813,"true",0,0,"split"
"4544-9",0,0,2,1,0,36,1,1476493745063,"true",0,0,"far"
"4544-9",1,0,2,0,2,35,1,1476493724292,"true",0,0,"far"
"4544-9",0,0,1,1,0,34,0,1476493706985,"true",0,1,"far"
"4544-9",0,1,1,0,1,33,0,1476493695410,"true",0,1,"split"
"4544-9",0,1,0,0,1,32,0,1476493683472,"true",1,0,"close"
"4544-9",0,1,2,0,1,50,1,1476494089433,"true",0,0,"far"
