"gameid","sClicked_2","sClicked_1","lClickedIndex","sClicked_0","sClickedIndex","roundNum","lClicked_2","time","outcome","lClicked_0","lClicked_1","condition"
"4574-0",1,0,2,0,2,42,1,1476993258440,"true",0,0,"split"
"4574-0",0,0,1,1,0,48,0,1476993365479,"true",0,1,"far"
"4574-0",0,1,1,0,1,43,0,1476993272355,"true",0,1,"close"
"4574-0",0,0,2,1,0,49,1,1476993375380,"true",0,0,"far"
"4574-0",0,0,2,1,0,24,1,1476992961378,"true",0,0,"close"
"4574-0",0,1,2,0,1,25,1,1476992972703,"true",0,0,"split"
"4574-0",0,1,0,0,1,26,0,1476992995940,"false",1,0,"split"
"4574-0",1,0,2,0,2,27,1,1476993020479,"true",0,0,"split"
"4574-0",0,1,1,0,1,20,0,1476992905412,"false",0,1,"close"
"4574-0",0,1,0,0,1,21,0,1476992920738,"true",1,0,"split"
"4574-0",0,0,2,1,0,22,1,1476992934873,"true",0,0,"far"
"4574-0",0,1,2,0,1,23,1,1476992946304,"true",0,0,"close"
"4574-0",0,0,0,1,0,46,0,1476993319169,"true",1,0,"far"
"4574-0",1,0,0,0,2,47,0,1476993345979,"false",1,0,"close"
"4574-0",1,0,0,0,2,44,0,1476993289863,"true",1,0,"split"
"4574-0",0,0,2,1,0,45,1,1476993304555,"true",0,0,"split"
"4574-0",0,1,0,0,1,28,0,1476993032758,"true",1,0,"far"
"4574-0",0,0,2,1,0,29,1,1476993041973,"true",0,0,"close"
"4574-0",0,1,1,0,1,40,0,1476993220865,"true",0,1,"far"
"4574-0",0,1,1,0,1,41,0,1476993229443,"true",0,1,"far"
"4574-0",0,0,0,1,0,1,0,1476992619479,"true",1,0,"far"
"4574-0",1,0,0,0,2,3,0,1476992641412,"true",1,0,"split"
"4574-0",0,0,2,1,0,2,1,1476992630927,"true",0,0,"close"
"4574-0",0,0,1,1,0,5,0,1476992677129,"true",0,1,"close"
"4574-0",0,1,1,0,1,4,0,1476992656055,"false",0,1,"split"
"4574-0",1,0,1,0,2,7,0,1476992699844,"true",0,1,"split"
"4574-0",0,1,1,0,1,6,0,1476992689039,"true",0,1,"close"
"4574-0",0,1,2,0,1,9,1,1476992729944,"true",0,0,"close"
"4574-0",0,0,2,1,0,8,1,1476992713017,"false",0,0,"split"
"4574-0",0,1,2,0,1,39,1,1476993211209,"true",0,0,"split"
"4574-0",0,0,1,1,0,38,0,1476993197028,"true",0,1,"far"
"4574-0",0,0,1,1,0,11,0,1476992751827,"true",0,1,"split"
"4574-0",1,0,2,0,2,10,1,1476992742277,"true",0,0,"close"
"4574-0",0,0,0,1,0,13,0,1476992791088,"true",1,0,"split"
"4574-0",1,0,0,0,2,12,0,1476992778574,"true",1,0,"far"
"4574-0",1,0,0,0,2,15,0,1476992825059,"true",1,0,"split"
"4574-0",0,1,0,0,1,14,0,1476992805302,"true",1,0,"far"
"4574-0",0,0,2,1,0,17,1,1476992846434,"true",0,0,"close"
"4574-0",0,0,2,1,0,16,1,1476992834183,"true",0,0,"far"
"4574-0",1,0,0,0,2,19,0,1476992888410,"true",1,0,"close"
"4574-0",0,1,0,0,1,18,0,1476992863407,"true",1,0,"close"
"4574-0",1,0,1,0,2,31,0,1476993080106,"true",0,1,"split"
"4574-0",0,0,2,1,0,30,1,1476993057849,"true",0,0,"far"
"4574-0",0,0,1,1,0,37,0,1476993176824,"true",0,1,"close"
"4574-0",1,0,2,0,2,36,1,1476993157928,"true",0,0,"close"
"4574-0",1,0,1,0,2,35,0,1476993135750,"true",0,1,"close"
"4574-0",0,0,0,1,0,34,0,1476993124930,"true",1,0,"far"
"4574-0",1,0,1,0,2,33,0,1476993114168,"true",0,1,"far"
"4574-0",0,0,1,1,0,32,0,1476993092506,"true",0,1,"far"
"4574-0",0,1,0,0,1,50,0,1476993389435,"true",1,0,"split"
