"gameid","sClicked_2","sClicked_1","lClickedIndex","sClicked_0","sClickedIndex","roundNum","lClicked_2","time","outcome","lClicked_0","lClicked_1","condition"
"4582-d",0,1,1,0,1,42,0,1476488906676,"true",0,1,"far"
"4582-d",1,0,1,0,2,48,0,1476489004523,"true",0,1,"close"
"4582-d",0,1,1,0,1,43,0,1476488919524,"true",0,1,"split"
"4582-d",1,0,1,0,2,49,0,1476489012030,"true",0,1,"far"
"4582-d",0,0,1,1,0,24,0,1476488639088,"true",0,1,"far"
"4582-d",0,1,1,0,1,25,0,1476488646711,"true",0,1,"far"
"4582-d",0,1,0,0,1,26,0,1476488658839,"true",1,0,"far"
"4582-d",0,0,1,1,0,27,0,1476488668778,"true",0,1,"split"
"4582-d",0,1,0,0,1,20,0,1476488554079,"true",1,0,"far"
"4582-d",0,1,0,0,1,21,0,1476488563463,"true",1,0,"far"
"4582-d",0,1,0,0,1,22,0,1476488589886,"true",1,0,"close"
"4582-d",0,0,1,1,0,23,0,1476488623627,"true",0,1,"close"
"4582-d",0,1,1,0,1,46,0,1476488989250,"true",0,1,"close"
"4582-d",0,0,0,1,0,47,0,1476488996659,"true",1,0,"far"
"4582-d",0,1,1,0,1,44,0,1476488937025,"true",0,1,"close"
"4582-d",1,0,2,0,2,45,1,1476488947936,"true",0,0,"split"
"4582-d",0,0,2,1,0,28,1,1476488677637,"true",0,0,"split"
"4582-d",0,1,0,0,1,29,0,1476488711535,"true",1,0,"split"
"4582-d",0,0,0,1,0,40,0,1476488882925,"true",1,0,"split"
"4582-d",0,0,0,1,0,41,0,1476488897947,"true",1,0,"split"
"4582-d",0,1,2,0,1,1,1,1476488324657,"true",0,0,"close"
"4582-d",0,1,0,0,1,3,0,1476488351439,"true",1,0,"split"
"4582-d",1,0,2,0,2,2,1,1476488335093,"true",0,0,"split"
"4582-d",1,0,0,0,2,5,0,1476488384048,"true",1,0,"far"
"4582-d",0,1,0,0,1,4,0,1476488375371,"true",1,0,"split"
"4582-d",1,0,1,0,2,7,0,1476488401879,"true",0,1,"split"
"4582-d",0,1,0,0,1,6,0,1476488393807,"true",1,0,"close"
"4582-d",1,0,0,0,2,9,0,1476488425054,"true",1,0,"far"
"4582-d",1,0,0,0,2,8,0,1476488412376,"true",1,0,"far"
"4582-d",0,1,2,0,1,39,1,1476488870067,"true",0,0,"close"
"4582-d",0,1,1,0,1,38,0,1476488842365,"true",0,1,"split"
"4582-d",0,1,0,0,1,11,0,1476488451298,"false",1,0,"close"
"4582-d",1,0,1,0,2,10,0,1476488434240,"true",0,1,"split"
"4582-d",1,0,0,0,2,13,0,1476488479270,"true",1,0,"close"
"4582-d",0,0,2,1,0,12,1,1476488466422,"true",0,0,"close"
"4582-d",1,0,1,0,2,15,0,1476488506926,"false",0,1,"close"
"4582-d",0,0,1,1,0,14,0,1476488496097,"true",0,1,"split"
"4582-d",1,0,0,0,2,17,0,1476488521216,"true",1,0,"far"
"4582-d",0,0,1,1,0,16,0,1476488513789,"true",0,1,"far"
"4582-d",0,0,2,1,0,19,1,1476488544248,"true",0,0,"close"
"4582-d",1,0,0,0,2,18,0,1476488533791,"true",1,0,"split"
"4582-d",0,0,0,1,0,31,0,1476488731069,"true",1,0,"far"
"4582-d",0,1,1,0,1,30,0,1476488721998,"true",0,1,"far"
"4582-d",1,0,1,0,2,37,0,1476488826805,"true",0,1,"close"
"4582-d",1,0,1,0,2,36,0,1476488814661,"true",0,1,"close"
"4582-d",0,1,0,0,1,35,0,1476488792374,"true",1,0,"split"
"4582-d",0,1,2,0,1,34,1,1476488775902,"true",0,0,"far"
"4582-d",1,0,2,0,2,33,1,1476488767422,"true",0,0,"close"
"4582-d",1,0,0,0,2,32,0,1476488743773,"true",1,0,"split"
"4582-d",0,1,0,0,1,50,0,1476489023419,"true",1,0,"far"
