"gameid","sClicked_2","sClicked_1","lClickedIndex","sClicked_0","sClickedIndex","roundNum","lClicked_2","time","outcome","lClicked_0","lClicked_1","condition"
"4607-5",0,0,0,1,0,42,0,1459887533469,"true",1,0,"close"
"4607-5",0,0,1,1,0,48,0,1459887729221,"true",0,1,"split"
"4607-5",0,0,2,1,0,43,1,1459887605400,"true",0,0,"close"
"4607-5",1,0,1,0,2,49,0,1459887736793,"true",0,1,"split"
"4607-5",0,0,2,1,0,24,1,1459887242766,"true",0,0,"far"
"4607-5",1,0,2,0,2,25,1,1459887253374,"true",0,0,"close"
"4607-5",0,1,1,0,1,26,0,1459887263458,"true",0,1,"far"
"4607-5",1,0,0,0,2,27,0,1459887272063,"true",1,0,"far"
"4607-5",1,0,0,0,2,20,0,1459887199808,"true",1,0,"close"
"4607-5",0,0,0,1,0,21,0,1459887210917,"true",1,0,"close"
"4607-5",0,1,1,0,1,22,0,1459887226314,"true",0,1,"split"
"4607-5",0,0,1,1,0,23,0,1459887236351,"true",0,1,"close"
"4607-5",1,0,0,0,2,46,0,1459887668781,"true",1,0,"close"
"4607-5",0,1,0,0,1,47,0,1459887687230,"true",1,0,"split"
"4607-5",1,0,1,0,2,44,0,1459887617714,"true",0,1,"far"
"4607-5",0,1,0,0,1,45,0,1459887638096,"true",1,0,"close"
"4607-5",0,0,0,1,0,28,0,1459887283860,"true",1,0,"split"
"4607-5",0,0,2,1,0,29,1,1459887291273,"true",0,0,"split"
"4607-5",0,0,1,1,0,40,0,1459887466826,"true",0,1,"far"
"4607-5",0,0,2,1,0,41,1,1459887505331,"false",0,0,"close"
"4607-5",0,1,0,0,1,1,0,1459886922933,"true",1,0,"far"
"4607-5",0,0,2,1,0,3,1,1459886958945,"true",0,0,"close"
"4607-5",0,0,2,1,0,2,1,1459886934962,"true",0,0,"far"
"4607-5",0,0,1,1,0,5,0,1459886980403,"true",0,1,"split"
"4607-5",1,0,1,0,2,4,0,1459886968676,"true",0,1,"far"
"4607-5",0,0,1,1,0,7,0,1459887032966,"true",0,1,"close"
"4607-5",1,0,1,0,2,6,0,1459887007116,"false",0,1,"split"
"4607-5",1,0,2,0,2,9,1,1459887055768,"true",0,0,"split"
"4607-5",0,0,2,1,0,8,1,1459887045356,"true",0,0,"far"
"4607-5",1,0,0,0,2,39,0,1459887458256,"true",1,0,"close"
"4607-5",1,0,0,0,2,38,0,1459887414062,"true",1,0,"split"
"4607-5",0,1,1,0,1,11,0,1459887076302,"true",0,1,"far"
"4607-5",0,1,2,0,1,10,1,1459887069072,"true",0,0,"split"
"4607-5",0,1,1,0,1,13,0,1459887113026,"false",0,1,"close"
"4607-5",0,1,2,0,1,12,1,1459887093418,"true",0,0,"split"
"4607-5",0,1,2,0,1,15,1,1459887153620,"true",0,0,"close"
"4607-5",1,0,2,0,2,14,1,1459887131976,"true",0,0,"far"
"4607-5",1,0,1,0,2,17,0,1459887169057,"true",0,1,"split"
"4607-5",1,0,2,0,2,16,1,1459887161135,"true",0,0,"split"
"4607-5",0,0,2,1,0,19,1,1459887191368,"true",0,0,"far"
"4607-5",0,1,2,0,1,18,1,1459887182320,"true",0,0,"close"
"4607-5",0,1,0,0,1,31,0,1459887337591,"true",1,0,"far"
"4607-5",0,0,2,1,0,30,1,1459887318477,"false",0,0,"split"
"4607-5",0,1,2,0,1,37,1,1459887405391,"true",0,0,"far"
"4607-5",1,0,0,0,2,36,0,1459887398757,"false",1,0,"split"
"4607-5",0,1,2,0,1,35,1,1459887383643,"true",0,0,"far"
"4607-5",0,0,2,1,0,34,1,1459887376349,"true",0,0,"far"
"4607-5",0,0,2,1,0,33,1,1459887365214,"false",0,0,"close"
"4607-5",1,0,0,0,2,32,0,1459887346122,"false",1,0,"split"
"4607-5",0,0,0,1,0,50,0,1459887749192,"true",1,0,"close"
