"gameid","sClicked_2","sClicked_1","lClickedIndex","sClicked_0","sClickedIndex","roundNum","lClicked_2","time","outcome","lClicked_0","lClicked_1","condition"
"4614-f",1,0,0,0,2,42,0,1476500897376,"true",1,0,"far"
"4614-f",1,0,1,0,2,48,0,1476500959818,"true",0,1,"far"
"4614-f",1,0,2,0,2,43,1,1476500911339,"true",0,0,"far"
"4614-f",0,1,1,0,1,49,0,1476500965972,"true",0,1,"close"
"4614-f",0,1,1,0,1,24,0,1476500685390,"true",0,1,"split"
"4614-f",1,0,1,0,2,25,0,1476500693745,"true",0,1,"far"
"4614-f",0,0,2,1,0,26,1,1476500705419,"true",0,0,"close"
"4614-f",0,0,0,1,0,27,0,1476500715651,"true",1,0,"split"
"4614-f",1,0,1,0,2,20,0,1476500616526,"true",0,1,"close"
"4614-f",0,0,0,1,0,21,0,1476500629048,"true",1,0,"close"
"4614-f",0,0,2,1,0,22,1,1476500651371,"false",0,0,"close"
"4614-f",0,1,1,0,1,23,0,1476500672936,"true",0,1,"close"
"4614-f",0,1,1,0,1,46,0,1476500942406,"true",0,1,"far"
"4614-f",0,0,1,1,0,47,0,1476500952618,"true",0,1,"close"
"4614-f",1,0,2,0,2,44,1,1476500924251,"true",0,0,"close"
"4614-f",1,0,1,0,2,45,0,1476500934363,"true",0,1,"close"
"4614-f",0,1,2,0,1,28,1,1476500730813,"true",0,0,"split"
"4614-f",1,0,2,0,2,29,1,1476500742018,"true",0,0,"split"
"4614-f",1,0,1,0,2,40,0,1476500879858,"true",0,1,"close"
"4614-f",0,0,2,1,0,41,1,1476500887924,"true",0,0,"far"
"4614-f",0,0,0,1,0,1,0,1476500369177,"true",1,0,"far"
"4614-f",1,0,0,0,2,3,0,1476500388674,"true",1,0,"far"
"4614-f",0,1,0,0,1,2,0,1476500381636,"true",1,0,"split"
"4614-f",1,0,1,0,2,5,0,1476500410582,"false",0,1,"close"
"4614-f",0,0,0,1,0,4,0,1476500397690,"true",1,0,"split"
"4614-f",0,0,2,1,0,7,1,1476500434017,"true",0,0,"far"
"4614-f",0,0,0,1,0,6,0,1476500425507,"true",1,0,"close"
"4614-f",0,0,2,1,0,9,1,1476500457277,"true",0,0,"split"
"4614-f",0,1,1,0,1,8,0,1476500446721,"true",0,1,"split"
"4614-f",1,0,0,0,2,39,0,1476500870985,"true",1,0,"far"
"4614-f",0,1,0,0,1,38,0,1476500860471,"true",1,0,"split"
"4614-f",0,1,2,0,1,11,1,1476500478611,"true",0,0,"far"
"4614-f",0,1,0,0,1,10,0,1476500467308,"true",1,0,"split"
"4614-f",0,0,1,1,0,13,0,1476500498271,"false",0,1,"split"
"4614-f",0,0,1,1,0,12,0,1476500487681,"true",0,1,"far"
"4614-f",0,0,2,1,0,15,1,1476500538472,"true",0,0,"close"
"4614-f",0,1,2,0,1,14,1,1476500508827,"true",0,0,"far"
"4614-f",1,0,0,0,2,17,0,1476500571419,"true",1,0,"split"
"4614-f",0,0,1,1,0,16,0,1476500553360,"true",0,1,"far"
"4614-f",0,1,1,0,1,19,0,1476500602140,"true",0,1,"far"
"4614-f",0,0,0,1,0,18,0,1476500588874,"true",1,0,"close"
"4614-f",0,1,2,0,1,31,1,1476500768353,"true",0,0,"split"
"4614-f",1,0,1,0,2,30,0,1476500758296,"true",0,1,"far"
"4614-f",1,0,2,0,2,37,1,1476500837136,"true",0,0,"close"
"4614-f",0,0,1,1,0,36,0,1476500824932,"true",0,1,"split"
"4614-f",0,1,0,0,1,35,0,1476500813682,"true",1,0,"close"
"4614-f",1,0,0,0,2,34,0,1476500804094,"true",1,0,"split"
"4614-f",0,0,2,1,0,33,1,1476500792539,"true",0,0,"split"
"4614-f",0,0,2,1,0,32,1,1476500780927,"true",0,0,"far"
"4614-f",0,1,0,0,1,50,0,1476500973220,"true",1,0,"close"
