"gameid","sClicked_2","sClicked_1","lClickedIndex","sClicked_0","sClickedIndex","roundNum","lClicked_2","time","outcome","lClicked_0","lClicked_1","condition"
"4629-a",1,0,1,0,2,42,0,1476999605793,"true",0,1,"split"
"4629-a",1,0,0,0,2,48,0,1476999711893,"true",1,0,"split"
"4629-a",1,0,2,0,2,43,1,1476999626128,"true",0,0,"close"
"4629-a",0,1,1,0,1,49,0,1476999729426,"true",0,1,"far"
"4629-a",0,1,0,0,1,24,0,1476999310579,"true",1,0,"far"
"4629-a",1,0,2,0,2,25,1,1476999327236,"true",0,0,"split"
"4629-a",1,0,1,0,2,26,0,1476999336931,"true",0,1,"far"
"4629-a",0,1,1,0,1,27,0,1476999358739,"true",0,1,"split"
"4629-a",0,1,1,0,1,20,0,1476999212727,"true",0,1,"split"
"4629-a",0,0,1,1,0,21,0,1476999225911,"true",0,1,"far"
"4629-a",1,0,1,0,2,22,0,1476999252107,"true",0,1,"far"
"4629-a",0,0,2,1,0,23,1,1476999299440,"true",0,0,"split"
"4629-a",0,0,2,1,0,46,1,1476999680757,"true",0,0,"split"
"4629-a",0,0,2,1,0,47,1,1476999694143,"true",0,0,"split"
"4629-a",0,1,0,0,1,44,0,1476999648867,"true",1,0,"far"
"4629-a",0,1,1,0,1,45,0,1476999662881,"true",0,1,"split"
"4629-a",1,0,1,0,2,28,0,1476999377220,"true",0,1,"close"
"4629-a",0,1,1,0,1,29,0,1476999394582,"true",0,1,"close"
"4629-a",1,0,0,0,2,40,0,1476999573097,"true",1,0,"close"
"4629-a",0,0,2,1,0,41,1,1476999592423,"true",0,0,"close"
"4629-a",0,0,1,1,0,1,0,1476998878065,"true",0,1,"split"
"4629-a",1,0,1,0,2,3,0,1476998964553,"true",0,1,"split"
"4629-a",0,1,1,0,1,2,0,1476998929340,"true",0,1,"close"
"4629-a",0,0,0,1,0,5,0,1476999008313,"false",1,0,"far"
"4629-a",0,0,1,1,0,4,0,1476998990536,"true",0,1,"split"
"4629-a",0,0,2,1,0,7,1,1476999035414,"true",0,0,"close"
"4629-a",0,1,0,0,1,6,0,1476999018835,"true",1,0,"far"
"4629-a",0,1,0,0,1,9,0,1476999056547,"true",1,0,"far"
"4629-a",0,1,2,0,1,8,1,1476999047759,"true",0,0,"split"
"4629-a",1,0,1,0,2,39,0,1476999557397,"true",0,1,"close"
"4629-a",0,0,0,1,0,38,0,1476999542936,"true",1,0,"far"
"4629-a",0,1,0,0,1,11,0,1476999090045,"true",1,0,"split"
"4629-a",0,1,1,0,1,10,0,1476999072543,"true",0,1,"close"
"4629-a",0,0,2,1,0,13,1,1476999117631,"true",0,0,"far"
"4629-a",0,1,0,0,1,12,0,1476999103996,"true",1,0,"close"
"4629-a",0,0,2,1,0,15,1,1476999147238,"false",0,0,"close"
"4629-a",0,1,2,0,1,14,1,1476999127559,"true",0,0,"far"
"4629-a",0,1,1,0,1,17,0,1476999174065,"true",0,1,"close"
"4629-a",0,0,1,1,0,16,0,1476999164028,"true",0,1,"far"
"4629-a",0,1,2,0,1,19,1,1476999201166,"true",0,0,"split"
"4629-a",1,0,1,0,2,18,0,1476999184800,"true",0,1,"split"
"4629-a",1,0,2,0,2,31,1,1476999422872,"true",0,0,"far"
"4629-a",0,0,0,1,0,30,0,1476999409968,"true",1,0,"close"
"4629-a",1,0,0,0,2,37,0,1476999535433,"true",1,0,"far"
"4629-a",1,0,1,0,2,36,0,1476999524951,"true",0,1,"far"
"4629-a",1,0,2,0,2,35,1,1476999513053,"true",0,0,"close"
"4629-a",1,0,0,0,2,34,0,1476999485653,"true",1,0,"close"
"4629-a",0,0,1,1,0,33,0,1476999444379,"true",0,1,"far"
"4629-a",0,1,2,0,1,32,1,1476999435188,"true",0,0,"split"
"4629-a",1,0,0,0,2,50,0,1476999747221,"true",1,0,"close"
