"gameid","sClicked_2","sClicked_1","lClickedIndex","sClicked_0","sClickedIndex","roundNum","lClicked_2","time","outcome","lClicked_0","lClicked_1","condition"
"4647-2",0,1,0,0,1,42,0,1459887703717,"true",1,0,"close"
"4647-2",0,1,1,0,1,48,0,1459887820113,"false",0,1,"split"
"4647-2",0,1,2,0,1,43,1,1459887723764,"true",0,0,"split"
"4647-2",1,0,2,0,2,49,1,1459887878024,"true",0,0,"far"
"4647-2",0,0,1,1,0,24,0,1459887199533,"true",0,1,"close"
"4647-2",0,1,0,0,1,25,0,1459887206426,"true",1,0,"far"
"4647-2",0,0,1,1,0,26,0,1459887270098,"false",0,1,"close"
"4647-2",1,0,2,0,2,27,1,1459887281731,"true",0,0,"far"
"4647-2",0,0,2,1,0,20,1,1459887142487,"true",0,0,"close"
"4647-2",0,1,1,0,1,21,0,1459887155224,"true",0,1,"far"
"4647-2",1,0,2,0,2,22,1,1459887162212,"true",0,0,"split"
"4647-2",0,1,1,0,1,23,0,1459887170122,"true",0,1,"far"
"4647-2",1,0,2,0,2,46,1,1459887791457,"true",0,0,"split"
"4647-2",0,1,2,0,1,47,1,1459887809953,"true",0,0,"far"
"4647-2",0,0,1,1,0,44,0,1459887741755,"true",0,1,"close"
"4647-2",0,1,2,0,1,45,1,1459887752458,"true",0,0,"far"
"4647-2",1,0,0,0,2,28,0,1459887322112,"true",1,0,"far"
"4647-2",0,1,2,0,1,29,1,1459887366063,"true",0,0,"split"
"4647-2",0,0,0,1,0,40,0,1459887674402,"true",1,0,"close"
"4647-2",0,0,2,1,0,41,1,1459887684973,"true",0,0,"split"
"4647-2",0,1,2,0,1,1,1,1459886649655,"true",0,0,"split"
"4647-2",1,0,0,0,2,3,0,1459886684597,"false",1,0,"split"
"4647-2",0,0,2,1,0,2,1,1459886668086,"true",0,0,"far"
"4647-2",1,0,0,0,2,5,0,1459886786003,"false",1,0,"close"
"4647-2",0,1,2,0,1,4,1,1459886742393,"false",0,0,"close"
"4647-2",1,0,0,0,2,7,0,1459886833336,"true",1,0,"close"
"4647-2",1,0,1,0,2,6,0,1459886821216,"true",0,1,"close"
"4647-2",0,1,2,0,1,9,1,1459886941558,"true",0,0,"split"
"4647-2",0,0,2,1,0,8,1,1459886872139,"false",0,0,"close"
"4647-2",1,0,1,0,2,39,0,1459887636708,"true",0,1,"far"
"4647-2",1,0,2,0,2,38,1,1459887619195,"true",0,0,"far"
"4647-2",0,0,1,1,0,11,0,1459886972279,"true",0,1,"close"
"4647-2",0,1,1,0,1,10,0,1459886962790,"true",0,1,"close"
"4647-2",0,1,2,0,1,13,1,1459887015771,"true",0,0,"close"
"4647-2",0,0,2,1,0,12,1,1459886996112,"true",0,0,"split"
"4647-2",1,0,0,0,2,15,0,1459887063530,"true",1,0,"split"
"4647-2",1,0,0,0,2,14,0,1459887040506,"false",1,0,"close"
"4647-2",0,1,0,0,1,17,0,1459887090403,"true",1,0,"far"
"4647-2",0,1,1,0,1,16,0,1459887077157,"true",0,1,"split"
"4647-2",0,1,2,0,1,19,1,1459887122615,"true",0,0,"far"
"4647-2",0,1,0,0,1,18,0,1459887111635,"true",1,0,"split"
"4647-2",0,1,0,0,1,31,0,1459887422503,"true",1,0,"split"
"4647-2",0,0,2,1,0,30,1,1459887385775,"true",0,0,"far"
"4647-2",1,0,0,0,2,37,0,1459887604512,"true",1,0,"far"
"4647-2",1,0,2,0,2,36,1,1459887590003,"true",0,0,"far"
"4647-2",0,0,1,1,0,35,0,1459887571828,"true",0,1,"split"
"4647-2",1,0,0,0,2,34,0,1459887547510,"true",1,0,"close"
"4647-2",1,0,1,0,2,33,0,1459887508726,"true",0,1,"close"
"4647-2",0,0,0,1,0,32,0,1459887471804,"true",1,0,"far"
"4647-2",1,0,1,0,2,50,0,1459887975639,"true",0,1,"split"
