"gameid","sClicked_2","sClicked_1","lClickedIndex","sClicked_0","sClickedIndex","roundNum","lClicked_2","time","outcome","lClicked_0","lClicked_1","condition"
"4650-1",1,0,0,0,2,42,0,1476469606216,"true",1,0,"split"
"4650-1",0,0,0,1,0,48,0,1476469711301,"false",1,0,"close"
"4650-1",0,1,0,0,1,43,0,1476469616012,"true",1,0,"far"
"4650-1",1,0,2,0,2,49,1,1476469737785,"true",0,0,"split"
"4650-1",0,1,1,0,1,24,0,1476469251411,"true",0,1,"split"
"4650-1",0,0,2,1,0,25,1,1476469261101,"true",0,0,"close"
"4650-1",0,0,2,1,0,26,1,1476469268605,"true",0,0,"split"
"4650-1",1,0,1,0,2,27,0,1476469303189,"true",0,1,"split"
"4650-1",0,1,1,0,1,20,0,1476469160774,"true",0,1,"far"
"4650-1",1,0,2,0,2,21,1,1476469195920,"true",0,0,"close"
"4650-1",1,0,2,0,2,22,1,1476469225040,"true",0,0,"far"
"4650-1",0,0,0,1,0,23,0,1476469242455,"true",1,0,"split"
"4650-1",0,0,2,1,0,46,1,1476469680026,"true",0,0,"close"
"4650-1",0,1,1,0,1,47,0,1476469693005,"true",0,1,"far"
"4650-1",0,1,2,0,1,44,1,1476469633790,"true",0,0,"split"
"4650-1",0,0,1,1,0,45,0,1476469654525,"true",0,1,"split"
"4650-1",0,0,0,1,0,28,0,1476469326110,"true",1,0,"split"
"4650-1",0,1,2,0,1,29,1,1476469338253,"true",0,0,"far"
"4650-1",0,0,0,1,0,40,0,1476469583715,"true",1,0,"far"
"4650-1",0,0,1,1,0,41,0,1476469593417,"true",0,1,"far"
"4650-1",0,1,1,0,1,1,0,1476468816746,"true",0,1,"split"
"4650-1",0,0,0,1,0,3,0,1476468835766,"true",1,0,"far"
"4650-1",0,1,0,0,1,2,0,1476468826937,"true",1,0,"split"
"4650-1",0,0,0,1,0,5,0,1476468880456,"true",1,0,"split"
"4650-1",0,1,0,0,1,4,0,1476468847514,"false",1,0,"split"
"4650-1",0,0,0,1,0,7,0,1476468909898,"false",1,0,"split"
"4650-1",1,0,0,0,2,6,0,1476468893294,"true",1,0,"far"
"4650-1",0,0,2,1,0,9,1,1476468944370,"true",0,0,"split"
"4650-1",0,1,1,0,1,8,0,1476468923325,"true",0,1,"close"
"4650-1",1,0,2,0,2,39,1,1476469565815,"true",0,0,"far"
"4650-1",1,0,1,0,2,38,0,1476469553325,"true",0,1,"close"
"4650-1",1,0,1,0,2,11,0,1476469005076,"true",0,1,"close"
"4650-1",1,0,1,0,2,10,0,1476468970406,"true",0,1,"close"
"4650-1",0,1,1,0,1,13,0,1476469038279,"true",0,1,"close"
"4650-1",1,0,2,0,2,12,1,1476469014136,"true",0,0,"far"
"4650-1",0,0,0,1,0,15,0,1476469092767,"true",1,0,"far"
"4650-1",1,0,2,0,2,14,1,1476469070461,"true",0,0,"far"
"4650-1",0,0,1,1,0,17,0,1476469121101,"true",0,1,"close"
"4650-1",0,0,0,1,0,16,0,1476469110920,"true",1,0,"close"
"4650-1",0,1,0,0,1,19,0,1476469148581,"true",1,0,"close"
"4650-1",0,1,1,0,1,18,0,1476469138127,"false",0,1,"split"
"4650-1",0,1,0,0,1,31,0,1476469378830,"true",1,0,"far"
"4650-1",0,1,2,0,1,30,1,1476469367605,"true",0,0,"close"
"4650-1",1,0,0,0,2,37,0,1476469531036,"true",1,0,"close"
"4650-1",0,1,1,0,1,36,0,1476469509217,"true",0,1,"far"
"4650-1",1,0,2,0,2,35,1,1476469497381,"false",0,0,"close"
"4650-1",1,0,2,0,2,34,1,1476469486628,"true",0,0,"close"
"4650-1",0,1,1,0,1,33,0,1476469446645,"false",0,1,"split"
"4650-1",1,0,0,0,2,32,0,1476469401440,"true",1,0,"far"
"4650-1",1,0,2,0,2,50,1,1476469759115,"true",0,0,"far"
