"gameid","sClicked_2","sClicked_1","lClickedIndex","sClicked_0","sClickedIndex","roundNum","lClicked_2","time","outcome","lClicked_0","lClicked_1","condition"
"4706-9",0,1,1,0,1,42,0,1476992194568,"true",0,1,"split"
"4706-9",0,0,2,1,0,48,1,1476992268064,"true",0,0,"far"
"4706-9",0,1,2,0,1,43,1,1476992209185,"true",0,0,"far"
"4706-9",1,0,2,0,2,49,1,1476992290815,"true",0,0,"close"
"4706-9",0,1,0,0,1,24,0,1476991837369,"true",1,0,"close"
"4706-9",0,1,1,0,1,25,0,1476991850061,"true",0,1,"far"
"4706-9",0,1,2,0,1,26,1,1476991868037,"true",0,0,"close"
"4706-9",0,0,0,1,0,27,0,1476991925317,"true",1,0,"close"
"4706-9",0,1,0,0,1,20,0,1476991746485,"true",1,0,"far"
"4706-9",0,1,0,0,1,21,0,1476991762749,"true",1,0,"far"
"4706-9",1,0,0,0,2,22,0,1476991782598,"true",1,0,"close"
"4706-9",0,0,2,1,0,23,1,1476991816069,"true",0,0,"far"
"4706-9",0,0,2,1,0,46,1,1476992245065,"true",0,0,"close"
"4706-9",1,0,0,0,2,47,0,1476992254664,"true",1,0,"far"
"4706-9",1,0,0,0,2,44,0,1476992219624,"true",1,0,"split"
"4706-9",0,0,2,1,0,45,1,1476992236489,"true",0,0,"split"
"4706-9",0,0,0,1,0,28,0,1476991936938,"true",1,0,"far"
"4706-9",0,1,2,0,1,29,1,1476991971555,"false",0,0,"split"
"4706-9",0,0,2,1,0,40,1,1476992173697,"true",0,0,"far"
"4706-9",1,0,1,0,2,41,0,1476992182033,"true",0,1,"far"
"4706-9",1,0,1,0,2,1,0,1476991275704,"true",0,1,"close"
"4706-9",1,0,1,0,2,3,0,1476991309298,"true",0,1,"far"
"4706-9",0,0,0,1,0,2,0,1476991299330,"true",1,0,"split"
"4706-9",0,1,1,0,1,5,0,1476991341764,"true",0,1,"close"
"4706-9",0,1,2,0,1,4,1,1476991327308,"true",0,0,"close"
"4706-9",1,0,0,0,2,7,0,1476991452729,"true",1,0,"split"
"4706-9",1,0,2,0,2,6,1,1476991419834,"false",0,0,"close"
"4706-9",0,0,2,1,0,9,1,1476991478567,"true",0,0,"far"
"4706-9",0,1,1,0,1,8,0,1476991464485,"true",0,1,"far"
"4706-9",0,0,2,1,0,39,1,1476992165640,"true",0,0,"split"
"4706-9",0,0,0,1,0,38,0,1476992151594,"true",1,0,"split"
"4706-9",0,1,1,0,1,11,0,1476991517192,"true",0,1,"close"
"4706-9",0,0,0,1,0,10,0,1476991503314,"true",1,0,"close"
"4706-9",1,0,0,0,2,13,0,1476991597545,"true",1,0,"split"
"4706-9",0,0,1,1,0,12,0,1476991539431,"true",0,1,"split"
"4706-9",1,0,2,0,2,15,1,1476991617015,"true",0,0,"split"
"4706-9",1,0,2,0,2,14,1,1476991608894,"true",0,0,"far"
"4706-9",1,0,1,0,2,17,0,1476991666081,"true",0,1,"split"
"4706-9",0,1,0,0,1,16,0,1476991641998,"true",1,0,"close"
"4706-9",1,0,1,0,2,19,0,1476991708615,"true",0,1,"split"
"4706-9",0,1,1,0,1,18,0,1476991682734,"true",0,1,"split"
"4706-9",1,0,2,0,2,31,1,1476992027554,"true",0,0,"close"
"4706-9",0,1,0,0,1,30,0,1476991993914,"true",1,0,"split"
"4706-9",0,0,2,1,0,37,1,1476992126370,"true",0,0,"far"
"4706-9",0,0,2,1,0,36,1,1476992110314,"true",0,0,"split"
"4706-9",0,0,0,1,0,35,0,1476992101138,"true",1,0,"close"
"4706-9",0,0,0,1,0,34,0,1476992064955,"true",1,0,"close"
"4706-9",1,0,2,0,2,33,1,1476992053386,"true",0,0,"far"
"4706-9",1,0,1,0,2,32,0,1476992037034,"true",0,1,"far"
"4706-9",0,1,0,0,1,50,0,1476992313904,"true",1,0,"split"
