"gameid","sClicked_2","sClicked_1","lClickedIndex","sClicked_0","sClickedIndex","roundNum","lClicked_2","time","outcome","lClicked_0","lClicked_1","condition"
"4710-7",0,0,0,1,0,42,0,1476500951299,"true",1,0,"close"
"4710-7",1,0,0,0,2,48,0,1476501036523,"false",1,0,"split"
"4710-7",0,0,1,1,0,43,0,1476500965183,"true",0,1,"far"
"4710-7",0,1,1,0,1,49,0,1476501061814,"true",0,1,"far"
"4710-7",0,0,2,1,0,24,1,1476500502883,"true",0,0,"far"
"4710-7",0,0,2,1,0,25,1,1476500553353,"true",0,0,"close"
"4710-7",0,1,0,0,1,26,0,1476500571350,"true",1,0,"far"
"4710-7",0,1,0,0,1,27,0,1476500604444,"true",1,0,"close"
"4710-7",1,0,1,0,2,20,0,1476500444400,"true",0,1,"close"
"4710-7",0,1,1,0,1,21,0,1476500455041,"true",0,1,"split"
"4710-7",0,1,0,0,1,22,0,1476500463983,"true",1,0,"far"
"4710-7",0,0,2,1,0,23,1,1476500486026,"true",0,0,"split"
"4710-7",0,1,0,0,1,46,0,1476501009716,"true",1,0,"split"
"4710-7",0,1,0,0,1,47,0,1476501017031,"true",1,0,"far"
"4710-7",1,0,0,0,2,44,0,1476500990419,"true",1,0,"close"
"4710-7",0,1,1,0,1,45,0,1476501000257,"true",0,1,"far"
"4710-7",0,0,0,1,0,28,0,1476500621873,"true",1,0,"far"
"4710-7",0,0,2,1,0,29,1,1476500635294,"true",0,0,"split"
"4710-7",0,1,2,0,1,40,1,1476500881787,"true",0,0,"far"
"4710-7",0,1,2,0,1,41,1,1476500895773,"true",0,0,"far"
"4710-7",0,0,2,1,0,1,1,1476499797612,"true",0,0,"far"
"4710-7",0,0,2,1,0,3,1,1476499835351,"true",0,0,"far"
"4710-7",1,0,1,0,2,2,0,1476499821581,"false",0,1,"close"
"4710-7",0,0,1,1,0,5,0,1476499862238,"true",0,1,"far"
"4710-7",1,0,2,0,2,4,1,1476499853661,"true",0,0,"close"
"4710-7",0,1,0,0,1,7,0,1476499943960,"true",1,0,"close"
"4710-7",0,0,0,1,0,6,0,1476499891402,"true",1,0,"far"
"4710-7",0,0,1,1,0,9,0,1476500033488,"false",0,1,"split"
"4710-7",1,0,0,0,2,8,0,1476499960069,"true",1,0,"split"
"4710-7",0,0,1,1,0,39,0,1476500873440,"true",0,1,"far"
"4710-7",1,0,1,0,2,38,0,1476500864410,"true",0,1,"close"
"4710-7",0,0,0,1,0,11,0,1476500061406,"true",1,0,"far"
"4710-7",0,0,1,1,0,10,0,1476500052843,"true",0,1,"far"
"4710-7",0,0,0,1,0,13,0,1476500145697,"true",1,0,"split"
"4710-7",1,0,2,0,2,12,1,1476500103223,"true",0,0,"close"
"4710-7",0,0,2,1,0,15,1,1476500203804,"true",0,0,"close"
"4710-7",1,0,2,0,2,14,1,1476500182579,"true",0,0,"split"
"4710-7",1,0,2,0,2,17,1,1476500283389,"false",0,0,"close"
"4710-7",0,0,0,1,0,16,0,1476500246634,"true",1,0,"close"
"4710-7",1,0,0,0,2,19,0,1476500416662,"true",1,0,"split"
"4710-7",0,1,1,0,1,18,0,1476500370692,"true",0,1,"split"
"4710-7",0,1,0,0,1,31,0,1476500687171,"true",1,0,"split"
"4710-7",0,0,0,1,0,30,0,1476500670438,"true",1,0,"split"
"4710-7",0,0,1,1,0,37,0,1476500829599,"true",0,1,"close"
"4710-7",0,1,2,0,1,36,1,1476500808683,"true",0,0,"close"
"4710-7",1,0,0,0,2,35,0,1476500773085,"true",1,0,"split"
"4710-7",0,1,0,0,1,34,0,1476500761520,"true",1,0,"close"
"4710-7",1,0,2,0,2,33,1,1476500715778,"true",0,0,"close"
"4710-7",1,0,1,0,2,32,0,1476500700273,"true",0,1,"split"
"4710-7",1,0,2,0,2,50,1,1476501100113,"true",0,0,"split"
