"gameid","sClicked_2","sClicked_1","lClickedIndex","sClicked_0","sClickedIndex","roundNum","lClicked_2","time","outcome","lClicked_0","lClicked_1","condition"
"4711-d",1,0,0,0,2,42,0,1476995098437,"true",1,0,"close"
"4711-d",0,1,0,0,1,48,0,1476995179518,"true",1,0,"split"
"4711-d",0,0,0,1,0,43,0,1476995105416,"true",1,0,"split"
"4711-d",0,1,2,0,1,49,1,1476995187307,"true",0,0,"split"
"4711-d",0,1,1,0,1,24,0,1476994852465,"true",0,1,"split"
"4711-d",1,0,1,0,2,25,0,1476994868510,"true",0,1,"close"
"4711-d",0,0,2,1,0,26,1,1476994875544,"true",0,0,"far"
"4711-d",0,0,1,1,0,27,0,1476994883214,"true",0,1,"far"
"4711-d",0,0,0,1,0,20,0,1476994794020,"true",1,0,"close"
"4711-d",0,1,1,0,1,21,0,1476994822462,"true",0,1,"close"
"4711-d",1,0,2,0,2,22,1,1476994829262,"true",0,0,"far"
"4711-d",0,1,0,0,1,23,0,1476994841208,"true",1,0,"close"
"4711-d",0,1,0,0,1,46,0,1476995157054,"true",1,0,"far"
"4711-d",0,1,0,0,1,47,0,1476995167511,"true",1,0,"close"
"4711-d",1,0,2,0,2,44,1,1476995117598,"true",0,0,"split"
"4711-d",0,0,0,1,0,45,0,1476995138548,"true",1,0,"split"
"4711-d",0,1,2,0,1,28,1,1476994890363,"true",0,0,"far"
"4711-d",0,1,1,0,1,29,0,1476994896865,"true",0,1,"far"
"4711-d",1,0,2,0,2,40,1,1476995071687,"true",0,0,"close"
"4711-d",1,0,1,0,2,41,0,1476995085265,"true",0,1,"split"
"4711-d",1,0,1,0,2,1,0,1476994576190,"false",0,1,"split"
"4711-d",0,1,1,0,1,3,0,1476994597310,"true",0,1,"far"
"4711-d",1,0,1,0,2,2,0,1476994586766,"false",0,1,"close"
"4711-d",0,0,1,1,0,5,0,1476994621787,"true",0,1,"close"
"4711-d",0,1,1,0,1,4,0,1476994612443,"true",0,1,"close"
"4711-d",0,1,0,0,1,7,0,1476994644968,"true",1,0,"far"
"4711-d",0,0,1,1,0,6,0,1476994637880,"true",0,1,"close"
"4711-d",0,1,1,0,1,9,0,1476994667576,"true",0,1,"split"
"4711-d",0,1,0,0,1,8,0,1476994656846,"true",1,0,"split"
"4711-d",1,0,2,0,2,39,1,1476995062798,"true",0,0,"split"
"4711-d",0,1,0,0,1,38,0,1476995037892,"true",1,0,"close"
"4711-d",0,0,0,1,0,11,0,1476994686056,"true",1,0,"far"
"4711-d",0,0,0,1,0,10,0,1476994675483,"true",1,0,"far"
"4711-d",0,0,2,1,0,13,1,1476994705131,"true",0,0,"far"
"4711-d",0,1,0,0,1,12,0,1476994695460,"true",1,0,"far"
"4711-d",0,1,1,0,1,15,0,1476994723985,"true",0,1,"far"
"4711-d",1,0,0,0,2,14,0,1476994713848,"true",1,0,"far"
"4711-d",0,1,2,0,1,17,1,1476994747880,"true",0,0,"split"
"4711-d",0,1,1,0,1,16,0,1476994739595,"true",0,1,"close"
"4711-d",1,0,0,0,2,19,0,1476994774696,"true",1,0,"split"
"4711-d",1,0,2,0,2,18,1,1476994762677,"true",0,0,"split"
"4711-d",0,1,2,0,1,31,1,1476994935794,"true",0,0,"far"
"4711-d",1,0,1,0,2,30,0,1476994928132,"false",0,1,"close"
"4711-d",0,0,2,1,0,37,1,1476995015873,"true",0,0,"split"
"4711-d",0,0,2,1,0,36,1,1476994997195,"true",0,0,"far"
"4711-d",0,1,1,0,1,35,0,1476994990334,"true",0,1,"close"
"4711-d",0,0,1,1,0,34,0,1476994972036,"true",0,1,"close"
"4711-d",0,1,2,0,1,33,1,1476994958257,"true",0,0,"close"
"4711-d",0,0,0,1,0,32,0,1476994943204,"true",1,0,"far"
"4711-d",0,1,1,0,1,50,0,1476995198776,"true",0,1,"split"
