"gameid","sClicked_2","sClicked_1","lClickedIndex","sClicked_0","sClickedIndex","roundNum","lClicked_2","time","outcome","lClicked_0","lClicked_1","condition"
"4719-3",0,1,2,0,1,42,1,1459894332238,"true",0,0,"close"
"4719-3",1,0,0,0,2,48,0,1459894484618,"false",1,0,"split"
"4719-3",0,1,2,0,1,43,1,1459894350519,"true",0,0,"far"
"4719-3",0,1,0,0,1,49,0,1459894492804,"true",1,0,"far"
"4719-3",0,0,1,1,0,24,0,1459893553525,"false",0,1,"split"
"4719-3",0,0,1,1,0,25,0,1459893572172,"true",0,1,"split"
"4719-3",0,0,1,1,0,26,0,1459893645904,"true",0,1,"close"
"4719-3",0,0,2,1,0,27,1,1459893716250,"true",0,0,"split"
"4719-3",1,0,0,0,2,20,0,1459893414345,"true",1,0,"close"
"4719-3",0,1,2,0,1,21,1,1459893458146,"true",0,0,"close"
"4719-3",0,1,2,0,1,22,1,1459893489979,"true",0,0,"close"
"4719-3",0,0,1,1,0,23,0,1459893529817,"true",0,1,"split"
"4719-3",0,1,1,0,1,46,0,1459894423763,"true",0,1,"split"
"4719-3",0,1,0,0,1,47,0,1459894466712,"false",1,0,"split"
"4719-3",0,0,0,1,0,44,0,1459894357685,"true",1,0,"far"
"4719-3",1,0,2,0,2,45,1,1459894414110,"true",0,0,"far"
"4719-3",1,0,0,0,2,28,0,1459893761581,"true",1,0,"split"
"4719-3",0,0,2,1,0,29,1,1459893777587,"true",0,0,"far"
"4719-3",0,0,0,1,0,40,0,1459894110593,"false",1,0,"close"
"4719-3",0,1,2,0,1,41,1,1459894233635,"false",0,0,"close"
"4719-3",0,1,2,0,1,1,1,1459892927703,"false",0,0,"split"
"4719-3",1,0,0,0,2,3,0,1459892961976,"true",1,0,"close"
"4719-3",0,0,1,1,0,2,0,1459892946256,"true",0,1,"far"
"4719-3",0,1,2,0,1,5,1,1459893023851,"true",0,0,"far"
"4719-3",1,0,1,0,2,4,0,1459892999328,"true",0,1,"split"
"4719-3",1,0,2,0,2,7,1,1459893062004,"true",0,0,"far"
"4719-3",1,0,2,0,2,6,1,1459893053298,"true",0,0,"close"
"4719-3",0,1,1,0,1,9,0,1459893114921,"false",0,1,"split"
"4719-3",1,0,0,0,2,8,0,1459893091425,"true",1,0,"split"
"4719-3",0,0,0,1,0,39,0,1459894075392,"true",1,0,"far"
"4719-3",0,0,2,1,0,38,1,1459894060251,"true",0,0,"far"
"4719-3",0,0,1,1,0,11,0,1459893134355,"true",0,1,"far"
"4719-3",0,1,2,0,1,10,1,1459893126538,"true",0,0,"split"
"4719-3",0,0,1,1,0,13,0,1459893236721,"true",0,1,"split"
"4719-3",1,0,1,0,2,12,0,1459893208174,"true",0,1,"close"
"4719-3",0,0,2,1,0,15,1,1459893326502,"true",0,0,"close"
"4719-3",0,0,2,1,0,14,1,1459893301818,"false",0,0,"close"
"4719-3",1,0,1,0,2,17,0,1459893350459,"true",0,1,"far"
"4719-3",0,1,1,0,1,16,0,1459893341554,"true",0,1,"close"
"4719-3",0,0,1,1,0,19,0,1459893371392,"true",0,1,"far"
"4719-3",1,0,1,0,2,18,0,1459893358616,"true",0,1,"split"
"4719-3",1,0,0,0,2,31,0,1459893893956,"true",1,0,"close"
"4719-3",1,0,1,0,2,30,0,1459893809940,"true",0,1,"close"
"4719-3",1,0,2,0,2,37,1,1459894028385,"true",0,0,"far"
"4719-3",1,0,0,0,2,36,0,1459893998026,"true",1,0,"far"
"4719-3",0,0,0,1,0,35,0,1459893989824,"true",1,0,"split"
"4719-3",0,0,2,1,0,34,1,1459893977284,"false",0,0,"close"
"4719-3",1,0,2,0,2,33,1,1459893933279,"true",0,0,"split"
"4719-3",1,0,1,0,2,32,0,1459893909207,"true",0,1,"far"
"4719-3",0,1,0,0,1,50,0,1459894505441,"true",1,0,"close"
