"gameid","sClicked_2","sClicked_1","lClickedIndex","sClicked_0","sClickedIndex","roundNum","lClicked_2","time","outcome","lClicked_0","lClicked_1","condition"
"4741-4",0,1,0,0,1,42,0,1476994224091,"true",1,0,"split"
"4741-4",0,1,1,0,1,48,0,1476994285839,"true",0,1,"split"
"4741-4",0,1,0,0,1,43,0,1476994230798,"true",1,0,"far"
"4741-4",0,0,2,1,0,49,1,1476994294854,"true",0,0,"close"
"4741-4",0,1,0,0,1,24,0,1476994051507,"true",1,0,"close"
"4741-4",0,1,0,0,1,25,0,1476994064086,"true",1,0,"close"
"4741-4",0,0,1,1,0,26,0,1476994071568,"true",0,1,"far"
"4741-4",0,0,1,1,0,27,0,1476994082477,"true",0,1,"split"
"4741-4",1,0,0,0,2,20,0,1476994004309,"true",1,0,"close"
"4741-4",1,0,1,0,2,21,0,1476994011541,"true",0,1,"close"
"4741-4",0,0,0,1,0,22,0,1476994019812,"true",1,0,"far"
"4741-4",0,1,0,0,1,23,0,1476994037359,"true",1,0,"close"
"4741-4",1,0,0,0,2,46,0,1476994262680,"true",1,0,"close"
"4741-4",1,0,0,0,2,47,0,1476994277842,"true",1,0,"split"
"4741-4",0,0,2,1,0,44,1,1476994243168,"true",0,0,"split"
"4741-4",0,0,2,1,0,45,1,1476994250078,"true",0,0,"far"
"4741-4",0,1,0,0,1,28,0,1476994092384,"true",1,0,"close"
"4741-4",0,1,1,0,1,29,0,1476994101666,"true",0,1,"far"
"4741-4",0,0,2,1,0,40,1,1476994204917,"true",0,0,"far"
"4741-4",0,0,2,1,0,41,1,1476994212993,"true",0,0,"split"
"4741-4",0,1,0,0,1,1,0,1476993736136,"true",1,0,"close"
"4741-4",0,1,2,0,1,3,1,1476993756732,"true",0,0,"far"
"4741-4",0,0,1,1,0,2,0,1476993746931,"true",0,1,"far"
"4741-4",1,0,0,0,2,5,0,1476993791435,"true",1,0,"split"
"4741-4",0,0,1,1,0,4,0,1476993764740,"true",0,1,"far"
"4741-4",0,1,1,0,1,7,0,1476993813157,"true",0,1,"split"
"4741-4",1,0,1,0,2,6,0,1476993802361,"true",0,1,"split"
"4741-4",0,0,0,1,0,9,0,1476993838096,"true",1,0,"split"
"4741-4",0,0,1,1,0,8,0,1476993825269,"true",0,1,"split"
"4741-4",1,0,1,0,2,39,0,1476994196492,"true",0,1,"far"
"4741-4",0,0,1,1,0,38,0,1476994188257,"true",0,1,"far"
"4741-4",0,0,0,1,0,11,0,1476993858261,"true",1,0,"split"
"4741-4",0,1,1,0,1,10,0,1476993848349,"true",0,1,"split"
"4741-4",1,0,0,0,2,13,0,1476993898122,"true",1,0,"split"
"4741-4",1,0,1,0,2,12,0,1476993886532,"false",0,1,"close"
"4741-4",1,0,2,0,2,15,1,1476993919938,"true",0,0,"far"
"4741-4",0,0,0,1,0,14,0,1476993911764,"true",1,0,"far"
"4741-4",1,0,2,0,2,17,1,1476993956433,"true",0,0,"far"
"4741-4",0,1,2,0,1,16,1,1476993948451,"true",0,0,"close"
"4741-4",1,0,0,0,2,19,0,1476993994548,"false",1,0,"close"
"4741-4",1,0,1,0,2,18,0,1476993977101,"true",0,1,"close"
"4741-4",0,1,0,0,1,31,0,1476994120199,"true",1,0,"split"
"4741-4",0,1,1,0,1,30,0,1476994110796,"true",0,1,"far"
"4741-4",0,1,0,0,1,37,0,1476994181159,"false",1,0,"close"
"4741-4",0,1,1,0,1,36,0,1476994168881,"true",0,1,"close"
"4741-4",1,0,1,0,2,35,0,1476994156883,"false",0,1,"close"
"4741-4",0,0,0,1,0,34,0,1476994147093,"true",1,0,"split"
"4741-4",1,0,1,0,2,33,0,1476994140157,"true",0,1,"far"
"4741-4",0,0,2,1,0,32,1,1476994131319,"true",0,0,"split"
"4741-4",0,0,0,1,0,50,0,1476994305517,"true",1,0,"far"
