"gameid","sClicked_2","sClicked_1","lClickedIndex","sClicked_0","sClickedIndex","roundNum","lClicked_2","time","outcome","lClicked_0","lClicked_1","condition"
"4742-9",0,0,0,1,0,42,0,1476990126199,"true",1,0,"far"
"4742-9",0,1,0,0,1,48,0,1476990183230,"true",1,0,"close"
"4742-9",1,0,2,0,2,43,1,1476990134818,"true",0,0,"far"
"4742-9",1,0,0,0,2,49,0,1476990191868,"true",1,0,"split"
"4742-9",0,0,0,1,0,24,0,1476989921034,"true",1,0,"far"
"4742-9",0,1,2,0,1,25,1,1476989935334,"true",0,0,"split"
"4742-9",0,0,0,1,0,26,0,1476989942322,"true",1,0,"split"
"4742-9",1,0,0,0,2,27,0,1476989959817,"false",1,0,"close"
"4742-9",0,0,1,1,0,20,0,1476989883337,"true",0,1,"far"
"4742-9",1,0,0,0,2,21,0,1476989890428,"true",1,0,"far"
"4742-9",0,1,0,0,1,22,0,1476989897690,"true",1,0,"close"
"4742-9",1,0,1,0,2,23,0,1476989908032,"true",0,1,"split"
"4742-9",0,1,0,0,1,46,0,1476990161200,"true",1,0,"close"
"4742-9",1,0,0,0,2,47,0,1476990168246,"true",1,0,"far"
"4742-9",0,1,0,0,1,44,0,1476990143588,"true",1,0,"split"
"4742-9",0,0,1,1,0,45,0,1476990152878,"true",0,1,"far"
"4742-9",1,0,0,0,2,28,0,1476989968203,"true",1,0,"far"
"4742-9",0,1,1,0,1,29,0,1476989977098,"true",0,1,"close"
"4742-9",0,1,0,0,1,40,0,1476990105611,"false",1,0,"close"
"4742-9",1,0,2,0,2,41,1,1476990113267,"true",0,0,"far"
"4742-9",1,0,2,0,2,1,1,1476989681743,"true",0,0,"close"
"4742-9",0,0,0,1,0,3,0,1476989706361,"true",1,0,"close"
"4742-9",0,1,0,0,1,2,0,1476989693041,"true",1,0,"close"
"4742-9",0,1,0,0,1,5,0,1476989729282,"true",1,0,"close"
"4742-9",0,1,0,0,1,4,0,1476989719922,"false",1,0,"close"
"4742-9",0,0,1,1,0,7,0,1476989753351,"true",0,1,"close"
"4742-9",1,0,1,0,2,6,0,1476989737117,"true",0,1,"far"
"4742-9",0,0,2,1,0,9,1,1476989772472,"true",0,0,"far"
"4742-9",1,0,1,0,2,8,0,1476989761591,"true",0,1,"far"
"4742-9",0,1,2,0,1,39,1,1476990092782,"true",0,0,"far"
"4742-9",0,0,2,1,0,38,1,1476990084650,"true",0,0,"split"
"4742-9",0,0,0,1,0,11,0,1476989793192,"true",1,0,"split"
"4742-9",0,1,0,0,1,10,0,1476989784927,"true",1,0,"split"
"4742-9",0,0,1,1,0,13,0,1476989819246,"false",0,1,"close"
"4742-9",0,1,2,0,1,12,1,1476989805524,"false",0,0,"split"
"4742-9",0,0,0,1,0,15,0,1476989833948,"true",1,0,"split"
"4742-9",0,0,0,1,0,14,0,1476989826487,"true",1,0,"far"
"4742-9",0,1,0,0,1,17,0,1476989853582,"true",1,0,"far"
"4742-9",0,1,1,0,1,16,0,1476989842783,"true",0,1,"close"
"4742-9",1,0,0,0,2,19,0,1476989876365,"true",1,0,"far"
"4742-9",0,0,1,1,0,18,0,1476989864317,"true",0,1,"split"
"4742-9",0,0,1,1,0,31,0,1476989998958,"false",0,1,"split"
"4742-9",0,0,1,1,0,30,0,1476989987242,"true",0,1,"split"
"4742-9",0,0,0,1,0,37,0,1476990075900,"true",1,0,"close"
"4742-9",0,1,1,0,1,36,0,1476990060968,"true",0,1,"split"
"4742-9",1,0,2,0,2,35,1,1476990049828,"true",0,0,"close"
"4742-9",1,0,0,0,2,34,0,1476990033551,"false",1,0,"close"
"4742-9",1,0,2,0,2,33,1,1476990016994,"true",0,0,"split"
"4742-9",1,0,0,0,2,32,0,1476990006167,"true",1,0,"far"
"4742-9",0,1,1,0,1,50,0,1476990201616,"false",0,1,"split"
