"gameid","sClicked_2","sClicked_1","lClickedIndex","sClicked_0","sClickedIndex","roundNum","lClicked_2","time","outcome","lClicked_0","lClicked_1","condition"
"4752-7",0,0,2,1,0,42,1,1476992260603,"true",0,0,"split"
"4752-7",0,0,1,1,0,48,0,1476992366151,"true",0,1,"close"
"4752-7",0,1,1,0,1,43,0,1476992310946,"true",0,1,"split"
"4752-7",1,0,0,0,2,49,0,1476992372833,"true",1,0,"far"
"4752-7",1,0,0,0,2,24,0,1476991998003,"true",1,0,"far"
"4752-7",0,1,1,0,1,25,0,1476992003878,"true",0,1,"split"
"4752-7",1,0,0,0,2,26,0,1476992015464,"true",1,0,"close"
"4752-7",0,1,1,0,1,27,0,1476992036784,"true",0,1,"close"
"4752-7",0,0,1,1,0,20,0,1476991968799,"true",0,1,"far"
"4752-7",0,1,0,0,1,21,0,1476991975786,"true",1,0,"split"
"4752-7",0,0,0,1,0,22,0,1476991982209,"true",1,0,"far"
"4752-7",0,0,0,1,0,23,0,1476991988396,"true",1,0,"split"
"4752-7",1,0,1,0,2,46,0,1476992347019,"true",0,1,"far"
"4752-7",0,1,1,0,1,47,0,1476992359502,"true",0,1,"split"
"4752-7",1,0,2,0,2,44,1,1476992335339,"true",0,0,"close"
"4752-7",0,0,1,1,0,45,0,1476992341019,"true",0,1,"far"
"4752-7",0,0,2,1,0,28,1,1476992046885,"true",0,0,"far"
"4752-7",1,0,1,0,2,29,0,1476992077430,"true",0,1,"close"
"4752-7",1,0,1,0,2,40,0,1476992222061,"true",0,1,"split"
"4752-7",1,0,1,0,2,41,0,1476992228214,"true",0,1,"close"
"4752-7",0,1,2,0,1,1,1,1476991737565,"true",0,0,"close"
"4752-7",1,0,2,0,2,3,1,1476991751797,"true",0,0,"far"
"4752-7",0,1,1,0,1,2,0,1476991745441,"true",0,1,"split"
"4752-7",0,1,2,0,1,5,1,1476991784568,"true",0,0,"split"
"4752-7",0,0,0,1,0,4,0,1476991762135,"true",1,0,"far"
"4752-7",0,0,2,1,0,7,1,1476991826429,"true",0,0,"close"
"4752-7",0,0,2,1,0,6,1,1476991794501,"true",0,0,"far"
"4752-7",0,0,1,1,0,9,0,1476991863442,"true",0,1,"split"
"4752-7",0,0,2,1,0,8,1,1476991843787,"true",0,0,"split"
"4752-7",0,1,0,0,1,39,0,1476992203070,"true",1,0,"close"
"4752-7",1,0,1,0,2,38,0,1476992180019,"true",0,1,"close"
"4752-7",0,0,0,1,0,11,0,1476991896900,"true",1,0,"close"
"4752-7",0,1,2,0,1,10,1,1476991885244,"true",0,0,"split"
"4752-7",1,0,2,0,2,13,1,1476991918995,"true",0,0,"close"
"4752-7",0,0,0,1,0,12,0,1476991907565,"true",1,0,"split"
"4752-7",0,0,0,1,0,15,0,1476991936173,"true",1,0,"split"
"4752-7",0,0,1,1,0,14,0,1476991925463,"true",0,1,"far"
"4752-7",0,0,2,1,0,17,1,1476991949020,"true",0,0,"split"
"4752-7",0,0,2,1,0,16,1,1476991942597,"true",0,0,"far"
"4752-7",0,1,2,0,1,19,1,1476991961792,"true",0,0,"far"
"4752-7",0,1,0,0,1,18,0,1476991955703,"true",1,0,"close"
"4752-7",0,0,0,1,0,31,0,1476992100055,"true",1,0,"close"
"4752-7",0,1,1,0,1,30,0,1476992092595,"true",0,1,"close"
"4752-7",1,0,0,0,2,37,0,1476992172739,"true",1,0,"close"
"4752-7",0,1,1,0,1,36,0,1476992163244,"true",0,1,"far"
"4752-7",1,0,1,0,2,35,0,1476992156464,"true",0,1,"far"
"4752-7",0,0,1,1,0,34,0,1476992149779,"true",0,1,"close"
"4752-7",1,0,1,0,2,33,0,1476992137369,"true",0,1,"far"
"4752-7",0,0,2,1,0,32,1,1476992122037,"true",0,0,"split"
"4752-7",1,0,1,0,2,50,0,1476992389327,"true",0,1,"split"
