"gameid","sClicked_2","sClicked_1","lClickedIndex","sClicked_0","sClickedIndex","roundNum","lClicked_2","time","outcome","lClicked_0","lClicked_1","condition"
"4764-2",0,1,2,0,1,42,1,1476473228813,"false",0,0,"split"
"4764-2",0,1,1,0,1,48,0,1476473304665,"true",0,1,"close"
"4764-2",0,1,1,0,1,43,0,1476473257055,"true",0,1,"far"
"4764-2",1,0,2,0,2,49,1,1476473321066,"true",0,0,"split"
"4764-2",0,1,2,0,1,24,1,1476472951647,"true",0,0,"close"
"4764-2",1,0,1,0,2,25,0,1476472964156,"false",0,1,"close"
"4764-2",0,0,0,1,0,26,0,1476472982077,"false",1,0,"close"
"4764-2",0,1,1,0,1,27,0,1476473003218,"true",0,1,"split"
"4764-2",1,0,2,0,2,20,1,1476472907264,"true",0,0,"split"
"4764-2",0,1,1,0,1,21,0,1476472921155,"true",0,1,"far"
"4764-2",0,1,1,0,1,22,0,1476472932254,"true",0,1,"far"
"4764-2",0,0,1,1,0,23,0,1476472940835,"true",0,1,"far"
"4764-2",0,1,0,0,1,46,0,1476473284365,"true",1,0,"far"
"4764-2",0,0,1,1,0,47,0,1476473293737,"true",0,1,"split"
"4764-2",0,0,0,1,0,44,0,1476473265697,"true",1,0,"far"
"4764-2",0,0,0,1,0,45,0,1476473276976,"true",1,0,"close"
"4764-2",0,1,1,0,1,28,0,1476473015758,"false",0,1,"split"
"4764-2",0,0,0,1,0,29,0,1476473045048,"false",1,0,"split"
"4764-2",1,0,0,0,2,40,0,1476473207136,"true",1,0,"split"
"4764-2",0,1,0,0,1,41,0,1476473217003,"true",1,0,"far"
"4764-2",0,1,1,0,1,1,0,1476472574064,"true",0,1,"far"
"4764-2",0,1,1,0,1,3,0,1476472602396,"true",0,1,"split"
"4764-2",1,0,2,0,2,2,1,1476472588354,"true",0,0,"far"
"4764-2",1,0,2,0,2,5,1,1476472653867,"true",0,0,"split"
"4764-2",0,0,2,1,0,4,1,1476472631136,"false",0,0,"split"
"4764-2",0,0,0,1,0,7,0,1476472688917,"true",1,0,"split"
"4764-2",0,0,0,1,0,6,0,1476472667960,"true",1,0,"close"
"4764-2",1,0,0,0,2,9,0,1476472728331,"true",1,0,"close"
"4764-2",0,1,1,0,1,8,0,1476472712628,"false",0,1,"split"
"4764-2",0,1,2,0,1,39,1,1476473184285,"true",0,0,"far"
"4764-2",0,1,2,0,1,38,1,1476473175636,"false",0,0,"close"
"4764-2",1,0,1,0,2,11,0,1476472753280,"false",0,1,"far"
"4764-2",0,0,0,1,0,10,0,1476472744879,"false",1,0,"close"
"4764-2",0,0,2,1,0,13,1,1476472798350,"true",0,0,"close"
"4764-2",0,0,0,1,0,12,0,1476472780131,"false",1,0,"close"
"4764-2",1,0,0,0,2,15,0,1476472836022,"true",1,0,"close"
"4764-2",0,0,0,1,0,14,0,1476472819975,"true",1,0,"split"
"4764-2",1,0,0,0,2,17,0,1476472861141,"true",1,0,"far"
"4764-2",0,1,1,0,1,16,0,1476472847239,"true",0,1,"far"
"4764-2",0,1,0,0,1,19,0,1476472890904,"true",1,0,"split"
"4764-2",1,0,1,0,2,18,0,1476472878824,"true",0,1,"close"
"4764-2",0,0,1,1,0,31,0,1476473081856,"true",0,1,"split"
"4764-2",0,0,2,1,0,30,1,1476473061591,"false",0,0,"close"
"4764-2",0,0,0,1,0,37,0,1476473158815,"true",1,0,"far"
"4764-2",1,0,0,0,2,36,0,1476473147912,"true",1,0,"far"
"4764-2",0,1,1,0,1,35,0,1476473133911,"true",0,1,"split"
"4764-2",0,1,1,0,1,34,0,1476473123800,"true",0,1,"far"
"4764-2",0,0,2,1,0,33,1,1476473108242,"true",0,0,"close"
"4764-2",0,0,0,1,0,32,0,1476473094480,"false",1,0,"close"
"4764-2",0,0,0,1,0,50,0,1476473329448,"true",1,0,"far"
