"gameid","sClicked_2","sClicked_1","lClickedIndex","sClicked_0","sClickedIndex","roundNum","lClicked_2","time","outcome","lClicked_0","lClicked_1","condition"
"4777-1",0,0,2,1,0,42,1,1476478485703,"false",0,0,"close"
"4777-1",0,0,0,1,0,48,0,1476478565437,"true",1,0,"far"
"4777-1",1,0,2,0,2,43,1,1476478495971,"true",0,0,"far"
"4777-1",0,0,2,1,0,49,1,1476478575584,"true",0,0,"close"
"4777-1",0,0,1,1,0,24,0,1476478242924,"true",0,1,"close"
"4777-1",0,0,0,1,0,25,0,1476478252605,"true",1,0,"close"
"4777-1",0,0,0,1,0,26,0,1476478262827,"true",1,0,"close"
"4777-1",0,1,1,0,1,27,0,1476478272514,"true",0,1,"far"
"4777-1",0,1,0,0,1,20,0,1476478188662,"false",1,0,"split"
"4777-1",0,1,0,0,1,21,0,1476478199083,"true",1,0,"close"
"4777-1",1,0,0,0,2,22,0,1476478210503,"false",1,0,"close"
"4777-1",1,0,1,0,2,23,0,1476478230626,"true",0,1,"split"
"4777-1",1,0,0,0,2,46,0,1476478538367,"true",1,0,"close"
"4777-1",0,1,1,0,1,47,0,1476478556875,"true",0,1,"split"
"4777-1",0,1,0,0,1,44,0,1476478510233,"true",1,0,"far"
"4777-1",0,1,0,0,1,45,0,1476478521753,"true",1,0,"far"
"4777-1",0,1,1,0,1,28,0,1476478285026,"true",0,1,"close"
"4777-1",0,0,1,1,0,29,0,1476478295656,"true",0,1,"split"
"4777-1",0,0,1,1,0,40,0,1476478446619,"true",0,1,"far"
"4777-1",1,0,0,0,2,41,0,1476478462983,"true",1,0,"split"
"4777-1",0,1,0,0,1,1,0,1476477941086,"true",1,0,"split"
"4777-1",1,0,2,0,2,3,1,1476477967445,"true",0,0,"close"
"4777-1",1,0,0,0,2,2,0,1476477955185,"true",1,0,"close"
"4777-1",0,0,1,1,0,5,0,1476478001058,"true",0,1,"close"
"4777-1",0,1,2,0,1,4,1,1476477987586,"true",0,0,"split"
"4777-1",0,1,0,0,1,7,0,1476478026148,"true",1,0,"close"
"4777-1",0,0,2,1,0,6,1,1476478013616,"true",0,0,"split"
"4777-1",0,0,1,1,0,9,0,1476478044009,"true",0,1,"far"
"4777-1",1,0,0,0,2,8,0,1476478035008,"false",1,0,"split"
"4777-1",1,0,1,0,2,39,0,1476478435550,"true",0,1,"split"
"4777-1",0,1,2,0,1,38,1,1476478423171,"true",0,0,"far"
"4777-1",0,0,1,1,0,11,0,1476478062497,"false",0,1,"close"
"4777-1",0,1,2,0,1,10,1,1476478052826,"true",0,0,"far"
"4777-1",1,0,2,0,2,13,1,1476478094090,"true",0,0,"far"
"4777-1",1,0,1,0,2,12,0,1476478084788,"true",0,1,"far"
"4777-1",0,0,0,1,0,15,0,1476478117411,"true",1,0,"split"
"4777-1",0,1,0,0,1,14,0,1476478105192,"true",1,0,"far"
"4777-1",1,0,0,0,2,17,0,1476478143033,"true",1,0,"split"
"4777-1",0,1,0,0,1,16,0,1476478128191,"true",1,0,"close"
"4777-1",0,0,1,1,0,19,0,1476478169701,"true",0,1,"split"
"4777-1",0,1,0,0,1,18,0,1476478157822,"true",1,0,"close"
"4777-1",0,1,1,0,1,31,0,1476478316537,"true",0,1,"split"
"4777-1",0,0,2,1,0,30,1,1476478304237,"true",0,0,"split"
"4777-1",1,0,1,0,2,37,0,1476478399527,"true",0,1,"split"
"4777-1",0,1,2,0,1,36,1,1476478380598,"true",0,0,"far"
"4777-1",1,0,0,0,2,35,0,1476478371508,"false",1,0,"close"
"4777-1",1,0,0,0,2,34,0,1476478358687,"true",1,0,"split"
"4777-1",0,0,0,1,0,33,0,1476478341507,"true",1,0,"far"
"4777-1",0,0,1,1,0,32,0,1476478331547,"true",0,1,"far"
"4777-1",0,1,1,0,1,50,0,1476478588617,"true",0,1,"far"
