"gameid","sClicked_2","sClicked_1","lClickedIndex","sClicked_0","sClickedIndex","roundNum","lClicked_2","time","outcome","lClicked_0","lClicked_1","condition"
"4790-c",0,1,1,0,1,42,0,1476475892045,"true",0,1,"split"
"4790-c",0,1,1,0,1,48,0,1476475953628,"true",0,1,"split"
"4790-c",0,0,0,1,0,43,0,1476475905020,"true",1,0,"close"
"4790-c",1,0,2,0,2,49,1,1476475969400,"false",0,0,"close"
"4790-c",1,0,2,0,2,24,1,1476475682355,"false",0,0,"split"
"4790-c",0,1,0,0,1,25,0,1476475696411,"true",1,0,"split"
"4790-c",0,1,2,0,1,26,1,1476475707351,"true",0,0,"close"
"4790-c",0,0,0,1,0,27,0,1476475722466,"true",1,0,"close"
"4790-c",1,0,1,0,2,20,0,1476475642601,"true",0,1,"close"
"4790-c",0,0,2,1,0,21,1,1476475651082,"true",0,0,"far"
"4790-c",1,0,2,0,2,22,1,1476475658814,"true",0,0,"far"
"4790-c",1,0,1,0,2,23,0,1476475667298,"true",0,1,"far"
"4790-c",1,0,0,0,2,46,0,1476475936024,"false",1,0,"close"
"4790-c",1,0,1,0,2,47,0,1476475944803,"true",0,1,"far"
"4790-c",0,0,1,1,0,44,0,1476475916898,"true",0,1,"split"
"4790-c",1,0,2,0,2,45,1,1476475925342,"true",0,0,"far"
"4790-c",0,1,0,0,1,28,0,1476475730756,"true",1,0,"far"
"4790-c",1,0,0,0,2,29,0,1476475740508,"true",1,0,"close"
"4790-c",0,1,1,0,1,40,0,1476475870095,"true",0,1,"close"
"4790-c",0,1,1,0,1,41,0,1476475879630,"true",0,1,"far"
"4790-c",0,1,2,0,1,1,1,1476475438823,"true",0,0,"close"
"4790-c",0,1,1,0,1,3,0,1476475459519,"true",0,1,"far"
"4790-c",0,1,0,0,1,2,0,1476475451263,"true",1,0,"split"
"4790-c",0,1,2,0,1,5,1,1476475477805,"true",0,0,"far"
"4790-c",1,0,1,0,2,4,0,1476475468924,"true",0,1,"far"
"4790-c",0,0,2,1,0,7,1,1476475509037,"false",0,0,"split"
"4790-c",0,1,2,0,1,6,1,1476475492465,"true",0,0,"split"
"4790-c",0,0,0,1,0,9,0,1476475527986,"true",1,0,"split"
"4790-c",0,1,0,0,1,8,0,1476475518438,"true",1,0,"split"
"4790-c",0,1,2,0,1,39,1,1476475860249,"true",0,0,"close"
"4790-c",0,0,2,1,0,38,1,1476475843650,"true",0,0,"close"
"4790-c",0,0,0,1,0,11,0,1476475545109,"true",1,0,"far"
"4790-c",0,0,0,1,0,10,0,1476475536962,"true",1,0,"close"
"4790-c",1,0,2,0,2,13,1,1476475565903,"true",0,0,"far"
"4790-c",1,0,2,0,2,12,1,1476475557475,"true",0,0,"split"
"4790-c",0,0,2,1,0,15,1,1476475597916,"false",0,0,"close"
"4790-c",1,0,2,0,2,14,1,1476475575190,"true",0,0,"far"
"4790-c",0,0,0,1,0,17,0,1476475615491,"true",1,0,"far"
"4790-c",0,1,1,0,1,16,0,1476475605784,"true",0,1,"split"
"4790-c",0,0,0,1,0,19,0,1476475633818,"true",1,0,"close"
"4790-c",0,0,2,1,0,18,1,1476475624694,"true",0,0,"split"
"4790-c",0,0,0,1,0,31,0,1476475760934,"true",1,0,"far"
"4790-c",1,0,2,0,2,30,1,1476475751167,"true",0,0,"close"
"4790-c",0,0,2,1,0,37,1,1476475834520,"true",0,0,"close"
"4790-c",0,1,2,0,1,36,1,1476475821393,"true",0,0,"split"
"4790-c",0,0,1,1,0,35,0,1476475812340,"true",0,1,"far"
"4790-c",0,0,0,1,0,34,0,1476475801379,"true",1,0,"far"
"4790-c",0,1,0,0,1,33,0,1476475791455,"false",1,0,"close"
"4790-c",0,0,0,1,0,32,0,1476475769659,"true",1,0,"split"
"4790-c",0,1,1,0,1,50,0,1476475978108,"true",0,1,"split"
