"gameid","sClicked_2","sClicked_1","lClickedIndex","sClicked_0","sClickedIndex","roundNum","lClicked_2","time","outcome","lClicked_0","lClicked_1","condition"
"4793-9",0,0,2,1,0,42,1,1476484684302,"true",0,0,"far"
"4793-9",0,0,1,1,0,48,0,1476484760891,"true",0,1,"far"
"4793-9",0,0,1,1,0,43,0,1476484692393,"true",0,1,"far"
"4793-9",0,0,2,1,0,49,1,1476484778666,"false",0,0,"close"
"4793-9",0,1,0,0,1,24,0,1476484428643,"true",1,0,"far"
"4793-9",0,0,1,1,0,25,0,1476484439788,"true",0,1,"split"
"4793-9",0,1,0,0,1,26,0,1476484450431,"true",1,0,"close"
"4793-9",0,0,0,1,0,27,0,1476484462086,"false",1,0,"split"
"4793-9",0,1,2,0,1,20,1,1476484362575,"true",0,0,"close"
"4793-9",0,0,1,1,0,21,0,1476484376587,"true",0,1,"split"
"4793-9",0,0,1,1,0,22,0,1476484399208,"true",0,1,"split"
"4793-9",0,1,0,0,1,23,0,1476484421142,"true",1,0,"close"
"4793-9",1,0,2,0,2,46,1,1476484723989,"false",0,0,"close"
"4793-9",1,0,1,0,2,47,0,1476484753409,"true",0,1,"split"
"4793-9",1,0,2,0,2,44,1,1476484701506,"true",0,0,"split"
"4793-9",1,0,1,0,2,45,0,1476484711231,"true",0,1,"close"
"4793-9",1,0,2,0,2,28,1,1476484484380,"true",0,0,"close"
"4793-9",0,0,1,1,0,29,0,1476484508652,"true",0,1,"close"
"4793-9",0,0,1,1,0,40,0,1476484668300,"true",0,1,"close"
"4793-9",0,1,0,0,1,41,0,1476484676475,"true",1,0,"far"
"4793-9",1,0,1,0,2,1,0,1476483982003,"true",0,1,"far"
"4793-9",1,0,1,0,2,3,0,1476484002366,"true",0,1,"far"
"4793-9",1,0,0,0,2,2,0,1476483994431,"true",1,0,"close"
"4793-9",1,0,2,0,2,5,1,1476484029816,"true",0,0,"far"
"4793-9",1,0,2,0,2,4,1,1476484015827,"true",0,0,"far"
"4793-9",0,1,1,0,1,7,0,1476484051262,"true",0,1,"close"
"4793-9",0,0,2,1,0,6,1,1476484042730,"true",0,0,"close"
"4793-9",0,1,0,0,1,9,0,1476484081918,"true",1,0,"split"
"4793-9",0,0,2,1,0,8,1,1476484070815,"true",0,0,"close"
"4793-9",1,0,1,0,2,39,0,1476484655110,"true",0,1,"far"
"4793-9",1,0,1,0,2,38,0,1476484647777,"true",0,1,"far"
"4793-9",0,0,2,1,0,11,1,1476484123250,"true",0,0,"far"
"4793-9",0,1,1,0,1,10,0,1476484097695,"true",0,1,"close"
"4793-9",1,0,0,0,2,13,0,1476484218523,"true",1,0,"far"
"4793-9",0,1,1,0,1,12,0,1476484175643,"true",0,1,"split"
"4793-9",0,1,1,0,1,15,0,1476484278513,"true",0,1,"split"
"4793-9",0,0,0,1,0,14,0,1476484264648,"true",1,0,"split"
"4793-9",0,1,1,0,1,17,0,1476484319944,"true",0,1,"split"
"4793-9",0,0,2,1,0,16,1,1476484308844,"false",0,0,"close"
"4793-9",0,0,0,1,0,19,0,1476484349211,"true",1,0,"close"
"4793-9",1,0,2,0,2,18,1,1476484335410,"true",0,0,"split"
"4793-9",0,0,1,1,0,31,0,1476484530410,"true",0,1,"far"
"4793-9",1,0,0,0,2,30,0,1476484519974,"true",1,0,"far"
"4793-9",0,1,0,0,1,37,0,1476484613243,"true",1,0,"far"
"4793-9",0,1,1,0,1,36,0,1476484596052,"true",0,1,"far"
"4793-9",0,0,1,1,0,35,0,1476484588503,"false",0,1,"close"
"4793-9",0,0,0,1,0,34,0,1476484579246,"true",1,0,"split"
"4793-9",0,1,0,0,1,33,0,1476484561030,"true",1,0,"split"
"4793-9",1,0,0,0,2,32,0,1476484541627,"true",1,0,"split"
"4793-9",1,0,1,0,2,50,0,1476484799412,"true",0,1,"split"
