"gameid","sClicked_2","sClicked_1","lClickedIndex","sClicked_0","sClickedIndex","roundNum","lClicked_2","time","outcome","lClicked_0","lClicked_1","condition"
"4793-5",0,1,2,0,1,42,1,1459882849253,"true",0,0,"split"
"4793-5",0,1,2,0,1,48,1,1459882918781,"true",0,0,"far"
"4793-5",0,1,0,0,1,43,0,1459882858594,"true",1,0,"far"
"4793-5",1,0,0,0,2,49,0,1459882934310,"true",1,0,"close"
"4793-5",1,0,0,0,2,24,0,1459882625137,"true",1,0,"close"
"4793-5",0,1,1,0,1,25,0,1459882646183,"true",0,1,"close"
"4793-5",0,0,1,1,0,26,0,1459882661528,"true",0,1,"close"
"4793-5",0,0,1,1,0,27,0,1459882671070,"true",0,1,"close"
"4793-5",0,0,0,1,0,20,0,1459882580203,"true",1,0,"close"
"4793-5",0,1,2,0,1,21,1,1459882591214,"true",0,0,"split"
"4793-5",0,0,1,1,0,22,0,1459882600628,"true",0,1,"far"
"4793-5",1,0,2,0,2,23,1,1459882608161,"true",0,0,"split"
"4793-5",0,1,0,0,1,46,0,1459882892142,"true",1,0,"split"
"4793-5",1,0,1,0,2,47,0,1459882909661,"true",0,1,"far"
"4793-5",1,0,0,0,2,44,0,1459882868452,"true",1,0,"split"
"4793-5",1,0,1,0,2,45,0,1459882883951,"true",0,1,"close"
"4793-5",1,0,0,0,2,28,0,1459882681004,"true",1,0,"split"
"4793-5",1,0,0,0,2,29,0,1459882689329,"true",1,0,"far"
"4793-5",1,0,2,0,2,40,1,1459882826935,"true",0,0,"far"
"4793-5",0,1,1,0,1,41,0,1459882839157,"true",0,1,"close"
"4793-5",1,0,1,0,2,1,0,1459882302465,"true",0,1,"far"
"4793-5",0,1,0,0,1,3,0,1459882333448,"true",1,0,"far"
"4793-5",0,1,2,0,1,2,1,1459882317920,"false",0,0,"close"
"4793-5",1,0,2,0,2,5,1,1459882360054,"true",0,0,"split"
"4793-5",1,0,2,0,2,4,1,1459882348040,"true",0,0,"far"
"4793-5",0,0,2,1,0,7,1,1459882385196,"true",0,0,"split"
"4793-5",1,0,2,0,2,6,1,1459882376095,"true",0,0,"close"
"4793-5",1,0,1,0,2,9,0,1459882419915,"true",0,1,"close"
"4793-5",1,0,1,0,2,8,0,1459882404591,"true",0,1,"split"
"4793-5",0,1,2,0,1,39,1,1459882809550,"true",0,0,"split"
"4793-5",1,0,2,0,2,38,1,1459882796738,"true",0,0,"split"
"4793-5",0,1,2,0,1,11,1,1459882447649,"true",0,0,"split"
"4793-5",0,1,0,0,1,10,0,1459882438774,"false",1,0,"close"
"4793-5",0,1,0,0,1,13,0,1459882488916,"true",1,0,"far"
"4793-5",0,1,0,0,1,12,0,1459882477547,"true",1,0,"close"
"4793-5",1,0,2,0,2,15,1,1459882519684,"true",0,0,"split"
"4793-5",1,0,1,0,2,14,0,1459882505999,"true",0,1,"close"
"4793-5",0,0,1,1,0,17,0,1459882553167,"false",0,1,"close"
"4793-5",0,0,1,1,0,16,0,1459882527276,"true",0,1,"far"
"4793-5",1,0,0,0,2,19,0,1459882571566,"true",1,0,"far"
"4793-5",1,0,1,0,2,18,0,1459882562046,"true",0,1,"split"
"4793-5",0,1,2,0,1,31,1,1459882713575,"true",0,0,"close"
"4793-5",0,1,0,0,1,30,0,1459882700932,"true",1,0,"split"
"4793-5",0,1,2,0,1,37,1,1459882784709,"true",0,0,"far"
"4793-5",1,0,1,0,2,36,0,1459882774052,"true",0,1,"far"
"4793-5",1,0,1,0,2,35,0,1459882764261,"true",0,1,"close"
"4793-5",1,0,2,0,2,34,1,1459882750301,"true",0,0,"far"
"4793-5",0,0,1,1,0,33,0,1459882738053,"true",0,1,"split"
"4793-5",0,0,1,1,0,32,0,1459882724165,"false",0,1,"far"
"4793-5",0,1,0,0,1,50,0,1459882947432,"true",1,0,"far"
