"gameid","sClicked_2","sClicked_1","lClickedIndex","sClicked_0","sClickedIndex","roundNum","lClicked_2","time","outcome","lClicked_0","lClicked_1","condition"
"4804-8",0,0,2,1,0,42,1,1476989082924,"true",0,0,"split"
"4804-8",0,1,2,0,1,48,1,1476989214365,"true",0,0,"split"
"4804-8",0,0,1,1,0,43,0,1476989110945,"true",0,1,"split"
"4804-8",0,0,0,1,0,49,0,1476989234156,"true",1,0,"split"
"4804-8",1,0,1,0,2,24,0,1476988760402,"true",0,1,"close"
"4804-8",0,1,1,0,1,25,0,1476988772170,"true",0,1,"split"
"4804-8",1,0,1,0,2,26,0,1476988791559,"true",0,1,"split"
"4804-8",1,0,1,0,2,27,0,1476988822234,"true",0,1,"close"
"4804-8",0,1,2,0,1,20,1,1476988581940,"false",0,0,"split"
"4804-8",0,1,0,0,1,21,0,1476988604701,"true",1,0,"split"
"4804-8",1,0,2,0,2,22,1,1476988645537,"false",0,0,"close"
"4804-8",1,0,0,0,2,23,0,1476988711675,"true",1,0,"close"
"4804-8",1,0,2,0,2,46,1,1476989176616,"true",0,0,"split"
"4804-8",1,0,0,0,2,47,0,1476989201478,"true",1,0,"split"
"4804-8",0,0,0,1,0,44,0,1476989123440,"true",1,0,"split"
"4804-8",0,1,1,0,1,45,0,1476989161938,"true",0,1,"close"
"4804-8",0,0,1,1,0,28,0,1476988845107,"false",0,1,"close"
"4804-8",0,1,1,0,1,29,0,1476988870798,"true",0,1,"split"
"4804-8",0,1,2,0,1,40,1,1476989046237,"true",0,0,"far"
"4804-8",0,1,2,0,1,41,1,1476989056827,"true",0,0,"far"
"4804-8",0,1,0,0,1,1,0,1476988214723,"true",1,0,"far"
"4804-8",0,1,0,0,1,3,0,1476988262380,"true",1,0,"split"
"4804-8",0,1,0,0,1,2,0,1476988229123,"true",1,0,"far"
"4804-8",0,1,1,0,1,5,0,1476988297423,"true",0,1,"close"
"4804-8",0,0,1,1,0,4,0,1476988282002,"true",0,1,"close"
"4804-8",0,0,0,1,0,7,0,1476988359611,"true",1,0,"far"
"4804-8",0,1,1,0,1,6,0,1476988344782,"true",0,1,"split"
"4804-8",0,1,0,0,1,9,0,1476988410962,"true",1,0,"close"
"4804-8",0,0,1,1,0,8,0,1476988375672,"true",0,1,"close"
"4804-8",0,1,0,0,1,39,0,1476989025859,"true",1,0,"close"
"4804-8",0,0,2,1,0,38,1,1476989008097,"true",0,0,"far"
"4804-8",1,0,2,0,2,11,1,1476988436486,"true",0,0,"far"
"4804-8",1,0,0,0,2,10,0,1476988421635,"true",1,0,"far"
"4804-8",0,0,0,1,0,13,0,1476988482164,"true",1,0,"close"
"4804-8",0,1,2,0,1,12,1,1476988453086,"true",0,0,"far"
"4804-8",1,0,2,0,2,15,1,1476988508735,"true",0,0,"close"
"4804-8",1,0,2,0,2,14,1,1476988491309,"true",0,0,"split"
"4804-8",0,0,0,1,0,17,0,1476988533360,"true",1,0,"far"
"4804-8",1,0,0,0,2,16,0,1476988519585,"true",1,0,"far"
"4804-8",0,0,1,1,0,19,0,1476988556160,"true",0,1,"split"
"4804-8",0,0,2,1,0,18,1,1476988543005,"true",0,0,"far"
"4804-8",0,0,0,1,0,31,0,1476988889659,"true",1,0,"far"
"4804-8",0,1,0,0,1,30,0,1476988880880,"true",1,0,"split"
"4804-8",0,1,0,0,1,37,0,1476988996069,"true",1,0,"close"
"4804-8",1,0,0,0,2,36,0,1476988983069,"true",1,0,"far"
"4804-8",0,0,1,1,0,35,0,1476988966155,"true",0,1,"close"
"4804-8",1,0,1,0,2,34,0,1476988940464,"true",0,1,"far"
"4804-8",0,0,2,1,0,33,1,1476988929437,"true",0,0,"far"
"4804-8",0,1,1,0,1,32,0,1476988916181,"true",0,1,"close"
"4804-8",0,1,2,0,1,50,1,1476989246907,"true",0,0,"far"
