"gameid","sClicked_2","sClicked_1","lClickedIndex","sClicked_0","sClickedIndex","roundNum","lClicked_2","time","outcome","lClicked_0","lClicked_1","condition"
"4806-d",0,1,2,0,1,42,1,1476468792311,"true",0,0,"far"
"4806-d",0,1,0,0,1,48,0,1476468839815,"true",1,0,"far"
"4806-d",1,0,2,0,2,43,1,1476468799824,"true",0,0,"split"
"4806-d",0,0,0,1,0,49,0,1476468867262,"true",1,0,"far"
"4806-d",0,1,0,0,1,24,0,1476468595519,"true",1,0,"far"
"4806-d",0,1,1,0,1,25,0,1476468609751,"true",0,1,"close"
"4806-d",0,0,2,1,0,26,1,1476468619496,"true",0,0,"far"
"4806-d",0,1,1,0,1,27,0,1476468625199,"true",0,1,"far"
"4806-d",0,1,2,0,1,20,1,1476468543875,"true",0,0,"far"
"4806-d",0,1,1,0,1,21,0,1476468554785,"true",0,1,"split"
"4806-d",0,1,1,0,1,22,0,1476468582761,"true",0,1,"close"
"4806-d",0,1,0,0,1,23,0,1476468589232,"true",1,0,"far"
"4806-d",0,1,2,0,1,46,1,1476468826478,"true",0,0,"far"
"4806-d",0,0,0,1,0,47,0,1476468834439,"true",1,0,"close"
"4806-d",0,1,0,0,1,44,0,1476468805592,"true",1,0,"close"
"4806-d",0,1,0,0,1,45,0,1476468817719,"true",1,0,"close"
"4806-d",1,0,0,0,2,28,0,1476468639688,"true",1,0,"split"
"4806-d",0,0,2,1,0,29,1,1476468646449,"true",0,0,"split"
"4806-d",0,1,1,0,1,40,0,1476468779039,"true",0,1,"far"
"4806-d",0,0,0,1,0,41,0,1476468786583,"true",1,0,"far"
"4806-d",1,0,1,0,2,1,0,1476468311042,"false",0,1,"close"
"4806-d",0,0,2,1,0,3,1,1476468333211,"true",0,0,"close"
"4806-d",0,0,0,1,0,2,0,1476468322098,"true",1,0,"close"
"4806-d",0,1,2,0,1,5,1,1476468355058,"true",0,0,"split"
"4806-d",1,0,2,0,2,4,1,1476468339956,"true",0,0,"far"
"4806-d",0,1,0,0,1,7,0,1476468369139,"true",1,0,"split"
"4806-d",0,1,2,0,1,6,1,1476468361082,"true",0,0,"far"
"4806-d",1,0,1,0,2,9,0,1476468381987,"true",0,1,"far"
"4806-d",0,0,1,1,0,8,0,1476468376186,"true",0,1,"split"
"4806-d",0,1,2,0,1,39,1,1476468772855,"true",0,0,"split"
"4806-d",1,0,1,0,2,38,0,1476468766791,"true",0,1,"split"
"4806-d",0,0,0,1,0,11,0,1476468403050,"true",1,0,"split"
"4806-d",1,0,2,0,2,10,1,1476468392899,"true",0,0,"close"
"4806-d",1,0,2,0,2,13,1,1476468444680,"true",0,0,"close"
"4806-d",1,0,1,0,2,12,0,1476468416410,"true",0,1,"close"
"4806-d",1,0,1,0,2,15,0,1476468458864,"false",0,1,"split"
"4806-d",0,1,1,0,1,14,0,1476468451993,"true",0,1,"close"
"4806-d",0,1,1,0,1,17,0,1476468501201,"true",0,1,"close"
"4806-d",0,1,1,0,1,16,0,1476468482896,"true",0,1,"split"
"4806-d",0,0,0,1,0,19,0,1476468522835,"true",1,0,"split"
"4806-d",0,0,1,1,0,18,0,1476468511360,"true",0,1,"split"
"4806-d",1,0,2,0,2,31,1,1476468675855,"true",0,0,"close"
"4806-d",1,0,0,0,2,30,0,1476468662559,"true",1,0,"split"
"4806-d",0,1,1,0,1,37,0,1476468759799,"true",0,1,"far"
"4806-d",0,0,1,1,0,36,0,1476468753527,"true",0,1,"close"
"4806-d",1,0,0,0,2,35,0,1476468744559,"true",1,0,"far"
"4806-d",0,1,1,0,1,34,0,1476468737240,"true",0,1,"split"
"4806-d",1,0,2,0,2,33,1,1476468719263,"true",0,0,"close"
"4806-d",0,0,1,1,0,32,0,1476468689832,"true",0,1,"split"
"4806-d",0,1,0,0,1,50,0,1476468874567,"true",1,0,"far"
