"gameid","sClicked_2","sClicked_1","lClickedIndex","sClicked_0","sClickedIndex","roundNum","lClicked_2","time","outcome","lClicked_0","lClicked_1","condition"
"4845-f",1,0,1,0,2,42,0,1459901984856,"true",0,1,"split"
"4845-f",1,0,0,0,2,48,0,1459902096395,"true",1,0,"split"
"4845-f",0,0,0,1,0,43,0,1459902017407,"true",1,0,"close"
"4845-f",1,0,0,0,2,49,0,1459902112890,"true",1,0,"split"
"4845-f",0,0,1,1,0,24,0,1459901764601,"true",0,1,"split"
"4845-f",0,0,1,1,0,25,0,1459901777266,"true",0,1,"close"
"4845-f",0,0,1,1,0,26,0,1459901784898,"true",0,1,"far"
"4845-f",0,1,0,0,1,27,0,1459901794062,"true",1,0,"far"
"4845-f",0,0,1,1,0,20,0,1459901690311,"true",0,1,"split"
"4845-f",0,1,0,0,1,21,0,1459901733377,"false",1,0,"close"
"4845-f",0,0,2,1,0,22,1,1459901743032,"true",0,0,"far"
"4845-f",0,0,1,1,0,23,0,1459901755947,"true",0,1,"close"
"4845-f",1,0,0,0,2,46,0,1459902066938,"true",1,0,"split"
"4845-f",0,1,0,0,1,47,0,1459902078396,"true",1,0,"split"
"4845-f",0,1,0,0,1,44,0,1459902025894,"true",1,0,"close"
"4845-f",0,0,2,1,0,45,1,1459902033438,"true",0,0,"far"
"4845-f",0,0,2,1,0,28,1,1459901801030,"true",0,0,"far"
"4845-f",0,1,0,0,1,29,0,1459901807436,"true",1,0,"far"
"4845-f",0,0,2,1,0,40,1,1459901959656,"true",0,0,"split"
"4845-f",0,1,0,0,1,41,0,1459901970027,"true",1,0,"split"
"4845-f",0,0,2,1,0,1,1,1459901455267,"false",0,0,"close"
"4845-f",0,0,0,1,0,3,0,1459901481049,"true",1,0,"close"
"4845-f",0,0,0,1,0,2,0,1459901468666,"true",1,0,"far"
"4845-f",0,1,0,0,1,5,0,1459901496757,"true",1,0,"far"
"4845-f",0,1,0,0,1,4,0,1459901489779,"true",1,0,"far"
"4845-f",0,0,2,1,0,7,1,1459901531655,"true",0,0,"close"
"4845-f",0,0,1,1,0,6,0,1459901510753,"true",0,1,"split"
"4845-f",1,0,0,0,2,9,0,1459901555706,"true",1,0,"close"
"4845-f",0,0,2,1,0,8,1,1459901539661,"true",0,0,"close"
"4845-f",1,0,2,0,2,39,1,1459901941416,"true",0,0,"split"
"4845-f",1,0,0,0,2,38,0,1459901928943,"true",1,0,"far"
"4845-f",1,0,1,0,2,11,0,1459901578236,"true",0,1,"split"
"4845-f",0,1,1,0,1,10,0,1459901563045,"true",0,1,"far"
"4845-f",1,0,1,0,2,13,0,1459901598578,"true",0,1,"close"
"4845-f",0,0,2,1,0,12,1,1459901585082,"true",0,0,"far"
"4845-f",0,0,2,1,0,15,1,1459901628403,"true",0,0,"far"
"4845-f",0,1,0,0,1,14,0,1459901621241,"true",1,0,"split"
"4845-f",1,0,0,0,2,17,0,1459901655695,"true",1,0,"far"
"4845-f",0,0,0,1,0,16,0,1459901645776,"true",1,0,"close"
"4845-f",0,0,0,1,0,19,0,1459901681313,"true",1,0,"split"
"4845-f",0,1,0,0,1,18,0,1459901669475,"true",1,0,"split"
"4845-f",1,0,0,0,2,31,0,1459901837885,"true",1,0,"split"
"4845-f",0,1,1,0,1,30,0,1459901823198,"true",0,1,"close"
"4845-f",1,0,2,0,2,37,1,1459901921107,"false",0,0,"close"
"4845-f",1,0,2,0,2,36,1,1459901898447,"true",0,0,"far"
"4845-f",1,0,2,0,2,35,1,1459901887685,"true",0,0,"far"
"4845-f",0,0,0,1,0,34,0,1459901879745,"true",1,0,"close"
"4845-f",0,1,2,0,1,33,1,1459901864144,"true",0,0,"close"
"4845-f",1,0,0,0,2,32,0,1459901847967,"true",1,0,"far"
"4845-f",0,1,0,0,1,50,0,1459902127568,"true",1,0,"close"
