"gameid","sClicked_2","sClicked_1","lClickedIndex","sClicked_0","sClickedIndex","roundNum","lClicked_2","time","outcome","lClicked_0","lClicked_1","condition"
"4860-7",0,0,2,1,0,42,1,1476989227620,"true",0,0,"split"
"4860-7",1,0,2,0,2,48,1,1476989370670,"true",0,0,"far"
"4860-7",0,1,0,0,1,43,0,1476989276831,"false",1,0,"close"
"4860-7",0,1,1,0,1,49,0,1476989382974,"true",0,1,"far"
"4860-7",0,0,1,1,0,24,0,1476988880460,"true",0,1,"close"
"4860-7",1,0,2,0,2,25,1,1476988904693,"true",0,0,"far"
"4860-7",0,0,1,1,0,26,0,1476988924150,"true",0,1,"far"
"4860-7",0,0,2,1,0,27,1,1476988934477,"true",0,0,"far"
"4860-7",0,1,2,0,1,20,1,1476988775580,"false",0,0,"split"
"4860-7",0,1,0,0,1,21,0,1476988793029,"true",1,0,"far"
"4860-7",1,0,2,0,2,22,1,1476988809372,"true",0,0,"split"
"4860-7",0,0,1,1,0,23,0,1476988853645,"false",0,1,"close"
"4860-7",0,1,0,0,1,46,0,1476989342782,"false",1,0,"far"
"4860-7",0,1,1,0,1,47,0,1476989352218,"true",0,1,"far"
"4860-7",0,0,1,1,0,44,0,1476989290700,"true",0,1,"split"
"4860-7",0,0,0,1,0,45,0,1476989331493,"true",1,0,"far"
"4860-7",0,1,0,0,1,28,0,1476988951450,"true",1,0,"close"
"4860-7",0,0,2,1,0,29,1,1476988967908,"true",0,0,"split"
"4860-7",0,0,0,1,0,40,0,1476989195953,"true",1,0,"close"
"4860-7",1,0,1,0,2,41,0,1476989213574,"true",0,1,"split"
"4860-7",0,1,1,0,1,1,0,1476988291084,"false",0,1,"split"
"4860-7",0,1,0,0,1,3,0,1476988322678,"true",1,0,"far"
"4860-7",1,0,1,0,2,2,0,1476988308821,"true",0,1,"far"
"4860-7",0,0,1,1,0,5,0,1476988365223,"true",0,1,"close"
"4860-7",0,1,1,0,1,4,0,1476988334874,"true",0,1,"far"
"4860-7",0,1,1,0,1,7,0,1476988415351,"true",0,1,"split"
"4860-7",0,0,2,1,0,6,1,1476988380460,"true",0,0,"close"
"4860-7",0,1,2,0,1,9,1,1476988522631,"false",0,0,"split"
"4860-7",0,1,0,0,1,8,0,1476988499666,"false",1,0,"close"
"4860-7",0,0,1,1,0,39,0,1476989183783,"true",0,1,"split"
"4860-7",1,0,2,0,2,38,1,1476989173109,"true",0,0,"close"
"4860-7",1,0,2,0,2,11,1,1476988598956,"true",0,0,"split"
"4860-7",1,0,2,0,2,10,1,1476988536568,"true",0,0,"split"
"4860-7",1,0,2,0,2,13,1,1476988644325,"true",0,0,"far"
"4860-7",1,0,1,0,2,12,0,1476988613024,"true",0,1,"far"
"4860-7",0,0,0,1,0,15,0,1476988681494,"true",1,0,"far"
"4860-7",0,0,0,1,0,14,0,1476988670399,"true",1,0,"close"
"4860-7",0,0,2,1,0,17,1,1476988707296,"true",0,0,"close"
"4860-7",0,1,0,0,1,16,0,1476988692390,"true",1,0,"split"
"4860-7",0,1,1,0,1,19,0,1476988759951,"true",0,1,"close"
"4860-7",0,0,2,1,0,18,1,1476988724992,"true",0,0,"far"
"4860-7",0,1,1,0,1,31,0,1476988999042,"true",0,1,"close"
"4860-7",0,1,0,0,1,30,0,1476988978501,"true",1,0,"split"
"4860-7",0,1,0,0,1,37,0,1476989146146,"true",1,0,"close"
"4860-7",0,0,2,1,0,36,1,1476989127899,"true",0,0,"close"
"4860-7",0,1,0,0,1,35,0,1476989105328,"true",1,0,"split"
"4860-7",0,1,1,0,1,34,0,1476989090539,"false",0,1,"close"
"4860-7",1,0,1,0,2,33,0,1476989034719,"true",0,1,"split"
"4860-7",1,0,1,0,2,32,0,1476989014320,"true",0,1,"far"
"4860-7",0,0,1,1,0,50,0,1476989399827,"true",0,1,"close"
