"gameid","sClicked_2","sClicked_1","lClickedIndex","sClicked_0","sClickedIndex","roundNum","lClicked_2","time","outcome","lClicked_0","lClicked_1","condition"
"4862-e",0,1,1,0,1,42,0,1476469904589,"true",0,1,"far"
"4862-e",0,0,2,1,0,48,1,1476469989320,"true",0,0,"close"
"4862-e",0,1,0,0,1,43,0,1476469915684,"true",1,0,"close"
"4862-e",0,0,1,1,0,49,0,1476470006177,"true",0,1,"split"
"4862-e",0,0,0,1,0,24,0,1476469661784,"true",1,0,"far"
"4862-e",0,0,2,1,0,25,1,1476469690431,"true",0,0,"close"
"4862-e",0,0,1,1,0,26,0,1476469697462,"true",0,1,"split"
"4862-e",0,0,0,1,0,27,0,1476469709887,"false",1,0,"split"
"4862-e",0,0,2,1,0,20,1,1476469611113,"true",0,0,"split"
"4862-e",0,0,2,1,0,21,1,1476469627842,"false",0,0,"far"
"4862-e",0,0,0,1,0,22,0,1476469637197,"true",1,0,"far"
"4862-e",0,0,1,1,0,23,0,1476469648135,"true",0,1,"far"
"4862-e",0,1,0,0,1,46,0,1476469959697,"true",1,0,"split"
"4862-e",0,0,1,1,0,47,0,1476469968880,"true",0,1,"far"
"4862-e",0,0,0,1,0,44,0,1476469940387,"false",1,0,"close"
"4862-e",0,1,0,0,1,45,0,1476469949779,"false",1,0,"split"
"4862-e",1,0,1,0,2,28,0,1476469722128,"true",0,1,"close"
"4862-e",0,0,1,1,0,29,0,1476469735543,"false",0,1,"split"
"4862-e",1,0,0,0,2,40,0,1476469887332,"true",1,0,"far"
"4862-e",0,1,0,0,1,41,0,1476469895797,"true",1,0,"split"
"4862-e",0,0,2,1,0,1,1,1476469311508,"false",0,0,"split"
"4862-e",1,0,1,0,2,3,0,1476469331695,"true",0,1,"far"
"4862-e",0,1,2,0,1,2,1,1476469321173,"true",0,0,"far"
"4862-e",0,1,2,0,1,5,1,1476469360336,"false",0,0,"far"
"4862-e",0,0,1,1,0,4,0,1476469344111,"true",0,1,"close"
"4862-e",0,0,1,1,0,7,0,1476469383922,"true",0,1,"close"
"4862-e",0,1,2,0,1,6,1,1476469370454,"true",0,0,"far"
"4862-e",0,1,0,0,1,9,0,1476469419740,"true",1,0,"close"
"4862-e",1,0,0,0,2,8,0,1476469404578,"false",1,0,"split"
"4862-e",0,0,1,1,0,39,0,1476469880728,"true",0,1,"far"
"4862-e",0,1,1,0,1,38,0,1476469872012,"true",0,1,"close"
"4862-e",0,0,2,1,0,11,1,1476469464167,"true",0,0,"far"
"4862-e",0,1,0,0,1,10,0,1476469439947,"true",1,0,"split"
"4862-e",0,1,1,0,1,13,0,1476469491341,"true",0,1,"split"
"4862-e",1,0,0,0,2,12,0,1476469478787,"true",1,0,"split"
"4862-e",1,0,1,0,2,15,0,1476469520012,"true",0,1,"far"
"4862-e",0,1,0,0,1,14,0,1476469508621,"true",1,0,"close"
"4862-e",0,0,1,1,0,17,0,1476469566944,"false",0,1,"close"
"4862-e",1,0,2,0,2,16,1,1476469542821,"true",0,0,"split"
"4862-e",0,1,2,0,1,19,1,1476469600289,"true",0,0,"far"
"4862-e",0,0,2,1,0,18,1,1476469589337,"true",0,0,"close"
"4862-e",1,0,1,0,2,31,0,1476469768932,"true",0,1,"close"
"4862-e",1,0,1,0,2,30,0,1476469752846,"true",0,1,"far"
"4862-e",1,0,1,0,2,37,0,1476469861990,"true",0,1,"close"
"4862-e",1,0,0,0,2,36,0,1476469851311,"true",1,0,"split"
"4862-e",0,0,1,1,0,35,0,1476469841096,"true",0,1,"close"
"4862-e",0,1,2,0,1,34,1,1476469815177,"true",0,0,"far"
"4862-e",1,0,2,0,2,33,1,1476469807285,"false",0,0,"close"
"4862-e",0,1,2,0,1,32,1,1476469787245,"false",0,0,"split"
"4862-e",1,0,2,0,2,50,1,1476470032091,"true",0,0,"close"
