"gameid","sClicked_2","sClicked_1","lClickedIndex","sClicked_0","sClickedIndex","roundNum","lClicked_2","time","outcome","lClicked_0","lClicked_1","condition"
"4863-9",0,1,1,0,1,42,0,1476469147206,"true",0,1,"close"
"4863-9",0,0,0,1,0,48,0,1476469199037,"true",1,0,"far"
"4863-9",1,0,1,0,2,43,0,1476469157257,"true",0,1,"split"
"4863-9",1,0,0,0,2,49,0,1476469208016,"true",1,0,"split"
"4863-9",0,0,0,1,0,24,0,1476468933696,"true",1,0,"close"
"4863-9",1,0,1,0,2,25,0,1476468944644,"true",0,1,"close"
"4863-9",1,0,0,0,2,26,0,1476468955635,"true",1,0,"close"
"4863-9",0,1,1,0,1,27,0,1476468962903,"true",0,1,"far"
"4863-9",0,1,2,0,1,20,1,1476468895475,"true",0,0,"far"
"4863-9",0,1,0,0,1,21,0,1476468903990,"true",1,0,"split"
"4863-9",0,0,2,1,0,22,1,1476468913606,"false",0,0,"split"
"4863-9",0,1,2,0,1,23,1,1476468924849,"false",0,0,"split"
"4863-9",0,0,1,1,0,46,0,1476469182893,"true",0,1,"close"
"4863-9",0,0,2,1,0,47,1,1476469191520,"true",0,0,"split"
"4863-9",0,1,2,0,1,44,1,1476469169309,"true",0,0,"close"
"4863-9",0,0,2,1,0,45,1,1476469176164,"true",0,0,"far"
"4863-9",0,0,1,1,0,28,0,1476468986366,"true",0,1,"close"
"4863-9",0,0,2,1,0,29,1,1476468997198,"true",0,0,"far"
"4863-9",0,0,0,1,0,40,0,1476469125695,"true",1,0,"far"
"4863-9",0,1,1,0,1,41,0,1476469132588,"true",0,1,"split"
"4863-9",1,0,2,0,2,1,1,1476468682612,"false",0,0,"split"
"4863-9",0,1,2,0,1,2,1,1476468696864,"false",0,0,"close"
"4863-9",0,0,2,1,0,5,1,1476468754987,"true",0,0,"far"
"4863-9",0,1,0,0,1,4,0,1476468748286,"true",1,0,"far"
"4863-9",0,0,1,1,0,7,0,1476468767490,"true",0,1,"far"
"4863-9",1,0,0,0,2,6,0,1476468761352,"true",1,0,"far"
"4863-9",0,1,1,0,1,9,0,1476468786914,"true",0,1,"split"
"4863-9",1,0,0,0,2,8,0,1476468774030,"true",1,0,"far"
"4863-9",0,1,2,0,1,39,1,1476469115868,"true",0,0,"split"
"4863-9",0,1,2,0,1,38,1,1476469103884,"true",0,0,"close"
"4863-9",1,0,1,0,2,11,0,1476468802936,"true",0,1,"close"
"4863-9",0,0,1,1,0,10,0,1476468794677,"true",0,1,"split"
"4863-9",0,0,1,1,0,13,0,1476468821573,"true",0,1,"split"
"4863-9",0,0,1,1,0,12,0,1476468813416,"false",0,1,"close"
"4863-9",0,0,1,1,0,15,0,1476468836972,"true",0,1,"far"
"4863-9",0,1,1,0,1,14,0,1476468830351,"true",0,1,"close"
"4863-9",1,0,1,0,2,17,0,1476468871234,"true",0,1,"split"
"4863-9",1,0,1,0,2,16,0,1476468864252,"false",0,1,"close"
"4863-9",0,0,0,1,0,19,0,1476468889017,"true",1,0,"split"
"4863-9",0,0,1,1,0,18,0,1476468879660,"true",0,1,"far"
"4863-9",0,0,0,1,0,31,0,1476469013992,"true",1,0,"far"
"4863-9",0,0,1,1,0,30,0,1476469007163,"true",0,1,"split"
"4863-9",1,0,2,0,2,37,1,1476469095567,"true",0,0,"far"
"4863-9",0,1,2,0,1,36,1,1476469087564,"true",0,0,"close"
"4863-9",0,0,1,1,0,35,0,1476469078904,"true",0,1,"far"
"4863-9",0,0,1,1,0,34,0,1476469068786,"false",0,1,"close"
"4863-9",0,0,2,1,0,33,1,1476469047740,"true",0,0,"split"
"4863-9",0,1,0,0,1,32,0,1476469024532,"true",1,0,"close"
"4863-9",1,0,0,0,2,50,0,1476469216741,"true",1,0,"split"
