"gameid","sClicked_2","sClicked_1","lClickedIndex","sClicked_0","sClickedIndex","roundNum","lClicked_2","time","outcome","lClicked_0","lClicked_1","condition"
"4869-3",1,0,1,0,2,42,0,1476990007508,"true",0,1,"far"
"4869-3",0,1,1,0,1,48,0,1476990050619,"true",0,1,"far"
"4869-3",1,0,1,0,2,43,0,1476990013331,"true",0,1,"close"
"4869-3",1,0,1,0,2,49,0,1476990057420,"true",0,1,"far"
"4869-3",0,0,0,1,0,24,0,1476989821381,"true",1,0,"split"
"4869-3",0,0,1,1,0,25,0,1476989832741,"true",0,1,"split"
"4869-3",0,1,1,0,1,26,0,1476989842222,"true",0,1,"close"
"4869-3",1,0,0,0,2,27,0,1476989856469,"true",1,0,"close"
"4869-3",1,0,0,0,2,20,0,1476989789637,"true",1,0,"close"
"4869-3",0,1,0,0,1,21,0,1476989795846,"true",1,0,"far"
"4869-3",1,0,0,0,2,22,0,1476989801831,"true",1,0,"split"
"4869-3",0,0,0,1,0,23,0,1476989811976,"true",1,0,"split"
"4869-3",0,1,2,0,1,46,1,1476990036571,"true",0,0,"close"
"4869-3",0,0,2,1,0,47,1,1476990043164,"true",0,0,"far"
"4869-3",0,1,1,0,1,44,0,1476990020171,"true",0,1,"close"
"4869-3",1,0,0,0,2,45,0,1476990026155,"true",1,0,"split"
"4869-3",0,0,2,1,0,28,1,1476989864029,"true",0,0,"far"
"4869-3",1,0,1,0,2,29,0,1476989879188,"false",0,1,"close"
"4869-3",0,1,1,0,1,40,0,1476989991221,"false",0,1,"split"
"4869-3",0,1,0,0,1,41,0,1476990000899,"true",1,0,"close"
"4869-3",0,1,2,0,1,1,1,1476989547139,"true",0,0,"far"
"4869-3",0,1,0,0,1,3,0,1476989581232,"true",1,0,"split"
"4869-3",1,0,1,0,2,2,0,1476989567033,"true",0,1,"split"
"4869-3",0,0,0,1,0,5,0,1476989594991,"true",1,0,"far"
"4869-3",0,1,0,0,1,4,0,1476989589128,"true",1,0,"close"
"4869-3",0,1,0,0,1,7,0,1476989641143,"true",1,0,"close"
"4869-3",0,0,2,1,0,6,1,1476989616375,"true",0,0,"split"
"4869-3",0,1,2,0,1,9,1,1476989668622,"true",0,0,"close"
"4869-3",0,1,0,0,1,8,0,1476989655766,"true",1,0,"close"
"4869-3",0,0,0,1,0,39,0,1476989978900,"true",1,0,"close"
"4869-3",1,0,0,0,2,38,0,1476989968492,"true",1,0,"split"
"4869-3",0,1,1,0,1,11,0,1476989704047,"true",0,1,"split"
"4869-3",0,1,1,0,1,10,0,1476989696887,"true",0,1,"close"
"4869-3",1,0,2,0,2,13,1,1476989731397,"true",0,0,"far"
"4869-3",0,0,1,1,0,12,0,1476989718510,"true",0,1,"split"
"4869-3",0,0,2,1,0,15,1,1476989753390,"true",0,0,"split"
"4869-3",1,0,2,0,2,14,1,1476989743254,"true",0,0,"far"
"4869-3",0,1,1,0,1,17,0,1476989767134,"true",0,1,"close"
"4869-3",0,0,0,1,0,16,0,1476989760397,"true",1,0,"far"
"4869-3",1,0,2,0,2,19,1,1476989781916,"true",0,0,"far"
"4869-3",0,1,0,0,1,18,0,1476989774430,"true",1,0,"close"
"4869-3",1,0,1,0,2,31,0,1476989892780,"true",0,1,"far"
"4869-3",1,0,2,0,2,30,1,1476989886781,"true",0,0,"far"
"4869-3",0,1,2,0,1,37,1,1476989961244,"true",0,0,"far"
"4869-3",0,0,0,1,0,36,0,1476989954476,"true",1,0,"split"
"4869-3",0,0,1,1,0,35,0,1476989946645,"false",0,1,"split"
"4869-3",0,0,0,1,0,34,0,1476989938701,"false",1,0,"split"
"4869-3",0,1,2,0,1,33,1,1476989912845,"true",0,0,"close"
"4869-3",0,0,0,1,0,32,0,1476989903773,"true",1,0,"far"
"4869-3",0,0,0,1,0,50,0,1476990066867,"true",1,0,"split"
