"gameid","sClicked_2","sClicked_1","lClickedIndex","sClicked_0","sClickedIndex","roundNum","lClicked_2","time","outcome","lClicked_0","lClicked_1","condition"
"4870-5",1,0,1,0,2,42,0,1476488919239,"true",0,1,"split"
"4870-5",0,0,2,1,0,48,1,1476489051918,"true",0,0,"far"
"4870-5",0,0,0,1,0,43,0,1476488939800,"true",1,0,"split"
"4870-5",0,1,1,0,1,49,0,1476489067722,"true",0,1,"split"
"4870-5",0,0,1,1,0,24,0,1476488353566,"true",0,1,"far"
"4870-5",0,1,0,0,1,25,0,1476488390401,"true",1,0,"far"
"4870-5",0,1,0,0,1,26,0,1476488420562,"true",1,0,"far"
"4870-5",0,0,1,1,0,27,0,1476488472607,"true",0,1,"close"
"4870-5",0,1,0,0,1,20,0,1476488244080,"true",1,0,"close"
"4870-5",0,0,2,1,0,21,1,1476488267482,"true",0,0,"split"
"4870-5",0,0,2,1,0,22,1,1476488284725,"true",0,0,"far"
"4870-5",0,1,0,0,1,23,0,1476488327480,"true",1,0,"close"
"4870-5",0,0,2,1,0,46,1,1476489015763,"false",0,0,"close"
"4870-5",0,0,1,1,0,47,0,1476489036880,"true",0,1,"far"
"4870-5",1,0,2,0,2,44,1,1476488968641,"true",0,0,"split"
"4870-5",0,0,1,1,0,45,0,1476488987079,"true",0,1,"split"
"4870-5",0,0,1,1,0,28,0,1476488511846,"false",0,1,"split"
"4870-5",1,0,1,0,2,29,0,1476488524598,"true",0,1,"far"
"4870-5",0,0,1,1,0,40,0,1476488853845,"true",0,1,"far"
"4870-5",0,1,2,0,1,41,1,1476488904486,"true",0,0,"close"
"4870-5",1,0,1,0,2,1,0,1476487780766,"true",0,1,"far"
"4870-5",0,0,2,1,0,3,1,1476487815597,"true",0,0,"close"
"4870-5",0,0,0,1,0,2,0,1476487796323,"true",1,0,"far"
"4870-5",0,1,0,0,1,5,0,1476487838761,"true",1,0,"far"
"4870-5",0,1,1,0,1,4,0,1476487829562,"true",0,1,"split"
"4870-5",0,1,0,0,1,7,0,1476487875127,"true",1,0,"close"
"4870-5",1,0,0,0,2,6,0,1476487851682,"true",1,0,"split"
"4870-5",0,1,0,0,1,9,0,1476487921601,"true",1,0,"close"
"4870-5",0,1,1,0,1,8,0,1476487893085,"true",0,1,"far"
"4870-5",0,0,2,1,0,39,1,1476488840440,"true",0,0,"close"
"4870-5",0,0,1,1,0,38,0,1476488779519,"true",0,1,"split"
"4870-5",0,1,0,0,1,11,0,1476487974200,"true",1,0,"split"
"4870-5",1,0,0,0,2,10,0,1476487955601,"true",1,0,"split"
"4870-5",1,0,1,0,2,13,0,1476488024083,"true",0,1,"close"
"4870-5",0,0,1,1,0,12,0,1476487991642,"true",0,1,"far"
"4870-5",1,0,2,0,2,15,1,1476488071283,"true",0,0,"split"
"4870-5",1,0,1,0,2,14,0,1476488049203,"true",0,1,"close"
"4870-5",1,0,2,0,2,17,1,1476488099798,"false",0,0,"far"
"4870-5",0,0,1,1,0,16,0,1476488083881,"true",0,1,"far"
"4870-5",0,0,0,1,0,19,0,1476488177083,"true",1,0,"close"
"4870-5",1,0,2,0,2,18,1,1476488136524,"true",0,0,"split"
"4870-5",1,0,1,0,2,31,0,1476488577362,"true",0,1,"split"
"4870-5",0,1,2,0,1,30,1,1476488556681,"true",0,0,"close"
"4870-5",0,0,2,1,0,37,1,1476488753038,"false",0,0,"close"
"4870-5",0,0,1,1,0,36,0,1476488729079,"true",0,1,"far"
"4870-5",0,1,1,0,1,35,0,1476488706806,"true",0,1,"split"
"4870-5",0,1,2,0,1,34,1,1476488691998,"true",0,0,"split"
"4870-5",1,0,0,0,2,33,0,1476488663684,"true",1,0,"far"
"4870-5",0,0,1,1,0,32,0,1476488650800,"true",0,1,"close"
"4870-5",0,1,0,0,1,50,0,1476489119999,"true",1,0,"close"
