"gameid","sClicked_2","sClicked_1","lClickedIndex","sClicked_0","sClickedIndex","roundNum","lClicked_2","time","outcome","lClicked_0","lClicked_1","condition"
"4878-c",1,0,2,0,2,42,1,1476993712199,"true",0,0,"far"
"4878-c",1,0,2,0,2,48,1,1476993831670,"true",0,0,"far"
"4878-c",0,1,2,0,1,43,1,1476993752080,"true",0,0,"close"
"4878-c",1,0,2,0,2,49,1,1476993843958,"true",0,0,"far"
"4878-c",0,1,1,0,1,24,0,1476993397921,"true",0,1,"far"
"4878-c",1,0,0,0,2,25,0,1476993405382,"false",1,0,"split"
"4878-c",0,0,0,1,0,26,0,1476993419540,"true",1,0,"split"
"4878-c",0,1,0,0,1,27,0,1476993462786,"true",1,0,"close"
"4878-c",0,0,2,1,0,20,1,1476993337469,"true",0,0,"split"
"4878-c",0,0,2,1,0,21,1,1476993364472,"true",0,0,"close"
"4878-c",0,0,2,1,0,22,1,1476993375017,"true",0,0,"far"
"4878-c",1,0,0,0,2,23,0,1476993390782,"true",1,0,"close"
"4878-c",0,0,2,1,0,46,1,1476993813032,"true",0,0,"split"
"4878-c",0,1,0,0,1,47,0,1476993821875,"true",1,0,"split"
"4878-c",0,0,0,1,0,44,0,1476993765019,"true",1,0,"close"
"4878-c",1,0,0,0,2,45,0,1476993780559,"true",1,0,"close"
"4878-c",0,1,0,0,1,28,0,1476993474730,"true",1,0,"split"
"4878-c",0,0,0,1,0,29,0,1476993495281,"true",1,0,"close"
"4878-c",1,0,0,0,2,40,0,1476993681489,"true",1,0,"far"
"4878-c",0,0,2,1,0,41,1,1476993699370,"true",0,0,"split"
"4878-c",0,1,2,0,1,1,1,1476992970196,"true",0,0,"far"
"4878-c",0,0,1,1,0,3,0,1476993031273,"true",0,1,"far"
"4878-c",0,0,0,1,0,2,0,1476993023112,"true",1,0,"close"
"4878-c",1,0,0,0,2,5,0,1476993048382,"true",1,0,"far"
"4878-c",0,0,0,1,0,4,0,1476993041253,"true",1,0,"split"
"4878-c",0,1,2,0,1,7,1,1476993155521,"true",0,0,"close"
"4878-c",1,0,1,0,2,6,0,1476993117047,"true",0,1,"close"
"4878-c",1,0,0,0,2,9,0,1476993189522,"true",1,0,"close"
"4878-c",0,1,2,0,1,8,1,1476993164223,"false",0,0,"split"
"4878-c",0,0,0,1,0,39,0,1476993672579,"true",1,0,"close"
"4878-c",0,0,2,1,0,38,1,1476993639254,"true",0,0,"split"
"4878-c",0,0,0,1,0,11,0,1476993219821,"true",1,0,"split"
"4878-c",0,1,0,0,1,10,0,1476993198294,"false",1,0,"split"
"4878-c",0,1,1,0,1,13,0,1476993247687,"true",0,1,"far"
"4878-c",0,1,2,0,1,12,1,1476993239594,"true",0,0,"far"
"4878-c",0,0,0,1,0,15,0,1476993278243,"false",1,0,"close"
"4878-c",0,0,1,1,0,14,0,1476993258730,"true",0,1,"far"
"4878-c",0,1,2,0,1,17,1,1476993308780,"true",0,0,"split"
"4878-c",0,0,0,1,0,16,0,1476993293913,"true",1,0,"split"
"4878-c",0,1,2,0,1,19,1,1476993327967,"true",0,0,"close"
"4878-c",0,1,1,0,1,18,0,1476993316493,"true",0,1,"far"
"4878-c",0,1,1,0,1,31,0,1476993521475,"true",0,1,"far"
"4878-c",0,1,0,0,1,30,0,1476993510452,"false",1,0,"far"
"4878-c",0,1,2,0,1,37,1,1476993619049,"true",0,0,"far"
"4878-c",1,0,0,0,2,36,0,1476993607030,"true",1,0,"split"
"4878-c",0,0,0,1,0,35,0,1476993593670,"true",1,0,"split"
"4878-c",0,0,2,1,0,34,1,1476993582144,"true",0,0,"close"
"4878-c",1,0,2,0,2,33,1,1476993544891,"true",0,0,"far"
"4878-c",0,1,0,0,1,32,0,1476993535355,"true",1,0,"split"
"4878-c",1,0,1,0,2,50,0,1476993857643,"true",0,1,"close"
