"gameid","sClicked_2","sClicked_1","lClickedIndex","sClicked_0","sClickedIndex","roundNum","lClicked_2","time","outcome","lClicked_0","lClicked_1","condition"
"4879-7",0,1,1,0,1,42,0,1476994002466,"true",0,1,"far"
"4879-7",0,1,2,0,1,48,1,1476994075628,"true",0,0,"close"
"4879-7",0,0,1,1,0,43,0,1476994014831,"true",0,1,"close"
"4879-7",1,0,0,0,2,49,0,1476994086287,"true",1,0,"split"
"4879-7",0,1,1,0,1,24,0,1476993766924,"true",0,1,"far"
"4879-7",1,0,2,0,2,25,1,1476993777298,"true",0,0,"close"
"4879-7",0,1,1,0,1,26,0,1476993793026,"true",0,1,"close"
"4879-7",0,1,2,0,1,27,1,1476993802892,"true",0,0,"far"
"4879-7",0,1,2,0,1,20,1,1476993719493,"true",0,0,"close"
"4879-7",1,0,1,0,2,21,0,1476993742354,"true",0,1,"close"
"4879-7",0,1,0,0,1,22,0,1476993750565,"true",1,0,"far"
"4879-7",0,1,2,0,1,23,1,1476993759589,"true",0,0,"split"
"4879-7",0,1,2,0,1,46,1,1476994043743,"true",0,0,"split"
"4879-7",0,1,1,0,1,47,0,1476994050303,"true",0,1,"split"
"4879-7",0,0,2,1,0,44,1,1476994025574,"true",0,0,"close"
"4879-7",0,0,1,1,0,45,0,1476994036899,"true",0,1,"close"
"4879-7",0,1,0,0,1,28,0,1476993809384,"true",1,0,"far"
"4879-7",1,0,0,0,2,29,0,1476993836677,"false",1,0,"split"
"4879-7",0,1,2,0,1,40,1,1476993988102,"true",0,0,"split"
"4879-7",1,0,2,0,2,41,1,1476993995830,"true",0,0,"split"
"4879-7",0,1,0,0,1,1,0,1476993414223,"true",1,0,"split"
"4879-7",0,0,2,1,0,3,1,1476993472555,"true",0,0,"split"
"4879-7",1,0,0,0,2,2,0,1476993430220,"true",1,0,"close"
"4879-7",1,0,2,0,2,5,1,1476993491929,"true",0,0,"far"
"4879-7",0,0,1,1,0,4,0,1476993480994,"true",0,1,"split"
"4879-7",0,0,2,1,0,7,1,1476993545480,"true",0,0,"close"
"4879-7",0,1,2,0,1,6,1,1476993509717,"true",0,0,"far"
"4879-7",0,1,0,0,1,9,0,1476993567260,"false",1,0,"close"
"4879-7",0,1,1,0,1,8,0,1476993554786,"true",0,1,"far"
"4879-7",0,0,0,1,0,39,0,1476993971529,"true",1,0,"far"
"4879-7",1,0,1,0,2,38,0,1476993960175,"true",0,1,"far"
"4879-7",1,0,1,0,2,11,0,1476993589065,"true",0,1,"far"
"4879-7",0,0,0,1,0,10,0,1476993577975,"true",1,0,"split"
"4879-7",0,1,0,0,1,13,0,1476993617090,"true",1,0,"far"
"4879-7",0,1,0,0,1,12,0,1476993605763,"true",1,0,"close"
"4879-7",0,1,2,0,1,15,1,1476993643327,"true",0,0,"far"
"4879-7",1,0,1,0,2,14,0,1476993636789,"true",0,1,"close"
"4879-7",0,1,0,0,1,17,0,1476993687880,"true",1,0,"split"
"4879-7",1,0,1,0,2,16,0,1476993680044,"true",0,1,"close"
"4879-7",1,0,0,0,2,19,0,1476993711494,"true",1,0,"split"
"4879-7",1,0,0,0,2,18,0,1476993704327,"true",1,0,"split"
"4879-7",0,0,1,1,0,31,0,1476993885954,"true",0,1,"split"
"4879-7",0,1,0,0,1,30,0,1476993860348,"true",1,0,"far"
"4879-7",0,0,2,1,0,37,1,1476993949801,"true",0,0,"split"
"4879-7",0,1,0,0,1,36,0,1476993942501,"true",1,0,"close"
"4879-7",0,0,1,1,0,35,0,1476993927910,"true",0,1,"close"
"4879-7",0,0,0,1,0,34,0,1476993910047,"true",1,0,"far"
"4879-7",0,0,0,1,0,33,0,1476993902009,"true",1,0,"far"
"4879-7",0,0,2,1,0,32,1,1476993894383,"true",0,0,"far"
"4879-7",0,0,2,1,0,50,1,1476994099353,"true",0,0,"close"
