"gameid","sClicked_2","sClicked_1","lClickedIndex","sClicked_0","sClickedIndex","roundNum","lClicked_2","time","outcome","lClicked_0","lClicked_1","condition"
"4879-8",0,1,0,0,1,42,0,1476494052445,"false",1,0,"close"
"4879-8",1,0,2,0,2,48,1,1476494144415,"true",0,0,"far"
"4879-8",0,0,1,1,0,43,0,1476494065514,"true",0,1,"close"
"4879-8",1,0,1,0,2,49,0,1476494174890,"true",0,1,"close"
"4879-8",0,0,2,1,0,24,1,1476493727455,"true",0,0,"close"
"4879-8",1,0,0,0,2,25,0,1476493740627,"true",1,0,"split"
"4879-8",0,0,2,1,0,26,1,1476493754707,"true",0,0,"split"
"4879-8",0,0,0,1,0,27,0,1476493773900,"true",1,0,"far"
"4879-8",0,1,0,0,1,20,0,1476493648961,"true",1,0,"close"
"4879-8",0,1,1,0,1,21,0,1476493658891,"true",0,1,"split"
"4879-8",0,0,1,1,0,22,0,1476493669534,"true",0,1,"close"
"4879-8",0,1,0,0,1,23,0,1476493683380,"true",1,0,"split"
"4879-8",0,1,0,0,1,46,0,1476494108976,"false",1,0,"close"
"4879-8",1,0,2,0,2,47,1,1476494136172,"false",0,0,"split"
"4879-8",0,1,0,0,1,44,0,1476494074749,"true",1,0,"far"
"4879-8",1,0,0,0,2,45,0,1476494097442,"true",1,0,"close"
"4879-8",0,1,1,0,1,28,0,1476493792094,"true",0,1,"split"
"4879-8",0,0,2,1,0,29,1,1476493812801,"true",0,0,"split"
"4879-8",0,0,2,1,0,40,1,1476494012194,"true",0,0,"split"
"4879-8",1,0,0,0,2,41,0,1476494022344,"true",1,0,"far"
"4879-8",1,0,0,0,2,1,0,1476493279000,"true",1,0,"close"
"4879-8",0,0,2,1,0,3,1,1476493310586,"true",0,0,"split"
"4879-8",0,1,2,0,1,2,1,1476493292659,"false",0,0,"far"
"4879-8",0,1,2,0,1,5,1,1476493340092,"true",0,0,"far"
"4879-8",0,0,2,1,0,4,1,1476493330023,"true",0,0,"close"
"4879-8",0,0,0,1,0,7,0,1476493387323,"false",1,0,"close"
"4879-8",1,0,2,0,2,6,1,1476493353957,"false",0,0,"far"
"4879-8",0,1,2,0,1,9,1,1476493424499,"true",0,0,"split"
"4879-8",0,1,2,0,1,8,1,1476493399721,"false",0,0,"far"
"4879-8",0,0,1,1,0,39,0,1476493997594,"true",0,1,"split"
"4879-8",0,0,1,1,0,38,0,1476493989177,"false",0,1,"far"
"4879-8",0,0,0,1,0,11,0,1476493460221,"true",1,0,"far"
"4879-8",0,1,2,0,1,10,1,1476493445653,"true",0,0,"split"
"4879-8",1,0,1,0,2,13,0,1476493522015,"true",0,1,"far"
"4879-8",0,0,1,1,0,12,0,1476493499791,"true",0,1,"close"
"4879-8",1,0,1,0,2,15,0,1476493550551,"true",0,1,"close"
"4879-8",0,0,0,1,0,14,0,1476493536947,"true",1,0,"close"
"4879-8",1,0,2,0,2,17,1,1476493580199,"true",0,0,"far"
"4879-8",0,0,1,1,0,16,0,1476493564465,"false",0,1,"split"
"4879-8",0,1,0,0,1,19,0,1476493614234,"true",1,0,"split"
"4879-8",1,0,0,0,2,18,0,1476493596908,"true",1,0,"far"
"4879-8",1,0,1,0,2,31,0,1476493837164,"true",0,1,"far"
"4879-8",0,1,1,0,1,30,0,1476493826684,"true",0,1,"close"
"4879-8",0,1,2,0,1,37,1,1476493976883,"true",0,0,"far"
"4879-8",0,1,0,0,1,36,0,1476493963317,"true",1,0,"split"
"4879-8",0,0,1,1,0,35,0,1476493941444,"false",0,1,"split"
"4879-8",0,0,1,1,0,34,0,1476493873754,"true",0,1,"far"
"4879-8",0,1,1,0,1,33,0,1476493860120,"true",0,1,"split"
"4879-8",1,0,2,0,2,32,1,1476493846004,"true",0,0,"close"
"4879-8",1,0,1,0,2,50,0,1476494205454,"true",0,1,"close"
