"gameid","sClicked_2","sClicked_1","lClickedIndex","sClicked_0","sClickedIndex","roundNum","lClicked_2","time","outcome","lClicked_0","lClicked_1","condition"
"4893-9",0,0,0,1,0,42,0,1476997859443,"true",1,0,"far"
"4893-9",0,1,0,0,1,48,0,1476997999984,"true",1,0,"far"
"4893-9",1,0,2,0,2,43,1,1476997871184,"true",0,0,"far"
"4893-9",0,0,2,1,0,49,1,1476998014419,"true",0,0,"split"
"4893-9",0,1,1,0,1,24,0,1476997692147,"true",0,1,"close"
"4893-9",0,0,1,1,0,25,0,1476997699136,"true",0,1,"split"
"4893-9",0,1,2,0,1,26,1,1476997706013,"true",0,0,"split"
"4893-9",0,1,1,0,1,27,0,1476997712650,"true",0,1,"split"
"4893-9",0,1,2,0,1,20,1,1476997647654,"true",0,0,"close"
"4893-9",1,0,1,0,2,21,0,1476997656829,"true",0,1,"close"
"4893-9",1,0,2,0,2,22,1,1476997662477,"true",0,0,"far"
"4893-9",0,1,2,0,1,23,1,1476997671075,"true",0,0,"far"
"4893-9",0,1,0,0,1,46,0,1476997976682,"true",1,0,"split"
"4893-9",0,1,0,0,1,47,0,1476997989203,"true",1,0,"close"
"4893-9",0,1,1,0,1,44,0,1476997933328,"true",0,1,"close"
"4893-9",0,1,2,0,1,45,1,1476997954013,"true",0,0,"split"
"4893-9",1,0,2,0,2,28,1,1476997719670,"true",0,0,"split"
"4893-9",0,1,2,0,1,29,1,1476997738957,"true",0,0,"close"
"4893-9",0,0,1,1,0,40,0,1476997841408,"true",0,1,"far"
"4893-9",1,0,1,0,2,41,0,1476997847792,"true",0,1,"far"
"4893-9",0,0,1,1,0,1,0,1476997429721,"true",0,1,"far"
"4893-9",1,0,0,0,2,3,0,1476997447033,"true",1,0,"far"
"4893-9",1,0,1,0,2,2,0,1476997440627,"true",0,1,"split"
"4893-9",0,1,2,0,1,5,1,1476997462051,"true",0,0,"far"
"4893-9",1,0,0,0,2,4,0,1476997454665,"true",1,0,"far"
"4893-9",0,1,2,0,1,7,1,1476997480376,"true",0,0,"close"
"4893-9",0,1,0,0,1,6,0,1476997472835,"true",1,0,"split"
"4893-9",0,0,2,1,0,9,1,1476997497619,"true",0,0,"far"
"4893-9",0,1,1,0,1,8,0,1476997490781,"true",0,1,"split"
"4893-9",0,0,2,1,0,39,1,1476997834534,"true",0,0,"close"
"4893-9",0,0,1,1,0,38,0,1476997826246,"true",0,1,"far"
"4893-9",0,1,1,0,1,11,0,1476997527376,"true",0,1,"split"
"4893-9",0,0,2,1,0,10,1,1476997508729,"true",0,0,"close"
"4893-9",0,0,0,1,0,13,0,1476997546307,"true",1,0,"split"
"4893-9",0,0,1,1,0,12,0,1476997539082,"true",0,1,"split"
"4893-9",0,0,2,1,0,15,1,1476997570349,"true",0,0,"split"
"4893-9",0,1,0,0,1,14,0,1476997556902,"true",1,0,"close"
"4893-9",0,0,2,1,0,17,1,1476997608813,"false",0,0,"close"
"4893-9",0,1,0,0,1,16,0,1476997588349,"true",1,0,"close"
"4893-9",0,1,0,0,1,19,0,1476997633638,"true",1,0,"far"
"4893-9",0,0,1,1,0,18,0,1476997625395,"true",0,1,"far"
"4893-9",1,0,0,0,2,31,0,1476997765654,"true",1,0,"close"
"4893-9",0,1,0,0,1,30,0,1476997746778,"true",1,0,"far"
"4893-9",0,1,1,0,1,37,0,1476997819917,"true",0,1,"far"
"4893-9",0,1,1,0,1,36,0,1476997811565,"true",0,1,"close"
"4893-9",1,0,1,0,2,35,0,1476997798589,"true",0,1,"split"
"4893-9",1,0,2,0,2,34,1,1476997788871,"true",0,0,"split"
"4893-9",0,1,1,0,1,33,0,1476997780912,"true",0,1,"split"
"4893-9",0,0,0,1,0,32,0,1476997772851,"true",1,0,"close"
"4893-9",1,0,1,0,2,50,0,1476998030214,"true",0,1,"close"
