"gameid","sClicked_2","sClicked_1","lClickedIndex","sClicked_0","sClickedIndex","roundNum","lClicked_2","time","outcome","lClicked_0","lClicked_1","condition"
"4915-7",1,0,2,0,2,42,1,1476996585323,"true",0,0,"far"
"4915-7",0,0,1,1,0,48,0,1476996669568,"false",0,1,"split"
"4915-7",1,0,2,0,2,43,1,1476996599639,"true",0,0,"far"
"4915-7",0,1,0,0,1,49,0,1476996679602,"true",1,0,"split"
"4915-7",0,0,0,1,0,24,0,1476996323944,"true",1,0,"close"
"4915-7",1,0,2,0,2,25,1,1476996334477,"true",0,0,"split"
"4915-7",0,1,2,0,1,26,1,1476996343900,"true",0,0,"far"
"4915-7",0,0,0,1,0,27,0,1476996378588,"true",1,0,"close"
"4915-7",0,0,0,1,0,20,0,1476996262736,"true",1,0,"split"
"4915-7",0,0,0,1,0,21,0,1476996289254,"true",1,0,"close"
"4915-7",1,0,0,0,2,22,0,1476996298942,"true",1,0,"far"
"4915-7",0,1,2,0,1,23,1,1476996305621,"true",0,0,"far"
"4915-7",0,1,2,0,1,46,1,1476996643298,"true",0,0,"close"
"4915-7",0,0,2,1,0,47,1,1476996656002,"true",0,0,"split"
"4915-7",0,1,2,0,1,44,1,1476996607651,"true",0,0,"far"
"4915-7",0,0,2,1,0,45,1,1476996616611,"true",0,0,"far"
"4915-7",0,0,0,1,0,28,0,1476996397308,"true",1,0,"split"
"4915-7",0,1,0,0,1,29,0,1476996413916,"true",1,0,"close"
"4915-7",0,0,1,1,0,40,0,1476996558155,"true",0,1,"far"
"4915-7",1,0,2,0,2,41,1,1476996571747,"true",0,0,"far"
"4915-7",1,0,2,0,2,1,1,1476995946347,"true",0,0,"split"
"4915-7",1,0,0,0,2,3,0,1476995965849,"true",1,0,"split"
"4915-7",1,0,1,0,2,2,0,1476995953664,"true",0,1,"split"
"4915-7",0,0,1,1,0,5,0,1476996011232,"true",0,1,"close"
"4915-7",1,0,0,0,2,4,0,1476995983099,"true",1,0,"close"
"4915-7",0,1,0,0,1,7,0,1476996029575,"true",1,0,"close"
"4915-7",0,0,2,1,0,6,1,1476996020503,"true",0,0,"close"
"4915-7",0,1,1,0,1,9,0,1476996078349,"true",0,1,"split"
"4915-7",0,0,1,1,0,8,0,1476996068168,"true",0,1,"close"
"4915-7",0,1,0,0,1,39,0,1476996545404,"true",1,0,"far"
"4915-7",0,1,2,0,1,38,1,1476996533236,"true",0,0,"split"
"4915-7",0,1,0,0,1,11,0,1476996100383,"true",1,0,"split"
"4915-7",0,0,1,1,0,10,0,1476996088047,"true",0,1,"split"
"4915-7",0,0,1,1,0,13,0,1476996128238,"true",0,1,"split"
"4915-7",0,0,0,1,0,12,0,1476996114038,"true",1,0,"close"
"4915-7",0,1,2,0,1,15,1,1476996174542,"false",0,0,"split"
"4915-7",0,0,1,1,0,14,0,1476996149711,"true",0,1,"close"
"4915-7",0,1,0,0,1,17,0,1476996227517,"true",1,0,"close"
"4915-7",0,0,1,1,0,16,0,1476996188094,"false",0,1,"split"
"4915-7",0,0,0,1,0,19,0,1476996252054,"true",1,0,"far"
"4915-7",1,0,2,0,2,18,1,1476996236415,"true",0,0,"far"
"4915-7",0,0,2,1,0,31,1,1476996443130,"true",0,0,"close"
"4915-7",1,0,2,0,2,30,1,1476996422843,"true",0,0,"far"
"4915-7",0,1,1,0,1,37,0,1476996522644,"true",0,1,"far"
"4915-7",0,0,0,1,0,36,0,1476996514914,"true",1,0,"close"
"4915-7",1,0,0,0,2,35,0,1476996493772,"true",1,0,"split"
"4915-7",1,0,2,0,2,34,1,1476996480715,"true",0,0,"far"
"4915-7",0,1,2,0,1,33,1,1476996470379,"true",0,0,"close"
"4915-7",1,0,0,0,2,32,0,1476996455556,"true",1,0,"far"
"4915-7",1,0,2,0,2,50,1,1476996699033,"true",0,0,"far"
