"gameid","sClicked_2","sClicked_1","lClickedIndex","sClicked_0","sClickedIndex","roundNum","lClicked_2","time","outcome","lClicked_0","lClicked_1","condition"
"4917-b",0,1,0,0,1,42,0,1476989597542,"true",1,0,"split"
"4917-b",0,1,1,0,1,48,0,1476989662363,"true",0,1,"close"
"4917-b",0,0,0,1,0,43,0,1476989607915,"true",1,0,"far"
"4917-b",0,0,1,1,0,49,0,1476989673203,"true",0,1,"close"
"4917-b",0,1,1,0,1,24,0,1476989409447,"true",0,1,"close"
"4917-b",0,1,2,0,1,25,1,1476989423631,"true",0,0,"split"
"4917-b",0,1,2,0,1,26,1,1476989434254,"true",0,0,"split"
"4917-b",1,0,0,0,2,27,0,1476989443639,"true",1,0,"split"
"4917-b",0,1,1,0,1,20,0,1476989354702,"true",0,1,"split"
"4917-b",0,1,1,0,1,21,0,1476989361177,"true",0,1,"close"
"4917-b",0,1,1,0,1,22,0,1476989374303,"true",0,1,"close"
"4917-b",0,0,0,1,0,23,0,1476989399360,"true",1,0,"close"
"4917-b",1,0,1,0,2,46,0,1476989642220,"true",0,1,"far"
"4917-b",0,1,2,0,1,47,1,1476989649171,"true",0,0,"far"
"4917-b",1,0,2,0,2,44,1,1476989627489,"false",0,0,"close"
"4917-b",0,1,1,0,1,45,0,1476989635583,"true",0,1,"split"
"4917-b",0,1,0,0,1,28,0,1476989453763,"true",1,0,"far"
"4917-b",1,0,0,0,2,29,0,1476989460949,"true",1,0,"far"
"4917-b",0,0,1,1,0,40,0,1476989582075,"true",0,1,"close"
"4917-b",0,1,1,0,1,41,0,1476989591171,"true",0,1,"close"
"4917-b",1,0,2,0,2,1,1,1476989152891,"true",0,0,"far"
"4917-b",1,0,2,0,2,3,1,1476989170284,"true",0,0,"close"
"4917-b",0,1,2,0,1,2,1,1476989161279,"true",0,0,"split"
"4917-b",0,1,0,0,1,5,0,1476989195999,"true",1,0,"far"
"4917-b",0,1,2,0,1,4,1,1476989186540,"true",0,0,"split"
"4917-b",0,1,2,0,1,7,1,1476989215128,"true",0,0,"split"
"4917-b",1,0,1,0,2,6,0,1476989207432,"true",0,1,"split"
"4917-b",1,0,1,0,2,9,0,1476989232861,"true",0,1,"split"
"4917-b",1,0,2,0,2,8,1,1476989223677,"true",0,0,"far"
"4917-b",1,0,2,0,2,39,1,1476989565833,"true",0,0,"far"
"4917-b",0,1,2,0,1,38,1,1476989559155,"true",0,0,"close"
"4917-b",1,0,0,0,2,11,0,1476989249772,"true",1,0,"far"
"4917-b",1,0,1,0,2,10,0,1476989240643,"true",0,1,"far"
"4917-b",0,1,1,0,1,13,0,1476989266912,"true",0,1,"split"
"4917-b",0,1,1,0,1,12,0,1476989257827,"true",0,1,"far"
"4917-b",1,0,1,0,2,15,0,1476989296061,"true",0,1,"split"
"4917-b",1,0,0,0,2,14,0,1476989287904,"true",1,0,"close"
"4917-b",0,1,0,0,1,17,0,1476989323873,"true",1,0,"split"
"4917-b",1,0,0,0,2,16,0,1476989315776,"true",1,0,"far"
"4917-b",1,0,2,0,2,19,1,1476989343040,"true",0,0,"close"
"4917-b",0,0,2,1,0,18,1,1476989333083,"true",0,0,"far"
"4917-b",0,0,0,1,0,31,0,1476989484330,"true",1,0,"close"
"4917-b",0,1,2,0,1,30,1,1476989468880,"true",0,0,"far"
"4917-b",1,0,0,0,2,37,0,1476989546145,"true",1,0,"close"
"4917-b",0,0,1,1,0,36,0,1476989536815,"true",0,1,"split"
"4917-b",0,1,2,0,1,35,1,1476989529749,"true",0,0,"split"
"4917-b",0,0,0,1,0,34,0,1476989519100,"true",1,0,"close"
"4917-b",0,1,1,0,1,33,0,1476989507848,"true",0,1,"split"
"4917-b",1,0,0,0,2,32,0,1476989500656,"true",1,0,"close"
"4917-b",0,0,0,1,0,50,0,1476989682003,"true",1,0,"far"
