"gameid","sClicked_2","sClicked_1","lClickedIndex","sClicked_0","sClickedIndex","roundNum","lClicked_2","time","outcome","lClicked_0","lClicked_1","condition"
"4926-1",1,0,2,0,2,42,1,1476507471320,"true",0,0,"split"
"4926-1",0,1,1,0,1,48,0,1476507591234,"true",0,1,"split"
"4926-1",0,1,1,0,1,43,0,1476507494402,"true",0,1,"close"
"4926-1",1,0,2,0,2,49,1,1476507601440,"true",0,0,"split"
"4926-1",0,0,2,1,0,24,1,1476507217536,"true",0,0,"split"
"4926-1",0,1,0,0,1,25,0,1476507234044,"true",1,0,"split"
"4926-1",0,0,0,1,0,26,0,1476507245514,"true",1,0,"far"
"4926-1",0,1,2,0,1,27,1,1476507257786,"true",0,0,"split"
"4926-1",0,0,1,1,0,20,0,1476507179108,"true",0,1,"far"
"4926-1",1,0,2,0,2,21,1,1476507187290,"true",0,0,"far"
"4926-1",0,1,0,0,1,22,0,1476507196181,"true",1,0,"far"
"4926-1",0,1,0,0,1,23,0,1476507206834,"true",1,0,"close"
"4926-1",0,1,2,0,1,46,1,1476507553271,"true",0,0,"close"
"4926-1",1,0,0,0,2,47,0,1476507577045,"true",1,0,"split"
"4926-1",0,0,2,1,0,44,1,1476507515736,"true",0,0,"far"
"4926-1",0,1,2,0,1,45,1,1476507532833,"true",0,0,"close"
"4926-1",1,0,0,0,2,28,0,1476507271025,"true",1,0,"close"
"4926-1",0,1,0,0,1,29,0,1476507297423,"true",1,0,"close"
"4926-1",0,1,1,0,1,40,0,1476507451675,"true",0,1,"far"
"4926-1",0,1,2,0,1,41,1,1476507460160,"true",0,0,"far"
"4926-1",0,0,1,1,0,1,0,1476506843291,"true",0,1,"close"
"4926-1",0,0,2,1,0,3,1,1476506869549,"true",0,0,"far"
"4926-1",1,0,0,0,2,2,0,1476506855799,"true",1,0,"split"
"4926-1",0,0,2,1,0,5,1,1476506913027,"false",0,0,"close"
"4926-1",1,0,2,0,2,4,1,1476506897743,"true",0,0,"close"
"4926-1",0,0,1,1,0,7,0,1476506960850,"true",0,1,"split"
"4926-1",0,0,1,1,0,6,0,1476506923934,"true",0,1,"split"
"4926-1",0,1,1,0,1,9,0,1476506995614,"true",0,1,"far"
"4926-1",0,1,1,0,1,8,0,1476506976891,"true",0,1,"split"
"4926-1",0,1,1,0,1,39,0,1476507444323,"true",0,1,"close"
"4926-1",0,1,2,0,1,38,1,1476507429204,"true",0,0,"close"
"4926-1",1,0,1,0,2,11,0,1476507041617,"true",0,1,"close"
"4926-1",1,0,0,0,2,10,0,1476507010008,"true",1,0,"far"
"4926-1",0,1,1,0,1,13,0,1476507071314,"true",0,1,"close"
"4926-1",0,0,2,1,0,12,1,1476507057239,"true",0,0,"close"
"4926-1",0,0,1,1,0,15,0,1476507104658,"true",0,1,"far"
"4926-1",1,0,1,0,2,14,0,1476507096186,"true",0,1,"close"
"4926-1",1,0,2,0,2,17,1,1476507120769,"true",0,0,"far"
"4926-1",1,0,0,0,2,16,0,1476507112446,"true",1,0,"far"
"4926-1",1,0,1,0,2,19,0,1476507166599,"true",0,1,"split"
"4926-1",0,0,2,1,0,18,1,1476507146942,"false",0,0,"close"
"4926-1",0,1,1,0,1,31,0,1476507337217,"true",0,1,"split"
"4926-1",1,0,1,0,2,30,0,1476507328568,"true",0,1,"close"
"4926-1",1,0,1,0,2,37,0,1476507417472,"true",0,1,"split"
"4926-1",0,1,0,0,1,36,0,1476507404308,"true",1,0,"far"
"4926-1",1,0,0,0,2,35,0,1476507390036,"false",1,0,"far"
"4926-1",0,1,1,0,1,34,0,1476507381120,"true",0,1,"far"
"4926-1",0,0,1,1,0,33,0,1476507370615,"true",0,1,"split"
"4926-1",0,0,1,1,0,32,0,1476507360611,"true",0,1,"far"
"4926-1",0,1,2,0,1,50,1,1476507630327,"true",0,0,"split"
