"gameid","sClicked_2","sClicked_1","lClickedIndex","sClicked_0","sClickedIndex","roundNum","lClicked_2","time","outcome","lClicked_0","lClicked_1","condition"
"4927-d",0,1,0,0,1,42,0,1459883200887,"true",1,0,"close"
"4927-d",1,0,2,0,2,48,1,1459883286413,"true",0,0,"far"
"4927-d",1,0,1,0,2,43,0,1459883217355,"true",0,1,"split"
"4927-d",0,1,1,0,1,24,0,1459882925570,"true",0,1,"close"
"4927-d",0,1,2,0,1,25,1,1459882933787,"true",0,0,"far"
"4927-d",1,0,2,0,2,26,1,1459882942277,"true",0,0,"split"
"4927-d",0,0,0,1,0,27,0,1459882949741,"true",1,0,"far"
"4927-d",0,1,1,0,1,20,0,1459882838429,"true",0,1,"close"
"4927-d",1,0,2,0,2,22,1,1459882885998,"true",0,0,"split"
"4927-d",0,0,2,1,0,23,1,1459882900856,"true",0,0,"split"
"4927-d",0,0,2,1,0,46,1,1459883257229,"true",0,0,"split"
"4927-d",0,0,2,1,0,47,1,1459883271281,"true",0,0,"far"
"4927-d",0,1,0,0,1,44,0,1459883241548,"true",1,0,"close"
"4927-d",1,0,0,0,2,45,0,1459883249554,"true",1,0,"far"
"4927-d",1,0,0,0,2,28,0,1459882965518,"true",1,0,"close"
"4927-d",1,0,2,0,2,29,1,1459882984389,"true",0,0,"close"
"4927-d",0,0,1,1,0,40,0,1459883153163,"true",0,1,"far"
"4927-d",0,1,1,0,1,41,0,1459883161765,"true",0,1,"far"
"4927-d",0,1,2,0,1,1,1,1459882513814,"true",0,0,"split"
"4927-d",0,0,1,1,0,3,0,1459882572476,"true",0,1,"close"
"4927-d",1,0,1,0,2,2,0,1459882543994,"true",0,1,"close"
"4927-d",0,0,2,1,0,5,1,1459882611075,"true",0,0,"close"
"4927-d",0,0,2,1,0,4,1,1459882598149,"true",0,0,"split"
"4927-d",1,0,0,0,2,7,0,1459882640350,"true",1,0,"close"
"4927-d",0,1,0,0,1,6,0,1459882629211,"true",1,0,"close"
"4927-d",0,1,2,0,1,9,1,1459882678150,"true",0,0,"split"
"4927-d",0,1,0,0,1,8,0,1459882653316,"true",1,0,"split"
"4927-d",1,0,0,0,2,39,0,1459883142068,"true",1,0,"far"
"4927-d",0,1,1,0,1,38,0,1459883134293,"true",0,1,"split"
"4927-d",0,1,1,0,1,11,0,1459882698405,"true",0,1,"close"
"4927-d",1,0,0,0,2,10,0,1459882685895,"true",1,0,"far"
"4927-d",0,0,1,1,0,13,0,1459882720148,"true",0,1,"close"
"4927-d",0,0,2,1,0,12,1,1459882705854,"true",0,0,"split"
"4927-d",0,1,1,0,1,15,0,1459882732916,"true",0,1,"far"
"4927-d",0,1,2,0,1,14,1,1459882726989,"true",0,0,"far"
"4927-d",0,1,2,0,1,17,1,1459882766341,"true",0,0,"far"
"4927-d",1,0,0,0,2,16,0,1459882756515,"true",1,0,"split"
"4927-d",0,0,2,1,0,19,1,1459882819125,"true",0,0,"close"
"4927-d",0,0,1,1,0,18,0,1459882778148,"true",0,1,"far"
"4927-d",0,0,1,1,0,31,0,1459883039315,"true",0,1,"far"
"4927-d",0,0,1,1,0,49,0,1459883292494,"true",0,1,"far"
"4927-d",0,1,2,0,1,37,1,1459883110628,"true",0,0,"split"
"4927-d",0,1,1,0,1,36,0,1459883102028,"true",0,1,"far"
"4927-d",0,0,0,1,0,35,0,1459883088738,"true",1,0,"split"
"4927-d",1,0,2,0,2,34,1,1459883078390,"false",0,0,"split"
"4927-d",0,1,2,0,1,33,1,1459883059718,"true",0,0,"close"
"4927-d",0,0,2,1,0,32,1,1459883051637,"true",0,0,"split"
"4927-d",0,0,1,1,0,50,0,1459883304372,"true",0,1,"far"
