"gameid","sClicked_2","sClicked_1","lClickedIndex","sClicked_0","sClickedIndex","roundNum","lClicked_2","time","outcome","lClicked_0","lClicked_1","condition"
"4928-6",0,0,0,1,0,42,0,1477004082732,"true",1,0,"close"
"4928-6",1,0,0,0,2,48,0,1477004140842,"true",1,0,"split"
"4928-6",1,0,2,0,2,43,1,1477004092197,"true",0,0,"split"
"4928-6",0,1,1,0,1,49,0,1477004150118,"true",0,1,"split"
"4928-6",1,0,0,0,2,24,0,1477003840975,"true",1,0,"split"
"4928-6",0,1,1,0,1,25,0,1477003848311,"true",0,1,"far"
"4928-6",0,1,1,0,1,26,0,1477003859302,"true",0,1,"close"
"4928-6",0,1,0,0,1,27,0,1477003869396,"false",1,0,"split"
"4928-6",1,0,1,0,2,20,0,1477003783046,"false",0,1,"close"
"4928-6",0,0,2,1,0,21,1,1477003792611,"true",0,0,"far"
"4928-6",0,0,1,1,0,22,0,1477003802726,"true",0,1,"far"
"4928-6",1,0,2,0,2,23,1,1477003831200,"true",0,0,"close"
"4928-6",0,1,1,0,1,46,0,1477004121998,"true",0,1,"far"
"4928-6",1,0,2,0,2,47,1,1477004131064,"true",0,0,"split"
"4928-6",1,0,1,0,2,44,0,1477004103978,"true",0,1,"far"
"4928-6",0,0,0,1,0,45,0,1477004112549,"true",1,0,"close"
"4928-6",0,0,2,1,0,28,1,1477003879102,"true",0,0,"split"
"4928-6",0,0,1,1,0,29,0,1477003892305,"false",0,1,"close"
"4928-6",0,0,0,1,0,40,0,1477004044647,"false",1,0,"close"
"4928-6",1,0,0,0,2,41,0,1477004075223,"true",1,0,"close"
"4928-6",1,0,0,0,2,1,0,1477003615401,"true",1,0,"close"
"4928-6",0,0,2,1,0,3,1,1477003631223,"true",0,0,"split"
"4928-6",0,0,0,1,0,2,0,1477003622444,"true",1,0,"far"
"4928-6",0,1,0,0,1,5,0,1477003646151,"true",1,0,"far"
"4928-6",0,0,1,1,0,4,0,1477003638544,"true",0,1,"far"
"4928-6",0,0,1,1,0,7,0,1477003660101,"true",0,1,"far"
"4928-6",0,0,1,1,0,6,0,1477003652983,"true",0,1,"far"
"4928-6",0,1,2,0,1,9,1,1477003677992,"true",0,0,"split"
"4928-6",0,1,1,0,1,8,0,1477003668910,"true",0,1,"split"
"4928-6",0,0,2,1,0,39,1,1477004030175,"true",0,0,"close"
"4928-6",0,0,2,1,0,38,1,1477004005744,"true",0,0,"close"
"4928-6",0,1,0,0,1,11,0,1477003691631,"true",1,0,"far"
"4928-6",1,0,1,0,2,10,0,1477003684733,"true",0,1,"far"
"4928-6",1,0,1,0,2,13,0,1477003709318,"true",0,1,"split"
"4928-6",0,0,2,1,0,12,1,1477003698899,"false",0,0,"far"
"4928-6",1,0,0,0,2,15,0,1477003724182,"true",1,0,"close"
"4928-6",0,1,0,0,1,14,0,1477003717475,"true",1,0,"far"
"4928-6",0,0,2,1,0,17,1,1477003742521,"false",0,0,"close"
"4928-6",1,0,0,0,2,16,0,1477003731484,"true",1,0,"far"
"4928-6",1,0,2,0,2,19,1,1477003765357,"true",0,0,"split"
"4928-6",0,0,2,1,0,18,1,1477003756601,"false",0,0,"split"
"4928-6",1,0,0,0,2,31,0,1477003922677,"true",1,0,"split"
"4928-6",0,1,0,0,1,30,0,1477003907940,"true",1,0,"close"
"4928-6",0,0,2,1,0,37,1,1477003993430,"false",0,0,"close"
"4928-6",0,0,1,1,0,36,0,1477003978440,"true",0,1,"close"
"4928-6",0,1,2,0,1,35,1,1477003967076,"true",0,0,"far"
"4928-6",0,0,0,1,0,34,0,1477003956065,"true",1,0,"far"
"4928-6",0,0,0,1,0,33,0,1477003944166,"true",1,0,"split"
"4928-6",0,1,0,0,1,32,0,1477003935820,"true",1,0,"split"
"4928-6",1,0,0,0,2,50,0,1477004160631,"false",1,0,"split"
