"gameid","sClicked_2","sClicked_1","lClickedIndex","sClicked_0","sClickedIndex","roundNum","lClicked_2","time","outcome","lClicked_0","lClicked_1","condition"
"4929-3",1,0,2,0,2,42,1,1459896144100,"true",0,0,"split"
"4929-3",1,0,0,0,2,48,0,1459896249603,"true",1,0,"far"
"4929-3",1,0,1,0,2,43,0,1459896160374,"true",0,1,"split"
"4929-3",0,1,1,0,1,49,0,1459896262442,"false",0,1,"split"
"4929-3",0,1,2,0,1,24,1,1459895854761,"true",0,0,"close"
"4929-3",1,0,2,0,2,25,1,1459895861450,"true",0,0,"far"
"4929-3",0,1,1,0,1,26,0,1459895879410,"true",0,1,"close"
"4929-3",0,1,0,0,1,27,0,1459895905618,"true",1,0,"close"
"4929-3",1,0,1,0,2,20,0,1459895703306,"false",0,1,"split"
"4929-3",1,0,2,0,2,21,1,1459895797654,"true",0,0,"close"
"4929-3",0,0,1,1,0,22,0,1459895824381,"true",0,1,"close"
"4929-3",0,0,1,1,0,23,0,1459895837052,"false",0,1,"split"
"4929-3",1,0,2,0,2,46,1,1459896218887,"true",0,0,"split"
"4929-3",0,1,2,0,1,47,1,1459896238912,"true",0,0,"split"
"4929-3",1,0,1,0,2,44,0,1459896187758,"true",0,1,"split"
"4929-3",0,1,0,0,1,45,0,1459896196597,"true",1,0,"far"
"4929-3",0,0,0,1,0,28,0,1459895927265,"true",1,0,"split"
"4929-3",0,1,1,0,1,29,0,1459895934568,"true",0,1,"far"
"4929-3",0,1,1,0,1,40,0,1459896118172,"true",0,1,"far"
"4929-3",1,0,1,0,2,41,0,1459896127415,"true",0,1,"far"
"4929-3",0,1,1,0,1,3,0,1459895295753,"true",0,1,"close"
"4929-3",0,0,2,1,0,2,1,1459895279755,"true",0,0,"far"
"4929-3",1,0,2,0,2,4,1,1459895303977,"true",0,0,"split"
"4929-3",0,1,0,0,1,7,0,1459895403670,"true",1,0,"close"
"4929-3",0,0,0,1,0,6,0,1459895364496,"true",1,0,"split"
"4929-3",0,0,2,1,0,9,1,1459895430231,"true",0,0,"far"
"4929-3",0,1,0,0,1,8,0,1459895413882,"true",1,0,"far"
"4929-3",0,1,0,0,1,39,0,1459896103329,"true",1,0,"split"
"4929-3",1,0,2,0,2,38,1,1459896085937,"true",0,0,"split"
"4929-3",0,1,2,0,1,11,1,1459895464912,"true",0,0,"far"
"4929-3",0,1,1,0,1,10,0,1459895455211,"false",0,1,"close"
"4929-3",0,0,1,1,0,13,0,1459895493404,"false",0,1,"close"
"4929-3",0,0,2,1,0,12,1,1459895479474,"true",0,0,"close"
"4929-3",0,1,2,0,1,15,1,1459895617972,"true",0,0,"far"
"4929-3",1,0,2,0,2,14,1,1459895521516,"true",0,0,"close"
"4929-3",1,0,2,0,2,17,1,1459895658648,"true",0,0,"split"
"4929-3",0,1,0,0,1,16,0,1459895627190,"true",1,0,"split"
"4929-3",0,1,1,0,1,19,0,1459895683279,"true",0,1,"far"
"4929-3",0,0,1,1,0,18,0,1459895675824,"true",0,1,"split"
"4929-3",0,0,0,1,0,31,0,1459896001139,"true",1,0,"split"
"4929-3",0,0,0,1,0,30,0,1459895974574,"true",1,0,"close"
"4929-3",0,0,2,1,0,37,1,1459896078128,"true",0,0,"far"
"4929-3",0,1,0,0,1,36,0,1459896062240,"true",1,0,"close"
"4929-3",0,0,0,1,0,35,0,1459896047542,"true",1,0,"far"
"4929-3",0,1,0,0,1,34,0,1459896040429,"true",1,0,"far"
"4929-3",0,1,0,0,1,33,0,1459896032022,"false",1,0,"close"
"4929-3",1,0,0,0,2,32,0,1459896013259,"true",1,0,"far"
"4929-3",0,0,1,1,0,50,0,1459896271681,"true",0,1,"far"
