"gameid","sClicked_2","sClicked_1","lClickedIndex","sClicked_0","sClickedIndex","roundNum","lClicked_2","time","outcome","lClicked_0","lClicked_1","condition"
"4941-4",1,0,1,0,2,42,0,1476498024022,"true",0,1,"far"
"4941-4",0,0,2,1,0,48,1,1476498124187,"true",0,0,"close"
"4941-4",0,0,0,1,0,43,0,1476498033787,"true",1,0,"close"
"4941-4",0,0,2,1,0,49,1,1476498132867,"true",0,0,"far"
"4941-4",1,0,1,0,2,24,0,1476497850266,"true",0,1,"split"
"4941-4",0,1,2,0,1,25,1,1476497857529,"true",0,0,"split"
"4941-4",1,0,0,0,2,26,0,1476497869489,"true",1,0,"split"
"4941-4",0,0,1,1,0,27,0,1476497877020,"true",0,1,"far"
"4941-4",0,1,0,0,1,20,0,1476497806088,"true",1,0,"far"
"4941-4",0,0,2,1,0,21,1,1476497818823,"true",0,0,"close"
"4941-4",1,0,0,0,2,22,0,1476497828116,"true",1,0,"split"
"4941-4",0,0,2,1,0,23,1,1476497839440,"false",0,0,"split"
"4941-4",0,0,0,1,0,46,0,1476498083365,"true",1,0,"close"
"4941-4",1,0,2,0,2,47,1,1476498115403,"true",0,0,"close"
"4941-4",0,1,1,0,1,44,0,1476498043260,"false",0,1,"split"
"4941-4",1,0,1,0,2,45,0,1476498060115,"true",0,1,"split"
"4941-4",1,0,0,0,2,28,0,1476497894154,"true",1,0,"close"
"4941-4",0,1,1,0,1,29,0,1476497900126,"true",0,1,"split"
"4941-4",0,0,0,1,0,40,0,1476498007694,"true",1,0,"far"
"4941-4",0,0,0,1,0,41,0,1476498014239,"true",1,0,"far"
"4941-4",0,0,0,1,0,1,0,1476497624436,"true",1,0,"close"
"4941-4",0,0,2,1,0,3,1,1476497640989,"true",0,0,"split"
"4941-4",0,1,0,0,1,2,0,1476497632714,"true",1,0,"far"
"4941-4",0,0,0,1,0,5,0,1476497657316,"true",1,0,"far"
"4941-4",0,1,0,0,1,4,0,1476497648119,"true",1,0,"far"
"4941-4",0,0,0,1,0,7,0,1476497672575,"false",1,0,"split"
"4941-4",0,1,2,0,1,6,1,1476497664530,"true",0,0,"close"
"4941-4",0,0,2,1,0,9,1,1476497688478,"true",0,0,"close"
"4941-4",0,0,2,1,0,8,1,1476497680922,"true",0,0,"close"
"4941-4",0,1,2,0,1,39,1,1476497993879,"true",0,0,"close"
"4941-4",0,0,2,1,0,38,1,1476497983084,"true",0,0,"far"
"4941-4",0,1,2,0,1,11,1,1476497713231,"true",0,0,"split"
"4941-4",1,0,0,0,2,10,0,1476497698779,"true",1,0,"split"
"4941-4",0,1,0,0,1,13,0,1476497728387,"true",1,0,"far"
"4941-4",0,1,0,0,1,12,0,1476497720595,"true",1,0,"split"
"4941-4",0,0,0,1,0,15,0,1476497750310,"true",1,0,"far"
"4941-4",1,0,0,0,2,14,0,1476497737874,"true",1,0,"split"
"4941-4",0,1,1,0,1,17,0,1476497779682,"true",0,1,"close"
"4941-4",0,1,0,0,1,16,0,1476497763687,"false",1,0,"split"
"4941-4",0,1,2,0,1,19,1,1476497797707,"true",0,0,"far"
"4941-4",0,1,2,0,1,18,1,1476497790102,"false",0,0,"close"
"4941-4",1,0,0,0,2,31,0,1476497918640,"true",1,0,"split"
"4941-4",1,0,0,0,2,30,0,1476497906903,"true",1,0,"far"
"4941-4",1,0,1,0,2,37,0,1476497975631,"true",0,1,"far"
"4941-4",0,0,1,1,0,36,0,1476497968974,"true",0,1,"close"
"4941-4",1,0,0,0,2,35,0,1476497960494,"true",1,0,"far"
"4941-4",0,1,0,0,1,34,0,1476497945880,"true",1,0,"close"
"4941-4",0,0,1,1,0,33,0,1476497932946,"true",0,1,"close"
"4941-4",0,0,1,1,0,32,0,1476497926636,"true",0,1,"split"
"4941-4",0,0,0,1,0,50,0,1476498148984,"true",1,0,"close"
