"gameid","sClicked_2","sClicked_1","lClickedIndex","sClicked_0","sClickedIndex","roundNum","lClicked_2","time","outcome","lClicked_0","lClicked_1","condition"
"4950-2",1,0,1,0,2,42,0,1476992538923,"false",0,1,"split"
"4950-2",1,0,1,0,2,48,0,1476992613462,"true",0,1,"close"
"4950-2",1,0,0,0,2,43,0,1476992555967,"false",1,0,"close"
"4950-2",0,1,0,0,1,49,0,1476992626350,"true",1,0,"close"
"4950-2",0,0,2,1,0,24,1,1476992278875,"false",0,0,"split"
"4950-2",1,0,0,0,2,25,0,1476992298093,"false",1,0,"close"
"4950-2",0,0,2,1,0,26,1,1476992310058,"true",0,0,"split"
"4950-2",0,1,2,0,1,27,1,1476992319133,"true",0,0,"split"
"4950-2",1,0,0,0,2,20,0,1476992213596,"true",1,0,"far"
"4950-2",0,1,2,0,1,21,1,1476992233020,"true",0,0,"split"
"4950-2",1,0,1,0,2,22,0,1476992245956,"true",0,1,"split"
"4950-2",0,1,2,0,1,23,1,1476992264675,"false",0,0,"close"
"4950-2",0,0,1,1,0,46,0,1476992593123,"true",0,1,"far"
"4950-2",1,0,0,0,2,47,0,1476992603584,"true",1,0,"close"
"4950-2",0,1,1,0,1,44,0,1476992568629,"true",0,1,"far"
"4950-2",0,0,0,1,0,45,0,1476992582355,"true",1,0,"far"
"4950-2",1,0,2,0,2,28,1,1476992331945,"true",0,0,"close"
"4950-2",1,0,2,0,2,29,1,1476992345581,"true",0,0,"close"
"4950-2",0,1,1,0,1,40,0,1476992514155,"true",0,1,"far"
"4950-2",1,0,2,0,2,41,1,1476992526299,"true",0,0,"close"
"4950-2",0,0,1,1,0,1,0,1476991850510,"false",0,1,"close"
"4950-2",0,1,1,0,1,3,0,1476991893174,"true",0,1,"far"
"4950-2",0,1,2,0,1,2,1,1476991877679,"true",0,0,"split"
"4950-2",0,1,1,0,1,5,0,1476991918992,"true",0,1,"far"
"4950-2",0,1,0,0,1,4,0,1476991906252,"true",1,0,"split"
"4950-2",0,1,2,0,1,7,1,1476991959590,"true",0,0,"far"
"4950-2",0,0,2,1,0,6,1,1476991941978,"true",0,0,"split"
"4950-2",0,1,2,0,1,9,1,1476992015970,"true",0,0,"close"
"4950-2",0,1,0,0,1,8,0,1476991991332,"true",1,0,"close"
"4950-2",1,0,2,0,2,39,1,1476992502851,"true",0,0,"far"
"4950-2",1,0,2,0,2,38,1,1476992485295,"true",0,0,"split"
"4950-2",1,0,2,0,2,11,1,1476992038435,"true",0,0,"far"
"4950-2",0,1,0,0,1,10,0,1476992027326,"true",1,0,"split"
"4950-2",0,0,0,1,0,13,0,1476992066132,"false",1,0,"close"
"4950-2",1,0,0,0,2,12,0,1476992053330,"true",1,0,"split"
"4950-2",1,0,2,0,2,15,1,1476992111355,"true",0,0,"split"
"4950-2",1,0,2,0,2,14,1,1476992081224,"true",0,0,"far"
"4950-2",0,0,2,1,0,17,1,1476992168577,"false",0,0,"far"
"4950-2",0,1,2,0,1,16,1,1476992130875,"true",0,0,"close"
"4950-2",0,0,2,1,0,19,1,1476992195661,"true",0,0,"split"
"4950-2",0,0,0,1,0,18,0,1476992179618,"true",1,0,"far"
"4950-2",0,0,1,1,0,31,0,1476992385560,"true",0,1,"close"
"4950-2",1,0,1,0,2,30,0,1476992368342,"true",0,1,"far"
"4950-2",0,1,2,0,1,37,1,1476992475493,"true",0,0,"close"
"4950-2",0,1,1,0,1,36,0,1476992461778,"true",0,1,"far"
"4950-2",0,0,2,1,0,35,1,1476992451643,"true",0,0,"close"
"4950-2",0,1,1,0,1,34,0,1476992434504,"true",0,1,"split"
"4950-2",0,1,1,0,1,33,0,1476992419275,"true",0,1,"far"
"4950-2",0,0,2,1,0,32,1,1476992403633,"true",0,0,"split"
"4950-2",0,0,1,1,0,50,0,1476992636585,"true",0,1,"far"
