"gameid","sClicked_2","sClicked_1","lClickedIndex","sClicked_0","sClickedIndex","roundNum","lClicked_2","time","outcome","lClicked_0","lClicked_1","condition"
"4958-b",1,0,0,0,2,42,0,1476992368159,"true",1,0,"close"
"4958-b",1,0,0,0,2,48,0,1476992499791,"true",1,0,"far"
"4958-b",0,1,1,0,1,43,0,1476992383595,"true",0,1,"split"
"4958-b",1,0,2,0,2,49,1,1476992530661,"true",0,0,"close"
"4958-b",1,0,2,0,2,24,1,1476992013720,"true",0,0,"far"
"4958-b",0,1,0,0,1,25,0,1476992024860,"true",1,0,"far"
"4958-b",0,1,1,0,1,26,0,1476992040440,"true",0,1,"split"
"4958-b",0,0,1,1,0,27,0,1476992079480,"true",0,1,"close"
"4958-b",1,0,1,0,2,20,0,1476991969237,"true",0,1,"far"
"4958-b",1,0,1,0,2,21,0,1476991980229,"true",0,1,"far"
"4958-b",0,1,2,0,1,22,1,1476991988533,"true",0,0,"close"
"4958-b",0,1,1,0,1,23,0,1476991998421,"true",0,1,"far"
"4958-b",1,0,1,0,2,46,0,1476992443212,"true",0,1,"far"
"4958-b",0,0,0,1,0,47,0,1476992457490,"true",1,0,"far"
"4958-b",1,0,1,0,2,44,0,1476992398581,"true",0,1,"split"
"4958-b",0,1,0,0,1,45,0,1476992434462,"true",1,0,"far"
"4958-b",0,0,1,1,0,28,0,1476992120680,"false",0,1,"close"
"4958-b",1,0,0,0,2,29,0,1476992143728,"true",1,0,"split"
"4958-b",1,0,1,0,2,40,0,1476992326815,"true",0,1,"far"
"4958-b",0,1,2,0,1,41,1,1476992349506,"true",0,0,"close"
"4958-b",0,1,2,0,1,1,1,1476991603957,"true",0,0,"close"
"4958-b",1,0,0,0,2,3,0,1476991619752,"false",1,0,"far"
"4958-b",0,0,0,1,0,2,0,1476991612551,"true",1,0,"close"
"4958-b",0,1,0,0,1,5,0,1476991635582,"true",1,0,"close"
"4958-b",1,0,0,0,2,4,0,1476991626513,"true",1,0,"far"
"4958-b",0,1,1,0,1,7,0,1476991659991,"true",0,1,"split"
"4958-b",0,0,1,1,0,6,0,1476991650161,"true",0,1,"close"
"4958-b",1,0,2,0,2,9,1,1476991720046,"true",0,0,"close"
"4958-b",0,0,2,1,0,8,1,1476991688628,"true",0,0,"split"
"4958-b",0,1,2,0,1,39,1,1476992316021,"true",0,0,"far"
"4958-b",1,0,1,0,2,38,0,1476992304795,"true",0,1,"split"
"4958-b",0,1,1,0,1,11,0,1476991767358,"true",0,1,"split"
"4958-b",1,0,1,0,2,10,0,1476991734111,"true",0,1,"split"
"4958-b",1,0,0,0,2,13,0,1476991818763,"true",1,0,"close"
"4958-b",0,1,1,0,1,12,0,1476991804350,"true",0,1,"close"
"4958-b",0,0,2,1,0,15,1,1476991841105,"true",0,0,"split"
"4958-b",0,1,2,0,1,14,1,1476991826737,"true",0,0,"split"
"4958-b",0,1,1,0,1,17,0,1476991909576,"true",0,1,"close"
"4958-b",1,0,1,0,2,16,0,1476991861739,"true",0,1,"close"
"4958-b",0,0,0,1,0,19,0,1476991960251,"true",1,0,"split"
"4958-b",0,1,0,0,1,18,0,1476991922107,"true",1,0,"split"
"4958-b",1,0,2,0,2,31,1,1476992170715,"true",0,0,"far"
"4958-b",0,1,0,0,1,30,0,1476992160489,"true",1,0,"split"
"4958-b",0,0,2,1,0,37,1,1476992290869,"true",0,0,"far"
"4958-b",0,1,1,0,1,36,0,1476992273813,"true",0,1,"split"
"4958-b",0,0,1,1,0,35,0,1476992256654,"true",0,1,"split"
"4958-b",1,0,2,0,2,34,1,1476992240238,"true",0,0,"far"
"4958-b",0,1,1,0,1,33,0,1476992216443,"true",0,1,"close"
"4958-b",0,0,1,1,0,32,0,1476992189442,"true",0,1,"split"
"4958-b",1,0,2,0,2,50,1,1476992548079,"true",0,0,"close"
