"gameid","sClicked_2","sClicked_1","lClickedIndex","sClicked_0","sClickedIndex","roundNum","lClicked_2","time","outcome","lClicked_0","lClicked_1","condition"
"4962-7",1,0,0,0,2,42,0,1476492249252,"true",1,0,"split"
"4962-7",0,0,1,1,0,48,0,1476492406949,"true",0,1,"split"
"4962-7",1,0,1,0,2,43,0,1476492272402,"true",0,1,"close"
"4962-7",1,0,2,0,2,49,1,1476492419524,"true",0,0,"close"
"4962-7",1,0,1,0,2,24,0,1476491886233,"true",0,1,"close"
"4962-7",1,0,0,0,2,25,0,1476491895680,"true",1,0,"far"
"4962-7",0,1,1,0,1,26,0,1476491902847,"true",0,1,"split"
"4962-7",0,0,1,1,0,27,0,1476491916970,"true",0,1,"close"
"4962-7",0,0,2,1,0,20,1,1476491827199,"true",0,0,"far"
"4962-7",1,0,2,0,2,21,1,1476491835723,"true",0,0,"far"
"4962-7",0,0,1,1,0,22,0,1476491844628,"true",0,1,"far"
"4962-7",0,0,1,1,0,23,0,1476491858225,"true",0,1,"far"
"4962-7",0,1,0,0,1,46,0,1476492319015,"true",1,0,"far"
"4962-7",0,1,0,0,1,47,0,1476492357437,"false",1,0,"close"
"4962-7",1,0,0,0,2,44,0,1476492293119,"true",1,0,"split"
"4962-7",1,0,1,0,2,45,0,1476492304356,"false",0,1,"far"
"4962-7",1,0,0,0,2,28,0,1476491925767,"false",1,0,"split"
"4962-7",0,0,0,1,0,29,0,1476491940780,"true",1,0,"close"
"4962-7",0,0,1,1,0,40,0,1476492215743,"true",0,1,"far"
"4962-7",1,0,1,0,2,41,0,1476492226000,"true",0,1,"split"
"4962-7",1,0,0,0,2,1,0,1476491235243,"true",1,0,"far"
"4962-7",0,0,1,1,0,3,0,1476491305530,"false",0,1,"close"
"4962-7",0,1,2,0,1,2,1,1476491247611,"true",0,0,"split"
"4962-7",1,0,1,0,2,5,0,1476491387655,"true",0,1,"split"
"4962-7",0,0,2,1,0,4,1,1476491344150,"true",0,0,"split"
"4962-7",0,1,1,0,1,7,0,1476491474237,"true",0,1,"split"
"4962-7",1,0,0,0,2,6,0,1476491458240,"true",1,0,"close"
"4962-7",1,0,1,0,2,8,0,1476491505237,"true",0,1,"far"
"4962-7",0,0,0,1,0,39,0,1476492208505,"true",1,0,"far"
"4962-7",0,1,1,0,1,38,0,1476492193689,"true",0,1,"far"
"4962-7",0,0,2,1,0,11,1,1476491637707,"true",0,0,"far"
"4962-7",1,0,1,0,2,10,0,1476491591706,"true",0,1,"far"
"4962-7",0,0,2,1,0,13,1,1476491676167,"true",0,0,"split"
"4962-7",1,0,2,0,2,12,1,1476491648485,"true",0,0,"split"
"4962-7",0,1,2,0,1,15,1,1476491698220,"true",0,0,"split"
"4962-7",0,1,2,0,1,14,1,1476491685668,"true",0,0,"far"
"4962-7",0,1,0,0,1,17,0,1476491787557,"true",1,0,"close"
"4962-7",0,0,2,1,0,16,1,1476491706367,"true",0,0,"split"
"4962-7",0,0,0,1,0,19,0,1476491814997,"true",1,0,"close"
"4962-7",0,1,1,0,1,18,0,1476491796231,"true",0,1,"far"
"4962-7",0,1,0,0,1,31,0,1476491979541,"true",1,0,"close"
"4962-7",1,0,1,0,2,30,0,1476491955207,"true",0,1,"close"
"4962-7",1,0,1,0,2,37,0,1476492126849,"true",0,1,"close"
"4962-7",0,0,2,1,0,36,1,1476492108862,"true",0,0,"split"
"4962-7",1,0,2,0,2,35,1,1476492083897,"false",0,0,"split"
"4962-7",1,0,1,0,2,34,0,1476492062540,"true",0,1,"close"
"4962-7",0,0,2,1,0,33,1,1476492019655,"true",0,0,"far"
"4962-7",0,1,0,0,1,32,0,1476492009904,"true",1,0,"split"
"4962-7",0,1,0,0,1,50,0,1476492442113,"true",1,0,"close"
