"gameid","sClicked_2","sClicked_1","lClickedIndex","sClicked_0","sClickedIndex","roundNum","lClicked_2","time","outcome","lClicked_0","lClicked_1","condition"
"4974-e",0,0,1,1,0,42,0,1476992777174,"true",0,1,"far"
"4974-e",1,0,1,0,2,48,0,1476992843902,"true",0,1,"split"
"4974-e",0,1,0,0,1,43,0,1476992785141,"true",1,0,"split"
"4974-e",0,0,0,1,0,49,0,1476992851015,"true",1,0,"split"
"4974-e",0,0,2,1,0,24,1,1476992578665,"true",0,0,"split"
"4974-e",1,0,0,0,2,25,0,1476992586794,"true",1,0,"close"
"4974-e",0,0,0,1,0,26,0,1476992600974,"true",1,0,"close"
"4974-e",1,0,1,0,2,27,0,1476992612692,"true",0,1,"close"
"4974-e",0,0,1,1,0,20,0,1476992534374,"true",0,1,"close"
"4974-e",0,0,2,1,0,21,1,1476992542183,"true",0,0,"far"
"4974-e",1,0,0,0,2,22,0,1476992549619,"true",1,0,"far"
"4974-e",0,1,1,0,1,23,0,1476992562957,"true",0,1,"close"
"4974-e",1,0,0,0,2,46,0,1476992818122,"true",1,0,"close"
"4974-e",1,0,2,0,2,47,1,1476992830402,"true",0,0,"split"
"4974-e",0,1,0,0,1,44,0,1476992796597,"true",1,0,"far"
"4974-e",0,1,2,0,1,45,1,1476992809487,"true",0,0,"split"
"4974-e",0,1,1,0,1,28,0,1476992619981,"true",0,1,"far"
"4974-e",0,1,1,0,1,29,0,1476992629856,"true",0,1,"split"
"4974-e",0,0,1,1,0,40,0,1476992754892,"true",0,1,"close"
"4974-e",0,0,0,1,0,41,0,1476992762412,"true",1,0,"far"
"4974-e",1,0,1,0,2,1,0,1476992233244,"false",0,1,"close"
"4974-e",0,1,0,0,1,3,0,1476992268847,"false",1,0,"close"
"4974-e",0,1,2,0,1,2,1,1476992253621,"true",0,0,"split"
"4974-e",1,0,1,0,2,5,0,1476992289986,"true",0,1,"far"
"4974-e",0,1,1,0,1,4,0,1476992281753,"true",0,1,"close"
"4974-e",0,0,1,1,0,7,0,1476992319282,"true",0,1,"close"
"4974-e",1,0,2,0,2,6,1,1476992300954,"true",0,0,"split"
"4974-e",1,0,0,0,2,9,0,1476992355166,"true",1,0,"close"
"4974-e",0,1,0,0,1,8,0,1476992337283,"true",1,0,"split"
"4974-e",0,0,0,1,0,39,0,1476992745491,"true",1,0,"close"
"4974-e",1,0,0,0,2,38,0,1476992721382,"true",1,0,"far"
"4974-e",0,0,0,1,0,11,0,1476992384108,"false",1,0,"split"
"4974-e",0,1,1,0,1,10,0,1476992374617,"true",0,1,"close"
"4974-e",0,1,2,0,1,13,1,1476992408600,"true",0,0,"split"
"4974-e",0,1,0,0,1,12,0,1476992393824,"true",1,0,"split"
"4974-e",0,1,1,0,1,15,0,1476992426982,"true",0,1,"split"
"4974-e",0,1,0,0,1,14,0,1476992416925,"true",1,0,"far"
"4974-e",1,0,0,0,2,17,0,1476992458253,"true",1,0,"far"
"4974-e",0,1,1,0,1,16,0,1476992448073,"true",0,1,"close"
"4974-e",1,0,2,0,2,19,1,1476992490818,"true",0,0,"far"
"4974-e",0,0,1,1,0,18,0,1476992481202,"true",0,1,"split"
"4974-e",0,0,2,1,0,31,1,1476992650089,"true",0,0,"close"
"4974-e",0,0,2,1,0,30,1,1476992637102,"true",0,0,"far"
"4974-e",0,1,2,0,1,37,1,1476992711876,"true",0,0,"far"
"4974-e",0,1,1,0,1,36,0,1476992703341,"true",0,1,"far"
"4974-e",0,1,2,0,1,35,1,1476992691135,"true",0,0,"close"
"4974-e",0,1,0,0,1,34,0,1476992682574,"true",1,0,"far"
"4974-e",0,1,2,0,1,33,1,1476992672234,"true",0,0,"far"
"4974-e",0,0,0,1,0,32,0,1476992663031,"true",1,0,"far"
"4974-e",0,1,0,0,1,50,0,1476992867228,"true",1,0,"split"
