"gameid","sClicked_2","sClicked_1","lClickedIndex","sClicked_0","sClickedIndex","roundNum","lClicked_2","time","outcome","lClicked_0","lClicked_1","condition"
"4984-a",0,0,0,1,0,42,0,1476989517986,"true",1,0,"far"
"4984-a",1,0,0,0,2,48,0,1476989565687,"true",1,0,"split"
"4984-a",1,0,1,0,2,43,0,1476989526368,"true",0,1,"far"
"4984-a",0,1,0,0,1,49,0,1476989579131,"true",1,0,"far"
"4984-a",0,1,1,0,1,24,0,1476989374652,"true",0,1,"close"
"4984-a",0,0,2,1,0,25,1,1476989380821,"true",0,0,"close"
"4984-a",1,0,2,0,2,26,1,1476989386363,"true",0,0,"far"
"4984-a",0,0,1,1,0,27,0,1476989392891,"true",0,1,"close"
"4984-a",0,1,0,0,1,20,0,1476989334856,"true",1,0,"far"
"4984-a",1,0,1,0,2,21,0,1476989345782,"true",0,1,"far"
"4984-a",0,0,1,1,0,22,0,1476989351939,"true",0,1,"far"
"4984-a",0,1,0,0,1,23,0,1476989363061,"true",1,0,"split"
"4984-a",1,0,2,0,2,46,1,1476989550908,"true",0,0,"split"
"4984-a",0,0,0,1,0,47,0,1476989559191,"true",1,0,"close"
"4984-a",0,1,2,0,1,44,1,1476989536248,"true",0,0,"close"
"4984-a",1,0,0,0,2,45,0,1476989544246,"true",1,0,"split"
"4984-a",0,1,0,0,1,28,0,1476989398652,"true",1,0,"far"
"4984-a",1,0,2,0,2,29,1,1476989406746,"true",0,0,"close"
"4984-a",0,0,0,1,0,40,0,1476989501996,"true",1,0,"close"
"4984-a",1,0,1,0,2,41,0,1476989511545,"true",0,1,"close"
"4984-a",0,1,0,0,1,1,0,1476989155327,"true",1,0,"split"
"4984-a",0,0,1,1,0,3,0,1476989183510,"true",0,1,"split"
"4984-a",1,0,2,0,2,2,1,1476989168266,"true",0,0,"far"
"4984-a",1,0,2,0,2,5,1,1476989202876,"false",0,0,"split"
"4984-a",1,0,1,0,2,4,0,1476989191748,"true",0,1,"split"
"4984-a",0,1,2,0,1,7,1,1476989224203,"true",0,0,"far"
"4984-a",0,0,1,1,0,6,0,1476989216445,"true",0,1,"split"
"4984-a",0,0,2,1,0,9,1,1476989244241,"true",0,0,"close"
"4984-a",0,1,1,0,1,8,0,1476989234441,"false",0,1,"split"
"4984-a",0,1,0,0,1,39,0,1476989490448,"true",1,0,"split"
"4984-a",1,0,0,0,2,38,0,1476989481178,"true",1,0,"close"
"4984-a",0,1,1,0,1,11,0,1476989261063,"true",0,1,"close"
"4984-a",0,1,1,0,1,10,0,1476989251449,"true",0,1,"far"
"4984-a",0,1,2,0,1,13,1,1476989276075,"true",0,0,"split"
"4984-a",1,0,2,0,2,12,1,1476989268896,"true",0,0,"split"
"4984-a",1,0,0,0,2,15,0,1476989291828,"true",1,0,"close"
"4984-a",0,1,0,0,1,14,0,1476989285418,"true",1,0,"close"
"4984-a",0,0,0,1,0,17,0,1476989311108,"true",1,0,"split"
"4984-a",1,0,0,0,2,16,0,1476989302977,"false",1,0,"split"
"4984-a",1,0,1,0,2,19,0,1476989328511,"true",0,1,"close"
"4984-a",0,0,2,1,0,18,1,1476989318977,"true",0,0,"split"
"4984-a",1,0,2,0,2,31,1,1476989422396,"true",0,0,"far"
"4984-a",0,1,2,0,1,30,1,1476989415737,"true",0,0,"close"
"4984-a",1,0,0,0,2,37,0,1476989467978,"true",1,0,"far"
"4984-a",0,0,1,1,0,36,0,1476989461983,"true",0,1,"far"
"4984-a",0,1,0,0,1,35,0,1476989456078,"true",1,0,"far"
"4984-a",0,1,0,0,1,34,0,1476989449621,"false",1,0,"split"
"4984-a",0,1,0,0,1,33,0,1476989442377,"true",1,0,"close"
"4984-a",0,1,2,0,1,32,1,1476989429008,"true",0,0,"far"
"4984-a",0,1,0,0,1,50,0,1476989590073,"true",1,0,"far"
