"gameid","sClicked_2","sClicked_1","lClickedIndex","sClicked_0","sClickedIndex","roundNum","lClicked_2","time","outcome","lClicked_0","lClicked_1","condition"
"4992-e",1,0,2,0,2,42,1,1476991338983,"true",0,0,"close"
"4992-e",1,0,0,0,2,48,0,1476991401080,"true",1,0,"split"
"4992-e",0,1,0,0,1,43,0,1476991357415,"true",1,0,"close"
"4992-e",0,1,1,0,1,49,0,1476991413256,"true",0,1,"split"
"4992-e",1,0,2,0,2,24,1,1476991149969,"true",0,0,"far"
"4992-e",0,1,1,0,1,25,0,1476991157587,"true",0,1,"far"
"4992-e",1,0,0,0,2,26,0,1476991173291,"false",1,0,"split"
"4992-e",0,0,0,1,0,27,0,1476991180619,"true",1,0,"split"
"4992-e",0,1,0,0,1,20,0,1476991113153,"true",1,0,"close"
"4992-e",0,1,2,0,1,21,1,1476991126608,"false",0,0,"close"
"4992-e",0,0,1,1,0,22,0,1476991134410,"true",0,1,"far"
"4992-e",1,0,2,0,2,23,1,1476991142306,"true",0,0,"close"
"4992-e",1,0,2,0,2,46,1,1476991379487,"true",0,0,"close"
"4992-e",0,0,2,1,0,47,1,1476991392519,"false",0,0,"split"
"4992-e",0,1,0,0,1,44,0,1476991364183,"true",1,0,"far"
"4992-e",0,0,2,1,0,45,1,1476991370808,"true",0,0,"far"
"4992-e",0,1,0,0,1,28,0,1476991186651,"true",1,0,"far"
"4992-e",0,0,0,1,0,29,0,1476991203437,"false",1,0,"close"
"4992-e",0,0,0,1,0,40,0,1476991317421,"true",1,0,"far"
"4992-e",0,0,2,1,0,41,1,1476991327894,"true",0,0,"close"
"4992-e",0,1,1,0,1,1,0,1476990901223,"true",0,1,"split"
"4992-e",0,0,1,1,0,3,0,1476990947854,"true",0,1,"split"
"4992-e",0,1,1,0,1,2,0,1476990929286,"false",0,1,"close"
"4992-e",0,0,2,1,0,5,1,1476990970447,"true",0,0,"split"
"4992-e",1,0,0,0,2,4,0,1476990954038,"true",1,0,"far"
"4992-e",0,0,1,1,0,7,0,1476990996727,"false",0,1,"close"
"4992-e",0,0,1,1,0,6,0,1476990986975,"false",0,1,"split"
"4992-e",0,1,2,0,1,9,1,1476991018112,"false",0,0,"split"
"4992-e",0,1,2,0,1,8,1,1476991007104,"true",0,0,"split"
"4992-e",0,0,0,1,0,39,0,1476991303486,"false",1,0,"close"
"4992-e",0,0,1,1,0,38,0,1476991291573,"true",0,1,"split"
"4992-e",1,0,0,0,2,11,0,1476991035129,"true",1,0,"split"
"4992-e",0,0,1,1,0,10,0,1476991025296,"true",0,1,"far"
"4992-e",1,0,0,0,2,13,0,1476991051416,"true",1,0,"split"
"4992-e",1,0,1,0,2,12,0,1476991042112,"true",0,1,"split"
"4992-e",0,0,0,1,0,15,0,1476991074681,"true",1,0,"far"
"4992-e",0,1,0,0,1,14,0,1476991066969,"false",1,0,"close"
"4992-e",1,0,2,0,2,17,1,1476991089993,"true",0,0,"far"
"4992-e",0,1,2,0,1,16,1,1476991082785,"true",0,0,"far"
"4992-e",0,0,2,1,0,19,1,1476991105665,"true",0,0,"split"
"4992-e",0,1,0,0,1,18,0,1476991097513,"true",1,0,"far"
"4992-e",0,0,1,1,0,31,0,1476991225756,"true",0,1,"close"
"4992-e",0,1,2,0,1,30,1,1476991211028,"true",0,0,"split"
"4992-e",1,0,2,0,2,37,1,1476991285118,"false",0,0,"close"
"4992-e",0,1,1,0,1,36,0,1476991272621,"true",0,1,"close"
"4992-e",0,1,1,0,1,35,0,1476991258821,"true",0,1,"far"
"4992-e",0,1,2,0,1,34,1,1476991252668,"true",0,0,"far"
"4992-e",0,0,1,1,0,33,0,1476991246381,"true",0,1,"close"
"4992-e",0,0,2,1,0,32,1,1476991233516,"true",0,0,"far"
"4992-e",0,0,2,1,0,50,1,1476991421705,"true",0,0,"far"
