"gameid","sClicked_2","sClicked_1","lClickedIndex","sClicked_0","sClickedIndex","roundNum","lClicked_2","time","outcome","lClicked_0","lClicked_1","condition"
"5027-a",0,1,2,0,1,42,1,1476500764243,"true",0,0,"close"
"5027-a",0,0,2,1,0,48,1,1476500925360,"true",0,0,"split"
"5027-a",1,0,0,0,2,43,0,1476500787818,"true",1,0,"far"
"5027-a",0,1,1,0,1,49,0,1476500989341,"false",0,1,"close"
"5027-a",1,0,1,0,2,24,0,1476500137534,"true",0,1,"close"
"5027-a",1,0,2,0,2,25,1,1476500179215,"true",0,0,"split"
"5027-a",0,0,2,1,0,26,1,1476500205231,"true",0,0,"split"
"5027-a",1,0,2,0,2,27,1,1476500273920,"false",0,0,"close"
"5027-a",1,0,1,0,2,20,0,1476499934806,"true",0,1,"far"
"5027-a",1,0,2,0,2,21,1,1476499980223,"true",0,0,"split"
"5027-a",0,1,1,0,1,22,0,1476500014003,"true",0,1,"split"
"5027-a",1,0,0,0,2,23,0,1476500053433,"true",1,0,"close"
"5027-a",1,0,0,0,2,46,0,1476500883990,"true",1,0,"close"
"5027-a",0,0,0,1,0,47,0,1476500905632,"true",1,0,"far"
"5027-a",0,0,1,1,0,44,0,1476500816778,"true",0,1,"split"
"5027-a",1,0,2,0,2,45,1,1476500855483,"false",0,0,"close"
"5027-a",1,0,1,0,2,28,0,1476500341721,"true",0,1,"far"
"5027-a",0,1,2,0,1,29,1,1476500371717,"false",0,0,"close"
"5027-a",1,0,1,0,2,41,0,1476500750218,"true",0,1,"far"
"5027-a",1,0,0,0,2,1,0,1476499325244,"false",1,0,"far"
"5027-a",0,1,0,0,1,3,0,1476499471974,"true",1,0,"split"
"5027-a",0,0,0,1,0,2,0,1476499374735,"true",1,0,"split"
"5027-a",0,1,0,0,1,5,0,1476499542865,"true",1,0,"split"
"5027-a",0,1,1,0,1,4,0,1476499493800,"true",0,1,"split"
"5027-a",1,0,1,0,2,7,0,1476499637334,"true",0,1,"close"
"5027-a",0,0,1,1,0,6,0,1476499602038,"true",0,1,"close"
"5027-a",0,1,2,0,1,9,1,1476499675615,"true",0,0,"far"
"5027-a",1,0,1,0,2,8,0,1476499656030,"true",0,1,"far"
"5027-a",1,0,0,0,2,39,0,1476500686517,"true",1,0,"split"
"5027-a",0,0,2,1,0,38,1,1476500658001,"true",0,0,"split"
"5027-a",1,0,0,0,2,11,0,1476499729690,"true",1,0,"split"
"5027-a",0,0,0,1,0,10,0,1476499707289,"true",1,0,"close"
"5027-a",1,0,0,0,2,13,0,1476499779471,"true",1,0,"split"
"5027-a",0,1,0,0,1,12,0,1476499760620,"true",1,0,"far"
"5027-a",0,0,1,1,0,15,0,1476499806930,"true",0,1,"far"
"5027-a",0,1,2,0,1,14,1,1476499793436,"true",0,0,"far"
"5027-a",0,1,0,0,1,17,0,1476499843391,"true",1,0,"close"
"5027-a",1,0,0,0,2,16,0,1476499818238,"true",1,0,"far"
"5027-a",0,0,1,1,0,19,0,1476499906453,"true",0,1,"close"
"5027-a",0,1,2,0,1,18,1,1476499877037,"true",0,0,"far"
"5027-a",0,0,2,1,0,31,1,1476500453594,"true",0,0,"split"
"5027-a",1,0,0,0,2,30,0,1476500435198,"true",1,0,"far"
"5027-a",0,0,2,1,0,37,1,1476500634766,"true",0,0,"split"
"5027-a",0,0,0,1,0,36,0,1476500606997,"true",1,0,"far"
"5027-a",0,0,2,1,0,35,1,1476500587673,"true",0,0,"close"
"5027-a",1,0,2,0,2,34,1,1476500547380,"true",0,0,"close"
"5027-a",0,0,2,1,0,33,1,1476500518106,"false",0,0,"far"
"5027-a",1,0,2,0,2,32,1,1476500488525,"true",0,0,"far"
"5027-a",0,0,1,1,0,50,0,1476501003792,"true",0,1,"close"
