"gameid","sClicked_2","sClicked_1","lClickedIndex","sClicked_0","sClickedIndex","roundNum","lClicked_2","time","outcome","lClicked_0","lClicked_1","condition"
"5035-e",1,0,0,0,2,42,0,1476991838613,"true",1,0,"far"
"5035-e",0,0,0,1,0,48,0,1476992020128,"true",1,0,"far"
"5035-e",1,0,1,0,2,43,0,1476991865237,"true",0,1,"split"
"5035-e",0,0,0,1,0,49,0,1476992036419,"true",1,0,"split"
"5035-e",0,0,0,1,0,24,0,1476991495688,"true",1,0,"split"
"5035-e",1,0,1,0,2,25,0,1476991512348,"true",0,1,"close"
"5035-e",0,1,1,0,1,26,0,1476991527104,"true",0,1,"split"
"5035-e",1,0,2,0,2,27,1,1476991541020,"true",0,0,"far"
"5035-e",0,1,2,0,1,20,1,1476991418023,"true",0,0,"far"
"5035-e",1,0,1,0,2,21,0,1476991454083,"true",0,1,"far"
"5035-e",0,1,0,0,1,22,0,1476991468265,"true",1,0,"far"
"5035-e",0,0,1,1,0,23,0,1476991484500,"true",0,1,"split"
"5035-e",0,0,1,1,0,46,0,1476991976782,"true",0,1,"close"
"5035-e",1,0,0,0,2,47,0,1476992002530,"true",1,0,"split"
"5035-e",0,0,1,1,0,44,0,1476991915024,"true",0,1,"close"
"5035-e",0,0,2,1,0,45,1,1476991931408,"true",0,0,"far"
"5035-e",0,0,0,1,0,28,0,1476991551982,"true",1,0,"close"
"5035-e",0,0,0,1,0,29,0,1476991577413,"true",1,0,"close"
"5035-e",0,0,0,1,0,40,0,1476991811406,"true",1,0,"close"
"5035-e",1,0,0,0,2,41,0,1476991826325,"true",1,0,"split"
"5035-e",0,1,2,0,1,1,1,1476991056438,"true",0,0,"far"
"5035-e",0,0,0,1,0,3,0,1476991088356,"true",1,0,"far"
"5035-e",1,0,0,0,2,2,0,1476991075490,"true",1,0,"far"
"5035-e",1,0,2,0,2,5,1,1476991129367,"true",0,0,"split"
"5035-e",0,0,1,1,0,4,0,1476991105641,"true",0,1,"close"
"5035-e",0,1,1,0,1,7,0,1476991186855,"true",0,1,"far"
"5035-e",0,0,2,1,0,6,1,1476991169902,"false",0,0,"split"
"5035-e",0,1,2,0,1,9,1,1476991245939,"true",0,0,"close"
"5035-e",0,0,2,1,0,8,1,1476991200003,"true",0,0,"split"
"5035-e",0,1,2,0,1,39,1,1476991755838,"true",0,0,"close"
"5035-e",1,0,1,0,2,38,0,1476991740019,"true",0,1,"far"
"5035-e",0,0,0,1,0,11,0,1476991278764,"true",1,0,"far"
"5035-e",0,1,1,0,1,10,0,1476991258765,"true",0,1,"close"
"5035-e",1,0,2,0,2,13,1,1476991315433,"true",0,0,"split"
"5035-e",1,0,0,0,2,12,0,1476991293816,"true",1,0,"far"
"5035-e",0,1,2,0,1,15,1,1476991344023,"true",0,0,"close"
"5035-e",0,1,1,0,1,14,0,1476991330281,"false",0,1,"close"
"5035-e",1,0,2,0,2,17,1,1476991376367,"true",0,0,"split"
"5035-e",0,0,0,1,0,16,0,1476991358113,"true",1,0,"close"
"5035-e",1,0,1,0,2,19,0,1476991405432,"true",0,1,"close"
"5035-e",0,0,1,1,0,18,0,1476991390784,"true",0,1,"split"
"5035-e",0,1,1,0,1,31,0,1476991616924,"true",0,1,"far"
"5035-e",0,1,1,0,1,30,0,1476991597023,"true",0,1,"split"
"5035-e",0,1,1,0,1,37,0,1476991722452,"false",0,1,"close"
"5035-e",1,0,1,0,2,36,0,1476991707190,"true",0,1,"split"
"5035-e",0,0,1,1,0,35,0,1476991689034,"true",0,1,"split"
"5035-e",0,1,1,0,1,34,0,1476991665881,"true",0,1,"far"
"5035-e",0,1,2,0,1,33,1,1476991644895,"true",0,0,"far"
"5035-e",0,1,2,0,1,32,1,1476991630354,"true",0,0,"close"
"5035-e",0,1,1,0,1,50,0,1476992054283,"true",0,1,"split"
