"gameid","sClicked_2","sClicked_1","lClickedIndex","sClicked_0","sClickedIndex","roundNum","lClicked_2","time","outcome","lClicked_0","lClicked_1","condition"
"5042-9",1,0,1,0,2,42,0,1476473790460,"false",0,1,"split"
"5042-9",0,0,2,1,0,48,1,1476473892789,"true",0,0,"close"
"5042-9",1,0,0,0,2,43,0,1476473812612,"true",1,0,"far"
"5042-9",0,0,0,1,0,49,0,1476473909621,"true",1,0,"split"
"5042-9",0,0,0,1,0,24,0,1476473395655,"true",1,0,"far"
"5042-9",0,1,2,0,1,25,1,1476473407072,"true",0,0,"close"
"5042-9",0,1,2,0,1,26,1,1476473454751,"true",0,0,"close"
"5042-9",0,1,1,0,1,27,0,1476473470639,"true",0,1,"far"
"5042-9",0,1,2,0,1,20,1,1476473330190,"true",0,0,"far"
"5042-9",0,1,1,0,1,21,0,1476473344278,"true",0,1,"close"
"5042-9",0,0,0,1,0,22,0,1476473356774,"true",1,0,"far"
"5042-9",0,1,0,0,1,23,0,1476473383119,"true",1,0,"split"
"5042-9",1,0,1,0,2,46,0,1476473843492,"true",0,1,"close"
"5042-9",0,0,0,1,0,47,0,1476473870143,"true",1,0,"split"
"5042-9",0,0,1,1,0,44,0,1476473821383,"true",0,1,"split"
"5042-9",0,0,2,1,0,45,1,1476473829349,"true",0,0,"far"
"5042-9",0,1,2,0,1,28,1,1476473486584,"true",0,0,"close"
"5042-9",0,0,1,1,0,29,0,1476473521944,"true",0,1,"split"
"5042-9",0,1,0,0,1,40,0,1476473751204,"true",1,0,"close"
"5042-9",0,1,0,0,1,41,0,1476473777072,"true",1,0,"close"
"5042-9",0,0,1,1,0,1,0,1476472844673,"false",0,1,"split"
"5042-9",1,0,1,0,2,3,0,1476472899209,"false",0,1,"split"
"5042-9",1,0,1,0,2,2,0,1476472872816,"true",0,1,"far"
"5042-9",0,1,0,0,1,5,0,1476472945746,"true",1,0,"split"
"5042-9",0,0,0,1,0,4,0,1476472929152,"false",1,0,"far"
"5042-9",0,0,0,1,0,7,0,1476472984079,"true",1,0,"split"
"5042-9",1,0,0,0,2,6,0,1476472962833,"true",1,0,"split"
"5042-9",1,0,2,0,2,9,1,1476473034587,"true",0,0,"split"
"5042-9",0,0,2,1,0,8,1,1476473015323,"true",0,0,"close"
"5042-9",1,0,1,0,2,39,0,1476473726955,"true",0,1,"close"
"5042-9",1,0,1,0,2,38,0,1476473705196,"true",0,1,"split"
"5042-9",0,1,2,0,1,11,1,1476473087371,"true",0,0,"close"
"5042-9",0,0,1,1,0,10,0,1476473054116,"true",0,1,"far"
"5042-9",1,0,2,0,2,13,1,1476473160948,"true",0,0,"close"
"5042-9",1,0,2,0,2,12,1,1476473109507,"true",0,0,"far"
"5042-9",0,1,1,0,1,15,0,1476473206077,"false",0,1,"split"
"5042-9",0,1,1,0,1,14,0,1476473173564,"false",0,1,"split"
"5042-9",1,0,0,0,2,17,0,1476473253355,"true",1,0,"close"
"5042-9",0,0,0,1,0,16,0,1476473220252,"true",1,0,"far"
"5042-9",0,0,1,1,0,19,0,1476473318430,"true",0,1,"close"
"5042-9",1,0,1,0,2,18,0,1476473272141,"true",0,1,"far"
"5042-9",1,0,0,0,2,31,0,1476473546761,"true",1,0,"far"
"5042-9",0,0,2,1,0,30,1,1476473537401,"false",0,0,"close"
"5042-9",1,0,1,0,2,37,0,1476473693595,"true",0,1,"close"
"5042-9",1,0,1,0,2,36,0,1476473680667,"false",0,1,"far"
"5042-9",0,1,0,0,1,35,0,1476473669475,"true",1,0,"close"
"5042-9",1,0,2,0,2,34,1,1476473607411,"true",0,0,"split"
"5042-9",1,0,1,0,2,33,0,1476473571913,"true",0,1,"far"
"5042-9",0,0,2,1,0,32,1,1476473560833,"true",0,0,"split"
"5042-9",0,0,1,1,0,50,0,1476473917966,"true",0,1,"far"
