"gameid","sClicked_2","sClicked_1","lClickedIndex","sClicked_0","sClickedIndex","roundNum","lClicked_2","time","outcome","lClicked_0","lClicked_1","condition"
"5047-0",0,1,0,0,1,42,0,1476495774169,"true",1,0,"close"
"5047-0",1,0,2,0,2,48,1,1476495844681,"true",0,0,"far"
"5047-0",1,0,2,0,2,43,1,1476495784207,"true",0,0,"split"
"5047-0",1,0,2,0,2,49,1,1476495855499,"true",0,0,"split"
"5047-0",1,0,1,0,2,24,0,1476495560345,"true",0,1,"split"
"5047-0",0,1,2,0,1,25,1,1476495566678,"true",0,0,"far"
"5047-0",0,0,1,1,0,26,0,1476495579975,"false",0,1,"close"
"5047-0",0,0,0,1,0,27,0,1476495587689,"true",1,0,"far"
"5047-0",0,0,0,1,0,20,0,1476495513736,"true",1,0,"split"
"5047-0",0,0,2,1,0,21,1,1476495533768,"false",0,0,"close"
"5047-0",0,1,1,0,1,22,0,1476495543929,"false",0,1,"close"
"5047-0",0,1,1,0,1,23,0,1476495551858,"true",0,1,"far"
"5047-0",1,0,2,0,2,46,1,1476495815691,"true",0,0,"split"
"5047-0",0,0,1,1,0,47,0,1476495835099,"true",0,1,"close"
"5047-0",0,1,2,0,1,44,1,1476495791585,"true",0,0,"far"
"5047-0",0,1,2,0,1,45,1,1476495807276,"true",0,0,"close"
"5047-0",0,0,2,1,0,28,1,1476495598980,"true",0,0,"close"
"5047-0",1,0,2,0,2,29,1,1476495607050,"true",0,0,"far"
"5047-0",0,0,1,1,0,40,0,1476495740384,"true",0,1,"far"
"5047-0",0,1,0,0,1,41,0,1476495751618,"true",1,0,"far"
"5047-0",0,0,0,1,0,1,0,1476495326059,"true",1,0,"close"
"5047-0",0,1,0,0,1,3,0,1476495345655,"true",1,0,"split"
"5047-0",0,1,0,0,1,2,0,1476495336263,"true",1,0,"close"
"5047-0",1,0,2,0,2,5,1,1476495366958,"true",0,0,"split"
"5047-0",1,0,1,0,2,4,0,1476495357487,"true",0,1,"split"
"5047-0",1,0,0,0,2,7,0,1476495383120,"true",1,0,"far"
"5047-0",1,0,2,0,2,6,1,1476495375415,"true",0,0,"split"
"5047-0",1,0,1,0,2,9,0,1476495399160,"true",0,1,"split"
"5047-0",1,0,1,0,2,8,0,1476495390338,"true",0,1,"split"
"5047-0",0,0,0,1,0,39,0,1476495733574,"true",1,0,"close"
"5047-0",0,1,0,0,1,38,0,1476495719171,"true",1,0,"split"
"5047-0",0,0,2,1,0,11,1,1476495426999,"true",0,0,"far"
"5047-0",1,0,2,0,2,10,1,1476495419044,"false",0,0,"close"
"5047-0",0,1,2,0,1,13,1,1476495449803,"true",0,0,"split"
"5047-0",0,1,0,0,1,12,0,1476495439739,"true",1,0,"close"
"5047-0",1,0,0,0,2,15,0,1476495477014,"false",1,0,"close"
"5047-0",0,0,2,1,0,14,1,1476495459036,"true",0,0,"close"
"5047-0",1,0,1,0,2,17,0,1476495494500,"true",0,1,"split"
"5047-0",1,0,1,0,2,16,0,1476495487900,"true",0,1,"far"
"5047-0",0,0,1,1,0,19,0,1476495506935,"true",0,1,"far"
"5047-0",0,1,2,0,1,18,1,1476495500874,"true",0,0,"far"
"5047-0",1,0,0,0,2,31,0,1476495624439,"true",1,0,"far"
"5047-0",0,0,0,1,0,30,0,1476495617281,"false",1,0,"split"
"5047-0",0,1,1,0,1,37,0,1476495708576,"true",0,1,"close"
"5047-0",0,0,1,1,0,36,0,1476495687850,"true",0,1,"split"
"5047-0",1,0,2,0,2,35,1,1476495672664,"true",0,0,"far"
"5047-0",0,0,2,1,0,34,1,1476495662191,"true",0,0,"far"
"5047-0",0,1,2,0,1,33,1,1476495648855,"true",0,0,"close"
"5047-0",1,0,0,0,2,32,0,1476495641076,"true",1,0,"split"
"5047-0",0,0,2,1,0,50,1,1476495871826,"false",0,0,"close"
