"gameid","sClicked_2","sClicked_1","lClickedIndex","sClicked_0","sClickedIndex","roundNum","lClicked_2","time","outcome","lClicked_0","lClicked_1","condition"
"5054-1",0,1,0,0,1,42,0,1476991072987,"true",1,0,"split"
"5054-1",0,0,1,1,0,48,0,1476991137454,"true",0,1,"close"
"5054-1",0,1,1,0,1,43,0,1476991086578,"true",0,1,"close"
"5054-1",1,0,0,0,2,49,0,1476991154768,"false",1,0,"split"
"5054-1",0,0,2,1,0,24,1,1476990785738,"true",0,0,"close"
"5054-1",0,1,0,0,1,25,0,1476990793954,"true",1,0,"far"
"5054-1",1,0,2,0,2,26,1,1476990815876,"false",0,0,"close"
"5054-1",1,0,0,0,2,27,0,1476990827745,"true",1,0,"far"
"5054-1",0,0,1,1,0,20,0,1476990718421,"false",0,1,"split"
"5054-1",1,0,0,0,2,21,0,1476990734226,"true",1,0,"far"
"5054-1",0,0,0,1,0,22,0,1476990746510,"false",1,0,"split"
"5054-1",0,0,1,1,0,23,0,1476990765048,"true",0,1,"split"
"5054-1",1,0,0,0,2,46,0,1476991116901,"true",1,0,"far"
"5054-1",0,0,0,1,0,47,0,1476991126416,"true",1,0,"split"
"5054-1",1,0,1,0,2,44,0,1476991095546,"true",0,1,"split"
"5054-1",0,0,2,1,0,45,1,1476991109173,"true",0,0,"split"
"5054-1",1,0,2,0,2,28,1,1476990850860,"true",0,0,"close"
"5054-1",1,0,2,0,2,29,1,1476990865611,"true",0,0,"far"
"5054-1",1,0,0,0,2,40,0,1476991046308,"true",1,0,"split"
"5054-1",1,0,1,0,2,41,0,1476991060278,"false",0,1,"far"
"5054-1",1,0,2,0,2,1,1,1476990418849,"false",0,0,"split"
"5054-1",1,0,2,0,2,3,1,1476990451434,"true",0,0,"split"
"5054-1",0,1,0,0,1,2,0,1476990429870,"true",1,0,"split"
"5054-1",1,0,1,0,2,5,0,1476990488047,"true",0,1,"far"
"5054-1",0,1,1,0,1,4,0,1476990474996,"true",0,1,"close"
"5054-1",0,1,1,0,1,7,0,1476990525684,"false",0,1,"close"
"5054-1",0,0,0,1,0,6,0,1476990505788,"true",1,0,"far"
"5054-1",0,1,1,0,1,9,0,1476990569774,"true",0,1,"close"
"5054-1",0,1,0,0,1,8,0,1476990534646,"true",1,0,"far"
"5054-1",1,0,1,0,2,39,0,1476991029101,"true",0,1,"close"
"5054-1",0,0,2,1,0,38,1,1476991016175,"true",0,0,"split"
"5054-1",0,0,0,1,0,11,0,1476990588975,"true",1,0,"far"
"5054-1",0,1,1,0,1,10,0,1476990579846,"true",0,1,"far"
"5054-1",1,0,0,0,2,13,0,1476990611504,"false",1,0,"split"
"5054-1",0,1,0,0,1,12,0,1476990603779,"true",1,0,"split"
"5054-1",0,1,0,0,1,15,0,1476990640125,"true",1,0,"close"
"5054-1",0,0,1,1,0,14,0,1476990627006,"true",0,1,"split"
"5054-1",1,0,0,0,2,17,0,1476990681804,"true",1,0,"close"
"5054-1",0,0,2,1,0,16,1,1476990668657,"true",0,0,"close"
"5054-1",0,1,2,0,1,19,1,1476990703764,"true",0,0,"far"
"5054-1",0,1,2,0,1,18,1,1476990696521,"true",0,0,"far"
"5054-1",1,0,1,0,2,31,0,1476990898622,"true",0,1,"close"
"5054-1",1,0,0,0,2,30,0,1476990879747,"true",1,0,"far"
"5054-1",0,0,0,1,0,37,0,1476991006505,"false",1,0,"close"
"5054-1",0,0,1,1,0,36,0,1476990988538,"true",0,1,"far"
"5054-1",1,0,1,0,2,35,0,1476990974486,"true",0,1,"far"
"5054-1",0,0,1,1,0,33,0,1476990921581,"true",0,1,"close"
"5054-1",0,0,0,1,0,32,0,1476990906937,"true",1,0,"far"
"5054-1",1,0,1,0,2,50,0,1476991168359,"true",0,1,"close"
