"gameid","sClicked_2","sClicked_1","lClickedIndex","sClicked_0","sClickedIndex","roundNum","lClicked_2","time","outcome","lClicked_0","lClicked_1","condition"
"5063-f",0,0,1,1,0,42,0,1476478753776,"true",0,1,"far"
"5063-f",0,1,0,0,1,48,0,1476478831914,"true",1,0,"far"
"5063-f",0,1,2,0,1,43,1,1476478764553,"true",0,0,"far"
"5063-f",0,1,1,0,1,49,0,1476478839169,"true",0,1,"split"
"5063-f",0,0,1,1,0,24,0,1476478512760,"false",0,1,"far"
"5063-f",1,0,2,0,2,25,1,1476478534028,"true",0,0,"split"
"5063-f",0,0,0,1,0,26,0,1476478543586,"true",1,0,"far"
"5063-f",0,0,0,1,0,27,0,1476478551718,"true",1,0,"split"
"5063-f",1,0,0,0,2,20,0,1476478445542,"true",1,0,"close"
"5063-f",1,0,1,0,2,21,0,1476478469696,"true",0,1,"close"
"5063-f",0,1,2,0,1,22,1,1476478482542,"true",0,0,"split"
"5063-f",0,0,0,1,0,23,0,1476478500007,"true",1,0,"close"
"5063-f",0,0,0,1,0,46,0,1476478804847,"true",1,0,"far"
"5063-f",1,0,1,0,2,47,0,1476478824425,"true",0,1,"close"
"5063-f",0,1,0,0,1,44,0,1476478775688,"true",1,0,"far"
"5063-f",1,0,2,0,2,45,1,1476478785807,"true",0,0,"close"
"5063-f",0,0,1,1,0,28,0,1476478564595,"true",0,1,"close"
"5063-f",0,0,0,1,0,29,0,1476478577684,"true",1,0,"far"
"5063-f",0,0,2,1,0,40,1,1476478728065,"true",0,0,"close"
"5063-f",0,0,0,1,0,41,0,1476478742106,"true",1,0,"close"
"5063-f",1,0,0,0,2,1,0,1476478151283,"true",1,0,"close"
"5063-f",1,0,0,0,2,3,0,1476478190210,"false",1,0,"split"
"5063-f",1,0,0,0,2,2,0,1476478171847,"true",1,0,"close"
"5063-f",0,0,1,1,0,5,0,1476478223721,"true",0,1,"split"
"5063-f",0,0,2,1,0,4,1,1476478209558,"true",0,0,"close"
"5063-f",1,0,0,0,2,7,0,1476478266198,"true",1,0,"split"
"5063-f",1,0,2,0,2,6,1,1476478244394,"true",0,0,"split"
"5063-f",0,0,0,1,0,9,0,1476478291139,"true",1,0,"close"
"5063-f",0,0,0,1,0,8,0,1476478273248,"true",1,0,"far"
"5063-f",0,0,2,1,0,39,1,1476478702161,"true",0,0,"far"
"5063-f",1,0,1,0,2,38,0,1476478692583,"false",0,1,"split"
"5063-f",1,0,1,0,2,11,0,1476478325178,"true",0,1,"far"
"5063-f",1,0,0,0,2,10,0,1476478316067,"false",1,0,"split"
"5063-f",0,0,2,1,0,13,1,1476478343981,"true",0,0,"far"
"5063-f",1,0,1,0,2,12,0,1476478333209,"true",0,1,"split"
"5063-f",0,0,0,1,0,15,0,1476478392208,"true",1,0,"close"
"5063-f",1,0,1,0,2,14,0,1476478384173,"true",0,1,"far"
"5063-f",0,0,0,1,0,17,0,1476478411561,"true",1,0,"far"
"5063-f",1,0,2,0,2,16,1,1476478402023,"true",0,0,"far"
"5063-f",0,0,0,1,0,19,0,1476478430994,"true",1,0,"far"
"5063-f",0,1,2,0,1,18,1,1476478423020,"true",0,0,"split"
"5063-f",0,1,2,0,1,31,1,1476478601161,"true",0,0,"far"
"5063-f",0,0,2,1,0,30,1,1476478592334,"true",0,0,"split"
"5063-f",0,0,0,1,0,37,0,1476478682725,"true",1,0,"split"
"5063-f",0,1,0,0,1,36,0,1476478671348,"false",1,0,"close"
"5063-f",0,0,0,1,0,35,0,1476478643856,"true",1,0,"close"
"5063-f",0,0,0,1,0,34,0,1476478634765,"true",1,0,"split"
"5063-f",1,0,1,0,2,33,0,1476478625962,"true",0,1,"split"
"5063-f",0,0,1,1,0,32,0,1476478614683,"true",0,1,"split"
"5063-f",1,0,2,0,2,50,1,1476478871752,"true",0,0,"close"
