"gameid","sClicked_2","sClicked_1","lClickedIndex","sClicked_0","sClickedIndex","roundNum","lClicked_2","time","outcome","lClicked_0","lClicked_1","condition"
"5080-2",1,0,0,0,2,42,0,1476466358097,"true",1,0,"close"
"5080-2",0,0,1,1,0,48,0,1476466429706,"true",0,1,"split"
"5080-2",0,0,1,1,0,43,0,1476466366199,"true",0,1,"split"
"5080-2",0,1,1,0,1,49,0,1476466441105,"false",0,1,"split"
"5080-2",1,0,2,0,2,24,1,1476466146170,"true",0,0,"split"
"5080-2",0,0,0,1,0,25,0,1476466156505,"true",1,0,"close"
"5080-2",1,0,2,0,2,26,1,1476466171201,"true",0,0,"close"
"5080-2",0,0,2,1,0,27,1,1476466187714,"true",0,0,"close"
"5080-2",0,0,1,1,0,20,0,1476466099938,"true",0,1,"close"
"5080-2",1,0,2,0,2,21,1,1476466110082,"true",0,0,"split"
"5080-2",0,1,0,0,1,22,0,1476466120175,"true",1,0,"far"
"5080-2",0,0,0,1,0,23,0,1476466138081,"true",1,0,"close"
"5080-2",0,0,2,1,0,46,1,1476466408510,"true",0,0,"far"
"5080-2",1,0,1,0,2,47,0,1476466417558,"true",0,1,"close"
"5080-2",1,0,0,0,2,44,0,1476466387700,"true",1,0,"close"
"5080-2",0,0,0,1,0,45,0,1476466399706,"true",1,0,"far"
"5080-2",0,1,0,0,1,28,0,1476466204072,"true",1,0,"close"
"5080-2",1,0,0,0,2,29,0,1476466215799,"true",1,0,"close"
"5080-2",0,0,2,1,0,40,1,1476466321217,"true",0,0,"close"
"5080-2",1,0,2,0,2,41,1,1476466329137,"true",0,0,"far"
"5080-2",1,0,0,0,2,1,0,1476465713805,"true",1,0,"split"
"5080-2",1,0,2,0,2,3,1,1476465760580,"false",0,0,"close"
"5080-2",1,0,0,0,2,2,0,1476465747674,"true",1,0,"split"
"5080-2",1,0,2,0,2,5,1,1476465792446,"true",0,0,"split"
"5080-2",0,1,1,0,1,4,0,1476465773133,"true",0,1,"split"
"5080-2",0,1,2,0,1,7,1,1476465822996,"true",0,0,"close"
"5080-2",0,1,2,0,1,6,1,1476465809349,"true",0,0,"far"
"5080-2",1,0,1,0,2,9,0,1476465844664,"true",0,1,"far"
"5080-2",0,0,2,1,0,8,1,1476465832819,"true",0,0,"split"
"5080-2",1,0,1,0,2,39,0,1476466307102,"true",0,1,"far"
"5080-2",0,1,2,0,1,38,1,1476466299079,"true",0,0,"far"
"5080-2",1,0,2,0,2,11,1,1476465896271,"true",0,0,"far"
"5080-2",0,1,1,0,1,10,0,1476465872409,"true",0,1,"split"
"5080-2",0,1,0,0,1,13,0,1476465934226,"false",1,0,"split"
"5080-2",1,0,0,0,2,12,0,1476465904038,"true",1,0,"far"
"5080-2",0,0,2,1,0,15,1,1476465989514,"true",0,0,"close"
"5080-2",0,0,0,1,0,14,0,1476465947833,"true",1,0,"split"
"5080-2",1,0,1,0,2,17,0,1476466009415,"true",0,1,"split"
"5080-2",0,0,0,1,0,16,0,1476465998778,"true",1,0,"split"
"5080-2",0,1,0,0,1,19,0,1476466069260,"true",1,0,"split"
"5080-2",0,1,1,0,1,18,0,1476466029124,"true",0,1,"split"
"5080-2",0,1,2,0,1,31,1,1476466231517,"true",0,0,"far"
"5080-2",0,1,0,0,1,30,0,1476466224149,"true",1,0,"far"
"5080-2",1,0,1,0,2,37,0,1476466292095,"true",0,1,"far"
"5080-2",0,1,0,0,1,36,0,1476466283039,"true",1,0,"far"
"5080-2",1,0,2,0,2,35,1,1476466275282,"true",0,0,"close"
"5080-2",1,0,1,0,2,34,0,1476466265827,"true",0,1,"far"
"5080-2",0,0,0,1,0,33,0,1476466258102,"true",1,0,"far"
"5080-2",0,1,2,0,1,32,1,1476466245703,"false",0,0,"close"
"5080-2",0,0,0,1,0,50,0,1476466455054,"true",1,0,"close"
