"gameid","sClicked_2","sClicked_1","lClickedIndex","sClicked_0","sClickedIndex","roundNum","lClicked_2","time","outcome","lClicked_0","lClicked_1","condition"
"5083-e",0,0,0,1,0,42,0,1476990081536,"false",1,0,"close"
"5083-e",1,0,2,0,2,48,1,1476990323601,"false",0,0,"close"
"5083-e",1,0,2,0,2,43,1,1476990106737,"true",0,0,"split"
"5083-e",0,0,1,1,0,49,0,1476990360915,"true",0,1,"close"
"5083-e",1,0,0,0,2,24,0,1476989847282,"true",1,0,"split"
"5083-e",0,0,2,1,0,25,1,1476989859092,"true",0,0,"far"
"5083-e",0,1,1,0,1,26,0,1476989868125,"true",0,1,"split"
"5083-e",0,1,2,0,1,27,1,1476989885122,"true",0,0,"close"
"5083-e",1,0,0,0,2,20,0,1476989785776,"true",1,0,"split"
"5083-e",0,0,1,1,0,21,0,1476989806033,"true",0,1,"far"
"5083-e",0,0,1,1,0,22,0,1476989825517,"true",0,1,"split"
"5083-e",1,0,1,0,2,23,0,1476989839930,"true",0,1,"close"
"5083-e",1,0,0,0,2,46,0,1476990227864,"true",1,0,"far"
"5083-e",1,0,0,0,2,47,0,1476990239663,"true",1,0,"far"
"5083-e",0,1,2,0,1,44,1,1476990194768,"true",0,0,"close"
"5083-e",1,0,2,0,2,45,1,1476990203832,"true",0,0,"close"
"5083-e",0,0,0,1,0,28,0,1476989899445,"true",1,0,"split"
"5083-e",0,1,0,0,1,29,0,1476989910452,"true",1,0,"split"
"5083-e",0,0,2,1,0,40,1,1476990061256,"true",0,0,"split"
"5083-e",0,0,0,1,0,41,0,1476990073708,"true",1,0,"far"
"5083-e",1,0,1,0,2,1,0,1476989515457,"true",0,1,"close"
"5083-e",0,0,2,1,0,3,1,1476989563527,"true",0,0,"close"
"5083-e",1,0,1,0,2,2,0,1476989539171,"false",0,1,"close"
"5083-e",1,0,2,0,2,5,1,1476989589791,"true",0,0,"far"
"5083-e",0,0,0,1,0,4,0,1476989573178,"true",1,0,"far"
"5083-e",1,0,0,0,2,7,0,1476989623366,"true",1,0,"far"
"5083-e",1,0,1,0,2,6,0,1476989615799,"true",0,1,"close"
"5083-e",0,0,2,1,0,9,1,1476989642297,"false",0,0,"far"
"5083-e",0,1,1,0,1,8,0,1476989634995,"false",0,1,"close"
"5083-e",0,0,2,1,0,39,1,1476990053322,"true",0,0,"close"
"5083-e",1,0,0,0,2,38,0,1476990035213,"true",1,0,"close"
"5083-e",0,0,2,1,0,11,1,1476989663093,"true",0,0,"close"
"5083-e",0,0,0,1,0,10,0,1476989655265,"true",1,0,"split"
"5083-e",0,1,2,0,1,13,1,1476989681682,"true",0,0,"far"
"5083-e",0,1,2,0,1,12,1,1476989673953,"true",0,0,"far"
"5083-e",0,1,1,0,1,15,0,1476989711151,"true",0,1,"far"
"5083-e",1,0,0,0,2,14,0,1476989696379,"true",1,0,"close"
"5083-e",0,0,1,1,0,17,0,1476989739022,"true",0,1,"split"
"5083-e",0,1,0,0,1,16,0,1476989727509,"true",1,0,"split"
"5083-e",0,0,2,1,0,19,1,1476989770544,"true",0,0,"far"
"5083-e",1,0,0,0,2,18,0,1476989758106,"true",1,0,"far"
"5083-e",0,0,2,1,0,31,1,1476989927134,"false",0,0,"split"
"5083-e",1,0,0,0,2,30,0,1476989918744,"true",1,0,"split"
"5083-e",0,1,0,0,1,37,0,1476990012467,"true",1,0,"far"
"5083-e",1,0,0,0,2,36,0,1476990000925,"true",1,0,"split"
"5083-e",1,0,1,0,2,35,0,1476989992551,"true",0,1,"close"
"5083-e",0,1,2,0,1,34,1,1476989981385,"true",0,0,"split"
"5083-e",0,1,2,0,1,33,1,1476989954278,"true",0,0,"split"
"5083-e",0,1,2,0,1,32,1,1476989940980,"true",0,0,"split"
"5083-e",0,0,1,1,0,50,0,1476990376883,"true",0,1,"far"
