"gameid","sClicked_2","sClicked_1","lClickedIndex","sClicked_0","sClickedIndex","roundNum","lClicked_2","time","outcome","lClicked_0","lClicked_1","condition"
"5087-4",0,0,0,1,0,42,0,1476992666487,"true",1,0,"split"
"5087-4",1,0,2,0,2,48,1,1476992731980,"true",0,0,"split"
"5087-4",1,0,2,0,2,43,1,1476992687640,"true",0,0,"close"
"5087-4",0,1,1,0,1,49,0,1476992738724,"true",0,1,"far"
"5087-4",1,0,1,0,2,24,0,1476992373602,"true",0,1,"close"
"5087-4",1,0,2,0,2,25,1,1476992382056,"true",0,0,"far"
"5087-4",0,0,0,1,0,26,0,1476992398491,"true",1,0,"split"
"5087-4",0,1,2,0,1,27,1,1476992419463,"true",0,0,"close"
"5087-4",1,0,2,0,2,20,1,1476992301811,"true",0,0,"far"
"5087-4",0,1,1,0,1,21,0,1476992313523,"true",0,1,"far"
"5087-4",0,0,1,1,0,22,0,1476992339641,"true",0,1,"close"
"5087-4",0,1,2,0,1,23,1,1476992350748,"true",0,0,"close"
"5087-4",0,0,1,1,0,46,0,1476992708824,"true",0,1,"far"
"5087-4",0,0,0,1,0,47,0,1476992716944,"true",1,0,"far"
"5087-4",1,0,0,0,2,44,0,1476992694839,"true",1,0,"far"
"5087-4",0,0,0,1,0,45,0,1476992702374,"true",1,0,"far"
"5087-4",0,0,1,1,0,28,0,1476992428987,"true",0,1,"split"
"5087-4",0,1,1,0,1,29,0,1476992440185,"true",0,1,"close"
"5087-4",0,1,0,0,1,40,0,1476992627315,"true",1,0,"close"
"5087-4",0,1,2,0,1,41,1,1476992656466,"true",0,0,"close"
"5087-4",0,0,2,1,0,1,1,1476992012404,"true",0,0,"close"
"5087-4",0,0,0,1,0,3,0,1476992034324,"true",1,0,"split"
"5087-4",0,0,1,1,0,2,0,1476992022480,"true",0,1,"far"
"5087-4",0,0,2,1,0,5,1,1476992057702,"true",0,0,"far"
"5087-4",1,0,2,0,2,4,1,1476992048269,"true",0,0,"close"
"5087-4",1,0,1,0,2,7,0,1476992097125,"true",0,1,"far"
"5087-4",0,0,0,1,0,6,0,1476992076641,"true",1,0,"split"
"5087-4",1,0,0,0,2,9,0,1476992117467,"true",1,0,"close"
"5087-4",0,0,0,1,0,8,0,1476992108285,"true",1,0,"close"
"5087-4",0,1,2,0,1,39,1,1476992615156,"true",0,0,"close"
"5087-4",0,1,0,0,1,38,0,1476992592757,"true",1,0,"far"
"5087-4",0,0,2,1,0,11,1,1476992145242,"true",0,0,"far"
"5087-4",0,0,1,1,0,10,0,1476992135700,"true",0,1,"close"
"5087-4",1,0,2,0,2,13,1,1476992172340,"true",0,0,"close"
"5087-4",0,1,1,0,1,12,0,1476992153910,"true",0,1,"split"
"5087-4",0,0,1,1,0,15,0,1476992198062,"true",0,1,"far"
"5087-4",1,0,2,0,2,14,1,1476992184174,"true",0,0,"split"
"5087-4",0,0,0,1,0,17,0,1476992248485,"true",1,0,"close"
"5087-4",1,0,2,0,2,16,1,1476992225384,"true",0,0,"split"
"5087-4",1,0,0,0,2,19,0,1476992291901,"true",1,0,"far"
"5087-4",1,0,1,0,2,18,0,1476992282745,"true",0,1,"close"
"5087-4",0,0,0,1,0,31,0,1476992488483,"true",1,0,"split"
"5087-4",0,0,0,1,0,30,0,1476992454622,"false",1,0,"split"
"5087-4",0,1,2,0,1,37,1,1476992585294,"true",0,0,"split"
"5087-4",0,1,2,0,1,36,1,1476992574702,"true",0,0,"split"
"5087-4",0,1,0,0,1,35,0,1476992565498,"true",1,0,"far"
"5087-4",0,1,1,0,1,34,0,1476992550176,"true",0,1,"split"
"5087-4",0,0,2,1,0,33,1,1476992535760,"true",0,0,"far"
"5087-4",1,0,1,0,2,32,0,1476992517590,"true",0,1,"split"
"5087-4",0,1,2,0,1,50,1,1476992747899,"false",0,0,"split"
