"gameid","sClicked_2","sClicked_1","lClickedIndex","sClicked_0","sClickedIndex","roundNum","lClicked_2","time","outcome","lClicked_0","lClicked_1","condition"
"5089-f",1,0,2,0,2,42,1,1476484603276,"true",0,0,"far"
"5089-f",1,0,0,0,2,48,0,1476484667965,"true",1,0,"split"
"5089-f",0,1,0,0,1,43,0,1476484612324,"true",1,0,"far"
"5089-f",0,1,0,0,1,49,0,1476484677254,"true",1,0,"split"
"5089-f",0,1,1,0,1,24,0,1476484311943,"true",0,1,"close"
"5089-f",0,1,0,0,1,25,0,1476484326511,"true",1,0,"far"
"5089-f",0,1,2,0,1,26,1,1476484348471,"true",0,0,"close"
"5089-f",0,1,1,0,1,27,0,1476484367055,"false",0,1,"close"
"5089-f",0,0,2,1,0,20,1,1476484235781,"true",0,0,"split"
"5089-f",0,0,2,1,0,21,1,1476484257358,"true",0,0,"close"
"5089-f",1,0,0,0,2,22,0,1476484268927,"false",1,0,"split"
"5089-f",0,0,2,1,0,23,1,1476484295807,"true",0,0,"split"
"5089-f",1,0,1,0,2,46,0,1476484640876,"true",0,1,"far"
"5089-f",1,0,0,0,2,47,0,1476484649085,"true",1,0,"close"
"5089-f",0,1,0,0,1,44,0,1476484620764,"true",1,0,"far"
"5089-f",0,1,1,0,1,45,0,1476484634413,"true",0,1,"split"
"5089-f",0,0,0,1,0,28,0,1476484387063,"true",1,0,"split"
"5089-f",1,0,2,0,2,29,1,1476484397432,"true",0,0,"close"
"5089-f",0,1,0,0,1,40,0,1476484548986,"false",1,0,"far"
"5089-f",0,1,2,0,1,41,1,1476484586987,"false",0,0,"close"
"5089-f",1,0,2,0,2,1,1,1476484020227,"true",0,0,"close"
"5089-f",1,0,1,0,2,3,0,1476484043473,"false",0,1,"split"
"5089-f",0,1,0,0,1,2,0,1476484032249,"true",1,0,"close"
"5089-f",1,0,1,0,2,5,0,1476484066206,"false",0,1,"close"
"5089-f",0,0,2,1,0,4,1,1476484053522,"false",0,0,"split"
"5089-f",1,0,2,0,2,7,1,1476484094290,"true",0,0,"far"
"5089-f",0,0,1,1,0,6,0,1476484086290,"true",0,1,"split"
"5089-f",1,0,1,0,2,9,0,1476484128291,"true",0,1,"far"
"5089-f",0,1,1,0,1,8,0,1476484117835,"true",0,1,"split"
"5089-f",1,0,0,0,2,39,0,1476484537043,"true",1,0,"close"
"5089-f",1,0,0,0,2,38,0,1476484526402,"true",1,0,"split"
"5089-f",0,0,1,1,0,11,0,1476484143395,"true",0,1,"split"
"5089-f",1,0,1,0,2,10,0,1476484135115,"true",0,1,"far"
"5089-f",1,0,1,0,2,13,0,1476484156843,"true",0,1,"far"
"5089-f",1,0,0,0,2,12,0,1476484150235,"true",1,0,"close"
"5089-f",1,0,0,0,2,15,0,1476484170956,"true",1,0,"far"
"5089-f",1,0,0,0,2,14,0,1476484163523,"true",1,0,"far"
"5089-f",1,0,2,0,2,17,1,1476484192660,"true",0,0,"close"
"5089-f",0,0,1,1,0,16,0,1476484180988,"true",0,1,"split"
"5089-f",0,0,1,1,0,19,0,1476484220069,"true",0,1,"far"
"5089-f",0,0,2,1,0,18,1,1476484200364,"true",0,0,"split"
"5089-f",1,0,0,0,2,31,0,1476484430753,"false",1,0,"close"
"5089-f",1,0,2,0,2,30,1,1476484412736,"true",0,0,"split"
"5089-f",0,1,0,0,1,37,0,1476484515810,"true",1,0,"close"
"5089-f",0,0,1,1,0,36,0,1476484488818,"true",0,1,"far"
"5089-f",0,1,2,0,1,35,1,1476484482889,"true",0,0,"far"
"5089-f",0,1,0,0,1,34,0,1476484471570,"true",1,0,"far"
"5089-f",1,0,0,0,2,33,0,1476484448465,"true",1,0,"split"
"5089-f",0,1,1,0,1,32,0,1476484441249,"true",0,1,"close"
"5089-f",0,0,0,1,0,50,0,1476484702759,"true",1,0,"close"
