"gameid","sClicked_2","sClicked_1","lClickedIndex","sClicked_0","sClickedIndex","roundNum","lClicked_2","time","outcome","lClicked_0","lClicked_1","condition"
"5090-b",1,0,0,0,2,42,0,1476994774588,"true",1,0,"split"
"5090-b",1,0,1,0,2,48,0,1476994845428,"true",0,1,"split"
"5090-b",0,1,1,0,1,43,0,1476994782888,"true",0,1,"far"
"5090-b",0,0,2,1,0,49,1,1476994853308,"true",0,0,"far"
"5090-b",0,1,0,0,1,24,0,1476994550459,"true",1,0,"far"
"5090-b",0,1,2,0,1,25,1,1476994558878,"true",0,0,"close"
"5090-b",1,0,2,0,2,26,1,1476994565950,"true",0,0,"far"
"5090-b",1,0,0,0,2,27,0,1476994582602,"true",1,0,"close"
"5090-b",1,0,0,0,2,20,0,1476994508377,"false",1,0,"close"
"5090-b",1,0,0,0,2,21,0,1476994519862,"true",1,0,"close"
"5090-b",0,0,0,1,0,22,0,1476994529729,"true",1,0,"close"
"5090-b",0,1,2,0,1,23,1,1476994539021,"true",0,0,"close"
"5090-b",0,1,2,0,1,46,1,1476994824825,"true",0,0,"far"
"5090-b",1,0,2,0,2,47,1,1476994834832,"true",0,0,"far"
"5090-b",0,0,2,1,0,44,1,1476994794735,"true",0,0,"split"
"5090-b",0,1,2,0,1,45,1,1476994809087,"true",0,0,"close"
"5090-b",0,0,2,1,0,28,1,1476994597225,"true",0,0,"split"
"5090-b",1,0,0,0,2,29,0,1476994617325,"false",1,0,"split"
"5090-b",0,0,2,1,0,40,1,1476994755014,"true",0,0,"far"
"5090-b",0,0,1,1,0,41,0,1476994765473,"true",0,1,"split"
"5090-b",0,1,2,0,1,1,1,1476994293518,"true",0,0,"split"
"5090-b",0,0,2,1,0,3,1,1476994320301,"false",0,0,"close"
"5090-b",1,0,2,0,2,2,1,1476994305247,"true",0,0,"split"
"5090-b",0,1,0,0,1,5,0,1476994340064,"true",1,0,"split"
"5090-b",0,1,1,0,1,4,0,1476994329957,"true",0,1,"far"
"5090-b",0,1,1,0,1,7,0,1476994362760,"false",0,1,"split"
"5090-b",1,0,1,0,2,6,0,1476994349119,"true",0,1,"split"
"5090-b",0,1,0,0,1,9,0,1476994381532,"true",1,0,"close"
"5090-b",0,0,0,1,0,8,0,1476994371269,"true",1,0,"far"
"5090-b",0,0,0,1,0,39,0,1476994739795,"true",1,0,"close"
"5090-b",0,1,2,0,1,38,1,1476994727430,"true",0,0,"far"
"5090-b",0,0,1,1,0,11,0,1476994409851,"true",0,1,"close"
"5090-b",1,0,2,0,2,10,1,1476994392640,"true",0,0,"close"
"5090-b",0,1,0,0,1,13,0,1476994432324,"true",1,0,"split"
"5090-b",0,1,0,0,1,12,0,1476994422718,"true",1,0,"split"
"5090-b",0,1,0,0,1,15,0,1476994449818,"true",1,0,"far"
"5090-b",1,0,2,0,2,14,1,1476994441170,"true",0,0,"far"
"5090-b",0,0,1,1,0,17,0,1476994465710,"true",0,1,"far"
"5090-b",1,0,0,0,2,16,0,1476994458392,"true",1,0,"far"
"5090-b",0,0,1,1,0,19,0,1476994489275,"true",0,1,"split"
"5090-b",0,0,1,1,0,18,0,1476994479952,"true",0,1,"close"
"5090-b",0,0,0,1,0,31,0,1476994655886,"true",1,0,"split"
"5090-b",0,0,0,1,0,30,0,1476994644623,"true",1,0,"split"
"5090-b",0,1,2,0,1,37,1,1476994715946,"true",0,0,"close"
"5090-b",0,1,0,0,1,36,0,1476994705730,"true",1,0,"close"
"5090-b",1,0,1,0,2,35,0,1476994693023,"true",0,1,"split"
"5090-b",0,0,1,1,0,34,0,1476994685696,"true",0,1,"far"
"5090-b",0,0,1,1,0,33,0,1476994679107,"false",0,1,"far"
"5090-b",0,0,1,1,0,32,0,1476994668562,"true",0,1,"close"
"5090-b",0,0,2,1,0,50,1,1476994861305,"true",0,0,"far"
