"gameid","sClicked_2","sClicked_1","lClickedIndex","sClicked_0","sClickedIndex","roundNum","lClicked_2","time","outcome","lClicked_0","lClicked_1","condition"
"5104-8",0,0,1,1,0,42,0,1476993121208,"true",0,1,"close"
"5104-8",1,0,2,0,2,48,1,1476993185820,"true",0,0,"split"
"5104-8",0,0,1,1,0,43,0,1476993131665,"true",0,1,"far"
"5104-8",0,1,2,0,1,49,1,1476993202481,"true",0,0,"far"
"5104-8",0,0,0,1,0,24,0,1476992635416,"true",1,0,"far"
"5104-8",0,0,2,1,0,25,1,1476992659548,"true",0,0,"split"
"5104-8",1,0,1,0,2,26,0,1476992685803,"true",0,1,"close"
"5104-8",0,1,2,0,1,27,1,1476992711710,"false",0,0,"split"
"5104-8",0,1,2,0,1,20,1,1476992561061,"true",0,0,"split"
"5104-8",0,1,1,0,1,21,0,1476992582653,"true",0,1,"close"
"5104-8",0,0,0,1,0,22,0,1476992592092,"true",1,0,"far"
"5104-8",0,1,0,0,1,23,0,1476992621207,"true",1,0,"close"
"5104-8",0,1,0,0,1,46,0,1476993165634,"true",1,0,"split"
"5104-8",0,1,0,0,1,47,0,1476993175530,"true",1,0,"close"
"5104-8",1,0,2,0,2,44,1,1476993138941,"true",0,0,"far"
"5104-8",1,0,2,0,2,45,1,1476993155434,"true",0,0,"close"
"5104-8",1,0,0,0,2,28,0,1476992750111,"true",1,0,"split"
"5104-8",1,0,1,0,2,29,0,1476992777034,"true",0,1,"far"
"5104-8",0,0,1,1,0,40,0,1476993020968,"true",0,1,"split"
"5104-8",0,0,0,1,0,41,0,1476993055714,"false",1,0,"far"
"5104-8",1,0,1,0,2,1,0,1476992119133,"true",0,1,"far"
"5104-8",0,1,0,0,1,3,0,1476992199565,"true",1,0,"split"
"5104-8",1,0,2,0,2,2,1,1476992164475,"true",0,0,"close"
"5104-8",0,0,1,1,0,5,0,1476992243122,"false",0,1,"close"
"5104-8",0,0,2,1,0,4,1,1476992215274,"true",0,0,"far"
"5104-8",0,0,1,1,0,7,0,1476992265590,"true",0,1,"far"
"5104-8",0,1,2,0,1,6,1,1476992254051,"true",0,0,"far"
"5104-8",0,1,2,0,1,9,1,1476992319990,"true",0,0,"split"
"5104-8",0,1,2,0,1,8,1,1476992279235,"true",0,0,"far"
"5104-8",1,0,1,0,2,39,0,1476993005864,"true",0,1,"split"
"5104-8",1,0,1,0,2,38,0,1476992955593,"true",0,1,"close"
"5104-8",0,1,2,0,1,11,1,1476992403652,"true",0,0,"far"
"5104-8",0,0,0,1,0,10,0,1476992383751,"false",1,0,"close"
"5104-8",0,0,2,1,0,13,1,1476992446774,"true",0,0,"split"
"5104-8",1,0,0,0,2,12,0,1476992419788,"true",1,0,"split"
"5104-8",1,0,0,0,2,15,0,1476992468988,"true",1,0,"close"
"5104-8",1,0,2,0,2,14,1,1476992458198,"true",0,0,"far"
"5104-8",0,0,1,1,0,17,0,1476992509433,"true",0,1,"close"
"5104-8",0,0,1,1,0,16,0,1476992488095,"true",0,1,"split"
"5104-8",1,0,0,0,2,19,0,1476992546645,"true",1,0,"far"
"5104-8",1,0,2,0,2,18,1,1476992531550,"true",0,0,"split"
"5104-8",1,0,0,0,2,31,0,1476992833239,"true",1,0,"close"
"5104-8",0,0,1,1,0,30,0,1476992784041,"true",0,1,"far"
"5104-8",0,1,0,0,1,37,0,1476992930914,"false",1,0,"close"
"5104-8",1,0,2,0,2,36,1,1476992900787,"true",0,0,"far"
"5104-8",0,0,0,1,0,35,0,1476992884042,"true",1,0,"split"
"5104-8",1,0,1,0,2,34,0,1476992875890,"true",0,1,"split"
"5104-8",0,1,2,0,1,33,1,1476992852848,"true",0,0,"close"
"5104-8",0,0,1,1,0,32,0,1476992844910,"true",0,1,"close"
"5104-8",0,1,1,0,1,50,0,1476993236562,"true",0,1,"split"
