"gameid","sClicked_2","sClicked_1","lClickedIndex","sClicked_0","sClickedIndex","roundNum","lClicked_2","time","outcome","lClicked_0","lClicked_1","condition"
"5111-1",0,0,2,1,0,42,1,1476992307502,"true",0,0,"split"
"5111-1",1,0,1,0,2,48,0,1476992384821,"true",0,1,"far"
"5111-1",0,0,1,1,0,43,0,1476992315942,"true",0,1,"far"
"5111-1",1,0,0,0,2,49,0,1476992392081,"true",1,0,"far"
"5111-1",0,1,1,0,1,24,0,1476992053464,"true",0,1,"far"
"5111-1",1,0,1,0,2,25,0,1476992076084,"true",0,1,"close"
"5111-1",0,1,1,0,1,26,0,1476992084482,"true",0,1,"close"
"5111-1",1,0,2,0,2,27,1,1476992090890,"true",0,0,"far"
"5111-1",0,1,2,0,1,20,1,1476992018890,"true",0,0,"split"
"5111-1",0,0,2,1,0,21,1,1476992027274,"true",0,0,"far"
"5111-1",0,1,2,0,1,22,1,1476992035103,"true",0,0,"split"
"5111-1",1,0,0,0,2,23,0,1476992045336,"true",1,0,"close"
"5111-1",1,0,0,0,2,46,0,1476992368138,"true",1,0,"close"
"5111-1",0,0,0,1,0,47,0,1476992376309,"true",1,0,"split"
"5111-1",0,1,0,0,1,44,0,1476992344614,"true",1,0,"close"
"5111-1",0,0,1,1,0,45,0,1476992356014,"true",0,1,"split"
"5111-1",1,0,2,0,2,28,1,1476992104664,"true",0,0,"split"
"5111-1",1,0,0,0,2,29,0,1476992122904,"true",1,0,"close"
"5111-1",0,0,2,1,0,40,1,1476992251994,"true",0,0,"split"
"5111-1",0,0,0,1,0,41,0,1476992280415,"true",1,0,"close"
"5111-1",0,0,0,1,0,1,0,1476991821542,"true",1,0,"close"
"5111-1",0,0,0,1,0,3,0,1476991840600,"true",1,0,"close"
"5111-1",1,0,2,0,2,2,1,1476991831543,"true",0,0,"far"
"5111-1",0,1,2,0,1,5,1,1476991861321,"true",0,0,"far"
"5111-1",0,0,2,1,0,4,1,1476991851430,"true",0,0,"close"
"5111-1",0,1,0,0,1,7,0,1476991876959,"true",1,0,"close"
"5111-1",0,1,1,0,1,6,0,1476991869471,"true",0,1,"split"
"5111-1",0,0,0,1,0,9,0,1476991898861,"true",1,0,"far"
"5111-1",1,0,0,0,2,8,0,1476991890321,"true",1,0,"close"
"5111-1",0,1,2,0,1,39,1,1476992243160,"true",0,0,"far"
"5111-1",1,0,2,0,2,38,1,1476992233198,"true",0,0,"far"
"5111-1",1,0,1,0,2,11,0,1476991922562,"true",0,1,"split"
"5111-1",0,1,2,0,1,10,1,1476991908177,"true",0,0,"close"
"5111-1",1,0,0,0,2,13,0,1476991939010,"true",1,0,"far"
"5111-1",0,1,0,0,1,12,0,1476991930406,"true",1,0,"far"
"5111-1",0,1,0,0,1,15,0,1476991954740,"true",1,0,"far"
"5111-1",0,1,0,0,1,14,0,1476991947586,"true",1,0,"split"
"5111-1",0,1,1,0,1,17,0,1476991995686,"true",0,1,"close"
"5111-1",0,1,0,0,1,16,0,1476991964938,"true",1,0,"split"
"5111-1",0,0,1,1,0,19,0,1476992010790,"true",0,1,"far"
"5111-1",1,0,1,0,2,18,0,1476992003729,"true",0,1,"split"
"5111-1",1,0,0,0,2,31,0,1476992140368,"true",1,0,"far"
"5111-1",1,0,2,0,2,30,1,1476992132532,"true",0,0,"split"
"5111-1",1,0,1,0,2,37,0,1476992221571,"true",0,1,"split"
"5111-1",1,0,1,0,2,36,0,1476992206737,"true",0,1,"split"
"5111-1",0,1,2,0,1,35,1,1476992199676,"true",0,0,"close"
"5111-1",1,0,2,0,2,34,1,1476992167355,"true",0,0,"close"
"5111-1",0,1,1,0,1,33,0,1476992156291,"true",0,1,"split"
"5111-1",0,0,0,1,0,32,0,1476992147323,"true",1,0,"far"
"5111-1",1,0,1,0,2,50,0,1476992412618,"true",0,1,"close"
