"gameid","sClicked_2","sClicked_1","lClickedIndex","sClicked_0","sClickedIndex","roundNum","lClicked_2","time","outcome","lClicked_0","lClicked_1","condition"
"5128-f",0,1,0,0,1,42,0,1476992471043,"true",1,0,"close"
"5128-f",0,1,2,0,1,48,1,1476992536191,"true",0,0,"split"
"5128-f",1,0,2,0,2,43,1,1476992481892,"true",0,0,"split"
"5128-f",0,1,0,0,1,49,0,1476992543940,"true",1,0,"far"
"5128-f",0,0,0,1,0,24,0,1476992186632,"true",1,0,"split"
"5128-f",1,0,0,0,2,25,0,1476992206613,"true",1,0,"split"
"5128-f",1,0,2,0,2,26,1,1476992213263,"true",0,0,"far"
"5128-f",0,0,2,1,0,27,1,1476992225397,"true",0,0,"close"
"5128-f",0,0,1,1,0,20,0,1476992126786,"true",0,1,"far"
"5128-f",1,0,1,0,2,21,0,1476992135925,"true",0,1,"far"
"5128-f",1,0,1,0,2,22,0,1476992148863,"true",0,1,"close"
"5128-f",1,0,2,0,2,23,1,1476992162389,"true",0,0,"close"
"5128-f",0,0,0,1,0,46,0,1476992514480,"true",1,0,"split"
"5128-f",1,0,0,0,2,47,0,1476992529165,"true",1,0,"close"
"5128-f",0,0,0,1,0,44,0,1476992490781,"true",1,0,"split"
"5128-f",1,0,0,0,2,45,0,1476992501828,"true",1,0,"close"
"5128-f",0,0,1,1,0,28,0,1476992236906,"true",0,1,"close"
"5128-f",1,0,1,0,2,29,0,1476992262491,"true",0,1,"close"
"5128-f",0,1,0,0,1,40,0,1476992432741,"true",1,0,"split"
"5128-f",0,1,2,0,1,41,1,1476992457708,"false",0,0,"close"
"5128-f",0,1,0,0,1,1,0,1476991918825,"true",1,0,"far"
"5128-f",0,1,1,0,1,3,0,1476991953938,"true",0,1,"close"
"5128-f",0,0,2,1,0,2,1,1476991947803,"true",0,0,"close"
"5128-f",1,0,0,0,2,5,0,1476991967137,"true",1,0,"far"
"5128-f",0,1,1,0,1,4,0,1476991960755,"true",0,1,"split"
"5128-f",0,1,1,0,1,7,0,1476991984643,"true",0,1,"far"
"5128-f",0,1,1,0,1,6,0,1476991975641,"true",0,1,"far"
"5128-f",1,0,1,0,2,9,0,1476992016891,"true",0,1,"close"
"5128-f",0,0,1,1,0,8,0,1476992003132,"true",0,1,"split"
"5128-f",1,0,0,0,2,39,0,1476992406999,"true",1,0,"close"
"5128-f",0,0,1,1,0,38,0,1476992377012,"true",0,1,"split"
"5128-f",1,0,0,0,2,11,0,1476992056946,"true",1,0,"close"
"5128-f",1,0,1,0,2,10,0,1476992027065,"true",0,1,"split"
"5128-f",1,0,1,0,2,13,0,1476992069521,"true",0,1,"far"
"5128-f",0,1,2,0,1,12,1,1476992063359,"true",0,0,"split"
"5128-f",0,0,1,1,0,15,0,1476992086604,"true",0,1,"split"
"5128-f",1,0,2,0,2,14,1,1476992075906,"true",0,0,"far"
"5128-f",0,1,0,0,1,17,0,1476992100515,"true",1,0,"far"
"5128-f",0,0,2,1,0,16,1,1476992094063,"true",0,0,"far"
"5128-f",0,0,1,1,0,19,0,1476992120091,"true",0,1,"far"
"5128-f",0,0,1,1,0,18,0,1476992107666,"true",0,1,"far"
"5128-f",0,1,1,0,1,31,0,1476992293067,"true",0,1,"far"
"5128-f",0,1,1,0,1,30,0,1476992286371,"true",0,1,"close"
"5128-f",1,0,0,0,2,37,0,1476992365013,"true",1,0,"close"
"5128-f",0,0,2,1,0,36,1,1476992355561,"true",0,0,"close"
"5128-f",1,0,2,0,2,35,1,1476992328830,"true",0,0,"split"
"5128-f",0,0,0,1,0,34,0,1476992318212,"true",1,0,"split"
"5128-f",0,0,2,1,0,33,1,1476992306452,"true",0,0,"far"
"5128-f",1,0,0,0,2,32,0,1476992300036,"true",1,0,"far"
"5128-f",0,1,0,0,1,50,0,1476992550108,"true",1,0,"split"
