"gameid","sClicked_2","sClicked_1","lClickedIndex","sClicked_0","sClickedIndex","roundNum","lClicked_2","time","outcome","lClicked_0","lClicked_1","condition"
"5144-7",1,0,2,0,2,42,1,1459900742689,"true",0,0,"close"
"5144-7",0,1,2,0,1,43,1,1459900777461,"true",0,0,"split"
"5144-7",0,0,0,1,0,49,0,1459901032005,"true",1,0,"far"
"5144-7",1,0,1,0,2,24,0,1459900083942,"true",0,1,"close"
"5144-7",1,0,0,0,2,26,0,1459900168121,"true",1,0,"far"
"5144-7",0,0,2,1,0,27,1,1459900208245,"true",0,0,"far"
"5144-7",0,1,1,0,1,20,0,1459899960685,"true",0,1,"close"
"5144-7",0,0,1,1,0,21,0,1459899982766,"false",0,1,"close"
"5144-7",0,0,0,1,0,22,0,1459900006637,"true",1,0,"far"
"5144-7",0,0,0,1,0,23,0,1459900023880,"true",1,0,"close"
"5144-7",1,0,0,0,2,46,0,1459900952680,"true",1,0,"split"
"5144-7",1,0,2,0,2,47,1,1459900972963,"true",0,0,"far"
"5144-7",0,0,2,1,0,44,1,1459900821812,"false",0,0,"close"
"5144-7",0,1,0,0,1,48,0,1459900997235,"true",1,0,"far"
"5144-7",0,1,2,0,1,28,1,1459900230115,"true",0,0,"far"
"5144-7",1,0,0,0,2,29,0,1459900259454,"true",1,0,"close"
"5144-7",1,0,1,0,2,40,0,1459900691524,"false",0,1,"split"
"5144-7",0,1,0,0,1,41,0,1459900716420,"true",1,0,"close"
"5144-7",0,0,1,1,0,1,0,1459898845766,"false",0,1,"close"
"5144-7",0,1,2,0,1,3,1,1459898928402,"false",0,0,"split"
"5144-7",0,1,1,0,1,2,0,1459898886513,"true",0,1,"far"
"5144-7",1,0,1,0,2,5,0,1459899041736,"false",0,1,"split"
"5144-7",1,0,1,0,2,4,0,1459899004639,"true",0,1,"far"
"5144-7",0,0,1,1,0,7,0,1459899374249,"true",0,1,"close"
"5144-7",0,1,2,0,1,6,1,1459899329594,"false",0,0,"split"
"5144-7",0,0,1,1,0,9,0,1459899490237,"true",0,1,"far"
"5144-7",1,0,0,0,2,8,0,1459899414192,"true",1,0,"split"
"5144-7",0,0,0,1,0,39,0,1459900630121,"true",1,0,"far"
"5144-7",0,0,0,1,0,38,0,1459900595496,"true",1,0,"split"
"5144-7",0,1,2,0,1,11,1,1459899602930,"true",0,0,"split"
"5144-7",0,0,2,1,0,10,1,1459899544235,"true",0,0,"split"
"5144-7",0,1,0,0,1,13,0,1459899661486,"true",1,0,"close"
"5144-7",1,0,2,0,2,12,1,1459899642506,"true",0,0,"far"
"5144-7",0,1,2,0,1,15,1,1459899755288,"true",0,0,"split"
"5144-7",0,0,2,1,0,14,1,1459899713397,"true",0,0,"far"
"5144-7",0,0,1,1,0,17,0,1459899824596,"true",0,1,"split"
"5144-7",0,1,0,0,1,16,0,1459899777339,"true",1,0,"far"
"5144-7",1,0,0,0,2,19,0,1459899919816,"true",1,0,"split"
"5144-7",1,0,2,0,2,18,1,1459899854727,"true",0,0,"split"
"5144-7",0,1,2,0,1,31,1,1459900306918,"true",0,0,"split"
"5144-7",0,1,2,0,1,30,1,1459900278669,"true",0,0,"close"
"5144-7",0,0,1,1,0,37,0,1459900553184,"true",0,1,"far"
"5144-7",1,0,1,0,2,36,0,1459900473813,"false",0,1,"split"
"5144-7",1,0,0,0,2,35,0,1459900435795,"false",1,0,"far"
"5144-7",0,1,2,0,1,34,1,1459900383503,"true",0,0,"close"
"5144-7",0,1,2,0,1,33,1,1459900355083,"false",0,0,"close"
"5144-7",0,0,0,1,0,32,0,1459900329296,"true",1,0,"split"
"5144-7",0,0,1,1,0,50,0,1459901078495,"true",0,1,"far"
