"gameid","sClicked_2","sClicked_1","lClickedIndex","sClicked_0","sClickedIndex","roundNum","lClicked_2","time","outcome","lClicked_0","lClicked_1","condition"
"5148-b",1,0,1,0,2,42,0,1476993953636,"true",0,1,"far"
"5148-b",0,1,1,0,1,48,0,1476994058201,"false",0,1,"split"
"5148-b",0,1,1,0,1,43,0,1476993962134,"true",0,1,"far"
"5148-b",0,1,0,0,1,49,0,1476994065189,"true",1,0,"far"
"5148-b",0,1,2,0,1,24,1,1476993717252,"true",0,0,"split"
"5148-b",0,0,2,1,0,25,1,1476993739551,"true",0,0,"close"
"5148-b",0,1,1,0,1,26,0,1476993753804,"true",0,1,"close"
"5148-b",0,1,0,0,1,27,0,1476993768012,"true",1,0,"close"
"5148-b",0,0,2,1,0,20,1,1476993677268,"true",0,0,"split"
"5148-b",1,0,0,0,2,21,0,1476993688064,"true",1,0,"far"
"5148-b",1,0,2,0,2,22,1,1476993696986,"true",0,0,"close"
"5148-b",0,0,1,1,0,23,0,1476993703936,"true",0,1,"far"
"5148-b",0,0,1,1,0,46,0,1476994003512,"true",0,1,"far"
"5148-b",0,0,1,1,0,47,0,1476994040871,"true",0,1,"close"
"5148-b",0,0,2,1,0,44,1,1476993973103,"true",0,0,"close"
"5148-b",1,0,1,0,2,45,0,1476993994412,"true",0,1,"close"
"5148-b",1,0,1,0,2,28,0,1476993775928,"true",0,1,"split"
"5148-b",1,0,1,0,2,29,0,1476993784258,"true",0,1,"close"
"5148-b",1,0,1,0,2,40,0,1476993936298,"true",0,1,"far"
"5148-b",0,1,0,0,1,41,0,1476993946050,"true",1,0,"split"
"5148-b",1,0,2,0,2,1,1,1476993437815,"true",0,0,"far"
"5148-b",0,0,2,1,0,3,1,1476993457520,"true",0,0,"far"
"5148-b",1,0,2,0,2,2,1,1476993450953,"true",0,0,"split"
"5148-b",0,0,0,1,0,5,0,1476993475979,"true",1,0,"split"
"5148-b",0,1,1,0,1,4,0,1476993465832,"true",0,1,"far"
"5148-b",0,0,0,1,0,7,0,1476993507722,"true",1,0,"split"
"5148-b",1,0,0,0,2,6,0,1476993492737,"true",1,0,"close"
"5148-b",0,1,1,0,1,9,0,1476993531670,"true",0,1,"split"
"5148-b",1,0,2,0,2,8,1,1476993519954,"true",0,0,"split"
"5148-b",1,0,1,0,2,39,0,1476993928328,"true",0,1,"split"
"5148-b",0,0,1,1,0,38,0,1476993903652,"false",0,1,"close"
"5148-b",0,0,1,1,0,11,0,1476993552594,"true",0,1,"far"
"5148-b",0,0,2,1,0,10,1,1476993544119,"true",0,0,"split"
"5148-b",0,0,2,1,0,13,1,1476993591937,"true",0,0,"close"
"5148-b",1,0,1,0,2,12,0,1476993562515,"true",0,1,"far"
"5148-b",0,1,2,0,1,15,1,1476993610217,"true",0,0,"split"
"5148-b",0,1,1,0,1,14,0,1476993600670,"true",0,1,"split"
"5148-b",1,0,1,0,2,17,0,1476993629271,"true",0,1,"far"
"5148-b",0,1,1,0,1,16,0,1476993617613,"true",0,1,"far"
"5148-b",0,0,0,1,0,19,0,1476993663459,"true",1,0,"close"
"5148-b",0,1,2,0,1,18,1,1476993650367,"true",0,0,"close"
"5148-b",0,0,1,1,0,31,0,1476993810820,"true",0,1,"close"
"5148-b",0,0,2,1,0,30,1,1476993800639,"true",0,0,"close"
"5148-b",0,1,0,0,1,37,0,1476993879870,"true",1,0,"split"
"5148-b",1,0,0,0,2,36,0,1476993865661,"true",1,0,"split"
"5148-b",0,0,2,1,0,35,1,1476993856707,"true",0,0,"far"
"5148-b",0,0,0,1,0,34,0,1476993849380,"true",1,0,"split"
"5148-b",0,0,2,1,0,33,1,1476993839353,"true",0,0,"close"
"5148-b",1,0,1,0,2,32,0,1476993830498,"true",0,1,"close"
"5148-b",0,0,1,1,0,50,0,1476994072453,"true",0,1,"far"
