"gameid","sClicked_2","sClicked_1","lClickedIndex","sClicked_0","sClickedIndex","roundNum","lClicked_2","time","outcome","lClicked_0","lClicked_1","condition"
"5169-f",1,0,2,0,2,42,1,1476994144475,"true",0,0,"close"
"5169-f",1,0,0,0,2,48,0,1476994201564,"true",1,0,"far"
"5169-f",0,1,2,0,1,43,1,1476994158826,"true",0,0,"split"
"5169-f",0,0,1,1,0,49,0,1476994210314,"true",0,1,"split"
"5169-f",0,0,2,1,0,24,1,1476993915719,"true",0,0,"close"
"5169-f",0,0,1,1,0,25,0,1476993926421,"true",0,1,"split"
"5169-f",0,1,1,0,1,26,0,1476993934697,"true",0,1,"far"
"5169-f",0,0,2,1,0,27,1,1476993945931,"true",0,0,"far"
"5169-f",0,0,2,1,0,20,1,1476993874278,"true",0,0,"split"
"5169-f",0,1,0,0,1,21,0,1476993884012,"true",1,0,"far"
"5169-f",0,1,2,0,1,22,1,1476993893649,"true",0,0,"far"
"5169-f",0,1,1,0,1,23,0,1476993905644,"true",0,1,"close"
"5169-f",0,1,0,0,1,46,0,1476994185062,"true",1,0,"far"
"5169-f",1,0,0,0,2,47,0,1476994194028,"true",1,0,"far"
"5169-f",1,0,2,0,2,44,1,1476994166702,"true",0,0,"far"
"5169-f",0,1,2,0,1,45,1,1476994176676,"true",0,0,"split"
"5169-f",0,1,2,0,1,28,1,1476993956369,"true",0,0,"far"
"5169-f",0,0,1,1,0,29,0,1476993972313,"true",0,1,"far"
"5169-f",0,0,0,1,0,40,0,1476994120510,"true",1,0,"split"
"5169-f",1,0,0,0,2,41,0,1476994130919,"true",1,0,"close"
"5169-f",0,0,2,1,0,1,1,1476993532256,"true",0,0,"split"
"5169-f",1,0,2,0,2,3,1,1476993598205,"false",0,0,"close"
"5169-f",1,0,1,0,2,2,0,1476993560313,"true",0,1,"close"
"5169-f",1,0,0,0,2,5,0,1476993633996,"true",1,0,"split"
"5169-f",0,0,2,1,0,4,1,1476993623037,"true",0,0,"split"
"5169-f",0,0,1,1,0,7,0,1476993666617,"true",0,1,"split"
"5169-f",0,0,1,1,0,6,0,1476993649788,"true",0,1,"close"
"5169-f",0,0,0,1,0,9,0,1476993687843,"true",1,0,"split"
"5169-f",0,1,0,0,1,8,0,1476993678025,"true",1,0,"close"
"5169-f",1,0,0,0,2,39,0,1476994108541,"true",1,0,"split"
"5169-f",0,1,0,0,1,38,0,1476994098379,"true",1,0,"close"
"5169-f",0,0,0,1,0,11,0,1476993721625,"true",1,0,"far"
"5169-f",0,0,2,1,0,10,1,1476993713091,"true",0,0,"close"
"5169-f",0,1,0,0,1,13,0,1476993749199,"true",1,0,"far"
"5169-f",1,0,2,0,2,12,1,1476993739821,"true",0,0,"split"
"5169-f",0,1,0,0,1,15,0,1476993771982,"true",1,0,"close"
"5169-f",0,1,1,0,1,14,0,1476993760749,"true",0,1,"far"
"5169-f",0,1,0,0,1,17,0,1476993797684,"true",1,0,"split"
"5169-f",1,0,0,0,2,16,0,1476993783251,"true",1,0,"split"
"5169-f",0,0,0,1,0,19,0,1476993860285,"true",1,0,"close"
"5169-f",0,1,1,0,1,18,0,1476993828428,"true",0,1,"close"
"5169-f",0,1,1,0,1,31,0,1476993995419,"false",0,1,"split"
"5169-f",0,1,1,0,1,30,0,1476993981532,"true",0,1,"far"
"5169-f",0,0,2,1,0,37,1,1476994085074,"true",0,0,"close"
"5169-f",0,0,2,1,0,36,1,1476994069220,"true",0,0,"close"
"5169-f",0,1,2,0,1,35,1,1476994045960,"true",0,0,"far"
"5169-f",0,1,0,0,1,34,0,1476994031389,"true",1,0,"close"
"5169-f",0,1,1,0,1,33,0,1476994017508,"false",0,1,"split"
"5169-f",0,1,1,0,1,32,0,1476994006453,"false",0,1,"far"
"5169-f",0,0,1,1,0,50,0,1476994218286,"true",0,1,"far"
