"gameid","sClicked_2","sClicked_1","lClickedIndex","sClicked_0","sClickedIndex","roundNum","lClicked_2","time","outcome","lClicked_0","lClicked_1","condition"
"5199-4",1,0,1,0,2,42,0,1476991842596,"true",0,1,"far"
"5199-4",0,1,1,0,1,48,0,1476991927621,"false",0,1,"close"
"5199-4",0,1,1,0,1,43,0,1476991852686,"true",0,1,"split"
"5199-4",0,1,1,0,1,49,0,1476991940622,"true",0,1,"split"
"5199-4",0,1,2,0,1,24,1,1476991581977,"true",0,0,"close"
"5199-4",0,1,2,0,1,25,1,1476991599983,"true",0,0,"split"
"5199-4",1,0,0,0,2,26,0,1476991619240,"true",1,0,"split"
"5199-4",0,1,1,0,1,27,0,1476991636035,"true",0,1,"split"
"5199-4",1,0,0,0,2,20,0,1476991530952,"true",1,0,"far"
"5199-4",0,1,1,0,1,21,0,1476991539887,"true",0,1,"split"
"5199-4",1,0,2,0,2,22,1,1476991558982,"true",0,0,"close"
"5199-4",0,1,2,0,1,23,1,1476991565653,"true",0,0,"far"
"5199-4",0,0,2,1,0,46,1,1476991902320,"true",0,0,"split"
"5199-4",0,1,0,0,1,47,0,1476991910522,"true",1,0,"far"
"5199-4",1,0,1,0,2,44,0,1476991882471,"true",0,1,"close"
"5199-4",0,1,2,0,1,45,1,1476991892845,"true",0,0,"far"
"5199-4",1,0,2,0,2,28,1,1476991645884,"true",0,0,"split"
"5199-4",0,0,1,1,0,29,0,1476991659775,"true",0,1,"far"
"5199-4",1,0,0,0,2,40,0,1476991822321,"true",1,0,"far"
"5199-4",1,0,2,0,2,41,1,1476991833538,"true",0,0,"close"
"5199-4",0,0,1,1,0,1,0,1476991213060,"true",0,1,"split"
"5199-4",0,0,0,1,0,3,0,1476991245040,"false",1,0,"split"
"5199-4",1,0,1,0,2,2,0,1476991228316,"true",0,1,"close"
"5199-4",0,1,2,0,1,5,1,1476991301737,"true",0,0,"far"
"5199-4",1,0,0,0,2,4,0,1476991263016,"true",1,0,"split"
"5199-4",0,1,0,0,1,7,0,1476991328991,"true",1,0,"close"
"5199-4",0,0,2,1,0,6,1,1476991316400,"true",0,0,"far"
"5199-4",1,0,2,0,2,8,1,1476991343200,"true",0,0,"far"
"5199-4",0,1,0,0,1,39,0,1476991814355,"true",1,0,"far"
"5199-4",1,0,1,0,2,38,0,1476991806530,"false",0,1,"close"
"5199-4",0,1,0,0,1,11,0,1476991411036,"true",1,0,"far"
"5199-4",1,0,1,0,2,10,0,1476991401156,"true",0,1,"close"
"5199-4",1,0,0,0,2,13,0,1476991434736,"true",1,0,"split"
"5199-4",1,0,1,0,2,12,0,1476991420236,"false",0,1,"split"
"5199-4",1,0,0,0,2,15,0,1476991458761,"true",1,0,"split"
"5199-4",0,0,0,1,0,14,0,1476991447911,"true",1,0,"far"
"5199-4",1,0,2,0,2,17,1,1476991495955,"true",0,0,"close"
"5199-4",0,1,0,0,1,16,0,1476991474141,"true",1,0,"split"
"5199-4",0,0,1,1,0,19,0,1476991520546,"true",0,1,"far"
"5199-4",0,0,2,1,0,18,1,1476991513596,"true",0,0,"far"
"5199-4",0,0,1,1,0,31,0,1476991694774,"true",0,1,"far"
"5199-4",0,0,0,1,0,30,0,1476991683285,"true",1,0,"close"
"5199-4",0,1,0,0,1,37,0,1476991787250,"true",1,0,"close"
"5199-4",1,0,1,0,2,36,0,1476991772655,"true",0,1,"far"
"5199-4",0,1,0,0,1,35,0,1476991759805,"true",1,0,"split"
"5199-4",0,1,2,0,1,34,1,1476991743295,"true",0,0,"close"
"5199-4",0,1,0,0,1,33,0,1476991728400,"true",1,0,"close"
"5199-4",0,0,1,1,0,32,0,1476991714364,"true",0,1,"close"
"5199-4",0,0,2,1,0,50,1,1476991983333,"true",0,0,"close"
