"gameid","sClicked_2","sClicked_1","lClickedIndex","sClicked_0","sClickedIndex","roundNum","lClicked_2","time","outcome","lClicked_0","lClicked_1","condition"
"5225-2",0,1,0,0,1,42,0,1476997423740,"true",1,0,"split"
"5225-2",1,0,1,0,2,48,0,1476997492998,"true",0,1,"far"
"5225-2",0,0,1,1,0,43,0,1476997433102,"true",0,1,"split"
"5225-2",0,1,0,0,1,49,0,1476997515510,"true",1,0,"split"
"5225-2",0,1,0,0,1,24,0,1476997238957,"true",1,0,"close"
"5225-2",0,1,1,0,1,25,0,1476997254762,"true",0,1,"close"
"5225-2",0,1,1,0,1,26,0,1476997263777,"true",0,1,"split"
"5225-2",0,0,2,1,0,27,1,1476997272058,"true",0,0,"close"
"5225-2",0,1,1,0,1,20,0,1476997185004,"true",0,1,"close"
"5225-2",1,0,0,0,2,21,0,1476997196725,"true",1,0,"close"
"5225-2",0,0,1,1,0,22,0,1476997206064,"true",0,1,"far"
"5225-2",1,0,1,0,2,23,0,1476997227064,"true",0,1,"close"
"5225-2",0,0,0,1,0,46,0,1476997460165,"true",1,0,"split"
"5225-2",1,0,0,0,2,47,0,1476997483815,"true",1,0,"close"
"5225-2",0,1,0,0,1,44,0,1476997441084,"true",1,0,"split"
"5225-2",0,1,1,0,1,45,0,1476997450767,"true",0,1,"split"
"5225-2",0,1,0,0,1,28,0,1476997280538,"true",1,0,"far"
"5225-2",0,0,0,1,0,29,0,1476997288230,"true",1,0,"far"
"5225-2",1,0,2,0,2,40,1,1476997397734,"true",0,0,"far"
"5225-2",0,1,0,0,1,41,0,1476997404765,"true",1,0,"far"
"5225-2",0,1,0,0,1,1,0,1476996842071,"true",1,0,"close"
"5225-2",1,0,1,0,2,3,0,1476996901628,"true",0,1,"close"
"5225-2",1,0,2,0,2,2,1,1476996851949,"true",0,0,"split"
"5225-2",0,1,0,0,1,5,0,1476996921149,"true",1,0,"far"
"5225-2",0,1,1,0,1,4,0,1476996913432,"true",0,1,"split"
"5225-2",0,1,0,0,1,7,0,1476996953705,"true",1,0,"close"
"5225-2",0,0,2,1,0,6,1,1476996931442,"true",0,0,"split"
"5225-2",0,1,0,0,1,9,0,1476997013740,"true",1,0,"close"
"5225-2",1,0,0,0,2,8,0,1476996964059,"true",1,0,"far"
"5225-2",0,0,0,1,0,39,0,1476997389003,"true",1,0,"far"
"5225-2",1,0,2,0,2,38,1,1476997378570,"true",0,0,"split"
"5225-2",0,1,0,0,1,11,0,1476997037758,"true",1,0,"split"
"5225-2",1,0,2,0,2,10,1,1476997026569,"true",0,0,"far"
"5225-2",0,0,1,1,0,13,0,1476997066410,"true",0,1,"close"
"5225-2",0,1,2,0,1,12,1,1476997045580,"true",0,0,"split"
"5225-2",0,1,2,0,1,15,1,1476997093448,"true",0,0,"close"
"5225-2",0,0,0,1,0,14,0,1476997076432,"true",1,0,"far"
"5225-2",0,0,2,1,0,17,1,1476997126150,"true",0,0,"close"
"5225-2",0,0,0,1,0,16,0,1476997110468,"true",1,0,"split"
"5225-2",0,1,1,0,1,19,0,1476997156133,"true",0,1,"split"
"5225-2",0,1,0,0,1,18,0,1476997143021,"true",1,0,"close"
"5225-2",1,0,2,0,2,31,1,1476997312278,"true",0,0,"split"
"5225-2",0,1,1,0,1,30,0,1476997296712,"true",0,1,"split"
"5225-2",1,0,0,0,2,37,0,1476997364476,"true",1,0,"far"
"5225-2",0,1,1,0,1,36,0,1476997357162,"true",0,1,"far"
"5225-2",0,0,2,1,0,35,1,1476997349251,"true",0,0,"far"
"5225-2",0,1,1,0,1,34,0,1476997340436,"true",0,1,"far"
"5225-2",0,0,0,1,0,33,0,1476997329678,"true",1,0,"close"
"5225-2",1,0,2,0,2,32,1,1476997322014,"true",0,0,"far"
"5225-2",0,1,2,0,1,50,1,1476997523325,"true",0,0,"far"
