"gameid","sClicked_2","sClicked_1","lClickedIndex","sClicked_0","sClickedIndex","roundNum","lClicked_2","time","outcome","lClicked_0","lClicked_1","condition"
"5239-4",0,1,1,0,1,42,0,1476991900094,"true",0,1,"far"
"5239-4",1,0,1,0,2,48,0,1476991973374,"true",0,1,"far"
"5239-4",0,0,2,1,0,43,1,1476991916208,"true",0,0,"close"
"5239-4",0,0,0,1,0,49,0,1476991991558,"true",1,0,"split"
"5239-4",1,0,0,0,2,24,0,1476991319640,"true",1,0,"close"
"5239-4",0,0,2,1,0,25,1,1476991414849,"true",0,0,"close"
"5239-4",1,0,0,0,2,26,0,1476991456046,"true",1,0,"split"
"5239-4",0,0,1,1,0,27,0,1476991495174,"true",0,1,"close"
"5239-4",0,0,0,1,0,20,0,1476991247295,"true",1,0,"split"
"5239-4",0,1,2,0,1,21,1,1476991266887,"true",0,0,"far"
"5239-4",1,0,0,0,2,22,0,1476991288240,"false",1,0,"split"
"5239-4",1,0,2,0,2,23,1,1476991298513,"true",0,0,"far"
"5239-4",0,1,1,0,1,46,0,1476991948269,"true",0,1,"far"
"5239-4",1,0,0,0,2,47,0,1476991965326,"true",1,0,"split"
"5239-4",0,1,1,0,1,44,0,1476991923965,"true",0,1,"far"
"5239-4",1,0,2,0,2,45,1,1476991940758,"true",0,0,"split"
"5239-4",0,1,1,0,1,28,0,1476991504614,"true",0,1,"far"
"5239-4",1,0,0,0,2,29,0,1476991596892,"false",1,0,"close"
"5239-4",0,0,2,1,0,40,1,1476991876846,"true",0,0,"far"
"5239-4",0,1,2,0,1,41,1,1476991891278,"true",0,0,"far"
"5239-4",0,1,2,0,1,1,1,1476990815179,"true",0,0,"close"
"5239-4",0,0,2,1,0,3,1,1476990885903,"true",0,0,"close"
"5239-4",1,0,2,0,2,2,1,1476990823960,"true",0,0,"far"
"5239-4",0,0,2,1,0,5,1,1476990920664,"true",0,0,"split"
"5239-4",0,0,1,1,0,4,0,1476990899497,"true",0,1,"split"
"5239-4",0,0,0,1,0,7,0,1476990979215,"true",1,0,"close"
"5239-4",1,0,0,0,2,6,0,1476990930169,"true",1,0,"far"
"5239-4",1,0,2,0,2,9,1,1476991029520,"true",0,0,"split"
"5239-4",0,0,1,1,0,8,0,1476990995416,"true",0,1,"close"
"5239-4",1,0,1,0,2,39,0,1476991866381,"true",0,1,"far"
"5239-4",0,0,1,1,0,38,0,1476991852150,"true",0,1,"close"
"5239-4",0,1,0,0,1,11,0,1476991050000,"true",1,0,"far"
"5239-4",1,0,2,0,2,10,1,1476991039713,"true",0,0,"split"
"5239-4",0,1,2,0,1,13,1,1476991120048,"true",0,0,"close"
"5239-4",1,0,0,0,2,12,0,1476991073391,"true",1,0,"split"
"5239-4",0,1,2,0,1,15,1,1476991170680,"true",0,0,"close"
"5239-4",1,0,1,0,2,14,0,1476991138938,"true",0,1,"far"
"5239-4",0,1,0,0,1,17,0,1476991198190,"true",1,0,"close"
"5239-4",1,0,2,0,2,16,1,1476991179977,"true",0,0,"close"
"5239-4",0,1,1,0,1,19,0,1476991238102,"true",0,1,"far"
"5239-4",1,0,0,0,2,18,0,1476991207175,"true",1,0,"far"
"5239-4",0,1,2,0,1,31,1,1476991737071,"true",0,0,"split"
"5239-4",1,0,0,0,2,30,0,1476991660406,"false",1,0,"split"
"5239-4",1,0,0,0,2,37,0,1476991836149,"true",1,0,"split"
"5239-4",1,0,1,0,2,36,0,1476991822423,"true",0,1,"close"
"5239-4",0,0,2,1,0,35,1,1476991809293,"true",0,0,"close"
"5239-4",0,1,0,0,1,34,0,1476991776431,"true",1,0,"split"
"5239-4",1,0,2,0,2,33,1,1476991759877,"true",0,0,"close"
"5239-4",0,0,2,1,0,32,1,1476991745198,"true",0,0,"split"
"5239-4",0,0,0,1,0,50,0,1476992004254,"true",1,0,"split"
