"gameid","sClicked_2","sClicked_1","lClickedIndex","sClicked_0","sClickedIndex","roundNum","lClicked_2","time","outcome","lClicked_0","lClicked_1","condition"
"5248-d",0,1,2,0,1,42,1,1459888273836,"true",0,0,"split"
"5248-d",0,0,1,1,0,48,0,1459888377717,"true",0,1,"close"
"5248-d",0,1,2,0,1,43,1,1459888280572,"true",0,0,"far"
"5248-d",0,1,0,0,1,49,0,1459888394069,"false",1,0,"split"
"5248-d",0,0,0,1,0,24,0,1459888011973,"true",1,0,"far"
"5248-d",1,0,2,0,2,25,1,1459888024557,"true",0,0,"far"
"5248-d",0,0,0,1,0,26,0,1459888036927,"true",1,0,"split"
"5248-d",0,1,0,0,1,27,0,1459888047458,"true",1,0,"split"
"5248-d",0,1,1,0,1,20,0,1459887939705,"true",0,1,"close"
"5248-d",0,1,1,0,1,21,0,1459887980237,"true",0,1,"close"
"5248-d",0,0,0,1,0,22,0,1459887987756,"true",1,0,"split"
"5248-d",1,0,2,0,2,23,1,1459887997345,"true",0,0,"far"
"5248-d",1,0,0,0,2,46,0,1459888322937,"true",1,0,"far"
"5248-d",0,1,2,0,1,47,1,1459888346270,"true",0,0,"close"
"5248-d",0,1,2,0,1,44,1,1459888292442,"true",0,0,"split"
"5248-d",0,1,1,0,1,45,0,1459888316278,"true",0,1,"split"
"5248-d",0,0,2,1,0,28,1,1459888054646,"true",0,0,"far"
"5248-d",0,1,2,0,1,29,1,1459888075709,"true",0,0,"split"
"5248-d",0,1,1,0,1,40,0,1459888223999,"true",0,1,"split"
"5248-d",0,0,1,1,0,41,0,1459888258310,"true",0,1,"close"
"5248-d",0,1,1,0,1,1,0,1459887725086,"false",0,1,"close"
"5248-d",0,0,2,1,0,3,1,1459887742531,"true",0,0,"split"
"5248-d",0,0,2,1,0,2,1,1459887733901,"true",0,0,"far"
"5248-d",0,0,0,1,0,5,0,1459887763759,"true",1,0,"close"
"5248-d",0,1,0,0,1,4,0,1459887749969,"true",1,0,"far"
"5248-d",0,0,2,1,0,7,1,1459887787058,"true",0,0,"far"
"5248-d",1,0,0,0,2,6,0,1459887774441,"true",1,0,"far"
"5248-d",1,0,1,0,2,9,0,1459887811116,"true",0,1,"close"
"5248-d",0,1,0,0,1,8,0,1459887798150,"true",1,0,"far"
"5248-d",0,0,2,1,0,39,1,1459888215304,"true",0,0,"close"
"5248-d",0,1,1,0,1,38,0,1459888191648,"true",0,1,"split"
"5248-d",1,0,0,0,2,11,0,1459887831280,"true",1,0,"split"
"5248-d",1,0,2,0,2,10,1,1459887821999,"true",0,0,"split"
"5248-d",0,0,0,1,0,13,0,1459887850099,"true",1,0,"far"
"5248-d",0,1,2,0,1,12,1,1459887840563,"true",0,0,"far"
"5248-d",0,1,0,0,1,15,0,1459887881396,"true",1,0,"close"
"5248-d",0,1,1,0,1,14,0,1459887867392,"true",0,1,"close"
"5248-d",0,0,2,1,0,17,1,1459887912066,"true",0,0,"close"
"5248-d",0,1,1,0,1,16,0,1459887894760,"true",0,1,"split"
"5248-d",0,0,2,1,0,19,1,1459887928798,"true",0,0,"far"
"5248-d",1,0,2,0,2,18,1,1459887922457,"true",0,0,"split"
"5248-d",0,1,0,0,1,31,0,1459888103423,"true",1,0,"close"
"5248-d",1,0,0,0,2,30,0,1459888085425,"true",1,0,"split"
"5248-d",0,1,1,0,1,37,0,1459888180463,"true",0,1,"close"
"5248-d",0,1,0,0,1,36,0,1459888163258,"true",1,0,"far"
"5248-d",0,1,1,0,1,35,0,1459888153684,"true",0,1,"close"
"5248-d",0,1,1,0,1,34,0,1459888136563,"true",0,1,"close"
"5248-d",0,0,1,1,0,33,0,1459888122196,"true",0,1,"far"
"5248-d",0,1,0,0,1,32,0,1459888111241,"true",1,0,"split"
"5248-d",1,0,1,0,2,50,0,1459888400713,"true",0,1,"far"
