"gameid","sClicked_2","sClicked_1","lClickedIndex","sClicked_0","sClickedIndex","roundNum","lClicked_2","time","outcome","lClicked_0","lClicked_1","condition"
"5256-c",0,0,0,1,0,42,0,1476491655367,"true",1,0,"far"
"5256-c",0,1,2,0,1,48,1,1476491786815,"true",0,0,"far"
"5256-c",0,0,2,1,0,43,1,1476491673314,"true",0,0,"far"
"5256-c",0,1,1,0,1,49,0,1476491841376,"false",0,1,"split"
"5256-c",0,1,1,0,1,24,0,1476491337996,"true",0,1,"far"
"5256-c",0,0,2,1,0,25,1,1476491349331,"true",0,0,"close"
"5256-c",1,0,1,0,2,26,0,1476491357746,"true",0,1,"far"
"5256-c",1,0,0,0,2,27,0,1476491368386,"true",1,0,"split"
"5256-c",0,1,2,0,1,20,1,1476491277015,"true",0,0,"far"
"5256-c",0,0,2,1,0,21,1,1476491289628,"true",0,0,"far"
"5256-c",0,0,0,1,0,22,0,1476491319309,"true",1,0,"close"
"5256-c",0,0,2,1,0,23,1,1476491328820,"true",0,0,"far"
"5256-c",0,0,0,1,0,46,0,1476491740110,"true",1,0,"close"
"5256-c",0,1,0,0,1,47,0,1476491775333,"true",1,0,"close"
"5256-c",0,0,1,1,0,44,0,1476491692384,"true",0,1,"close"
"5256-c",1,0,0,0,2,45,0,1476491705712,"true",1,0,"split"
"5256-c",0,1,2,0,1,28,1,1476491378321,"true",0,0,"far"
"5256-c",0,0,2,1,0,29,1,1476491395670,"false",0,0,"far"
"5256-c",0,0,1,1,0,40,0,1476491609280,"true",0,1,"far"
"5256-c",1,0,1,0,2,41,0,1476491638319,"false",0,1,"close"
"5256-c",1,0,2,0,2,1,1,1476490899670,"false",0,0,"close"
"5256-c",0,1,2,0,1,3,1,1476490948939,"true",0,0,"close"
"5256-c",0,0,1,1,0,2,0,1476490936464,"true",0,1,"split"
"5256-c",0,0,0,1,0,5,0,1476490988178,"true",1,0,"close"
"5256-c",1,0,0,0,2,4,0,1476490964659,"true",1,0,"close"
"5256-c",0,0,2,1,0,7,1,1476491029340,"true",0,0,"split"
"5256-c",0,0,2,1,0,6,1,1476491001787,"true",0,0,"split"
"5256-c",0,0,2,1,0,9,1,1476491059837,"true",0,0,"split"
"5256-c",0,0,0,1,0,8,0,1476491044906,"true",1,0,"split"
"5256-c",1,0,2,0,2,39,1,1476491599499,"false",0,0,"split"
"5256-c",0,0,2,1,0,38,1,1476491573356,"true",0,0,"far"
"5256-c",0,0,2,1,0,11,1,1476491119853,"false",0,0,"close"
"5256-c",1,0,2,0,2,10,1,1476491087596,"false",0,0,"close"
"5256-c",1,0,1,0,2,13,0,1476491146524,"true",0,1,"split"
"5256-c",1,0,0,0,2,12,0,1476491133677,"true",1,0,"far"
"5256-c",1,0,1,0,2,15,0,1476491185758,"false",0,1,"split"
"5256-c",0,1,1,0,1,14,0,1476491164082,"true",0,1,"split"
"5256-c",0,0,1,1,0,17,0,1476491221258,"true",0,1,"close"
"5256-c",1,0,0,0,2,16,0,1476491202530,"true",1,0,"far"
"5256-c",0,0,0,1,0,19,0,1476491262455,"true",1,0,"close"
"5256-c",0,1,0,0,1,18,0,1476491233203,"true",1,0,"split"
"5256-c",0,1,0,0,1,31,0,1476491423377,"true",1,0,"far"
"5256-c",0,1,0,0,1,30,0,1476491406302,"true",1,0,"split"
"5256-c",1,0,0,0,2,37,0,1476491554325,"false",1,0,"close"
"5256-c",0,0,0,1,0,36,0,1476491529150,"true",1,0,"split"
"5256-c",1,0,2,0,2,35,1,1476491514482,"true",0,0,"far"
"5256-c",0,1,2,0,1,34,1,1476491506150,"true",0,0,"close"
"5256-c",1,0,0,0,2,33,0,1476491490796,"true",1,0,"split"
"5256-c",1,0,0,0,2,32,0,1476491467301,"true",1,0,"close"
"5256-c",0,1,2,0,1,50,1,1476491854864,"true",0,0,"split"
