"gameid","sClicked_2","sClicked_1","lClickedIndex","sClicked_0","sClickedIndex","roundNum","lClicked_2","time","outcome","lClicked_0","lClicked_1","condition"
"5266-c",0,1,1,0,1,42,0,1476493919350,"true",0,1,"far"
"5266-c",0,1,2,0,1,48,1,1476494002686,"true",0,0,"close"
"5266-c",0,0,2,1,0,43,1,1476493939514,"true",0,0,"close"
"5266-c",0,0,0,1,0,49,0,1476494015313,"true",1,0,"far"
"5266-c",0,1,2,0,1,24,1,1476493599083,"true",0,0,"split"
"5266-c",1,0,0,0,2,25,0,1476493612819,"true",1,0,"far"
"5266-c",0,1,0,0,1,26,0,1476493636790,"true",1,0,"close"
"5266-c",0,0,1,1,0,27,0,1476493652659,"true",0,1,"far"
"5266-c",0,0,1,1,0,20,0,1476493526961,"true",0,1,"far"
"5266-c",1,0,0,0,2,21,0,1476493557687,"true",1,0,"close"
"5266-c",0,0,0,1,0,22,0,1476493575483,"true",1,0,"far"
"5266-c",0,1,0,0,1,23,0,1476493586376,"true",1,0,"far"
"5266-c",0,1,2,0,1,46,1,1476493985093,"true",0,0,"close"
"5266-c",1,0,1,0,2,47,0,1476493993661,"true",0,1,"far"
"5266-c",0,1,2,0,1,44,1,1476493946783,"true",0,0,"split"
"5266-c",0,1,2,0,1,45,1,1476493968436,"true",0,0,"split"
"5266-c",0,0,2,1,0,28,1,1476493669740,"true",0,0,"split"
"5266-c",0,1,1,0,1,29,0,1476493682640,"true",0,1,"split"
"5266-c",0,1,1,0,1,40,0,1476493882343,"true",0,1,"close"
"5266-c",0,0,2,1,0,41,1,1476493901053,"true",0,0,"close"
"5266-c",1,0,2,0,2,1,1,1476493153299,"true",0,0,"close"
"5266-c",0,1,0,0,1,3,0,1476493200269,"true",1,0,"split"
"5266-c",1,0,1,0,2,2,0,1476493166179,"false",0,1,"close"
"5266-c",1,0,2,0,2,5,1,1476493255405,"true",0,0,"split"
"5266-c",1,0,2,0,2,4,1,1476493226865,"true",0,0,"split"
"5266-c",1,0,0,0,2,7,0,1476493293425,"true",1,0,"close"
"5266-c",0,0,2,1,0,6,1,1476493269254,"true",0,0,"far"
"5266-c",1,0,2,0,2,9,1,1476493323245,"true",0,0,"far"
"5266-c",0,1,2,0,1,8,1,1476493311188,"true",0,0,"split"
"5266-c",1,0,2,0,2,39,1,1476493852307,"true",0,0,"far"
"5266-c",0,0,0,1,0,38,0,1476493843219,"true",1,0,"far"
"5266-c",0,0,1,1,0,11,0,1476493352863,"true",0,1,"far"
"5266-c",0,0,1,1,0,10,0,1476493339692,"true",0,1,"far"
"5266-c",1,0,2,0,2,13,1,1476493382382,"true",0,0,"close"
"5266-c",0,0,1,1,0,12,0,1476493365452,"true",0,1,"far"
"5266-c",0,1,0,0,1,15,0,1476493425926,"true",1,0,"close"
"5266-c",0,0,1,1,0,14,0,1476493404192,"true",0,1,"split"
"5266-c",1,0,2,0,2,17,1,1476493467505,"true",0,0,"far"
"5266-c",1,0,1,0,2,16,0,1476493459535,"true",0,1,"split"
"5266-c",0,0,1,1,0,19,0,1476493512031,"true",0,1,"close"
"5266-c",0,0,0,1,0,18,0,1476493491067,"true",1,0,"close"
"5266-c",1,0,0,0,2,31,0,1476493729901,"true",1,0,"close"
"5266-c",0,0,0,1,0,30,0,1476493706120,"true",1,0,"close"
"5266-c",0,1,2,0,1,37,1,1476493828576,"true",0,0,"split"
"5266-c",0,0,2,1,0,36,1,1476493810342,"true",0,0,"far"
"5266-c",1,0,1,0,2,35,0,1476493788227,"true",0,1,"close"
"5266-c",0,0,2,1,0,34,1,1476493771713,"true",0,0,"split"
"5266-c",0,1,1,0,1,33,0,1476493759864,"true",0,1,"split"
"5266-c",1,0,2,0,2,32,1,1476493749727,"true",0,0,"split"
"5266-c",1,0,1,0,2,50,0,1476494034291,"true",0,1,"split"
