"gameid","sClicked_2","sClicked_1","lClickedIndex","sClicked_0","sClickedIndex","roundNum","lClicked_2","time","outcome","lClicked_0","lClicked_1","condition"
"5286-9",0,0,1,1,0,42,0,1476473121170,"true",0,1,"close"
"5286-9",0,0,0,1,0,48,0,1476473200217,"true",1,0,"far"
"5286-9",0,0,0,1,0,43,0,1476473135466,"true",1,0,"far"
"5286-9",0,1,2,0,1,49,1,1476473217708,"true",0,0,"split"
"5286-9",0,0,0,1,0,24,0,1476472805822,"true",1,0,"far"
"5286-9",0,1,0,0,1,25,0,1476472813247,"true",1,0,"far"
"5286-9",1,0,2,0,2,26,1,1476472828102,"true",0,0,"far"
"5286-9",1,0,0,0,2,27,0,1476472874098,"true",1,0,"split"
"5286-9",0,1,1,0,1,20,0,1476472752674,"false",0,1,"close"
"5286-9",1,0,1,0,2,21,0,1476472774041,"false",0,1,"close"
"5286-9",1,0,2,0,2,22,1,1476472787981,"true",0,0,"close"
"5286-9",1,0,0,0,2,23,0,1476472794923,"true",1,0,"far"
"5286-9",0,0,1,1,0,46,0,1476473180556,"true",0,1,"far"
"5286-9",0,1,1,0,1,47,0,1476473191163,"true",0,1,"split"
"5286-9",0,1,1,0,1,44,0,1476473142304,"true",0,1,"far"
"5286-9",0,1,0,0,1,45,0,1476473166888,"true",1,0,"split"
"5286-9",0,0,1,1,0,28,0,1476472895652,"true",0,1,"split"
"5286-9",0,0,2,1,0,29,1,1476472902079,"true",0,0,"far"
"5286-9",0,0,1,1,0,40,0,1476473090062,"true",0,1,"far"
"5286-9",0,1,1,0,1,41,0,1476473098626,"true",0,1,"split"
"5286-9",0,1,2,0,1,1,1,1476472466871,"true",0,0,"far"
"5286-9",1,0,0,0,2,3,0,1476472511681,"true",1,0,"close"
"5286-9",1,0,1,0,2,2,0,1476472486527,"true",0,1,"split"
"5286-9",1,0,1,0,2,5,0,1476472525851,"true",0,1,"far"
"5286-9",0,0,2,1,0,4,1,1476472519110,"true",0,0,"far"
"5286-9",0,0,1,1,0,7,0,1476472561806,"true",0,1,"far"
"5286-9",1,0,0,0,2,6,0,1476472553742,"true",1,0,"close"
"5286-9",0,1,2,0,1,9,1,1476472593199,"true",0,0,"split"
"5286-9",0,0,2,1,0,8,1,1476472577815,"true",0,0,"close"
"5286-9",0,0,0,1,0,39,0,1476473083503,"true",1,0,"close"
"5286-9",1,0,2,0,2,38,1,1476473076888,"true",0,0,"split"
"5286-9",0,1,1,0,1,11,0,1476472615985,"true",0,1,"far"
"5286-9",1,0,0,0,2,10,0,1476472604871,"true",1,0,"split"
"5286-9",0,1,0,0,1,13,0,1476472658817,"true",1,0,"close"
"5286-9",0,0,2,1,0,12,1,1476472630858,"true",0,0,"close"
"5286-9",0,1,0,0,1,15,0,1476472678661,"true",1,0,"split"
"5286-9",1,0,2,0,2,14,1,1476472671576,"true",0,0,"far"
"5286-9",1,0,2,0,2,17,1,1476472720162,"true",0,0,"close"
"5286-9",0,0,1,1,0,16,0,1476472705679,"false",0,1,"close"
"5286-9",0,1,0,0,1,19,0,1476472741739,"true",1,0,"split"
"5286-9",1,0,1,0,2,18,0,1476472728963,"true",0,1,"close"
"5286-9",0,1,2,0,1,31,1,1476472944188,"true",0,0,"split"
"5286-9",0,0,1,1,0,30,0,1476472918007,"true",0,1,"close"
"5286-9",1,0,2,0,2,37,1,1476473059983,"true",0,0,"split"
"5286-9",1,0,0,0,2,36,0,1476473047914,"true",1,0,"split"
"5286-9",1,0,2,0,2,35,1,1476473032477,"true",0,0,"split"
"5286-9",0,0,0,1,0,34,0,1476473000659,"true",1,0,"close"
"5286-9",1,0,1,0,2,33,0,1476472967684,"true",0,1,"far"
"5286-9",0,1,0,0,1,32,0,1476472960310,"true",1,0,"split"
"5286-9",0,0,0,1,0,50,0,1476473240503,"true",1,0,"close"
