"gameid","sClicked_2","sClicked_1","lClickedIndex","sClicked_0","sClickedIndex","roundNum","lClicked_2","time","outcome","lClicked_0","lClicked_1","condition"
"5313-a",1,0,1,0,2,42,0,1476992902579,"true",0,1,"close"
"5313-a",0,0,0,1,0,48,0,1476993034029,"true",1,0,"close"
"5313-a",1,0,2,0,2,43,1,1476992922122,"false",0,0,"close"
"5313-a",1,0,2,0,2,49,1,1476993067836,"true",0,0,"close"
"5313-a",0,0,1,1,0,24,0,1476992636311,"true",0,1,"split"
"5313-a",0,0,0,1,0,25,0,1476992646727,"true",1,0,"far"
"5313-a",1,0,0,0,2,26,0,1476992663767,"true",1,0,"close"
"5313-a",0,1,1,0,1,27,0,1476992678365,"true",0,1,"split"
"5313-a",1,0,2,0,2,20,1,1476992545127,"true",0,0,"split"
"5313-a",0,0,1,1,0,21,0,1476992556864,"true",0,1,"split"
"5313-a",0,0,2,1,0,22,1,1476992583965,"false",0,0,"close"
"5313-a",0,0,2,1,0,23,1,1476992608570,"true",0,0,"far"
"5313-a",0,0,0,1,0,46,0,1476992969844,"true",1,0,"split"
"5313-a",1,0,2,0,2,47,1,1476993018554,"true",0,0,"close"
"5313-a",0,0,2,1,0,44,1,1476992931761,"true",0,0,"far"
"5313-a",1,0,2,0,2,45,1,1476992950375,"true",0,0,"split"
"5313-a",0,1,0,0,1,28,0,1476992706599,"false",1,0,"split"
"5313-a",1,0,1,0,2,29,0,1476992714247,"true",0,1,"split"
"5313-a",1,0,2,0,2,40,1,1476992876301,"true",0,0,"close"
"5313-a",1,0,1,0,2,41,0,1476992883664,"true",0,1,"far"
"5313-a",0,1,1,0,1,1,0,1476992111449,"true",0,1,"far"
"5313-a",1,0,2,0,2,3,1,1476992177789,"false",0,0,"far"
"5313-a",0,1,1,0,1,2,0,1476992148723,"true",0,1,"far"
"5313-a",0,1,0,0,1,5,0,1476992245258,"false",1,0,"close"
"5313-a",0,0,1,1,0,4,0,1476992202150,"true",0,1,"split"
"5313-a",1,0,0,0,2,7,0,1476992287968,"true",1,0,"close"
"5313-a",1,0,2,0,2,6,1,1476992257626,"true",0,0,"split"
"5313-a",1,0,1,0,2,9,0,1476992349306,"true",0,1,"close"
"5313-a",1,0,2,0,2,8,1,1476992331386,"true",0,0,"split"
"5313-a",0,1,0,0,1,39,0,1476992844384,"false",1,0,"close"
"5313-a",1,0,2,0,2,38,1,1476992827792,"true",0,0,"far"
"5313-a",1,0,2,0,2,11,1,1476992366426,"true",0,0,"far"
"5313-a",0,0,0,1,0,10,0,1476992357878,"true",1,0,"far"
"5313-a",0,0,2,1,0,13,1,1476992394644,"true",0,0,"split"
"5313-a",0,0,2,1,0,12,1,1476992377367,"true",0,0,"far"
"5313-a",0,0,1,1,0,15,0,1476992429328,"true",0,1,"far"
"5313-a",0,1,2,0,1,14,1,1476992418058,"true",0,0,"far"
"5313-a",1,0,1,0,2,17,0,1476992471613,"true",0,1,"split"
"5313-a",0,1,1,0,1,16,0,1476992455459,"false",0,1,"close"
"5313-a",0,1,0,0,1,19,0,1476992512403,"true",1,0,"close"
"5313-a",0,0,0,1,0,18,0,1476992484506,"true",1,0,"far"
"5313-a",1,0,2,0,2,31,1,1476992743031,"true",0,0,"split"
"5313-a",0,1,0,0,1,30,0,1476992735770,"true",1,0,"close"
"5313-a",0,1,2,0,1,37,1,1476992819959,"true",0,0,"far"
"5313-a",0,1,0,0,1,36,0,1476992810570,"true",1,0,"far"
"5313-a",0,0,1,1,0,35,0,1476992801223,"true",0,1,"split"
"5313-a",0,1,1,0,1,34,0,1476992788990,"true",0,1,"split"
"5313-a",0,1,2,0,1,33,1,1476992764810,"true",0,0,"close"
"5313-a",0,0,2,1,0,32,1,1476992750816,"true",0,0,"split"
"5313-a",0,0,1,1,0,50,0,1476993108135,"true",0,1,"close"
