"gameid","sClicked_2","sClicked_1","lClickedIndex","sClicked_0","sClickedIndex","roundNum","lClicked_2","time","outcome","lClicked_0","lClicked_1","condition"
"5334-3",0,1,2,0,1,42,1,1476488178034,"false",0,0,"close"
"5334-3",1,0,1,0,2,48,0,1476488254469,"false",0,1,"far"
"5334-3",1,0,2,0,2,43,1,1476488189141,"true",0,0,"split"
"5334-3",1,0,0,0,2,49,0,1476488264107,"false",1,0,"split"
"5334-3",0,0,1,1,0,24,0,1476487906862,"true",0,1,"close"
"5334-3",0,0,1,1,0,25,0,1476487925186,"true",0,1,"far"
"5334-3",1,0,1,0,2,26,0,1476487942558,"false",0,1,"split"
"5334-3",0,0,1,1,0,27,0,1476487949826,"true",0,1,"far"
"5334-3",1,0,2,0,2,20,1,1476487844949,"true",0,0,"close"
"5334-3",0,1,2,0,1,21,1,1476487854639,"true",0,0,"far"
"5334-3",0,0,1,1,0,22,0,1476487866037,"false",0,1,"split"
"5334-3",0,1,1,0,1,23,0,1476487893314,"false",0,1,"split"
"5334-3",0,0,0,1,0,46,0,1476488220149,"false",1,0,"far"
"5334-3",1,0,1,0,2,47,0,1476488247086,"false",0,1,"close"
"5334-3",1,0,0,0,2,44,0,1476488199480,"false",1,0,"split"
"5334-3",1,0,0,0,2,45,0,1476488207736,"true",1,0,"far"
"5334-3",0,0,0,1,0,28,0,1476487956891,"true",1,0,"far"
"5334-3",1,0,2,0,2,29,1,1476487967118,"false",0,0,"split"
"5334-3",0,1,0,0,1,40,0,1476488154543,"true",1,0,"far"
"5334-3",1,0,2,0,2,41,1,1476488164050,"true",0,0,"split"
"5334-3",0,0,0,1,0,1,0,1476487592565,"false",1,0,"close"
"5334-3",1,0,1,0,2,3,0,1476487607595,"true",0,1,"split"
"5334-3",0,1,1,0,1,2,0,1476487599982,"true",0,1,"far"
"5334-3",1,0,1,0,2,5,0,1476487631294,"true",0,1,"split"
"5334-3",1,0,1,0,2,4,0,1476487618696,"true",0,1,"close"
"5334-3",1,0,0,0,2,7,0,1476487656277,"true",1,0,"split"
"5334-3",1,0,1,0,2,6,0,1476487641355,"true",0,1,"split"
"5334-3",0,0,2,1,0,9,1,1476487670590,"true",0,0,"far"
"5334-3",1,0,1,0,2,8,0,1476487663384,"true",0,1,"far"
"5334-3",0,1,2,0,1,39,1,1476488147659,"true",0,0,"far"
"5334-3",0,1,0,0,1,38,0,1476488137343,"true",1,0,"split"
"5334-3",1,0,2,0,2,11,1,1476487706978,"true",0,0,"close"
"5334-3",0,1,2,0,1,10,1,1476487684993,"true",0,0,"split"
"5334-3",0,1,2,0,1,13,1,1476487737041,"true",0,0,"close"
"5334-3",0,1,2,0,1,12,1,1476487728706,"true",0,0,"close"
"5334-3",0,0,0,1,0,15,0,1476487765550,"true",1,0,"far"
"5334-3",0,1,2,0,1,14,1,1476487753573,"true",0,0,"far"
"5334-3",0,1,1,0,1,17,0,1476487787459,"true",0,1,"close"
"5334-3",1,0,2,0,2,16,1,1476487773717,"true",0,0,"close"
"5334-3",0,1,2,0,1,19,1,1476487816914,"true",0,0,"far"
"5334-3",0,1,2,0,1,18,1,1476487808803,"true",0,0,"close"
"5334-3",0,0,0,1,0,31,0,1476487987397,"true",1,0,"far"
"5334-3",1,0,1,0,2,30,0,1476487980011,"true",0,1,"split"
"5334-3",0,0,1,1,0,37,0,1476488121241,"false",0,1,"close"
"5334-3",1,0,0,0,2,36,0,1476488102616,"true",1,0,"split"
"5334-3",1,0,1,0,2,35,0,1476488081115,"true",0,1,"split"
"5334-3",0,1,2,0,1,34,1,1476488060664,"true",0,0,"close"
"5334-3",1,0,1,0,2,33,0,1476488029774,"true",0,1,"close"
"5334-3",1,0,0,0,2,32,0,1476488001694,"false",1,0,"close"
"5334-3",1,0,2,0,2,50,1,1476488274037,"true",0,0,"close"
