"gameid","sClicked_2","sClicked_1","lClickedIndex","sClicked_0","sClickedIndex","roundNum","lClicked_2","time","outcome","lClicked_0","lClicked_1","condition"
"5335-b",1,0,0,0,2,42,0,1476996285350,"false",1,0,"close"
"5335-b",0,1,1,0,1,48,0,1476996347032,"true",0,1,"far"
"5335-b",0,0,1,1,0,43,0,1476996300390,"true",0,1,"split"
"5335-b",0,0,2,1,0,49,1,1476996362333,"true",0,0,"far"
"5335-b",0,0,1,1,0,24,0,1476995933802,"true",0,1,"far"
"5335-b",0,1,0,0,1,25,0,1476995945290,"false",1,0,"split"
"5335-b",1,0,0,0,2,26,0,1476995952170,"true",1,0,"far"
"5335-b",0,0,1,1,0,27,0,1476995963348,"false",0,1,"close"
"5335-b",1,0,2,0,2,20,1,1476995891073,"true",0,0,"close"
"5335-b",1,0,2,0,2,21,1,1476995904371,"true",0,0,"close"
"5335-b",0,0,1,1,0,22,0,1476995916962,"false",0,1,"far"
"5335-b",0,1,0,0,1,23,0,1476995927549,"true",1,0,"split"
"5335-b",0,1,2,0,1,46,1,1476996326499,"true",0,0,"split"
"5335-b",1,0,0,0,2,47,0,1476996338928,"false",1,0,"close"
"5335-b",1,0,2,0,2,44,1,1476996307446,"true",0,0,"far"
"5335-b",0,1,2,0,1,45,1,1476996316038,"true",0,0,"close"
"5335-b",0,1,0,0,1,28,0,1476995972063,"true",1,0,"close"
"5335-b",0,1,1,0,1,29,0,1476995981746,"true",0,1,"close"
"5335-b",0,0,1,1,0,40,0,1476996265295,"true",0,1,"split"
"5335-b",0,1,2,0,1,41,1,1476996272638,"true",0,0,"split"
"5335-b",0,0,1,1,0,1,0,1476995656015,"true",0,1,"split"
"5335-b",0,1,0,0,1,3,0,1476995674379,"true",1,0,"split"
"5335-b",0,1,2,0,1,2,1,1476995664614,"true",0,0,"split"
"5335-b",0,0,0,1,0,5,0,1476995700060,"true",1,0,"close"
"5335-b",0,1,1,0,1,4,0,1476995682412,"true",0,1,"far"
"5335-b",0,0,2,1,0,7,1,1476995715476,"true",0,0,"split"
"5335-b",0,1,2,0,1,6,1,1476995707154,"true",0,0,"far"
"5335-b",0,1,2,0,1,9,1,1476995729295,"true",0,0,"split"
"5335-b",1,0,0,0,2,8,0,1476995722393,"true",1,0,"far"
"5335-b",1,0,0,0,2,39,0,1476996258051,"false",1,0,"far"
"5335-b",0,1,1,0,1,38,0,1476996249372,"true",0,1,"split"
"5335-b",1,0,0,0,2,11,0,1476995768118,"true",1,0,"far"
"5335-b",0,1,0,0,1,10,0,1476995757591,"false",1,0,"close"
"5335-b",1,0,1,0,2,13,0,1476995793363,"true",0,1,"split"
"5335-b",1,0,0,0,2,12,0,1476995780983,"true",1,0,"far"
"5335-b",0,1,0,0,1,15,0,1476995811763,"true",1,0,"close"
"5335-b",0,1,0,0,1,14,0,1476995802387,"true",1,0,"split"
"5335-b",1,0,0,0,2,17,0,1476995844459,"true",1,0,"close"
"5335-b",0,0,2,1,0,16,1,1476995824531,"true",0,0,"split"
"5335-b",0,0,2,1,0,19,1,1476995876069,"true",0,0,"close"
"5335-b",0,0,0,1,0,18,0,1476995863494,"true",1,0,"far"
"5335-b",0,0,0,1,0,31,0,1476996004116,"true",1,0,"close"
"5335-b",0,1,2,0,1,30,1,1476995988537,"true",0,0,"far"
"5335-b",1,0,2,0,2,37,1,1476996236083,"true",0,0,"split"
"5335-b",1,0,1,0,2,36,0,1476996225839,"true",0,1,"close"
"5335-b",0,1,1,0,1,35,0,1476996216371,"true",0,1,"close"
"5335-b",0,1,0,0,1,34,0,1476996208130,"true",1,0,"far"
"5335-b",0,0,2,1,0,33,1,1476996025432,"true",0,0,"far"
"5335-b",0,1,2,0,1,32,1,1476996016987,"false",0,0,"split"
"5335-b",0,1,0,0,1,50,0,1476996377166,"true",1,0,"close"
