"gameid","sClicked_2","sClicked_1","lClickedIndex","sClicked_0","sClickedIndex","roundNum","lClicked_2","time","outcome","lClicked_0","lClicked_1","condition"
"5368-b",1,0,2,0,2,42,1,1459894731935,"true",0,0,"close"
"5368-b",0,0,0,1,0,48,0,1459894782756,"true",1,0,"far"
"5368-b",0,1,2,0,1,43,1,1459894739890,"true",0,0,"far"
"5368-b",1,0,2,0,2,49,1,1459894794382,"true",0,0,"split"
"5368-b",0,0,2,1,0,24,1,1459894435596,"true",0,0,"split"
"5368-b",0,1,0,0,1,25,0,1459894444843,"true",1,0,"split"
"5368-b",1,0,2,0,2,26,1,1459894459013,"true",0,0,"split"
"5368-b",0,0,0,1,0,27,0,1459894479047,"true",1,0,"close"
"5368-b",0,0,2,1,0,20,1,1459894390247,"false",0,0,"split"
"5368-b",0,0,0,1,0,21,0,1459894400746,"true",1,0,"split"
"5368-b",0,1,0,0,1,22,0,1459894406678,"true",1,0,"far"
"5368-b",0,1,1,0,1,23,0,1459894426890,"true",0,1,"split"
"5368-b",0,1,0,0,1,46,0,1459894766774,"true",1,0,"split"
"5368-b",0,1,2,0,1,47,1,1459894775868,"true",0,0,"close"
"5368-b",0,0,2,1,0,44,1,1459894749647,"true",0,0,"close"
"5368-b",0,0,0,1,0,45,0,1459894758230,"true",1,0,"split"
"5368-b",0,1,0,0,1,28,0,1459894502891,"true",1,0,"close"
"5368-b",0,1,2,0,1,29,1,1459894532200,"true",0,0,"close"
"5368-b",1,0,2,0,2,40,1,1459894696267,"true",0,0,"far"
"5368-b",0,0,0,1,0,41,0,1459894707737,"true",1,0,"close"
"5368-b",0,1,1,0,1,1,0,1459894157693,"true",0,1,"split"
"5368-b",1,0,1,0,2,3,0,1459894176715,"true",0,1,"far"
"5368-b",0,0,2,1,0,2,1,1459894167010,"true",0,0,"far"
"5368-b",0,1,1,0,1,5,0,1459894192140,"true",0,1,"far"
"5368-b",1,0,2,0,2,4,1,1459894184171,"true",0,0,"far"
"5368-b",0,1,1,0,1,7,0,1459894240754,"true",0,1,"close"
"5368-b",0,0,0,1,0,6,0,1459894200034,"true",1,0,"far"
"5368-b",0,0,2,1,0,9,1,1459894260586,"true",0,0,"far"
"5368-b",0,0,2,1,0,8,1,1459894248236,"true",0,0,"far"
"5368-b",1,0,1,0,2,39,0,1459894689242,"true",0,1,"close"
"5368-b",0,1,2,0,1,38,1,1459894671884,"true",0,0,"split"
"5368-b",0,0,2,1,0,11,1,1459894280538,"true",0,0,"close"
"5368-b",0,1,2,0,1,10,1,1459894267651,"true",0,0,"far"
"5368-b",0,1,1,0,1,13,0,1459894305790,"false",0,1,"close"
"5368-b",0,0,1,1,0,12,0,1459894293391,"true",0,1,"split"
"5368-b",1,0,0,0,2,15,0,1459894335457,"true",1,0,"far"
"5368-b",0,0,0,1,0,14,0,1459894324539,"true",1,0,"close"
"5368-b",0,1,1,0,1,17,0,1459894364653,"false",0,1,"close"
"5368-b",0,1,0,0,1,16,0,1459894342005,"false",1,0,"far"
"5368-b",1,0,1,0,2,19,0,1459894380263,"true",0,1,"split"
"5368-b",0,1,1,0,1,18,0,1459894371754,"true",0,1,"far"
"5368-b",0,1,2,0,1,31,1,1459894547689,"true",0,0,"split"
"5368-b",0,0,1,1,0,30,0,1459894538456,"true",0,1,"far"
"5368-b",0,0,1,1,0,37,0,1459894629532,"true",0,1,"far"
"5368-b",0,1,0,0,1,36,0,1459894623611,"true",1,0,"close"
"5368-b",0,1,2,0,1,35,1,1459894600588,"true",0,0,"close"
"5368-b",1,0,0,0,2,34,0,1459894588910,"true",1,0,"split"
"5368-b",1,0,1,0,2,33,0,1459894577620,"true",0,1,"close"
"5368-b",1,0,1,0,2,32,0,1459894558701,"true",0,1,"split"
"5368-b",1,0,0,0,2,50,0,1459894816517,"true",1,0,"split"
