"gameid","sClicked_2","sClicked_1","lClickedIndex","sClicked_0","sClickedIndex","roundNum","lClicked_2","time","outcome","lClicked_0","lClicked_1","condition"
"5395-f",0,1,0,0,1,42,0,1476991972316,"true",1,0,"close"
"5395-f",0,1,1,0,1,48,0,1476992050636,"true",0,1,"split"
"5395-f",0,0,1,1,0,43,0,1476991982232,"true",0,1,"close"
"5395-f",0,0,1,1,0,49,0,1476992073068,"true",0,1,"close"
"5395-f",1,0,1,0,2,24,0,1476991734441,"true",0,1,"close"
"5395-f",1,0,0,0,2,25,0,1476991756248,"false",1,0,"close"
"5395-f",0,1,1,0,1,26,0,1476991764181,"true",0,1,"split"
"5395-f",1,0,0,0,2,27,0,1476991775023,"true",1,0,"split"
"5395-f",1,0,2,0,2,20,1,1476991698289,"false",0,0,"split"
"5395-f",1,0,0,0,2,21,0,1476991706570,"true",1,0,"far"
"5395-f",0,0,0,1,0,22,0,1476991715674,"true",1,0,"split"
"5395-f",0,0,2,1,0,23,1,1476991724122,"true",0,0,"far"
"5395-f",0,0,2,1,0,46,1,1476992022949,"true",0,0,"far"
"5395-f",0,0,2,1,0,47,1,1476992031973,"true",0,0,"far"
"5395-f",0,0,2,1,0,44,1,1476991989165,"true",0,0,"far"
"5395-f",0,1,2,0,1,45,1,1476992009225,"true",0,0,"split"
"5395-f",0,1,2,0,1,28,1,1476991790222,"true",0,0,"split"
"5395-f",0,0,2,1,0,29,1,1476991802471,"false",0,0,"split"
"5395-f",0,1,0,0,1,40,0,1476991948008,"true",1,0,"split"
"5395-f",1,0,0,0,2,41,0,1476991955946,"true",1,0,"split"
"5395-f",0,1,1,0,1,1,0,1476991474584,"true",0,1,"split"
"5395-f",1,0,2,0,2,3,1,1476991492680,"true",0,0,"close"
"5395-f",0,0,2,1,0,2,1,1476991483997,"true",0,0,"close"
"5395-f",0,1,1,0,1,5,0,1476991507864,"true",0,1,"close"
"5395-f",1,0,2,0,2,4,1,1476991500095,"true",0,0,"far"
"5395-f",1,0,0,0,2,7,0,1476991533936,"true",1,0,"close"
"5395-f",0,1,1,0,1,6,0,1476991517529,"true",0,1,"far"
"5395-f",1,0,0,0,2,9,0,1476991580177,"false",1,0,"close"
"5395-f",0,0,2,1,0,8,1,1476991564202,"true",0,0,"close"
"5395-f",0,0,0,1,0,39,0,1476991927391,"false",1,0,"split"
"5395-f",0,0,0,1,0,38,0,1476991913252,"true",1,0,"far"
"5395-f",0,0,0,1,0,11,0,1476991596342,"true",1,0,"far"
"5395-f",0,0,2,1,0,10,1,1476991587300,"true",0,0,"far"
"5395-f",1,0,1,0,2,13,0,1476991614778,"true",0,1,"close"
"5395-f",0,0,1,1,0,12,0,1476991606102,"true",0,1,"split"
"5395-f",1,0,2,0,2,15,1,1476991635079,"true",0,0,"close"
"5395-f",0,1,2,0,1,14,1,1476991624258,"true",0,0,"far"
"5395-f",1,0,2,0,2,17,1,1476991650235,"true",0,0,"far"
"5395-f",1,0,1,0,2,16,0,1476991642973,"true",0,1,"far"
"5395-f",1,0,0,0,2,19,0,1476991672476,"false",1,0,"close"
"5395-f",0,1,1,0,1,18,0,1476991657309,"true",0,1,"close"
"5395-f",0,1,1,0,1,31,0,1476991823790,"true",0,1,"far"
"5395-f",1,0,2,0,2,30,1,1476991815454,"true",0,0,"split"
"5395-f",0,0,1,1,0,37,0,1476991902456,"true",0,1,"far"
"5395-f",0,1,0,0,1,36,0,1476991892828,"true",1,0,"close"
"5395-f",1,0,1,0,2,35,0,1476991877540,"true",0,1,"close"
"5395-f",0,0,2,1,0,34,1,1476991865658,"true",0,0,"split"
"5395-f",1,0,0,0,2,33,0,1476991842940,"true",1,0,"split"
"5395-f",0,1,0,0,1,32,0,1476991832777,"true",1,0,"far"
"5395-f",1,0,0,0,2,50,0,1476992088468,"true",1,0,"split"
