"gameid","sClicked_2","sClicked_1","lClickedIndex","sClicked_0","sClickedIndex","roundNum","lClicked_2","time","outcome","lClicked_0","lClicked_1","condition"
"5402-2",1,0,0,0,2,42,0,1476487858848,"true",1,0,"far"
"5402-2",0,0,0,1,0,48,0,1476488017348,"false",1,0,"far"
"5402-2",0,0,0,1,0,43,0,1476487872905,"true",1,0,"close"
"5402-2",1,0,1,0,2,49,0,1476488040041,"true",0,1,"split"
"5402-2",1,0,1,0,2,24,0,1476487495177,"true",0,1,"far"
"5402-2",0,0,2,1,0,25,1,1476487516968,"true",0,0,"split"
"5402-2",0,0,0,1,0,26,0,1476487530402,"true",1,0,"far"
"5402-2",1,0,1,0,2,27,0,1476487549606,"true",0,1,"far"
"5402-2",0,0,2,1,0,20,1,1476487363108,"true",0,0,"close"
"5402-2",1,0,0,0,2,21,0,1476487373437,"true",1,0,"split"
"5402-2",0,0,2,1,0,22,1,1476487381167,"true",0,0,"close"
"5402-2",0,1,2,0,1,23,1,1476487468373,"true",0,0,"split"
"5402-2",0,0,2,1,0,46,1,1476487944740,"true",0,0,"split"
"5402-2",1,0,2,0,2,47,1,1476487995755,"true",0,0,"close"
"5402-2",1,0,0,0,2,44,0,1476487896045,"true",1,0,"close"
"5402-2",0,0,1,1,0,45,0,1476487907270,"true",0,1,"close"
"5402-2",0,0,0,1,0,28,0,1476487559696,"true",1,0,"far"
"5402-2",1,0,0,0,2,29,0,1476487568587,"true",1,0,"far"
"5402-2",1,0,0,0,2,40,0,1476487826124,"true",1,0,"close"
"5402-2",1,0,1,0,2,41,0,1476487841309,"true",0,1,"close"
"5402-2",1,0,2,0,2,1,1,1476486919155,"true",0,0,"close"
"5402-2",0,0,2,1,0,3,1,1476486959192,"true",0,0,"close"
"5402-2",1,0,0,0,2,2,0,1476486948415,"true",1,0,"close"
"5402-2",0,0,2,1,0,5,1,1476486986667,"true",0,0,"close"
"5402-2",0,0,1,1,0,4,0,1476486973576,"true",0,1,"close"
"5402-2",0,0,2,1,0,7,1,1476487010916,"true",0,0,"far"
"5402-2",1,0,0,0,2,6,0,1476486995403,"true",1,0,"far"
"5402-2",1,0,1,0,2,9,0,1476487053236,"true",0,1,"far"
"5402-2",1,0,1,0,2,8,0,1476487044008,"true",0,1,"split"
"5402-2",0,0,2,1,0,39,1,1476487802418,"true",0,0,"split"
"5402-2",1,0,2,0,2,38,1,1476487790974,"true",0,0,"far"
"5402-2",0,1,0,0,1,11,0,1476487069614,"true",1,0,"far"
"5402-2",1,0,0,0,2,10,0,1476487061011,"true",1,0,"far"
"5402-2",0,0,2,1,0,13,1,1476487087920,"true",0,0,"far"
"5402-2",0,0,2,1,0,12,1,1476487077210,"true",0,0,"far"
"5402-2",1,0,0,0,2,15,0,1476487130902,"true",1,0,"close"
"5402-2",0,0,2,1,0,14,1,1476487102635,"true",0,0,"split"
"5402-2",0,1,0,0,1,17,0,1476487198444,"true",1,0,"close"
"5402-2",0,0,2,1,0,16,1,1476487144542,"true",0,0,"close"
"5402-2",0,0,2,1,0,19,1,1476487352323,"true",0,0,"close"
"5402-2",0,1,2,0,1,18,1,1476487299515,"false",0,0,"split"
"5402-2",0,1,1,0,1,31,0,1476487647972,"true",0,1,"split"
"5402-2",1,0,0,0,2,30,0,1476487593062,"true",1,0,"split"
"5402-2",1,0,0,0,2,37,0,1476487769603,"true",1,0,"split"
"5402-2",0,1,0,0,1,36,0,1476487759162,"true",1,0,"far"
"5402-2",1,0,1,0,2,35,0,1476487751370,"true",0,1,"split"
"5402-2",1,0,1,0,2,34,0,1476487724328,"true",0,1,"split"
"5402-2",1,0,2,0,2,33,1,1476487704963,"true",0,0,"far"
"5402-2",0,1,0,0,1,32,0,1476487692633,"true",1,0,"split"
"5402-2",0,1,2,0,1,50,1,1476488059351,"true",0,0,"split"
