"gameid","sClicked_2","sClicked_1","lClickedIndex","sClicked_0","sClickedIndex","roundNum","lClicked_2","time","outcome","lClicked_0","lClicked_1","condition"
"5404-e",0,1,2,0,1,42,1,1476999315416,"true",0,0,"split"
"5404-e",0,1,1,0,1,48,0,1476999391813,"true",0,1,"split"
"5404-e",1,0,1,0,2,43,0,1476999323104,"true",0,1,"far"
"5404-e",0,0,2,1,0,49,1,1476999406750,"false",0,0,"split"
"5404-e",0,1,1,0,1,24,0,1476999044553,"true",0,1,"split"
"5404-e",1,0,0,0,2,25,0,1476999054146,"true",1,0,"close"
"5404-e",0,1,2,0,1,26,1,1476999062649,"true",0,0,"split"
"5404-e",0,1,0,0,1,27,0,1476999070385,"true",1,0,"far"
"5404-e",0,1,2,0,1,20,1,1476998989724,"true",0,0,"far"
"5404-e",0,0,1,1,0,21,0,1476999007868,"true",0,1,"split"
"5404-e",0,1,0,0,1,22,0,1476999020411,"true",1,0,"split"
"5404-e",0,0,2,1,0,23,1,1476999037848,"true",0,0,"close"
"5404-e",1,0,0,0,2,46,0,1476999354976,"true",1,0,"split"
"5404-e",0,1,2,0,1,47,1,1476999383943,"true",0,0,"close"
"5404-e",0,0,2,1,0,44,1,1476999339518,"true",0,0,"close"
"5404-e",0,1,0,0,1,45,0,1476999347744,"true",1,0,"split"
"5404-e",0,0,1,1,0,28,0,1476999081882,"true",0,1,"close"
"5404-e",0,1,2,0,1,29,1,1476999101896,"true",0,0,"close"
"5404-e",0,1,1,0,1,40,0,1476999274430,"true",0,1,"close"
"5404-e",0,0,0,1,0,41,0,1476999292488,"true",1,0,"far"
"5404-e",0,1,2,0,1,1,1,1476998658551,"true",0,0,"split"
"5404-e",0,1,1,0,1,3,0,1476998711749,"true",0,1,"close"
"5404-e",0,0,0,1,0,2,0,1476998703708,"true",1,0,"close"
"5404-e",1,0,2,0,2,5,1,1476998741097,"true",0,0,"split"
"5404-e",0,0,1,1,0,4,0,1476998726187,"true",0,1,"far"
"5404-e",1,0,0,0,2,7,0,1476998773219,"true",1,0,"far"
"5404-e",0,1,2,0,1,6,1,1476998750236,"true",0,0,"close"
"5404-e",0,1,2,0,1,9,1,1476998788348,"false",0,0,"split"
"5404-e",1,0,0,0,2,8,0,1476998780405,"true",1,0,"far"
"5404-e",0,1,2,0,1,39,1,1476999263720,"true",0,0,"far"
"5404-e",0,1,2,0,1,38,1,1476999244391,"true",0,0,"far"
"5404-e",1,0,2,0,2,11,1,1476998807973,"true",0,0,"far"
"5404-e",0,0,2,1,0,10,1,1476998798627,"true",0,0,"far"
"5404-e",0,0,2,1,0,13,1,1476998871605,"true",0,0,"split"
"5404-e",0,0,0,1,0,12,0,1476998854714,"true",1,0,"close"
"5404-e",0,0,2,1,0,15,1,1476998905930,"true",0,0,"far"
"5404-e",0,1,2,0,1,14,1,1476998887803,"true",0,0,"split"
"5404-e",0,0,0,1,0,17,0,1476998927105,"true",1,0,"split"
"5404-e",0,1,0,0,1,16,0,1476998913195,"true",1,0,"far"
"5404-e",0,0,0,1,0,19,0,1476998978755,"true",1,0,"split"
"5404-e",1,0,0,0,2,18,0,1476998947651,"true",1,0,"close"
"5404-e",0,0,1,1,0,31,0,1476999130368,"true",0,1,"split"
"5404-e",0,1,1,0,1,30,0,1476999113361,"true",0,1,"close"
"5404-e",1,0,0,0,2,37,0,1476999237791,"true",1,0,"far"
"5404-e",1,0,1,0,2,36,0,1476999229680,"true",0,1,"close"
"5404-e",1,0,2,0,2,35,1,1476999190688,"true",0,0,"close"
"5404-e",1,0,2,0,2,34,1,1476999169736,"true",0,0,"far"
"5404-e",0,0,0,1,0,33,0,1476999155033,"false",1,0,"close"
"5404-e",0,0,2,1,0,32,1,1476999137058,"true",0,0,"far"
"5404-e",1,0,0,0,2,50,0,1476999422166,"true",1,0,"close"
