"gameid","sClicked_2","sClicked_1","lClickedIndex","sClicked_0","sClickedIndex","roundNum","lClicked_2","time","outcome","lClicked_0","lClicked_1","condition"
"5419-7",1,0,0,0,2,42,0,1476479897484,"true",1,0,"close"
"5419-7",0,1,1,0,1,48,0,1476479970909,"true",0,1,"split"
"5419-7",1,0,0,0,2,43,0,1476479908204,"true",1,0,"far"
"5419-7",0,1,0,0,1,49,0,1476479993854,"true",1,0,"split"
"5419-7",0,0,0,1,0,24,0,1476479665824,"true",1,0,"close"
"5419-7",0,0,2,1,0,25,1,1476479672816,"true",0,0,"far"
"5419-7",1,0,1,0,2,26,0,1476479682201,"true",0,1,"split"
"5419-7",1,0,2,0,2,27,1,1476479690897,"true",0,0,"far"
"5419-7",0,1,2,0,1,20,1,1476479615775,"true",0,0,"close"
"5419-7",0,0,1,1,0,21,0,1476479624167,"true",0,1,"split"
"5419-7",1,0,2,0,2,22,1,1476479643833,"true",0,0,"split"
"5419-7",1,0,1,0,2,23,0,1476479650896,"true",0,1,"far"
"5419-7",1,0,2,0,2,46,1,1476479946597,"true",0,0,"split"
"5419-7",0,1,2,0,1,47,1,1476479963197,"true",0,0,"split"
"5419-7",0,1,0,0,1,44,0,1476479918125,"true",1,0,"split"
"5419-7",0,1,1,0,1,45,0,1476479934925,"true",0,1,"close"
"5419-7",0,1,1,0,1,28,0,1476479698025,"true",0,1,"close"
"5419-7",0,0,2,1,0,29,1,1476479713537,"true",0,0,"close"
"5419-7",0,1,2,0,1,40,1,1476479852035,"false",0,0,"close"
"5419-7",0,0,2,1,0,41,1,1476479882461,"true",0,0,"split"
"5419-7",0,0,1,1,0,1,0,1476479416557,"true",0,1,"split"
"5419-7",1,0,1,0,2,3,0,1476479460853,"false",0,1,"close"
"5419-7",1,0,1,0,2,2,0,1476479423868,"true",0,1,"split"
"5419-7",0,0,1,1,0,5,0,1476479476165,"true",0,1,"far"
"5419-7",0,0,2,1,0,4,1,1476479468485,"true",0,0,"far"
"5419-7",0,1,1,0,1,7,0,1476479498638,"true",0,1,"close"
"5419-7",1,0,0,0,2,6,0,1476479488501,"true",1,0,"far"
"5419-7",1,0,2,0,2,9,1,1476479523654,"true",0,0,"split"
"5419-7",0,1,1,0,1,8,0,1476479514606,"true",0,1,"close"
"5419-7",0,0,0,1,0,39,0,1476479830106,"true",1,0,"far"
"5419-7",0,0,0,1,0,38,0,1476479823299,"false",1,0,"close"
"5419-7",1,0,1,0,2,11,0,1476479538230,"true",0,1,"far"
"5419-7",0,1,2,0,1,10,1,1476479531454,"true",0,0,"far"
"5419-7",0,1,0,0,1,13,0,1476479559582,"true",1,0,"close"
"5419-7",0,0,0,1,0,12,0,1476479549831,"false",1,0,"close"
"5419-7",0,1,1,0,1,15,0,1476479575703,"true",0,1,"far"
"5419-7",0,1,0,0,1,14,0,1476479568534,"true",1,0,"close"
"5419-7",0,1,2,0,1,17,1,1476479591903,"true",0,0,"split"
"5419-7",1,0,0,0,2,16,0,1476479582183,"true",1,0,"far"
"5419-7",1,0,2,0,2,19,1,1476479606927,"true",0,0,"far"
"5419-7",0,0,0,1,0,18,0,1476479599584,"true",1,0,"close"
"5419-7",0,0,0,1,0,31,0,1476479728649,"true",1,0,"far"
"5419-7",0,0,0,1,0,30,0,1476479722841,"true",1,0,"close"
"5419-7",0,1,0,0,1,37,0,1476479784595,"true",1,0,"split"
"5419-7",0,1,0,0,1,36,0,1476479776346,"true",1,0,"split"
"5419-7",0,1,0,0,1,35,0,1476479768635,"true",1,0,"far"
"5419-7",0,0,2,1,0,34,1,1476479757363,"true",0,0,"split"
"5419-7",1,0,2,0,2,33,1,1476479746514,"true",0,0,"split"
"5419-7",1,0,1,0,2,32,0,1476479735562,"true",0,1,"far"
"5419-7",0,0,2,1,0,50,1,1476480013638,"true",0,0,"far"
