"gameid","sClicked_2","sClicked_1","lClickedIndex","sClicked_0","sClickedIndex","roundNum","lClicked_2","time","outcome","lClicked_0","lClicked_1","condition"
"5451-1",1,0,0,0,2,42,0,1476991529728,"true",1,0,"close"
"5451-1",1,0,1,0,2,48,0,1476991605939,"true",0,1,"split"
"5451-1",1,0,2,0,2,43,1,1476991536457,"true",0,0,"far"
"5451-1",1,0,2,0,2,49,1,1476991612488,"true",0,0,"far"
"5451-1",1,0,2,0,2,24,1,1476991250062,"true",0,0,"far"
"5451-1",0,1,0,0,1,25,0,1476991258623,"true",1,0,"close"
"5451-1",0,1,1,0,1,26,0,1476991274355,"true",0,1,"split"
"5451-1",1,0,1,0,2,27,0,1476991334685,"true",0,1,"close"
"5451-1",0,1,1,0,1,20,0,1476991204760,"true",0,1,"far"
"5451-1",0,0,0,1,0,21,0,1476991220533,"true",1,0,"close"
"5451-1",0,0,1,1,0,22,0,1476991234015,"true",0,1,"split"
"5451-1",0,0,0,1,0,23,0,1476991242892,"true",1,0,"close"
"5451-1",0,1,1,0,1,46,0,1476991567048,"true",0,1,"split"
"5451-1",1,0,2,0,2,47,1,1476991586144,"true",0,0,"close"
"5451-1",1,0,1,0,2,44,0,1476991549314,"true",0,1,"close"
"5451-1",0,0,1,1,0,45,0,1476991559083,"true",0,1,"split"
"5451-1",1,0,1,0,2,28,0,1476991342203,"true",0,1,"far"
"5451-1",1,0,1,0,2,29,0,1476991365144,"true",0,1,"close"
"5451-1",0,1,2,0,1,40,1,1476991510421,"true",0,0,"far"
"5451-1",1,0,0,0,2,41,0,1476991520705,"true",1,0,"close"
"5451-1",0,1,1,0,1,1,0,1476990970868,"true",0,1,"split"
"5451-1",0,1,0,0,1,3,0,1476990989769,"true",1,0,"split"
"5451-1",1,0,0,0,2,2,0,1476990978481,"true",1,0,"far"
"5451-1",1,0,1,0,2,5,0,1476991020603,"true",0,1,"split"
"5451-1",1,0,0,0,2,4,0,1476991004024,"false",1,0,"far"
"5451-1",0,1,1,0,1,7,0,1476991041142,"true",0,1,"far"
"5451-1",1,0,0,0,2,6,0,1476991031623,"true",1,0,"split"
"5451-1",0,1,1,0,1,9,0,1476991085575,"true",0,1,"far"
"5451-1",1,0,2,0,2,8,1,1476991075366,"true",0,0,"split"
"5451-1",0,1,1,0,1,39,0,1476991503832,"true",0,1,"split"
"5451-1",0,1,2,0,1,38,1,1476991495976,"true",0,0,"far"
"5451-1",0,0,0,1,0,11,0,1476991108872,"true",1,0,"close"
"5451-1",1,0,1,0,2,10,0,1476991094273,"true",0,1,"split"
"5451-1",0,1,2,0,1,13,1,1476991138292,"true",0,0,"close"
"5451-1",0,0,2,1,0,12,1,1476991120284,"true",0,0,"close"
"5451-1",1,0,1,0,2,15,0,1476991158203,"true",0,1,"close"
"5451-1",0,1,0,0,1,14,0,1476991146796,"true",1,0,"far"
"5451-1",1,0,2,0,2,17,1,1476991172194,"true",0,0,"far"
"5451-1",0,0,0,1,0,16,0,1476991165912,"true",1,0,"far"
"5451-1",1,0,0,0,2,19,0,1476991192416,"true",1,0,"far"
"5451-1",0,0,0,1,0,18,0,1476991184337,"true",1,0,"split"
"5451-1",1,0,1,0,2,31,0,1476991381726,"true",0,1,"split"
"5451-1",0,1,0,0,1,30,0,1476991372923,"true",1,0,"far"
"5451-1",0,1,1,0,1,37,0,1476991488561,"true",0,1,"split"
"5451-1",0,0,1,1,0,36,0,1476991480533,"true",0,1,"split"
"5451-1",0,0,0,1,0,35,0,1476991470844,"true",1,0,"close"
"5451-1",0,1,2,0,1,34,1,1476991459685,"true",0,0,"split"
"5451-1",1,0,2,0,2,33,1,1476991403931,"true",0,0,"close"
"5451-1",0,0,1,1,0,32,0,1476991389537,"true",0,1,"close"
"5451-1",0,1,2,0,1,50,1,1476991618792,"true",0,0,"far"
