"gameid","sClicked_2","sClicked_1","lClickedIndex","sClicked_0","sClickedIndex","roundNum","lClicked_2","time","outcome","lClicked_0","lClicked_1","condition"
"5455-3",1,0,1,0,2,42,0,1476501367396,"true",0,1,"close"
"5455-3",0,0,1,1,0,48,0,1476501439883,"true",0,1,"split"
"5455-3",1,0,1,0,2,43,0,1476501386203,"true",0,1,"split"
"5455-3",1,0,0,0,2,49,0,1476501447553,"true",1,0,"far"
"5455-3",1,0,2,0,2,24,1,1476501100309,"true",0,0,"close"
"5455-3",1,0,2,0,2,25,1,1476501108926,"true",0,0,"split"
"5455-3",0,1,1,0,1,26,0,1476501115875,"true",0,1,"far"
"5455-3",0,1,2,0,1,27,1,1476501131687,"true",0,0,"far"
"5455-3",0,0,0,1,0,20,0,1476501042108,"true",1,0,"far"
"5455-3",1,0,2,0,2,21,1,1476501054814,"true",0,0,"split"
"5455-3",0,1,2,0,1,22,1,1476501068215,"true",0,0,"close"
"5455-3",1,0,2,0,2,23,1,1476501075326,"true",0,0,"split"
"5455-3",0,1,0,0,1,46,0,1476501421367,"true",1,0,"split"
"5455-3",0,1,1,0,1,47,0,1476501428538,"true",0,1,"far"
"5455-3",0,1,2,0,1,44,1,1476501395689,"true",0,0,"split"
"5455-3",1,0,2,0,2,45,1,1476501413036,"true",0,0,"close"
"5455-3",0,1,2,0,1,28,1,1476501143438,"true",0,0,"close"
"5455-3",1,0,1,0,2,29,0,1476501156695,"true",0,1,"close"
"5455-3",0,1,0,0,1,40,0,1476501300088,"true",1,0,"close"
"5455-3",1,0,0,0,2,41,0,1476501342755,"false",1,0,"close"
"5455-3",0,0,0,1,0,1,0,1476500794654,"true",1,0,"split"
"5455-3",0,0,0,1,0,3,0,1476500818524,"true",1,0,"split"
"5455-3",0,1,1,0,1,2,0,1476500809630,"true",0,1,"split"
"5455-3",1,0,2,0,2,5,1,1476500846681,"true",0,0,"split"
"5455-3",1,0,0,0,2,4,0,1476500831358,"true",1,0,"split"
"5455-3",1,0,2,0,2,7,1,1476500898212,"true",0,0,"close"
"5455-3",0,1,1,0,1,6,0,1476500858744,"true",0,1,"split"
"5455-3",0,1,1,0,1,9,0,1476500914132,"true",0,1,"far"
"5455-3",1,0,2,0,2,8,1,1476500906574,"true",0,0,"far"
"5455-3",0,1,1,0,1,39,0,1476501278692,"true",0,1,"close"
"5455-3",1,0,0,0,2,38,0,1476501263363,"true",1,0,"close"
"5455-3",0,1,0,0,1,11,0,1476500951253,"true",1,0,"far"
"5455-3",0,0,0,1,0,10,0,1476500943755,"true",1,0,"close"
"5455-3",0,1,0,0,1,13,0,1476500966924,"true",1,0,"far"
"5455-3",1,0,0,0,2,12,0,1476500958323,"true",1,0,"far"
"5455-3",0,1,2,0,1,15,1,1476500996205,"true",0,0,"split"
"5455-3",1,0,1,0,2,14,0,1476500984694,"true",0,1,"split"
"5455-3",0,1,1,0,1,17,0,1476501014148,"true",0,1,"far"
"5455-3",1,0,2,0,2,16,1,1476501005374,"true",0,0,"far"
"5455-3",0,0,0,1,0,19,0,1476501029213,"true",1,0,"close"
"5455-3",0,1,0,0,1,18,0,1476501021376,"true",1,0,"far"
"5455-3",0,1,1,0,1,31,0,1476501187590,"true",0,1,"far"
"5455-3",1,0,2,0,2,30,1,1476501181340,"true",0,0,"close"
"5455-3",0,1,2,0,1,37,1,1476501242072,"true",0,0,"close"
"5455-3",0,1,1,0,1,36,0,1476501231802,"true",0,1,"far"
"5455-3",0,1,0,0,1,35,0,1476501222109,"true",1,0,"far"
"5455-3",0,1,1,0,1,34,0,1476501212406,"true",0,1,"close"
"5455-3",0,0,2,1,0,33,1,1476501203569,"true",0,0,"split"
"5455-3",1,0,2,0,2,32,1,1476501195921,"true",0,0,"far"
"5455-3",0,1,1,0,1,50,0,1476501466103,"true",0,1,"split"
