"gameid","sClicked_2","sClicked_1","lClickedIndex","sClicked_0","sClickedIndex","roundNum","lClicked_2","time","outcome","lClicked_0","lClicked_1","condition"
"5456-5",1,0,1,0,2,42,0,1476504318993,"true",0,1,"close"
"5456-5",1,0,0,0,2,48,0,1476504395115,"true",1,0,"close"
"5456-5",1,0,1,0,2,43,0,1476504327690,"true",0,1,"split"
"5456-5",0,1,2,0,1,24,1,1476504122571,"true",0,0,"close"
"5456-5",0,0,1,1,0,25,0,1476504132164,"true",0,1,"far"
"5456-5",0,0,0,1,0,26,0,1476504138891,"true",1,0,"far"
"5456-5",0,0,1,1,0,27,0,1476504150333,"true",0,1,"split"
"5456-5",0,1,1,0,1,20,0,1476504005601,"false",0,1,"close"
"5456-5",0,0,1,1,0,21,0,1476504046066,"false",0,1,"split"
"5456-5",1,0,0,0,2,22,0,1476504054636,"true",1,0,"far"
"5456-5",0,0,2,1,0,49,1,1476504419859,"true",0,0,"split"
"5456-5",1,0,1,0,2,46,0,1476504369098,"true",0,1,"split"
"5456-5",0,1,0,0,1,47,0,1476504376987,"true",1,0,"far"
"5456-5",1,0,1,0,2,44,0,1476504340850,"true",0,1,"close"
"5456-5",1,0,0,0,2,45,0,1476504354105,"true",1,0,"close"
"5456-5",0,1,2,0,1,28,1,1476504163533,"true",0,0,"split"
"5456-5",0,0,2,1,0,29,1,1476504175901,"true",0,0,"far"
"5456-5",0,1,2,0,1,40,1,1476504291801,"true",0,0,"split"
"5456-5",0,1,2,0,1,41,1,1476504304305,"true",0,0,"close"
"5456-5",1,0,2,0,2,1,1,1476503728832,"true",0,0,"split"
"5456-5",1,0,2,0,2,3,1,1476503744033,"true",0,0,"far"
"5456-5",0,1,2,0,1,2,1,1476503737426,"true",0,0,"far"
"5456-5",1,0,0,0,2,5,0,1476503760841,"true",1,0,"split"
"5456-5",0,1,0,0,1,4,0,1476503754113,"true",1,0,"close"
"5456-5",1,0,0,0,2,7,0,1476503775467,"true",1,0,"far"
"5456-5",1,0,2,0,2,6,1,1476503767633,"true",0,0,"far"
"5456-5",0,0,0,1,0,9,0,1476503795995,"true",1,0,"far"
"5456-5",1,0,0,0,2,8,0,1476503787971,"false",1,0,"split"
"5456-5",0,1,2,0,1,39,1,1476504281528,"true",0,0,"close"
"5456-5",0,1,2,0,1,38,1,1476504272752,"true",0,0,"close"
"5456-5",1,0,0,0,2,11,0,1476503844004,"true",1,0,"split"
"5456-5",0,1,0,0,1,10,0,1476503826156,"true",1,0,"close"
"5456-5",1,0,2,0,2,13,1,1476503865805,"true",0,0,"far"
"5456-5",1,0,2,0,2,12,1,1476503857925,"false",0,0,"close"
"5456-5",1,0,2,0,2,15,1,1476503902238,"true",0,0,"close"
"5456-5",0,0,0,1,0,14,0,1476503889894,"true",1,0,"close"
"5456-5",1,0,1,0,2,17,0,1476503920239,"true",0,1,"split"
"5456-5",1,0,0,0,2,16,0,1476503911487,"true",1,0,"split"
"5456-5",0,1,1,0,1,19,0,1476503992960,"true",0,1,"close"
"5456-5",0,0,0,1,0,18,0,1476503941479,"true",1,0,"split"
"5456-5",0,0,1,1,0,31,0,1476504215567,"true",0,1,"split"
"5456-5",0,1,0,0,1,30,0,1476504193054,"true",1,0,"split"
"5456-5",0,0,0,1,0,37,0,1476504264727,"true",1,0,"far"
"5456-5",0,1,0,0,1,36,0,1476504255760,"true",1,0,"far"
"5456-5",1,0,0,0,2,35,0,1476504249440,"true",1,0,"far"
"5456-5",0,1,0,0,1,34,0,1476504242712,"true",1,0,"far"
"5456-5",0,0,1,1,0,33,0,1476504236167,"true",0,1,"split"
"5456-5",0,0,1,1,0,32,0,1476504224022,"true",0,1,"far"
"5456-5",1,0,2,0,2,50,1,1476504427619,"true",0,0,"far"
