"gameid","sClicked_2","sClicked_1","lClickedIndex","sClicked_0","sClickedIndex","roundNum","lClicked_2","time","outcome","lClicked_0","lClicked_1","condition"
"5463-0",0,0,0,1,0,42,0,1476994178949,"true",1,0,"close"
"5463-0",0,0,1,1,0,48,0,1476994274246,"true",0,1,"far"
"5463-0",0,0,1,1,0,43,0,1476994196678,"true",0,1,"close"
"5463-0",0,1,2,0,1,49,1,1476994319604,"true",0,0,"split"
"5463-0",0,1,2,0,1,24,1,1476993700432,"true",0,0,"split"
"5463-0",1,0,0,0,2,25,0,1476993714763,"true",1,0,"close"
"5463-0",1,0,0,0,2,26,0,1476993750413,"true",1,0,"close"
"5463-0",1,0,2,0,2,27,1,1476993763952,"true",0,0,"split"
"5463-0",0,0,0,1,0,20,0,1476993628029,"true",1,0,"far"
"5463-0",1,0,2,0,2,21,1,1476993643787,"true",0,0,"far"
"5463-0",0,0,1,1,0,22,0,1476993658610,"true",0,1,"split"
"5463-0",0,0,1,1,0,23,0,1476993682073,"true",0,1,"split"
"5463-0",0,0,1,1,0,46,0,1476994253638,"true",0,1,"split"
"5463-0",0,1,1,0,1,47,0,1476994263509,"true",0,1,"far"
"5463-0",0,1,0,0,1,44,0,1476994232753,"true",1,0,"close"
"5463-0",1,0,2,0,2,45,1,1476994242573,"true",0,0,"far"
"5463-0",1,0,1,0,2,28,0,1476993794825,"true",0,1,"split"
"5463-0",1,0,2,0,2,29,1,1476993818038,"true",0,0,"close"
"5463-0",1,0,0,0,2,40,0,1476994094071,"true",1,0,"close"
"5463-0",0,1,0,0,1,41,0,1476994140695,"true",1,0,"close"
"5463-0",0,0,0,1,0,3,0,1476993176117,"true",1,0,"split"
"5463-0",1,0,1,0,2,2,0,1476993156092,"true",0,1,"close"
"5463-0",0,1,2,0,1,5,1,1476993235988,"true",0,0,"close"
"5463-0",0,1,1,0,1,4,0,1476993192769,"true",0,1,"far"
"5463-0",1,0,2,0,2,7,1,1476993293374,"false",0,0,"close"
"5463-0",0,0,0,1,0,6,0,1476993255985,"true",1,0,"far"
"5463-0",0,1,0,0,1,9,0,1476993358849,"true",1,0,"close"
"5463-0",0,1,1,0,1,8,0,1476993339930,"true",0,1,"close"
"5463-0",0,1,2,0,1,39,1,1476994060834,"true",0,0,"split"
"5463-0",0,0,2,1,0,38,1,1476994017888,"true",0,0,"far"
"5463-0",0,1,0,0,1,11,0,1476993405938,"true",1,0,"close"
"5463-0",0,1,1,0,1,10,0,1476993374055,"true",0,1,"split"
"5463-0",0,0,2,1,0,13,1,1476993426154,"true",0,0,"far"
"5463-0",1,0,1,0,2,12,0,1476993413515,"true",0,1,"split"
"5463-0",0,1,0,0,1,15,0,1476993543051,"true",1,0,"far"
"5463-0",0,1,0,0,1,14,0,1476993531509,"true",1,0,"close"
"5463-0",0,0,1,1,0,17,0,1476993563042,"true",0,1,"far"
"5463-0",0,1,1,0,1,16,0,1476993554429,"true",0,1,"far"
"5463-0",1,0,0,0,2,19,0,1476993596827,"true",1,0,"far"
"5463-0",0,1,2,0,1,18,1,1476993578283,"true",0,0,"split"
"5463-0",0,0,1,1,0,31,0,1476993844229,"true",0,1,"far"
"5463-0",1,0,1,0,2,30,0,1476993835128,"true",0,1,"far"
"5463-0",0,0,1,1,0,37,0,1476994006172,"true",0,1,"far"
"5463-0",0,0,0,1,0,36,0,1476993980279,"true",1,0,"split"
"5463-0",0,0,1,1,0,35,0,1476993942058,"true",0,1,"split"
"5463-0",0,1,1,0,1,34,0,1476993913640,"true",0,1,"split"
"5463-0",0,1,1,0,1,33,0,1476993887128,"true",0,1,"far"
"5463-0",0,0,0,1,0,32,0,1476993871393,"true",1,0,"close"
"5463-0",0,0,2,1,0,50,1,1476994330109,"true",0,0,"split"
