"gameid","sClicked_2","sClicked_1","lClickedIndex","sClicked_0","sClickedIndex","roundNum","lClicked_2","time","outcome","lClicked_0","lClicked_1","condition"
"5472-0",0,0,1,1,0,42,0,1459897818192,"true",0,1,"close"
"5472-0",1,0,2,0,2,48,1,1459897894662,"true",0,0,"far"
"5472-0",0,1,1,0,1,43,0,1459897829487,"true",0,1,"close"
"5472-0",1,0,0,0,2,49,0,1459897901547,"true",1,0,"far"
"5472-0",1,0,1,0,2,24,0,1459897568872,"true",0,1,"split"
"5472-0",0,1,1,0,1,25,0,1459897579364,"true",0,1,"split"
"5472-0",1,0,1,0,2,26,0,1459897587383,"true",0,1,"far"
"5472-0",0,1,0,0,1,27,0,1459897594574,"true",1,0,"far"
"5472-0",1,0,0,0,2,20,0,1459897519604,"true",1,0,"close"
"5472-0",0,0,2,1,0,21,1,1459897530230,"true",0,0,"split"
"5472-0",1,0,2,0,2,22,1,1459897542120,"true",0,0,"split"
"5472-0",0,1,1,0,1,23,0,1459897560330,"true",0,1,"split"
"5472-0",0,0,0,1,0,46,0,1459897873652,"true",1,0,"split"
"5472-0",0,1,2,0,1,47,1,1459897887182,"true",0,0,"split"
"5472-0",1,0,0,0,2,44,0,1459897843597,"true",1,0,"split"
"5472-0",0,0,2,1,0,45,1,1459897859272,"true",0,0,"close"
"5472-0",1,0,1,0,2,28,0,1459897620713,"true",0,1,"split"
"5472-0",0,0,0,1,0,29,0,1459897637763,"true",1,0,"close"
"5472-0",0,1,2,0,1,40,1,1459897790877,"true",0,0,"far"
"5472-0",1,0,2,0,2,41,1,1459897808222,"true",0,0,"far"
"5472-0",0,0,2,1,0,1,1,1459897277699,"true",0,0,"close"
"5472-0",0,1,2,0,1,3,1,1459897311259,"true",0,0,"far"
"5472-0",0,0,1,1,0,2,0,1459897295099,"false",0,1,"close"
"5472-0",0,1,0,0,1,5,0,1459897327039,"true",1,0,"far"
"5472-0",0,1,1,0,1,4,0,1459897319685,"true",0,1,"far"
"5472-0",0,1,2,0,1,7,1,1459897354354,"true",0,0,"close"
"5472-0",0,0,1,1,0,6,0,1459897336449,"true",0,1,"split"
"5472-0",1,0,0,0,2,9,0,1459897376459,"true",1,0,"far"
"5472-0",0,0,0,1,0,8,0,1459897365219,"true",1,0,"close"
"5472-0",0,0,2,1,0,39,1,1459897776982,"true",0,0,"close"
"5472-0",0,0,1,1,0,38,0,1459897769092,"true",0,1,"split"
"5472-0",0,0,1,1,0,11,0,1459897402419,"false",0,1,"close"
"5472-0",1,0,1,0,2,10,0,1459897384424,"true",0,1,"far"
"5472-0",1,0,0,0,2,13,0,1459897433704,"true",1,0,"far"
"5472-0",0,1,2,0,1,12,1,1459897425834,"true",0,0,"split"
"5472-0",1,0,2,0,2,15,1,1459897460480,"true",0,0,"far"
"5472-0",0,0,0,1,0,14,0,1459897448664,"true",1,0,"close"
"5472-0",0,0,1,1,0,17,0,1459897486094,"true",0,1,"close"
"5472-0",0,1,1,0,1,16,0,1459897471275,"true",0,1,"far"
"5472-0",1,0,0,0,2,19,0,1459897511460,"true",1,0,"close"
"5472-0",0,1,1,0,1,18,0,1459897494514,"true",0,1,"far"
"5472-0",1,0,1,0,2,31,0,1459897677004,"true",0,1,"far"
"5472-0",0,1,1,0,1,30,0,1459897668633,"true",0,1,"close"
"5472-0",0,0,1,1,0,37,0,1459897761972,"true",0,1,"close"
"5472-0",1,0,2,0,2,36,1,1459897753502,"true",0,0,"close"
"5472-0",0,1,2,0,1,35,1,1459897735617,"true",0,0,"split"
"5472-0",0,0,2,1,0,34,1,1459897725902,"true",0,0,"split"
"5472-0",0,0,1,1,0,33,0,1459897704137,"true",0,1,"split"
"5472-0",1,0,0,0,2,32,0,1459897688585,"true",1,0,"split"
"5472-0",0,1,0,0,1,50,0,1459897914312,"true",1,0,"split"
