"gameid","sClicked_2","sClicked_1","lClickedIndex","sClicked_0","sClickedIndex","roundNum","lClicked_2","time","outcome","lClicked_0","lClicked_1","condition"
"5491-0",0,0,0,1,0,42,0,1476488039057,"true",1,0,"split"
"5491-0",0,0,1,1,0,48,0,1476488170145,"true",0,1,"close"
"5491-0",0,1,1,0,1,43,0,1476488053327,"true",0,1,"far"
"5491-0",0,0,2,1,0,49,1,1476488201693,"true",0,0,"split"
"5491-0",0,1,1,0,1,24,0,1476487541166,"true",0,1,"split"
"5491-0",1,0,2,0,2,25,1,1476487552146,"true",0,0,"split"
"5491-0",0,1,0,0,1,26,0,1476487578567,"true",1,0,"far"
"5491-0",1,0,2,0,2,27,1,1476487594606,"true",0,0,"split"
"5491-0",1,0,2,0,2,20,1,1476487424176,"true",0,0,"split"
"5491-0",1,0,2,0,2,21,1,1476487449154,"false",0,0,"close"
"5491-0",0,1,0,0,1,22,0,1476487506444,"false",1,0,"close"
"5491-0",1,0,2,0,2,23,1,1476487515700,"true",0,0,"split"
"5491-0",1,0,0,0,2,46,0,1476488096609,"true",1,0,"split"
"5491-0",1,0,0,0,2,47,0,1476488124709,"true",1,0,"split"
"5491-0",0,0,2,1,0,44,1,1476488064711,"true",0,0,"far"
"5491-0",0,0,1,1,0,45,0,1476488086639,"true",0,1,"far"
"5491-0",0,0,1,1,0,28,0,1476487604408,"true",0,1,"far"
"5491-0",0,1,0,0,1,29,0,1476487629443,"true",1,0,"far"
"5491-0",0,1,2,0,1,40,1,1476487933528,"true",0,0,"split"
"5491-0",0,0,1,1,0,41,0,1476487993833,"false",0,1,"close"
"5491-0",0,0,1,1,0,1,0,1476486892842,"true",0,1,"split"
"5491-0",1,0,2,0,2,3,1,1476486948979,"true",0,0,"close"
"5491-0",0,1,1,0,1,2,0,1476486913226,"true",0,1,"far"
"5491-0",0,0,1,1,0,5,0,1476486987485,"true",0,1,"far"
"5491-0",1,0,1,0,2,4,0,1476486976105,"true",0,1,"far"
"5491-0",0,1,0,0,1,7,0,1476487087253,"true",1,0,"close"
"5491-0",0,1,1,0,1,6,0,1476486997594,"true",0,1,"far"
"5491-0",0,1,2,0,1,9,1,1476487153524,"true",0,0,"far"
"5491-0",0,0,2,1,0,8,1,1476487130650,"true",0,0,"close"
"5491-0",0,1,2,0,1,39,1,1476487922638,"false",0,0,"split"
"5491-0",0,0,2,1,0,38,1,1476487889639,"true",0,0,"split"
"5491-0",0,1,0,0,1,11,0,1476487196857,"true",1,0,"close"
"5491-0",0,1,0,0,1,10,0,1476487175658,"true",1,0,"close"
"5491-0",1,0,2,0,2,13,1,1476487247666,"true",0,0,"far"
"5491-0",0,1,2,0,1,12,1,1476487229460,"true",0,0,"close"
"5491-0",0,1,2,0,1,15,1,1476487291989,"true",0,0,"close"
"5491-0",0,1,1,0,1,14,0,1476487279588,"true",0,1,"close"
"5491-0",0,0,2,1,0,17,1,1476487356498,"true",0,0,"far"
"5491-0",0,0,0,1,0,16,0,1476487334577,"false",1,0,"close"
"5491-0",0,0,0,1,0,19,0,1476487403740,"true",1,0,"split"
"5491-0",0,1,0,0,1,18,0,1476487379711,"true",1,0,"close"
"5491-0",0,1,2,0,1,31,1,1476487685923,"true",0,0,"close"
"5491-0",1,0,1,0,2,30,0,1476487667146,"true",0,1,"split"
"5491-0",0,0,2,1,0,37,1,1476487876785,"true",0,0,"split"
"5491-0",0,1,2,0,1,36,1,1476487858011,"false",0,0,"split"
"5491-0",1,0,2,0,2,35,1,1476487844067,"true",0,0,"close"
"5491-0",0,0,1,1,0,34,0,1476487824370,"true",0,1,"far"
"5491-0",0,0,2,1,0,33,1,1476487806916,"true",0,0,"close"
"5491-0",0,0,1,1,0,32,0,1476487753019,"true",0,1,"far"
"5491-0",1,0,2,0,2,50,1,1476488221400,"true",0,0,"far"
