"gameid","sClicked_2","sClicked_1","lClickedIndex","sClicked_0","sClickedIndex","roundNum","lClicked_2","time","outcome","lClicked_0","lClicked_1","condition"
"5493-b",0,0,1,1,0,42,0,1476992213470,"true",0,1,"split"
"5493-b",1,0,1,0,2,48,0,1476992279630,"true",0,1,"close"
"5493-b",1,0,1,0,2,43,0,1476992220237,"true",0,1,"far"
"5493-b",0,1,1,0,1,49,0,1476992288880,"true",0,1,"split"
"5493-b",1,0,1,0,2,24,0,1476991990209,"true",0,1,"far"
"5493-b",1,0,0,0,2,25,0,1476991999239,"true",1,0,"far"
"5493-b",1,0,0,0,2,26,0,1476992011099,"true",1,0,"far"
"5493-b",0,0,1,1,0,27,0,1476992019220,"true",0,1,"far"
"5493-b",1,0,0,0,2,20,0,1476991886939,"true",1,0,"split"
"5493-b",0,0,2,1,0,21,1,1476991912449,"false",0,0,"close"
"5493-b",0,0,0,1,0,22,0,1476991946108,"true",1,0,"close"
"5493-b",1,0,2,0,2,23,1,1476991983021,"true",0,0,"close"
"5493-b",0,1,1,0,1,46,0,1476992252440,"true",0,1,"far"
"5493-b",0,1,1,0,1,47,0,1476992265720,"true",0,1,"split"
"5493-b",0,0,2,1,0,44,1,1476992234557,"true",0,0,"split"
"5493-b",1,0,2,0,2,45,1,1476992241880,"true",0,0,"far"
"5493-b",1,0,1,0,2,28,0,1476992026367,"true",0,1,"split"
"5493-b",0,1,1,0,1,29,0,1476992035139,"true",0,1,"split"
"5493-b",0,1,2,0,1,40,1,1476992199519,"true",0,0,"close"
"5493-b",0,0,1,1,0,41,0,1476992205350,"true",0,1,"split"
"5493-b",0,1,0,0,1,1,0,1476991631629,"true",1,0,"far"
"5493-b",1,0,1,0,2,3,0,1476991649059,"true",0,1,"split"
"5493-b",1,0,1,0,2,2,0,1476991639028,"true",0,1,"far"
"5493-b",0,1,1,0,1,5,0,1476991670963,"true",0,1,"far"
"5493-b",1,0,0,0,2,4,0,1476991661737,"true",1,0,"close"
"5493-b",0,1,2,0,1,7,1,1476991710421,"true",0,0,"far"
"5493-b",1,0,0,0,2,6,0,1476991682979,"true",1,0,"split"
"5493-b",1,0,0,0,2,9,0,1476991739169,"true",1,0,"close"
"5493-b",1,0,0,0,2,8,0,1476991722219,"true",1,0,"close"
"5493-b",0,0,2,1,0,39,1,1476992187179,"true",0,0,"close"
"5493-b",0,1,0,0,1,38,0,1476992176019,"true",1,0,"far"
"5493-b",1,0,0,0,2,11,0,1476991761468,"true",1,0,"close"
"5493-b",0,0,2,1,0,10,1,1476991745837,"true",0,0,"split"
"5493-b",0,1,2,0,1,13,1,1476991783008,"true",0,0,"close"
"5493-b",1,0,2,0,2,12,1,1476991776668,"true",0,0,"split"
"5493-b",0,1,2,0,1,15,1,1476991811149,"true",0,0,"far"
"5493-b",1,0,0,0,2,14,0,1476991795608,"true",1,0,"split"
"5493-b",1,0,2,0,2,17,1,1476991842721,"true",0,0,"far"
"5493-b",0,1,0,0,1,16,0,1476991835179,"true",1,0,"close"
"5493-b",0,1,0,0,1,19,0,1476991876409,"true",1,0,"close"
"5493-b",0,0,0,1,0,18,0,1476991856399,"true",1,0,"close"
"5493-b",1,0,0,0,2,31,0,1476992050426,"true",1,0,"close"
"5493-b",0,0,1,1,0,30,0,1476992043649,"true",0,1,"far"
"5493-b",0,1,1,0,1,37,0,1476992150408,"true",0,1,"far"
"5493-b",1,0,0,0,2,36,0,1476992135879,"true",1,0,"close"
"5493-b",0,1,0,0,1,35,0,1476992113248,"true",1,0,"split"
"5493-b",0,0,0,1,0,34,0,1476992094210,"true",1,0,"close"
"5493-b",0,1,2,0,1,33,1,1476992081910,"true",0,0,"far"
"5493-b",0,1,2,0,1,32,1,1476992075160,"true",0,0,"split"
"5493-b",0,1,0,0,1,50,0,1476992301649,"false",1,0,"split"
