"gameid","sClicked_2","sClicked_1","lClickedIndex","sClicked_0","sClickedIndex","roundNum","lClicked_2","time","outcome","lClicked_0","lClicked_1","condition"
"5507-1",1,0,0,0,2,42,0,1459884248777,"true",1,0,"split"
"5507-1",0,1,1,0,1,48,0,1459884318027,"true",0,1,"split"
"5507-1",0,0,1,1,0,43,0,1459884260498,"true",0,1,"close"
"5507-1",0,1,0,0,1,49,0,1459884329179,"true",1,0,"split"
"5507-1",1,0,1,0,2,24,0,1459884028424,"true",0,1,"far"
"5507-1",0,1,2,0,1,25,1,1459884037426,"true",0,0,"split"
"5507-1",1,0,2,0,2,26,1,1459884049237,"true",0,0,"far"
"5507-1",0,0,1,1,0,27,0,1459884061400,"true",0,1,"close"
"5507-1",0,1,0,0,1,20,0,1459883986046,"true",1,0,"split"
"5507-1",1,0,0,0,2,21,0,1459883995464,"true",1,0,"split"
"5507-1",0,0,0,1,0,22,0,1459884004939,"true",1,0,"far"
"5507-1",0,0,1,1,0,23,0,1459884017144,"true",0,1,"close"
"5507-1",0,0,2,1,0,46,1,1459884294443,"true",0,0,"close"
"5507-1",0,0,2,1,0,47,1,1459884305125,"true",0,0,"far"
"5507-1",0,0,0,1,0,44,0,1459884268927,"true",1,0,"far"
"5507-1",0,0,0,1,0,45,0,1459884283870,"true",1,0,"split"
"5507-1",0,0,2,1,0,28,1,1459884070635,"true",0,0,"far"
"5507-1",1,0,2,0,2,29,1,1459884081762,"true",0,0,"close"
"5507-1",1,0,1,0,2,40,0,1459884226274,"true",0,1,"close"
"5507-1",0,0,2,1,0,41,1,1459884237772,"true",0,0,"close"
"5507-1",1,0,0,0,2,1,0,1459883712959,"true",1,0,"close"
"5507-1",0,1,1,0,1,3,0,1459883739083,"true",0,1,"far"
"5507-1",1,0,0,0,2,2,0,1459883730491,"true",1,0,"split"
"5507-1",1,0,2,0,2,5,1,1459883777864,"false",0,0,"close"
"5507-1",1,0,2,0,2,4,1,1459883750264,"true",0,0,"split"
"5507-1",1,0,0,0,2,7,0,1459883800031,"true",1,0,"far"
"5507-1",1,0,0,0,2,6,0,1459883789214,"true",1,0,"split"
"5507-1",1,0,1,0,2,9,0,1459883829976,"true",0,1,"far"
"5507-1",1,0,1,0,2,8,0,1459883819470,"true",0,1,"split"
"5507-1",0,0,2,1,0,39,1,1459884218453,"true",0,0,"far"
"5507-1",0,0,0,1,0,38,0,1459884208200,"false",1,0,"split"
"5507-1",0,1,1,0,1,11,0,1459883866539,"false",0,1,"close"
"5507-1",0,1,2,0,1,10,1,1459883839749,"true",0,0,"far"
"5507-1",0,1,1,0,1,13,0,1459883900405,"true",0,1,"close"
"5507-1",1,0,1,0,2,12,0,1459883884114,"true",0,1,"close"
"5507-1",0,1,0,0,1,15,0,1459883921717,"true",1,0,"far"
"5507-1",0,0,1,1,0,14,0,1459883913848,"true",0,1,"split"
"5507-1",0,0,0,1,0,17,0,1459883942622,"true",1,0,"far"
"5507-1",0,0,2,1,0,16,1,1459883931445,"true",0,0,"close"
"5507-1",0,0,2,1,0,19,1,1459883966456,"false",0,0,"split"
"5507-1",1,0,0,0,2,18,0,1459883951608,"true",1,0,"far"
"5507-1",1,0,2,0,2,31,1,1459884108821,"true",0,0,"far"
"5507-1",0,0,1,1,0,30,0,1459884099339,"true",0,1,"far"
"5507-1",0,0,0,1,0,37,0,1459884194619,"true",1,0,"close"
"5507-1",0,0,1,1,0,36,0,1459884184200,"true",0,1,"close"
"5507-1",0,0,0,1,0,35,0,1459884173992,"true",1,0,"close"
"5507-1",0,0,0,1,0,34,0,1459884146165,"true",1,0,"split"
"5507-1",0,1,1,0,1,33,0,1459884132446,"true",0,1,"split"
"5507-1",0,1,1,0,1,32,0,1459884121154,"true",0,1,"close"
"5507-1",1,0,0,0,2,50,0,1459884340197,"false",1,0,"far"
