"gameid","sClicked_2","sClicked_1","lClickedIndex","sClicked_0","sClickedIndex","roundNum","lClicked_2","time","outcome","lClicked_0","lClicked_1","condition"
"5509-c",1,0,0,0,2,42,0,1476989383111,"true",1,0,"far"
"5509-c",0,0,1,1,0,48,0,1476989514653,"true",0,1,"close"
"5509-c",0,0,1,1,0,43,0,1476989399552,"false",0,1,"split"
"5509-c",0,0,0,1,0,49,0,1476989534354,"true",1,0,"close"
"5509-c",1,0,2,0,2,24,1,1476989096049,"false",0,0,"close"
"5509-c",0,1,0,0,1,25,0,1476989104239,"true",1,0,"far"
"5509-c",0,0,2,1,0,26,1,1476989111734,"true",0,0,"far"
"5509-c",1,0,2,0,2,27,1,1476989125940,"true",0,0,"close"
"5509-c",0,1,1,0,1,20,0,1476989041458,"true",0,1,"split"
"5509-c",1,0,0,0,2,21,0,1476989052692,"true",1,0,"close"
"5509-c",0,1,2,0,1,22,1,1476989059709,"true",0,0,"split"
"5509-c",0,1,2,0,1,23,1,1476989074715,"true",0,0,"split"
"5509-c",0,0,2,1,0,46,1,1476989449645,"true",0,0,"split"
"5509-c",0,1,0,0,1,47,0,1476989491924,"false",1,0,"close"
"5509-c",1,0,0,0,2,44,0,1476989419755,"true",1,0,"close"
"5509-c",0,0,2,1,0,45,1,1476989427919,"true",0,0,"split"
"5509-c",0,1,2,0,1,28,1,1476989132709,"true",0,0,"far"
"5509-c",0,0,2,1,0,29,1,1476989155131,"true",0,0,"far"
"5509-c",0,1,0,0,1,40,0,1476989347841,"true",1,0,"far"
"5509-c",1,0,2,0,2,41,1,1476989367139,"true",0,0,"far"
"5509-c",0,1,1,0,1,1,0,1476988665619,"true",0,1,"close"
"5509-c",0,0,2,1,0,3,1,1476988718729,"true",0,0,"split"
"5509-c",1,0,1,0,2,2,0,1476988686451,"true",0,1,"close"
"5509-c",1,0,1,0,2,5,0,1476988737855,"true",0,1,"far"
"5509-c",0,0,0,1,0,4,0,1476988730315,"false",1,0,"close"
"5509-c",1,0,0,0,2,7,0,1476988782271,"false",1,0,"split"
"5509-c",1,0,1,0,2,6,0,1476988750946,"true",0,1,"far"
"5509-c",1,0,0,0,2,9,0,1476988841132,"true",1,0,"split"
"5509-c",1,0,0,0,2,8,0,1476988819515,"true",1,0,"close"
"5509-c",1,0,1,0,2,39,0,1476989340982,"true",0,1,"far"
"5509-c",0,1,1,0,1,38,0,1476989331266,"true",0,1,"far"
"5509-c",1,0,1,0,2,11,0,1476988901462,"true",0,1,"split"
"5509-c",0,1,0,0,1,10,0,1476988868773,"true",1,0,"close"
"5509-c",0,1,1,0,1,13,0,1476988948693,"true",0,1,"far"
"5509-c",0,1,2,0,1,12,1,1476988933826,"true",0,0,"close"
"5509-c",1,0,2,0,2,15,1,1476988974182,"true",0,0,"far"
"5509-c",0,0,1,1,0,14,0,1476988963996,"true",0,1,"far"
"5509-c",1,0,1,0,2,17,0,1476988993243,"true",0,1,"far"
"5509-c",0,0,1,1,0,16,0,1476988982818,"true",0,1,"far"
"5509-c",1,0,1,0,2,19,0,1476989030184,"true",0,1,"split"
"5509-c",0,1,1,0,1,18,0,1476989011819,"true",0,1,"close"
"5509-c",0,0,2,1,0,31,1,1476989200756,"true",0,0,"close"
"5509-c",0,0,2,1,0,30,1,1476989182841,"false",0,0,"split"
"5509-c",0,0,2,1,0,37,1,1476989324880,"true",0,0,"split"
"5509-c",0,1,0,0,1,36,0,1476989302280,"true",1,0,"split"
"5509-c",0,0,2,1,0,35,1,1476989293135,"true",0,0,"split"
"5509-c",1,0,0,0,2,34,0,1476989257880,"true",1,0,"far"
"5509-c",0,0,2,1,0,33,1,1476989233515,"false",0,0,"close"
"5509-c",1,0,2,0,2,32,1,1476989223186,"true",0,0,"close"
"5509-c",1,0,2,0,2,50,1,1476989557037,"true",0,0,"split"
