"gameid","sClicked_2","sClicked_1","lClickedIndex","sClicked_0","sClickedIndex","roundNum","lClicked_2","time","outcome","lClicked_0","lClicked_1","condition"
"5510-1",1,0,1,0,2,42,0,1476497441833,"false",0,1,"close"
"5510-1",0,0,2,1,0,48,1,1476497526236,"true",0,0,"split"
"5510-1",0,1,0,0,1,43,0,1476497453459,"true",1,0,"split"
"5510-1",0,0,2,1,0,49,1,1476497536707,"true",0,0,"split"
"5510-1",0,1,2,0,1,24,1,1476497214191,"true",0,0,"far"
"5510-1",0,1,2,0,1,25,1,1476497227660,"true",0,0,"close"
"5510-1",0,1,2,0,1,26,1,1476497235954,"true",0,0,"far"
"5510-1",1,0,2,0,2,27,1,1476497244914,"true",0,0,"far"
"5510-1",0,0,1,1,0,20,0,1476497166327,"true",0,1,"close"
"5510-1",0,1,1,0,1,21,0,1476497176622,"true",0,1,"far"
"5510-1",0,0,2,1,0,22,1,1476497191959,"true",0,0,"split"
"5510-1",0,1,0,0,1,23,0,1476497204435,"true",1,0,"close"
"5510-1",0,1,0,0,1,46,0,1476497481909,"true",1,0,"close"
"5510-1",0,0,0,1,0,47,0,1476497513406,"false",1,0,"close"
"5510-1",1,0,0,0,2,44,0,1476497462331,"false",1,0,"close"
"5510-1",0,1,2,0,1,45,1,1476497471714,"true",0,0,"far"
"5510-1",0,0,1,1,0,28,0,1476497258667,"true",0,1,"close"
"5510-1",0,0,1,1,0,29,0,1476497266636,"true",0,1,"far"
"5510-1",0,0,1,1,0,40,0,1476497415095,"true",0,1,"far"
"5510-1",1,0,0,0,2,41,0,1476497427839,"true",1,0,"close"
"5510-1",0,1,1,0,1,1,0,1476496929474,"true",0,1,"close"
"5510-1",1,0,0,0,2,3,0,1476496950749,"true",1,0,"far"
"5510-1",0,1,2,0,1,2,1,1476496938979,"true",0,0,"split"
"5510-1",1,0,1,0,2,5,0,1476496980545,"true",0,1,"split"
"5510-1",1,0,2,0,2,4,1,1476496970858,"true",0,0,"split"
"5510-1",1,0,0,0,2,7,0,1476497017896,"false",1,0,"close"
"5510-1",0,0,0,1,0,6,0,1476497000800,"true",1,0,"close"
"5510-1",0,1,0,0,1,9,0,1476497048219,"true",1,0,"far"
"5510-1",1,0,2,0,2,8,1,1476497035748,"true",0,0,"far"
"5510-1",0,0,2,1,0,39,1,1476497405170,"true",0,0,"split"
"5510-1",1,0,2,0,2,38,1,1476497396271,"true",0,0,"close"
"5510-1",0,1,1,0,1,11,0,1476497072480,"false",0,1,"split"
"5510-1",0,1,2,0,1,10,1,1476497059396,"true",0,0,"split"
"5510-1",1,0,0,0,2,13,0,1476497092206,"true",1,0,"split"
"5510-1",1,0,1,0,2,12,0,1476497082135,"true",0,1,"close"
"5510-1",1,0,0,0,2,15,0,1476497117110,"true",1,0,"split"
"5510-1",1,0,1,0,2,14,0,1476497108232,"true",0,1,"split"
"5510-1",0,0,0,1,0,17,0,1476497136004,"true",1,0,"close"
"5510-1",0,1,0,0,1,16,0,1476497124891,"true",1,0,"split"
"5510-1",1,0,0,0,2,19,0,1476497155761,"true",1,0,"split"
"5510-1",1,0,2,0,2,18,1,1476497143977,"true",0,0,"far"
"5510-1",1,0,0,0,2,31,0,1476497304432,"true",1,0,"far"
"5510-1",1,0,0,0,2,30,0,1476497279595,"true",1,0,"far"
"5510-1",0,0,0,1,0,37,0,1476497374754,"true",1,0,"close"
"5510-1",0,0,0,1,0,36,0,1476497365079,"false",1,0,"split"
"5510-1",0,0,0,1,0,35,0,1476497353334,"true",1,0,"far"
"5510-1",1,0,2,0,2,34,1,1476497341931,"true",0,0,"far"
"5510-1",0,1,2,0,1,33,1,1476497328347,"true",0,0,"far"
"5510-1",0,0,2,1,0,32,1,1476497315601,"true",0,0,"close"
"5510-1",0,0,1,1,0,50,0,1476497549571,"true",0,1,"split"
