"gameid","sClicked_2","sClicked_1","lClickedIndex","sClicked_0","sClickedIndex","roundNum","lClicked_2","time","outcome","lClicked_0","lClicked_1","condition"
"5519-4",0,1,2,0,1,42,1,1476994398097,"true",0,0,"split"
"5519-4",1,0,2,0,2,48,1,1476994494129,"true",0,0,"far"
"5519-4",1,0,1,0,2,43,0,1476994408738,"true",0,1,"close"
"5519-4",1,0,2,0,2,49,1,1476994506983,"true",0,0,"split"
"5519-4",1,0,1,0,2,24,0,1476994093311,"true",0,1,"split"
"5519-4",0,0,1,1,0,25,0,1476994110096,"true",0,1,"close"
"5519-4",1,0,0,0,2,26,0,1476994122776,"true",1,0,"far"
"5519-4",1,0,0,0,2,27,0,1476994141593,"true",1,0,"close"
"5519-4",1,0,2,0,2,20,1,1476993960883,"true",0,0,"close"
"5519-4",0,0,2,1,0,21,1,1476993969703,"true",0,0,"split"
"5519-4",0,0,0,1,0,22,0,1476994042943,"true",1,0,"close"
"5519-4",0,1,0,0,1,23,0,1476994078840,"true",1,0,"close"
"5519-4",0,0,2,1,0,46,1,1476994462497,"false",0,0,"split"
"5519-4",0,1,2,0,1,47,1,1476994486266,"true",0,0,"close"
"5519-4",0,0,0,1,0,44,0,1476994417617,"true",1,0,"split"
"5519-4",0,0,2,1,0,45,1,1476994441270,"true",0,0,"split"
"5519-4",1,0,1,0,2,28,0,1476994157838,"true",0,1,"far"
"5519-4",0,1,0,0,1,29,0,1476994189281,"true",1,0,"split"
"5519-4",1,0,2,0,2,40,1,1476994351601,"true",0,0,"close"
"5519-4",0,1,2,0,1,41,1,1476994365589,"true",0,0,"close"
"5519-4",0,0,2,1,0,1,1,1476993594290,"true",0,0,"close"
"5519-4",0,0,1,1,0,3,0,1476993628178,"true",0,1,"split"
"5519-4",1,0,1,0,2,2,0,1476993604468,"true",0,1,"split"
"5519-4",1,0,1,0,2,5,0,1476993666186,"true",0,1,"split"
"5519-4",0,0,2,1,0,4,1,1476993643587,"true",0,0,"far"
"5519-4",0,0,0,1,0,7,0,1476993693966,"true",1,0,"far"
"5519-4",1,0,2,0,2,6,1,1476993680427,"true",0,0,"split"
"5519-4",1,0,2,0,2,9,1,1476993736485,"true",0,0,"far"
"5519-4",0,0,0,1,0,8,0,1476993722133,"true",1,0,"close"
"5519-4",0,1,1,0,1,39,0,1476994317925,"true",0,1,"far"
"5519-4",1,0,0,0,2,38,0,1476994308547,"true",1,0,"far"
"5519-4",1,0,1,0,2,11,0,1476993823034,"false",0,1,"close"
"5519-4",1,0,0,0,2,10,0,1476993768284,"true",1,0,"split"
"5519-4",0,1,2,0,1,13,1,1476993869808,"true",0,0,"close"
"5519-4",1,0,2,0,2,12,1,1476993855068,"true",0,0,"close"
"5519-4",0,1,0,0,1,15,0,1476993897260,"true",1,0,"split"
"5519-4",0,0,2,1,0,14,1,1476993880933,"true",0,0,"close"
"5519-4",1,0,2,0,2,17,1,1476993914807,"true",0,0,"far"
"5519-4",1,0,2,0,2,16,1,1476993906089,"true",0,0,"far"
"5519-4",0,1,0,0,1,19,0,1476993936257,"true",1,0,"split"
"5519-4",0,0,1,1,0,18,0,1476993925769,"true",0,1,"far"
"5519-4",0,1,2,0,1,31,1,1476994225872,"true",0,0,"close"
"5519-4",0,1,1,0,1,30,0,1476994199419,"true",0,1,"far"
"5519-4",1,0,2,0,2,37,1,1476994295893,"true",0,0,"far"
"5519-4",1,0,1,0,2,36,0,1476994286824,"true",0,1,"far"
"5519-4",0,1,1,0,1,35,0,1476994278261,"true",0,1,"far"
"5519-4",0,0,0,1,0,34,0,1476994266568,"true",1,0,"far"
"5519-4",0,1,2,0,1,33,1,1476994253147,"true",0,0,"close"
"5519-4",1,0,1,0,2,32,0,1476994238094,"true",0,1,"far"
"5519-4",1,0,1,0,2,50,0,1476994521005,"true",0,1,"split"
