"gameid","sClicked_2","sClicked_1","lClickedIndex","sClicked_0","sClickedIndex","roundNum","lClicked_2","time","outcome","lClicked_0","lClicked_1","condition"
"5523-0",0,1,2,0,1,42,1,1476493126598,"true",0,0,"far"
"5523-0",0,1,1,0,1,48,0,1476493224219,"true",0,1,"split"
"5523-0",0,1,0,0,1,43,0,1476493134439,"true",1,0,"far"
"5523-0",1,0,0,0,2,49,0,1476493236841,"true",1,0,"close"
"5523-0",0,1,1,0,1,24,0,1476492916750,"false",0,1,"close"
"5523-0",0,0,1,1,0,25,0,1476492923753,"true",0,1,"far"
"5523-0",1,0,2,0,2,26,1,1476492932426,"true",0,0,"far"
"5523-0",1,0,1,0,2,27,0,1476492940637,"true",0,1,"far"
"5523-0",1,0,0,0,2,20,0,1476492853031,"true",1,0,"close"
"5523-0",0,1,1,0,1,21,0,1476492861233,"true",0,1,"close"
"5523-0",0,0,1,1,0,22,0,1476492870016,"true",0,1,"split"
"5523-0",0,0,2,1,0,23,1,1476492900160,"true",0,0,"close"
"5523-0",0,0,0,1,0,46,0,1476493177200,"true",1,0,"close"
"5523-0",0,1,0,0,1,47,0,1476493214425,"true",1,0,"split"
"5523-0",0,0,0,1,0,44,0,1476493141249,"true",1,0,"far"
"5523-0",0,0,2,1,0,45,1,1476493150474,"true",0,0,"close"
"5523-0",1,0,1,0,2,28,0,1476492964591,"true",0,1,"split"
"5523-0",0,1,1,0,1,29,0,1476492972658,"true",0,1,"far"
"5523-0",1,0,2,0,2,40,1,1476493108800,"true",0,0,"close"
"5523-0",0,1,1,0,1,41,0,1476493115980,"true",0,1,"far"
"5523-0",1,0,0,0,2,1,0,1476492657626,"true",1,0,"split"
"5523-0",0,0,2,1,0,3,1,1476492678650,"true",0,0,"close"
"5523-0",0,1,0,0,1,2,0,1476492670114,"true",1,0,"split"
"5523-0",0,0,2,1,0,5,1,1476492695631,"true",0,0,"split"
"5523-0",1,0,0,0,2,4,0,1476492686532,"true",1,0,"close"
"5523-0",0,1,0,0,1,7,0,1476492722170,"true",1,0,"far"
"5523-0",0,0,1,1,0,6,0,1476492711381,"true",0,1,"split"
"5523-0",1,0,2,0,2,9,1,1476492739135,"true",0,0,"split"
"5523-0",0,1,0,0,1,8,0,1476492732135,"true",1,0,"split"
"5523-0",0,1,1,0,1,39,0,1476493098526,"true",0,1,"close"
"5523-0",0,0,0,1,0,38,0,1476493087362,"true",1,0,"far"
"5523-0",1,0,0,0,2,11,0,1476492759552,"true",1,0,"far"
"5523-0",1,0,0,0,2,10,0,1476492749921,"false",1,0,"split"
"5523-0",0,1,0,0,1,13,0,1476492777466,"true",1,0,"far"
"5523-0",0,1,1,0,1,12,0,1476492769360,"true",0,1,"split"
"5523-0",1,0,1,0,2,15,0,1476492809355,"true",0,1,"close"
"5523-0",0,1,2,0,1,14,1,1476492788131,"true",0,0,"far"
"5523-0",0,1,2,0,1,17,1,1476492825430,"true",0,0,"split"
"5523-0",0,1,2,0,1,16,1,1476492816174,"true",0,0,"far"
"5523-0",0,1,2,0,1,19,1,1476492844043,"true",0,0,"close"
"5523-0",0,0,0,1,0,18,0,1476492834911,"true",1,0,"far"
"5523-0",0,0,2,1,0,31,1,1476493014269,"true",0,0,"close"
"5523-0",1,0,0,0,2,30,0,1476492980668,"true",1,0,"split"
"5523-0",0,0,0,1,0,37,0,1476493080542,"true",1,0,"close"
"5523-0",1,0,0,0,2,36,0,1476493066885,"true",1,0,"split"
"5523-0",0,0,1,1,0,35,0,1476493046648,"true",0,1,"far"
"5523-0",0,0,1,1,0,34,0,1476493039242,"true",0,1,"split"
"5523-0",1,0,1,0,2,33,0,1476493032496,"true",0,1,"close"
"5523-0",0,0,0,1,0,32,0,1476493022932,"true",1,0,"close"
"5523-0",0,0,0,1,0,50,0,1476493253234,"true",1,0,"far"
