"gameid","sClicked_2","sClicked_1","lClickedIndex","sClicked_0","sClickedIndex","roundNum","lClicked_2","time","outcome","lClicked_0","lClicked_1","condition"
"5528-c",0,1,2,0,1,42,1,1476497472550,"true",0,0,"close"
"5528-c",0,1,0,0,1,48,0,1476497558831,"true",1,0,"split"
"5528-c",0,1,2,0,1,43,1,1476497484279,"true",0,0,"close"
"5528-c",0,1,1,0,1,49,0,1476497578559,"true",0,1,"close"
"5528-c",0,0,0,1,0,24,0,1476497175458,"true",1,0,"close"
"5528-c",0,0,2,1,0,25,1,1476497190739,"true",0,0,"far"
"5528-c",0,0,0,1,0,26,0,1476497205626,"true",1,0,"close"
"5528-c",0,0,0,1,0,27,0,1476497216218,"true",1,0,"far"
"5528-c",0,1,2,0,1,20,1,1476497115452,"true",0,0,"split"
"5528-c",0,0,1,1,0,21,0,1476497133049,"false",0,1,"far"
"5528-c",0,1,1,0,1,22,0,1476497151836,"true",0,1,"split"
"5528-c",1,0,1,0,2,23,0,1476497163734,"true",0,1,"far"
"5528-c",1,0,1,0,2,46,0,1476497529350,"true",0,1,"close"
"5528-c",1,0,0,0,2,47,0,1476497545551,"true",1,0,"split"
"5528-c",0,0,0,1,0,44,0,1476497494550,"true",1,0,"far"
"5528-c",0,0,1,1,0,45,0,1476497505406,"true",0,1,"far"
"5528-c",0,0,1,1,0,28,0,1476497226250,"true",0,1,"split"
"5528-c",1,0,1,0,2,29,0,1476497235842,"true",0,1,"far"
"5528-c",1,0,0,0,2,40,0,1476497422341,"true",1,0,"far"
"5528-c",0,1,1,0,1,41,0,1476497457967,"true",0,1,"close"
"5528-c",0,0,2,1,0,1,1,1476496826077,"true",0,0,"split"
"5528-c",0,1,1,0,1,3,0,1476496863900,"true",0,1,"close"
"5528-c",0,0,1,1,0,2,0,1476496843182,"true",0,1,"far"
"5528-c",1,0,0,0,2,5,0,1476496884974,"true",1,0,"split"
"5528-c",0,0,0,1,0,4,0,1476496874446,"true",1,0,"far"
"5528-c",0,1,1,0,1,7,0,1476496913837,"true",0,1,"close"
"5528-c",0,0,2,1,0,6,1,1476496894591,"true",0,0,"far"
"5528-c",1,0,1,0,2,9,0,1476496936686,"true",0,1,"far"
"5528-c",1,0,2,0,2,8,1,1476496923125,"true",0,0,"split"
"5528-c",0,0,2,1,0,39,1,1476497408773,"true",0,0,"split"
"5528-c",0,1,1,0,1,38,0,1476497396076,"true",0,1,"split"
"5528-c",0,0,1,1,0,11,0,1476496955749,"true",0,1,"far"
"5528-c",0,0,0,1,0,10,0,1476496946502,"true",1,0,"far"
"5528-c",0,0,0,1,0,13,0,1476496989175,"true",1,0,"close"
"5528-c",0,1,2,0,1,12,1,1476496972936,"true",0,0,"close"
"5528-c",0,1,0,0,1,15,0,1476497031919,"true",1,0,"split"
"5528-c",0,1,1,0,1,14,0,1476497014846,"true",0,1,"split"
"5528-c",0,1,1,0,1,17,0,1476497080885,"true",0,1,"split"
"5528-c",0,1,0,0,1,16,0,1476497058951,"true",1,0,"split"
"5528-c",0,0,2,1,0,19,1,1476497100802,"true",0,0,"split"
"5528-c",1,0,2,0,2,18,1,1476497092399,"true",0,0,"far"
"5528-c",0,0,2,1,0,31,1,1476497257035,"true",0,0,"split"
"5528-c",1,0,2,0,2,30,1,1476497247818,"true",0,0,"far"
"5528-c",1,0,1,0,2,37,0,1476497365732,"true",0,1,"close"
"5528-c",1,0,0,0,2,36,0,1476497352320,"true",1,0,"close"
"5528-c",0,0,2,1,0,35,1,1476497322850,"true",0,0,"split"
"5528-c",1,0,0,0,2,34,0,1476497309087,"true",1,0,"close"
"5528-c",0,1,2,0,1,33,1,1476497287140,"true",0,0,"far"
"5528-c",0,0,1,1,0,32,0,1476497276044,"true",0,1,"close"
"5528-c",0,1,2,0,1,50,1,1476497596304,"true",0,0,"close"
