"gameid","sClicked_2","sClicked_1","lClickedIndex","sClicked_0","sClickedIndex","roundNum","lClicked_2","time","outcome","lClicked_0","lClicked_1","condition"
"5532-5",1,0,1,0,2,42,0,1476993965105,"true",0,1,"split"
"5532-5",0,0,2,1,0,48,1,1476994092408,"true",0,0,"close"
"5532-5",1,0,2,0,2,43,1,1476993999673,"true",0,0,"split"
"5532-5",0,1,1,0,1,49,0,1476994111481,"true",0,1,"far"
"5532-5",1,0,2,0,2,24,1,1476993663767,"true",0,0,"split"
"5532-5",0,1,1,0,1,25,0,1476993692149,"true",0,1,"split"
"5532-5",1,0,1,0,2,26,0,1476993699582,"true",0,1,"far"
"5532-5",0,1,2,0,1,27,1,1476993705287,"true",0,0,"split"
"5532-5",1,0,2,0,2,20,1,1476993601431,"true",0,0,"split"
"5532-5",0,1,0,0,1,21,0,1476993619353,"true",1,0,"split"
"5532-5",0,1,0,0,1,22,0,1476993632623,"true",1,0,"far"
"5532-5",0,0,1,1,0,23,0,1476993643649,"true",0,1,"far"
"5532-5",0,1,2,0,1,46,1,1476994073781,"true",0,0,"far"
"5532-5",1,0,2,0,2,47,1,1476994083353,"true",0,0,"split"
"5532-5",0,1,1,0,1,44,0,1476994020345,"true",0,1,"split"
"5532-5",1,0,2,0,2,45,1,1476994064652,"true",0,0,"close"
"5532-5",0,1,0,0,1,28,0,1476993711398,"true",1,0,"split"
"5532-5",1,0,1,0,2,29,0,1476993719752,"false",0,1,"split"
"5532-5",0,1,0,0,1,40,0,1476993952754,"true",1,0,"close"
"5532-5",0,1,2,0,1,41,1,1476993958928,"true",0,0,"close"
"5532-5",0,0,0,1,0,1,0,1476993344992,"false",1,0,"split"
"5532-5",0,1,2,0,1,3,1,1476993372216,"true",0,0,"far"
"5532-5",0,0,0,1,0,2,0,1476993365663,"true",1,0,"close"
"5532-5",0,1,1,0,1,5,0,1476993387382,"true",0,1,"far"
"5532-5",0,0,0,1,0,4,0,1476993381025,"true",1,0,"far"
"5532-5",0,1,1,0,1,7,0,1476993426377,"true",0,1,"close"
"5532-5",1,0,1,0,2,6,0,1476993414338,"true",0,1,"close"
"5532-5",0,0,2,1,0,9,1,1476993444197,"true",0,0,"far"
"5532-5",0,0,1,1,0,8,0,1476993437210,"true",0,1,"close"
"5532-5",0,1,1,0,1,39,0,1476993931727,"true",0,1,"close"
"5532-5",1,0,1,0,2,38,0,1476993897822,"true",0,1,"far"
"5532-5",1,0,1,0,2,11,0,1476993463510,"false",0,1,"close"
"5532-5",0,1,2,0,1,10,1,1476993450005,"true",0,0,"far"
"5532-5",0,1,0,0,1,13,0,1476993481111,"true",1,0,"far"
"5532-5",1,0,0,0,2,12,0,1476993474078,"true",1,0,"far"
"5532-5",0,1,2,0,1,15,1,1476993502078,"true",0,0,"split"
"5532-5",1,0,1,0,2,14,0,1476993492531,"true",0,1,"close"
"5532-5",1,0,0,0,2,17,0,1476993532401,"true",1,0,"close"
"5532-5",0,1,2,0,1,16,1,1476993513536,"true",0,0,"split"
"5532-5",1,0,1,0,2,19,0,1476993578057,"true",0,1,"far"
"5532-5",0,0,0,1,0,18,0,1476993569513,"true",1,0,"close"
"5532-5",1,0,2,0,2,31,1,1476993773075,"true",0,0,"split"
"5532-5",0,1,2,0,1,30,1,1476993761366,"true",0,0,"close"
"5532-5",0,1,0,0,1,37,0,1476993883454,"true",1,0,"far"
"5532-5",0,0,1,1,0,36,0,1476993877690,"true",0,1,"split"
"5532-5",0,0,2,1,0,35,1,1476993858709,"true",0,0,"close"
"5532-5",0,1,0,0,1,34,0,1476993840303,"true",1,0,"split"
"5532-5",0,1,0,0,1,33,0,1476993820606,"true",1,0,"far"
"5532-5",1,0,0,0,2,32,0,1476993808765,"true",1,0,"close"
"5532-5",1,0,0,0,2,50,0,1476994138868,"true",1,0,"close"
