"gameid","sClicked_2","sClicked_1","lClickedIndex","sClicked_0","sClickedIndex","roundNum","lClicked_2","time","outcome","lClicked_0","lClicked_1","condition"
"5539-6",0,1,1,0,1,42,0,1476490511194,"true",0,1,"close"
"5539-6",1,0,0,0,2,48,0,1476490605937,"true",1,0,"split"
"5539-6",0,1,1,0,1,43,0,1476490531344,"true",0,1,"close"
"5539-6",1,0,1,0,2,49,0,1476490632509,"true",0,1,"split"
"5539-6",1,0,2,0,2,24,1,1476490292869,"true",0,0,"far"
"5539-6",0,0,2,1,0,25,1,1476490315201,"true",0,0,"close"
"5539-6",1,0,1,0,2,26,0,1476490325692,"true",0,1,"far"
"5539-6",1,0,1,0,2,27,0,1476490331653,"true",0,1,"far"
"5539-6",0,0,0,1,0,20,0,1476490221699,"true",1,0,"split"
"5539-6",1,0,0,0,2,21,0,1476490231060,"true",1,0,"far"
"5539-6",1,0,0,0,2,22,0,1476490261925,"true",1,0,"close"
"5539-6",0,1,0,0,1,23,0,1476490285855,"true",1,0,"close"
"5539-6",1,0,1,0,2,46,0,1476490569410,"true",0,1,"close"
"5539-6",0,0,2,1,0,47,1,1476490586500,"false",0,0,"split"
"5539-6",1,0,0,0,2,44,0,1476490549455,"true",1,0,"split"
"5539-6",0,0,1,1,0,45,0,1476490556382,"true",0,1,"split"
"5539-6",0,0,0,1,0,28,0,1476490339941,"true",1,0,"far"
"5539-6",0,0,2,1,0,29,1,1476490347506,"true",0,0,"split"
"5539-6",0,0,0,1,0,40,0,1476490462962,"true",1,0,"split"
"5539-6",0,1,1,0,1,41,0,1476490483977,"true",0,1,"far"
"5539-6",1,0,2,0,2,1,1,1476489663167,"false",0,0,"split"
"5539-6",0,1,0,0,1,3,0,1476489725385,"true",1,0,"split"
"5539-6",0,0,1,1,0,2,0,1476489707220,"false",0,1,"far"
"5539-6",1,0,1,0,2,5,0,1476489764382,"true",0,1,"split"
"5539-6",0,0,2,1,0,4,1,1476489737939,"true",0,0,"far"
"5539-6",0,1,0,0,1,7,0,1476489831392,"true",1,0,"split"
"5539-6",1,0,1,0,2,9,0,1476489912064,"true",0,1,"close"
"5539-6",0,0,1,1,0,8,0,1476489898549,"true",0,1,"close"
"5539-6",1,0,1,0,2,39,0,1476490448460,"true",0,1,"split"
"5539-6",1,0,1,0,2,38,0,1476490425521,"true",0,1,"far"
"5539-6",0,1,1,0,1,11,0,1476489978659,"true",0,1,"close"
"5539-6",0,0,2,1,0,10,1,1476489960583,"true",0,0,"close"
"5539-6",0,1,0,0,1,13,0,1476490014359,"true",1,0,"close"
"5539-6",1,0,2,0,2,12,1,1476489986291,"true",0,0,"far"
"5539-6",0,0,1,1,0,15,0,1476490067041,"true",0,1,"close"
"5539-6",0,0,0,1,0,14,0,1476490043863,"true",1,0,"split"
"5539-6",0,0,1,1,0,17,0,1476490143818,"true",0,1,"far"
"5539-6",1,0,1,0,2,16,0,1476490128755,"false",0,1,"split"
"5539-6",0,0,0,1,0,19,0,1476490184180,"true",1,0,"close"
"5539-6",0,0,0,1,0,18,0,1476490163425,"true",1,0,"split"
"5539-6",0,1,1,0,1,31,0,1476490377082,"true",0,1,"far"
"5539-6",1,0,2,0,2,30,1,1476490360573,"true",0,0,"close"
"5539-6",0,1,0,0,1,37,0,1476490417893,"true",1,0,"far"
"5539-6",1,0,2,0,2,36,1,1476490411581,"true",0,0,"far"
"5539-6",1,0,2,0,2,35,1,1476490405218,"true",0,0,"far"
"5539-6",1,0,0,0,2,34,0,1476490398651,"true",1,0,"far"
"5539-6",1,0,2,0,2,33,1,1476490392586,"true",0,0,"far"
"5539-6",1,0,2,0,2,32,1,1476490385319,"true",0,0,"split"
"5539-6",1,0,1,0,2,50,0,1476490673271,"true",0,1,"close"
