"gameid","sClicked_2","sClicked_1","lClickedIndex","sClicked_0","sClickedIndex","roundNum","lClicked_2","time","outcome","lClicked_0","lClicked_1","condition"
"5557-c",1,0,1,0,2,42,0,1476990687233,"true",0,1,"split"
"5557-c",1,0,2,0,2,48,1,1476990735726,"true",0,0,"far"
"5557-c",0,0,0,1,0,43,0,1476990694731,"true",1,0,"split"
"5557-c",1,0,0,0,2,49,0,1476990748515,"true",1,0,"split"
"5557-c",0,0,2,1,0,24,1,1476990415186,"true",0,0,"close"
"5557-c",0,1,0,0,1,25,0,1476990421997,"true",1,0,"split"
"5557-c",1,0,1,0,2,26,0,1476990429133,"true",0,1,"close"
"5557-c",0,1,0,0,1,27,0,1476990449637,"true",1,0,"close"
"5557-c",0,0,2,1,0,20,1,1476990350613,"true",0,0,"far"
"5557-c",1,0,0,0,2,21,0,1476990359293,"true",1,0,"close"
"5557-c",1,0,0,0,2,22,0,1476990379115,"true",1,0,"close"
"5557-c",1,0,1,0,2,23,0,1476990388450,"true",0,1,"split"
"5557-c",0,0,1,1,0,46,0,1476990720287,"true",0,1,"far"
"5557-c",1,0,0,0,2,47,0,1476990727225,"true",1,0,"close"
"5557-c",0,0,2,1,0,44,1,1476990701119,"true",0,0,"far"
"5557-c",0,1,0,0,1,45,0,1476990713002,"true",1,0,"far"
"5557-c",0,0,0,1,0,28,0,1476990470086,"false",1,0,"close"
"5557-c",0,0,1,1,0,29,0,1476990500712,"true",0,1,"split"
"5557-c",1,0,1,0,2,40,0,1476990666887,"true",0,1,"split"
"5557-c",0,1,0,0,1,41,0,1476990676503,"true",1,0,"far"
"5557-c",0,0,0,1,0,1,0,1476990103370,"true",1,0,"split"
"5557-c",0,1,1,0,1,3,0,1476990126302,"true",0,1,"split"
"5557-c",0,1,2,0,1,2,1,1476990111982,"true",0,0,"close"
"5557-c",0,1,2,0,1,5,1,1476990146211,"true",0,0,"close"
"5557-c",1,0,0,0,2,4,0,1476990137075,"true",1,0,"split"
"5557-c",0,1,2,0,1,7,1,1476990188075,"true",0,0,"close"
"5557-c",0,0,2,1,0,6,1,1476990160296,"true",0,0,"far"
"5557-c",0,1,0,0,1,9,0,1476990206594,"true",1,0,"far"
"5557-c",0,1,1,0,1,8,0,1476990199941,"true",0,1,"split"
"5557-c",0,1,0,0,1,39,0,1476990657488,"true",1,0,"close"
"5557-c",0,0,0,1,0,38,0,1476990635338,"true",1,0,"split"
"5557-c",0,0,2,1,0,11,1,1476990221759,"true",0,0,"split"
"5557-c",0,0,1,1,0,10,0,1476990213314,"true",0,1,"far"
"5557-c",0,0,0,1,0,13,0,1476990255237,"true",1,0,"close"
"5557-c",0,1,0,0,1,12,0,1476990229791,"true",1,0,"far"
"5557-c",1,0,0,0,2,15,0,1476990273716,"true",1,0,"far"
"5557-c",1,0,2,0,2,14,1,1476990267053,"true",0,0,"split"
"5557-c",0,1,1,0,1,17,0,1476990317916,"true",0,1,"split"
"5557-c",0,0,1,1,0,16,0,1476990284552,"true",0,1,"far"
"5557-c",1,0,0,0,2,19,0,1476990342401,"true",1,0,"far"
"5557-c",0,1,0,0,1,18,0,1476990331591,"true",1,0,"split"
"5557-c",0,1,1,0,1,31,0,1476990534322,"true",0,1,"far"
"5557-c",0,1,2,0,1,30,1,1476990527287,"true",0,0,"close"
"5557-c",0,1,0,0,1,37,0,1476990624503,"true",1,0,"close"
"5557-c",0,1,2,0,1,36,1,1476990607547,"false",0,0,"close"
"5557-c",0,1,0,0,1,35,0,1476990580135,"true",1,0,"split"
"5557-c",0,0,2,1,0,34,1,1476990562890,"true",0,0,"far"
"5557-c",1,0,1,0,2,33,0,1476990553705,"true",0,1,"far"
"5557-c",0,1,0,0,1,32,0,1476990546806,"true",1,0,"far"
"5557-c",1,0,1,0,2,50,0,1476990771310,"false",0,1,"close"
