"gameid","sClicked_2","sClicked_1","lClickedIndex","sClicked_0","sClickedIndex","roundNum","lClicked_2","time","outcome","lClicked_0","lClicked_1","condition"
"5567-1",0,1,0,0,1,42,0,1476991767561,"true",1,0,"split"
"5567-1",1,0,1,0,2,48,0,1476991823372,"true",0,1,"split"
"5567-1",0,0,1,1,0,43,0,1476991778166,"true",0,1,"split"
"5567-1",0,1,1,0,1,49,0,1476991836281,"true",0,1,"far"
"5567-1",1,0,0,0,2,24,0,1476991557912,"true",1,0,"split"
"5567-1",0,1,0,0,1,25,0,1476991573623,"true",1,0,"close"
"5567-1",0,1,2,0,1,26,1,1476991583803,"true",0,0,"close"
"5567-1",1,0,0,0,2,27,0,1476991598863,"true",1,0,"split"
"5567-1",1,0,0,0,2,20,0,1476991497168,"false",1,0,"close"
"5567-1",1,0,1,0,2,21,0,1476991521998,"true",0,1,"close"
"5567-1",0,1,0,0,1,22,0,1476991531056,"true",1,0,"close"
"5567-1",0,0,2,1,0,23,1,1476991550125,"true",0,0,"split"
"5567-1",0,0,1,1,0,46,0,1476991800819,"true",0,1,"far"
"5567-1",1,0,2,0,2,47,1,1476991809294,"true",0,0,"far"
"5567-1",1,0,0,0,2,44,0,1476991786448,"true",1,0,"far"
"5567-1",1,0,2,0,2,45,1,1476991795242,"true",0,0,"far"
"5567-1",1,0,1,0,2,28,0,1476991606028,"true",0,1,"split"
"5567-1",1,0,2,0,2,29,1,1476991619606,"true",0,0,"far"
"5567-1",1,0,1,0,2,40,0,1476991739014,"true",0,1,"close"
"5567-1",1,0,0,0,2,41,0,1476991758453,"true",1,0,"close"
"5567-1",0,0,2,1,0,1,1,1476991288566,"true",0,0,"far"
"5567-1",0,1,0,0,1,3,0,1476991317288,"true",1,0,"split"
"5567-1",1,0,1,0,2,2,0,1476991307464,"true",0,1,"close"
"5567-1",0,1,1,0,1,5,0,1476991343253,"true",0,1,"far"
"5567-1",0,1,0,0,1,4,0,1476991332294,"true",1,0,"close"
"5567-1",0,1,2,0,1,7,1,1476991363481,"true",0,0,"far"
"5567-1",1,0,0,0,2,6,0,1476991353879,"true",1,0,"far"
"5567-1",1,0,1,0,2,9,0,1476991386133,"true",0,1,"split"
"5567-1",0,1,2,0,1,8,1,1476991377708,"true",0,0,"split"
"5567-1",0,0,1,1,0,39,0,1476991724423,"true",0,1,"close"
"5567-1",0,0,1,1,0,38,0,1476991706886,"true",0,1,"split"
"5567-1",1,0,1,0,2,11,0,1476991401503,"true",0,1,"far"
"5567-1",0,1,2,0,1,10,1,1476991395154,"true",0,0,"far"
"5567-1",0,0,1,1,0,13,0,1476991428408,"true",0,1,"close"
"5567-1",0,0,0,1,0,12,0,1476991415444,"true",1,0,"split"
"5567-1",0,1,0,0,1,15,0,1476991444717,"true",1,0,"split"
"5567-1",1,0,0,0,2,14,0,1476991436246,"true",1,0,"close"
"5567-1",0,1,1,0,1,17,0,1476991459192,"true",0,1,"far"
"5567-1",0,0,1,1,0,16,0,1476991452520,"true",0,1,"split"
"5567-1",0,0,0,1,0,19,0,1476991477165,"true",1,0,"far"
"5567-1",0,1,0,0,1,18,0,1476991469473,"true",1,0,"split"
"5567-1",0,0,2,1,0,31,1,1476991634257,"true",0,0,"far"
"5567-1",1,0,2,0,2,30,1,1476991627704,"true",0,0,"close"
"5567-1",1,0,2,0,2,37,1,1476991698729,"true",0,0,"split"
"5567-1",0,0,0,1,0,36,0,1476991691267,"true",1,0,"close"
"5567-1",0,1,0,0,1,35,0,1476991677592,"true",1,0,"close"
"5567-1",0,0,0,1,0,34,0,1476991659082,"false",1,0,"far"
"5567-1",1,0,0,0,2,33,0,1476991649528,"true",1,0,"split"
"5567-1",1,0,1,0,2,32,0,1476991641193,"true",0,1,"far"
"5567-1",1,0,0,0,2,50,0,1476991856565,"true",1,0,"close"
