"gameid","sClicked_2","sClicked_1","lClickedIndex","sClicked_0","sClickedIndex","roundNum","lClicked_2","time","outcome","lClicked_0","lClicked_1","condition"
"5568-1",1,0,2,0,2,42,1,1459899514478,"true",0,0,"split"
"5568-1",1,0,1,0,2,48,0,1459899601192,"true",0,1,"far"
"5568-1",0,0,1,1,0,43,0,1459899525593,"true",0,1,"split"
"5568-1",0,0,0,1,0,49,0,1459899622137,"true",1,0,"close"
"5568-1",1,0,0,0,2,24,0,1459899253057,"true",1,0,"close"
"5568-1",0,1,1,0,1,25,0,1459899265829,"true",0,1,"split"
"5568-1",0,1,0,0,1,26,0,1459899279118,"true",1,0,"far"
"5568-1",1,0,1,0,2,27,0,1459899300715,"true",0,1,"close"
"5568-1",1,0,0,0,2,20,0,1459899195752,"true",1,0,"split"
"5568-1",0,0,2,1,0,21,1,1459899216195,"false",0,0,"close"
"5568-1",1,0,2,0,2,22,1,1459899225339,"true",0,0,"far"
"5568-1",1,0,1,0,2,23,0,1459899240370,"false",0,1,"split"
"5568-1",1,0,1,0,2,46,0,1459899575520,"true",0,1,"far"
"5568-1",0,1,0,0,1,47,0,1459899592608,"true",1,0,"split"
"5568-1",0,0,0,1,0,44,0,1459899548032,"false",1,0,"split"
"5568-1",0,0,0,1,0,45,0,1459899566277,"true",1,0,"far"
"5568-1",0,1,2,0,1,28,1,1459899319238,"true",0,0,"far"
"5568-1",0,0,2,1,0,29,1,1459899326633,"true",0,0,"far"
"5568-1",1,0,2,0,2,40,1,1459899492733,"true",0,0,"far"
"5568-1",0,1,0,0,1,41,0,1459899504277,"true",1,0,"close"
"5568-1",0,1,1,0,1,1,0,1459898652336,"true",0,1,"split"
"5568-1",0,1,2,0,1,3,1,1459898731811,"true",0,0,"close"
"5568-1",0,1,2,0,1,2,1,1459898701542,"true",0,0,"far"
"5568-1",0,0,1,1,0,5,0,1459898823609,"true",0,1,"split"
"5568-1",0,0,1,1,0,4,0,1459898761521,"false",0,1,"close"
"5568-1",0,0,2,1,0,7,1,1459898858006,"true",0,0,"split"
"5568-1",1,0,2,0,2,6,1,1459898837094,"true",0,0,"far"
"5568-1",1,0,1,0,2,9,0,1459898912345,"true",0,1,"split"
"5568-1",0,1,2,0,1,8,1,1459898896549,"true",0,0,"split"
"5568-1",1,0,1,0,2,39,0,1459899484771,"true",0,1,"close"
"5568-1",1,0,0,0,2,38,0,1459899455922,"true",1,0,"split"
"5568-1",0,0,0,1,0,11,0,1459898947022,"true",1,0,"far"
"5568-1",0,0,0,1,0,10,0,1459898929552,"false",1,0,"close"
"5568-1",0,0,1,1,0,13,0,1459899007134,"true",0,1,"split"
"5568-1",1,0,0,0,2,12,0,1459898980526,"true",1,0,"split"
"5568-1",0,0,2,1,0,15,1,1459899046908,"true",0,0,"far"
"5568-1",0,1,1,0,1,14,0,1459899031975,"true",0,1,"close"
"5568-1",0,0,2,1,0,17,1,1459899122370,"true",0,0,"split"
"5568-1",0,1,0,0,1,16,0,1459899101350,"false",1,0,"close"
"5568-1",0,0,0,1,0,19,0,1459899155923,"true",1,0,"far"
"5568-1",0,0,1,1,0,18,0,1459899147843,"true",0,1,"close"
"5568-1",0,0,1,1,0,31,0,1459899349900,"true",0,1,"close"
"5568-1",1,0,2,0,2,30,1,1459899339484,"true",0,0,"close"
"5568-1",0,0,1,1,0,37,0,1459899436052,"true",0,1,"far"
"5568-1",0,0,2,1,0,36,1,1459899426407,"true",0,0,"close"
"5568-1",1,0,1,0,2,35,0,1459899402173,"true",0,1,"far"
"5568-1",1,0,0,0,2,34,0,1459899393377,"true",1,0,"split"
"5568-1",0,1,0,0,1,33,0,1459899369952,"true",1,0,"far"
"5568-1",1,0,2,0,2,32,1,1459899360851,"true",0,0,"far"
"5568-1",0,0,2,1,0,50,1,1459899640945,"true",0,0,"close"
