"gameid","sClicked_2","sClicked_1","lClickedIndex","sClicked_0","sClickedIndex","roundNum","lClicked_2","time","outcome","lClicked_0","lClicked_1","condition"
"5574-2",0,1,1,0,1,42,0,1459897536012,"true",0,1,"close"
"5574-2",0,1,0,0,1,48,0,1459897732087,"true",1,0,"close"
"5574-2",0,1,1,0,1,43,0,1459897549538,"true",0,1,"far"
"5574-2",0,1,0,0,1,49,0,1459897743270,"true",1,0,"far"
"5574-2",1,0,0,0,2,24,0,1459897146722,"true",1,0,"split"
"5574-2",0,0,1,1,0,25,0,1459897186336,"true",0,1,"split"
"5574-2",0,0,1,1,0,26,0,1459897195277,"true",0,1,"far"
"5574-2",0,1,2,0,1,27,1,1459897213697,"true",0,0,"close"
"5574-2",1,0,2,0,2,20,1,1459897074008,"true",0,0,"far"
"5574-2",0,0,1,1,0,21,0,1459897084216,"true",0,1,"far"
"5574-2",1,0,0,0,2,22,0,1459897094456,"true",1,0,"far"
"5574-2",1,0,0,0,2,23,0,1459897135039,"true",1,0,"split"
"5574-2",1,0,0,0,2,46,0,1459897672560,"true",1,0,"close"
"5574-2",0,1,2,0,1,47,1,1459897695960,"true",0,0,"split"
"5574-2",0,1,1,0,1,44,0,1459897570019,"true",0,1,"close"
"5574-2",0,1,2,0,1,45,1,1459897580444,"true",0,0,"far"
"5574-2",1,0,1,0,2,28,0,1459897229135,"true",0,1,"split"
"5574-2",0,0,2,1,0,29,1,1459897239216,"true",0,0,"split"
"5574-2",0,1,1,0,1,40,0,1459897502330,"true",0,1,"split"
"5574-2",0,0,2,1,0,41,1,1459897513283,"true",0,0,"far"
"5574-2",0,1,2,0,1,1,1,1459896610115,"true",0,0,"far"
"5574-2",0,1,0,0,1,3,0,1459896676676,"true",1,0,"far"
"5574-2",0,1,0,0,1,2,0,1459896638334,"true",1,0,"close"
"5574-2",1,0,0,0,2,5,0,1459896727805,"true",1,0,"split"
"5574-2",0,1,2,0,1,4,1,1459896710336,"true",0,0,"split"
"5574-2",0,0,2,1,0,7,1,1459896766735,"true",0,0,"close"
"5574-2",0,1,1,0,1,6,0,1459896743697,"true",0,1,"split"
"5574-2",1,0,2,0,2,9,1,1459896809777,"true",0,0,"split"
"5574-2",0,1,0,0,1,8,0,1459896787028,"true",1,0,"close"
"5574-2",1,0,2,0,2,39,1,1459897474343,"false",0,0,"split"
"5574-2",0,1,0,0,1,38,0,1459897457540,"true",1,0,"far"
"5574-2",0,0,2,1,0,11,1,1459896847697,"true",0,0,"close"
"5574-2",0,0,0,1,0,10,0,1459896824946,"true",1,0,"far"
"5574-2",0,1,0,0,1,13,0,1459896886106,"true",1,0,"split"
"5574-2",0,0,1,1,0,12,0,1459896868058,"true",0,1,"close"
"5574-2",1,0,2,0,2,15,1,1459896958057,"true",0,0,"far"
"5574-2",1,0,2,0,2,14,1,1459896937446,"true",0,0,"close"
"5574-2",1,0,0,0,2,17,0,1459896996406,"true",1,0,"close"
"5574-2",0,1,2,0,1,16,1,1459896971966,"true",0,0,"close"
"5574-2",0,1,2,0,1,19,1,1459897058629,"true",0,0,"split"
"5574-2",0,1,0,0,1,18,0,1459897040633,"true",1,0,"close"
"5574-2",0,0,1,1,0,31,0,1459897293153,"true",0,1,"split"
"5574-2",0,1,2,0,1,30,1,1459897250892,"true",0,0,"far"
"5574-2",1,0,1,0,2,37,0,1459897443332,"true",0,1,"close"
"5574-2",1,0,2,0,2,36,1,1459897426638,"true",0,0,"far"
"5574-2",1,0,2,0,2,35,1,1459897415990,"true",0,0,"split"
"5574-2",0,1,2,0,1,34,1,1459897375758,"true",0,0,"close"
"5574-2",0,0,1,1,0,33,0,1459897360458,"true",0,1,"far"
"5574-2",0,1,0,0,1,32,0,1459897316388,"true",1,0,"far"
"5574-2",0,1,1,0,1,50,0,1459897758164,"true",0,1,"split"
