"gameid","sClicked_2","sClicked_1","lClickedIndex","sClicked_0","sClickedIndex","roundNum","lClicked_2","time","outcome","lClicked_0","lClicked_1","condition"
"5587-3",0,0,1,1,0,42,0,1476999998290,"true",0,1,"far"
"5587-3",1,0,0,0,2,48,0,1477000049209,"true",1,0,"far"
"5587-3",1,0,1,0,2,43,0,1477000004071,"true",0,1,"close"
"5587-3",0,1,1,0,1,49,0,1477000057606,"true",0,1,"far"
"5587-3",0,0,1,1,0,24,0,1476999776844,"true",0,1,"far"
"5587-3",1,0,0,0,2,25,0,1476999786189,"true",1,0,"far"
"5587-3",0,0,2,1,0,26,1,1476999794364,"true",0,0,"far"
"5587-3",1,0,0,0,2,27,0,1476999800683,"true",1,0,"far"
"5587-3",1,0,2,0,2,20,1,1476999747342,"true",0,0,"far"
"5587-3",0,1,2,0,1,21,1,1476999755612,"true",0,0,"close"
"5587-3",0,0,1,1,0,22,0,1476999762750,"true",0,1,"split"
"5587-3",1,0,2,0,2,23,1,1476999770124,"true",0,0,"far"
"5587-3",0,0,1,1,0,46,0,1477000027872,"true",0,1,"far"
"5587-3",0,1,2,0,1,47,1,1477000042351,"true",0,0,"close"
"5587-3",0,0,1,1,0,44,0,1477000014999,"true",0,1,"split"
"5587-3",0,1,2,0,1,45,1,1477000021607,"true",0,0,"split"
"5587-3",1,0,1,0,2,28,0,1476999809151,"true",0,1,"far"
"5587-3",1,0,0,0,2,29,0,1476999822685,"true",1,0,"close"
"5587-3",0,1,2,0,1,40,1,1476999982850,"true",0,0,"split"
"5587-3",0,1,0,0,1,41,0,1476999990441,"true",1,0,"split"
"5587-3",0,0,1,1,0,1,0,1476999473245,"true",0,1,"split"
"5587-3",1,0,2,0,2,3,1,1476999489225,"false",0,0,"split"
"5587-3",1,0,2,0,2,2,1,1476999480129,"true",0,0,"far"
"5587-3",1,0,2,0,2,5,1,1476999512053,"true",0,0,"split"
"5587-3",1,0,2,0,2,4,1,1476999501304,"true",0,0,"split"
"5587-3",0,1,0,0,1,7,0,1476999539094,"true",1,0,"split"
"5587-3",0,0,1,1,0,6,0,1476999531953,"true",0,1,"split"
"5587-3",0,1,1,0,1,9,0,1476999554041,"true",0,1,"far"
"5587-3",1,0,2,0,2,8,1,1476999546473,"true",0,0,"close"
"5587-3",0,0,2,1,0,39,1,1476999970703,"true",0,0,"far"
"5587-3",1,0,2,0,2,38,1,1476999964495,"true",0,0,"split"
"5587-3",1,0,1,0,2,11,0,1476999573320,"true",0,1,"far"
"5587-3",0,1,2,0,1,10,1,1476999567257,"true",0,0,"close"
"5587-3",0,0,0,1,0,13,0,1476999650795,"false",1,0,"close"
"5587-3",1,0,1,0,2,12,0,1476999584851,"true",0,1,"split"
"5587-3",0,0,2,1,0,15,1,1476999680859,"true",0,0,"split"
"5587-3",0,0,0,1,0,14,0,1476999675013,"true",1,0,"close"
"5587-3",0,1,0,0,1,17,0,1476999710604,"true",1,0,"close"
"5587-3",0,0,0,1,0,16,0,1476999703491,"true",1,0,"close"
"5587-3",1,0,0,0,2,19,0,1476999735669,"true",1,0,"far"
"5587-3",1,0,2,0,2,18,1,1476999722494,"true",0,0,"close"
"5587-3",1,0,1,0,2,31,0,1476999846076,"true",0,1,"far"
"5587-3",1,0,2,0,2,30,1,1476999839000,"false",0,0,"close"
"5587-3",1,0,0,0,2,37,0,1476999956946,"true",1,0,"split"
"5587-3",1,0,1,0,2,36,0,1476999941230,"true",0,1,"close"
"5587-3",1,0,1,0,2,35,0,1476999928542,"true",0,1,"split"
"5587-3",0,1,1,0,1,34,0,1476999913038,"true",0,1,"close"
"5587-3",0,0,0,1,0,33,0,1476999881533,"true",1,0,"split"
"5587-3",1,0,1,0,2,32,0,1476999868780,"true",0,1,"close"
"5587-3",1,0,0,0,2,50,0,1477000081760,"true",1,0,"close"
