"gameid","sClicked_2","sClicked_1","lClickedIndex","sClicked_0","sClickedIndex","roundNum","lClicked_2","time","outcome","lClicked_0","lClicked_1","condition"
"5589-f",0,0,1,1,0,42,0,1476992784892,"true",0,1,"far"
"5589-f",1,0,2,0,2,48,1,1476992854984,"true",0,0,"split"
"5589-f",0,1,2,0,1,43,1,1476992796742,"true",0,0,"close"
"5589-f",1,0,0,0,2,49,0,1476992870039,"true",1,0,"split"
"5589-f",0,0,1,1,0,24,0,1476992548594,"true",0,1,"close"
"5589-f",0,1,2,0,1,25,1,1476992566169,"true",0,0,"split"
"5589-f",0,0,0,1,0,26,0,1476992585318,"true",1,0,"split"
"5589-f",0,1,0,0,1,27,0,1476992595334,"true",1,0,"close"
"5589-f",0,0,2,1,0,20,1,1476992481850,"true",0,0,"close"
"5589-f",0,1,2,0,1,21,1,1476992509857,"true",0,0,"close"
"5589-f",0,1,0,0,1,22,0,1476992516980,"true",1,0,"far"
"5589-f",1,0,2,0,2,23,1,1476992541377,"true",0,0,"close"
"5589-f",0,1,0,0,1,46,0,1476992832646,"true",1,0,"close"
"5589-f",0,1,2,0,1,47,1,1476992843920,"true",0,0,"split"
"5589-f",1,0,2,0,2,44,1,1476992804218,"true",0,0,"split"
"5589-f",0,0,1,1,0,45,0,1476992825076,"true",0,1,"close"
"5589-f",1,0,0,0,2,28,0,1476992603174,"true",1,0,"far"
"5589-f",1,0,0,0,2,29,0,1476992617050,"false",1,0,"far"
"5589-f",0,1,1,0,1,40,0,1476992762012,"true",0,1,"close"
"5589-f",0,0,1,1,0,41,0,1476992777194,"true",0,1,"close"
"5589-f",0,0,0,1,0,1,0,1476992255209,"true",1,0,"split"
"5589-f",0,0,0,1,0,3,0,1476992269735,"true",1,0,"far"
"5589-f",0,0,1,1,0,2,0,1476992262635,"true",0,1,"far"
"5589-f",0,0,1,1,0,5,0,1476992288721,"true",0,1,"split"
"5589-f",0,1,0,0,1,4,0,1476992278881,"true",1,0,"split"
"5589-f",0,1,2,0,1,7,1,1476992303511,"true",0,0,"far"
"5589-f",0,0,0,1,0,6,0,1476992295647,"true",1,0,"split"
"5589-f",0,0,2,1,0,9,1,1476992322205,"true",0,0,"close"
"5589-f",0,0,1,1,0,8,0,1476992310560,"true",0,1,"far"
"5589-f",0,1,0,0,1,39,0,1476992746590,"true",1,0,"close"
"5589-f",0,1,0,0,1,38,0,1476992732915,"true",1,0,"split"
"5589-f",0,1,1,0,1,11,0,1476992352792,"true",0,1,"split"
"5589-f",0,0,1,1,0,10,0,1476992338903,"true",0,1,"split"
"5589-f",0,1,0,0,1,13,0,1476992376919,"true",1,0,"far"
"5589-f",1,0,2,0,2,12,1,1476992360443,"true",0,0,"far"
"5589-f",1,0,2,0,2,15,1,1476992406420,"true",0,0,"close"
"5589-f",0,0,1,1,0,14,0,1476992387339,"true",0,1,"close"
"5589-f",0,0,0,1,0,17,0,1476992450661,"true",1,0,"close"
"5589-f",1,0,2,0,2,16,1,1476992414352,"true",0,0,"close"
"5589-f",1,0,2,0,2,19,1,1476992469347,"true",0,0,"far"
"5589-f",0,1,2,0,1,18,1,1476992460873,"true",0,0,"split"
"5589-f",0,1,0,0,1,31,0,1476992632570,"true",1,0,"far"
"5589-f",0,0,2,1,0,30,1,1476992624374,"true",0,0,"far"
"5589-f",0,1,0,0,1,37,0,1476992711643,"true",1,0,"far"
"5589-f",0,0,2,1,0,36,1,1476992704700,"true",0,0,"far"
"5589-f",1,0,0,0,2,35,0,1476992696695,"true",1,0,"split"
"5589-f",0,1,0,0,1,34,0,1476992684533,"true",1,0,"close"
"5589-f",1,0,0,0,2,33,0,1476992657765,"true",1,0,"far"
"5589-f",0,1,2,0,1,32,1,1476992645547,"true",0,0,"split"
"5589-f",0,1,2,0,1,50,1,1476992886615,"true",0,0,"split"
