"gameid","sClicked_2","sClicked_1","lClickedIndex","sClicked_0","sClickedIndex","roundNum","lClicked_2","time","outcome","lClicked_0","lClicked_1","condition"
"5613-0",0,0,1,1,0,42,0,1459883009190,"true",0,1,"close"
"5613-0",0,0,2,1,0,48,1,1459883067046,"true",0,0,"close"
"5613-0",0,0,2,1,0,43,1,1459883024034,"true",0,0,"close"
"5613-0",0,1,2,0,1,49,1,1459883077727,"true",0,0,"split"
"5613-0",1,0,0,0,2,24,0,1459882775353,"true",1,0,"close"
"5613-0",0,1,0,0,1,25,0,1459882800111,"true",1,0,"close"
"5613-0",0,0,0,1,0,26,0,1459882811882,"true",1,0,"far"
"5613-0",0,0,2,1,0,27,1,1459882830823,"true",0,0,"close"
"5613-0",1,0,2,0,2,20,1,1459882712748,"true",0,0,"far"
"5613-0",1,0,0,0,2,21,0,1459882719593,"true",1,0,"far"
"5613-0",0,1,0,0,1,22,0,1459882733360,"false",1,0,"split"
"5613-0",1,0,2,0,2,23,1,1459882764870,"true",0,0,"close"
"5613-0",0,1,0,0,1,46,0,1459883052791,"true",1,0,"far"
"5613-0",0,1,0,0,1,47,0,1459883059074,"true",1,0,"far"
"5613-0",0,0,2,1,0,44,1,1459883033146,"true",0,0,"far"
"5613-0",1,0,2,0,2,45,1,1459883045437,"true",0,0,"split"
"5613-0",0,0,0,1,0,28,0,1459882841484,"true",1,0,"far"
"5613-0",1,0,0,0,2,29,0,1459882851078,"true",1,0,"split"
"5613-0",0,0,0,1,0,40,0,1459882958981,"true",1,0,"far"
"5613-0",0,1,2,0,1,41,1,1459882973113,"true",0,0,"close"
"5613-0",0,0,1,1,0,1,0,1459882477519,"true",0,1,"split"
"5613-0",1,0,2,0,2,3,1,1459882499523,"true",0,0,"split"
"5613-0",0,0,0,1,0,2,0,1459882492505,"true",1,0,"far"
"5613-0",0,1,2,0,1,5,1,1459882519875,"false",0,0,"close"
"5613-0",0,1,1,0,1,4,0,1459882509435,"true",0,1,"split"
"5613-0",0,1,0,0,1,7,0,1459882541933,"true",1,0,"close"
"5613-0",0,1,2,0,1,6,1,1459882528252,"true",0,0,"far"
"5613-0",1,0,0,0,2,9,0,1459882567308,"true",1,0,"split"
"5613-0",1,0,1,0,2,8,0,1459882554577,"true",0,1,"split"
"5613-0",0,1,0,0,1,39,0,1459882952617,"true",1,0,"split"
"5613-0",0,1,0,0,1,38,0,1459882938911,"true",1,0,"far"
"5613-0",0,1,1,0,1,11,0,1459882595328,"true",0,1,"close"
"5613-0",0,1,0,0,1,10,0,1459882581157,"true",1,0,"split"
"5613-0",0,1,2,0,1,13,1,1459882612560,"true",0,0,"far"
"5613-0",0,1,1,0,1,12,0,1459882604538,"true",0,1,"close"
"5613-0",0,1,0,0,1,15,0,1459882641082,"true",1,0,"split"
"5613-0",0,0,1,1,0,14,0,1459882621948,"true",0,1,"split"
"5613-0",1,0,1,0,2,17,0,1459882666376,"true",0,1,"close"
"5613-0",0,0,0,1,0,16,0,1459882651481,"true",1,0,"split"
"5613-0",0,0,2,1,0,19,1,1459882698960,"true",0,0,"close"
"5613-0",0,0,1,1,0,18,0,1459882674046,"true",0,1,"split"
"5613-0",1,0,1,0,2,31,0,1459882867686,"true",0,1,"far"
"5613-0",0,1,2,0,1,30,1,1459882861112,"true",0,0,"close"
"5613-0",1,0,0,0,2,37,0,1459882927205,"true",1,0,"close"
"5613-0",0,1,0,0,1,36,0,1459882920842,"true",1,0,"far"
"5613-0",0,0,1,1,0,35,0,1459882908432,"true",0,1,"far"
"5613-0",0,0,1,1,0,34,0,1459882901624,"true",0,1,"close"
"5613-0",0,1,0,0,1,33,0,1459882889806,"true",1,0,"split"
"5613-0",0,0,0,1,0,32,0,1459882876288,"true",1,0,"split"
"5613-0",0,1,0,0,1,50,0,1459883083923,"true",1,0,"far"
