"gameid","sClicked_2","sClicked_1","lClickedIndex","sClicked_0","sClickedIndex","roundNum","lClicked_2","time","outcome","lClicked_0","lClicked_1","condition"
"5617-8",0,0,0,1,0,42,0,1476993202930,"true",1,0,"far"
"5617-8",1,0,1,0,2,48,0,1476993265210,"true",0,1,"close"
"5617-8",1,0,2,0,2,43,1,1476993214422,"true",0,0,"far"
"5617-8",0,1,0,0,1,49,0,1476993272660,"true",1,0,"far"
"5617-8",1,0,0,0,2,24,0,1476992989290,"true",1,0,"far"
"5617-8",1,0,2,0,2,25,1,1476992997428,"true",0,0,"far"
"5617-8",1,0,2,0,2,26,1,1476993007572,"true",0,0,"far"
"5617-8",0,0,2,1,0,27,1,1476993021091,"false",0,0,"split"
"5617-8",0,0,2,1,0,20,1,1476992894458,"true",0,0,"far"
"5617-8",0,0,0,1,0,21,0,1476992913154,"true",1,0,"close"
"5617-8",1,0,0,0,2,22,0,1476992927812,"true",1,0,"split"
"5617-8",0,1,0,0,1,23,0,1476992975330,"true",1,0,"close"
"5617-8",1,0,0,0,2,46,0,1476993245130,"true",1,0,"close"
"5617-8",1,0,1,0,2,47,0,1476993255258,"true",0,1,"close"
"5617-8",0,0,2,1,0,44,1,1476993221343,"true",0,0,"close"
"5617-8",0,1,0,0,1,45,0,1476993231370,"true",1,0,"far"
"5617-8",0,0,2,1,0,28,1,1476993034058,"true",0,0,"split"
"5617-8",0,0,2,1,0,29,1,1476993043986,"true",0,0,"close"
"5617-8",0,0,2,1,0,40,1,1476993181340,"true",0,0,"far"
"5617-8",0,0,1,1,0,41,0,1476993195011,"false",0,1,"close"
"5617-8",0,0,1,1,0,1,0,1476992655889,"true",0,1,"split"
"5617-8",0,1,0,0,1,3,0,1476992691995,"true",1,0,"split"
"5617-8",0,1,1,0,1,2,0,1476992674419,"false",0,1,"close"
"5617-8",1,0,1,0,2,5,0,1476992731851,"true",0,1,"split"
"5617-8",0,1,2,0,1,4,1,1476992711050,"true",0,0,"close"
"5617-8",1,0,0,0,2,7,0,1476992752210,"true",1,0,"split"
"5617-8",0,1,1,0,1,6,0,1476992743942,"true",0,1,"close"
"5617-8",0,0,2,1,0,9,1,1476992784583,"true",0,0,"split"
"5617-8",0,0,0,1,0,8,0,1476992775493,"false",1,0,"close"
"5617-8",0,0,2,1,0,39,1,1476993172173,"true",0,0,"split"
"5617-8",0,1,2,0,1,38,1,1476993164378,"true",0,0,"split"
"5617-8",1,0,2,0,2,11,1,1476992802411,"true",0,0,"far"
"5617-8",1,0,2,0,2,10,1,1476992792170,"true",0,0,"far"
"5617-8",0,0,0,1,0,13,0,1476992830818,"true",1,0,"split"
"5617-8",0,0,1,1,0,12,0,1476992821018,"true",0,1,"split"
"5617-8",0,1,0,0,1,15,0,1476992847330,"true",1,0,"far"
"5617-8",1,0,1,0,2,14,0,1476992839851,"true",0,1,"far"
"5617-8",1,0,0,0,2,17,0,1476992868532,"true",1,0,"far"
"5617-8",0,0,1,1,0,16,0,1476992855690,"true",0,1,"close"
"5617-8",1,0,0,0,2,19,0,1476992886938,"true",1,0,"far"
"5617-8",0,1,2,0,1,18,1,1476992878372,"true",0,0,"split"
"5617-8",0,1,2,0,1,31,1,1476993061577,"true",0,0,"far"
"5617-8",0,1,2,0,1,30,1,1476993053332,"true",0,0,"split"
"5617-8",1,0,2,0,2,37,1,1476993145582,"true",0,0,"split"
"5617-8",0,1,1,0,1,36,0,1476993133149,"true",0,1,"far"
"5617-8",1,0,1,0,2,35,0,1476993121136,"false",0,1,"close"
"5617-8",1,0,2,0,2,34,1,1476993094595,"true",0,0,"close"
"5617-8",1,0,2,0,2,33,1,1476993086413,"true",0,0,"close"
"5617-8",0,0,1,1,0,32,0,1476993073058,"true",0,1,"split"
"5617-8",0,1,1,0,1,50,0,1476993281251,"true",0,1,"split"
