"gameid","sClicked_2","sClicked_1","lClickedIndex","sClicked_0","sClickedIndex","roundNum","lClicked_2","time","outcome","lClicked_0","lClicked_1","condition"
"5626-3",0,1,0,0,1,42,0,1476494134039,"true",1,0,"close"
"5626-3",0,1,2,0,1,43,1,1476494165268,"true",0,0,"close"
"5626-3",0,0,0,1,0,49,0,1476494252424,"false",1,0,"close"
"5626-3",0,1,2,0,1,24,1,1476493705495,"true",0,0,"split"
"5626-3",0,0,0,1,0,25,0,1476493718041,"false",1,0,"far"
"5626-3",0,0,1,1,0,26,0,1476493777083,"false",0,1,"split"
"5626-3",0,1,1,0,1,27,0,1476493788279,"true",0,1,"far"
"5626-3",0,0,0,1,0,20,0,1476493612883,"true",1,0,"split"
"5626-3",0,1,2,0,1,21,1,1476493622009,"true",0,0,"far"
"5626-3",0,1,1,0,1,22,0,1476493669578,"true",0,1,"close"
"5626-3",1,0,1,0,2,23,0,1476493683888,"true",0,1,"split"
"5626-3",0,1,0,0,1,46,0,1476494200949,"true",1,0,"far"
"5626-3",1,0,0,0,2,47,0,1476494216861,"true",1,0,"split"
"5626-3",1,0,0,0,2,44,0,1476494177083,"true",1,0,"far"
"5626-3",0,0,0,1,0,45,0,1476494191256,"true",1,0,"split"
"5626-3",0,1,1,0,1,28,0,1476493801195,"true",0,1,"split"
"5626-3",0,0,0,1,0,29,0,1476493828763,"true",1,0,"close"
"5626-3",0,0,1,1,0,40,0,1476494056270,"false",0,1,"split"
"5626-3",0,0,0,1,0,41,0,1476494118443,"true",1,0,"split"
"5626-3",0,1,2,0,1,1,1,1476493168691,"true",0,0,"split"
"5626-3",0,1,1,0,1,3,0,1476493221487,"true",0,1,"close"
"5626-3",1,0,1,0,2,2,0,1476493208572,"true",0,1,"close"
"5626-3",0,0,1,1,0,5,0,1476493267320,"true",0,1,"close"
"5626-3",1,0,0,0,2,4,0,1476493245858,"true",1,0,"split"
"5626-3",1,0,0,0,2,7,0,1476493290109,"true",1,0,"close"
"5626-3",0,1,1,0,1,6,0,1476493276332,"true",0,1,"far"
"5626-3",1,0,0,0,2,9,0,1476493313186,"true",1,0,"far"
"5626-3",1,0,0,0,2,8,0,1476493301752,"true",1,0,"split"
"5626-3",0,1,0,0,1,39,0,1476494013065,"true",1,0,"far"
"5626-3",1,0,2,0,2,38,1,1476494003380,"true",0,0,"far"
"5626-3",0,0,2,1,0,11,1,1476493385504,"true",0,0,"far"
"5626-3",0,0,1,1,0,10,0,1476493377539,"true",0,1,"close"
"5626-3",0,1,0,0,1,13,0,1476493437968,"true",1,0,"close"
"5626-3",0,0,2,1,0,12,1,1476493423525,"true",0,0,"close"
"5626-3",0,1,1,0,1,15,0,1476493510301,"false",0,1,"split"
"5626-3",0,1,1,0,1,14,0,1476493485403,"false",0,1,"close"
"5626-3",1,0,0,0,2,17,0,1476493541971,"true",1,0,"far"
"5626-3",1,0,2,0,2,16,1,1476493528821,"true",0,0,"far"
"5626-3",0,1,2,0,1,19,1,1476493590728,"true",0,0,"far"
"5626-3",0,1,1,0,1,32,0,1476493896810,"true",0,1,"close"
"5626-3",0,0,1,1,0,31,0,1476493882402,"true",0,1,"close"
"5626-3",0,0,2,1,0,30,1,1476493861111,"false",0,0,"split"
"5626-3",0,0,2,1,0,37,1,1476493988414,"false",0,0,"close"
"5626-3",1,0,0,0,2,36,0,1476493977414,"true",1,0,"close"
"5626-3",1,0,2,0,2,35,1,1476493933330,"true",0,0,"far"
"5626-3",0,0,1,1,0,34,0,1476493925289,"true",0,1,"split"
"5626-3",0,0,1,1,0,33,0,1476493910068,"true",0,1,"far"
"5626-3",0,0,0,1,0,48,0,1476494229777,"true",1,0,"far"
"5626-3",0,0,0,1,0,50,0,1476494266308,"true",1,0,"far"
