"gameid","sClicked_2","sClicked_1","lClickedIndex","sClicked_0","sClickedIndex","roundNum","lClicked_2","time","outcome","lClicked_0","lClicked_1","condition"
"5666-f",0,0,0,1,0,42,0,1476990810187,"true",1,0,"far"
"5666-f",1,0,0,0,2,48,0,1476990862641,"false",1,0,"close"
"5666-f",0,1,0,0,1,43,0,1476990818408,"true",1,0,"far"
"5666-f",0,0,0,1,0,49,0,1476990872881,"true",1,0,"split"
"5666-f",0,0,0,1,0,24,0,1476990630265,"true",1,0,"close"
"5666-f",0,0,2,1,0,25,1,1476990640094,"true",0,0,"close"
"5666-f",1,0,2,0,2,26,1,1476990652463,"true",0,0,"split"
"5666-f",0,1,1,0,1,27,0,1476990664561,"true",0,1,"split"
"5666-f",0,0,1,1,0,20,0,1476990577857,"true",0,1,"far"
"5666-f",0,1,1,0,1,21,0,1476990586402,"true",0,1,"far"
"5666-f",0,0,2,1,0,22,1,1476990594680,"true",0,0,"close"
"5666-f",1,0,1,0,2,23,0,1476990604792,"true",0,1,"split"
"5666-f",0,1,2,0,1,46,1,1476990840195,"true",0,0,"far"
"5666-f",0,1,0,0,1,47,0,1476990847829,"true",1,0,"close"
"5666-f",1,0,1,0,2,44,0,1476990827221,"true",0,1,"split"
"5666-f",0,1,2,0,1,45,1,1476990834088,"true",0,0,"split"
"5666-f",0,1,1,0,1,28,0,1476990680485,"true",0,1,"far"
"5666-f",0,0,1,1,0,29,0,1476990687485,"true",0,1,"far"
"5666-f",1,0,1,0,2,40,0,1476990794055,"true",0,1,"split"
"5666-f",1,0,1,0,2,41,0,1476990800659,"true",0,1,"split"
"5666-f",0,0,0,1,0,1,0,1476990359919,"true",1,0,"far"
"5666-f",0,0,1,1,0,3,0,1476990388469,"true",0,1,"close"
"5666-f",1,0,0,0,2,2,0,1476990379937,"true",1,0,"close"
"5666-f",0,0,1,1,0,5,0,1476990407423,"true",0,1,"split"
"5666-f",0,1,0,0,1,4,0,1476990398058,"true",1,0,"close"
"5666-f",0,1,2,0,1,7,1,1476990441939,"true",0,0,"close"
"5666-f",0,0,0,1,0,6,0,1476990419765,"true",1,0,"split"
"5666-f",1,0,2,0,2,9,1,1476990469877,"true",0,0,"close"
"5666-f",0,1,0,0,1,8,0,1476990453396,"true",1,0,"close"
"5666-f",0,0,0,1,0,39,0,1476990783699,"true",1,0,"close"
"5666-f",0,0,1,1,0,38,0,1476990775504,"false",0,1,"close"
"5666-f",0,1,0,0,1,11,0,1476990484540,"true",1,0,"far"
"5666-f",1,0,1,0,2,10,0,1476990476684,"true",0,1,"far"
"5666-f",0,1,1,0,1,13,0,1476990506949,"true",0,1,"split"
"5666-f",1,0,0,0,2,12,0,1476990495972,"true",1,0,"split"
"5666-f",1,0,2,0,2,15,1,1476990521274,"true",0,0,"far"
"5666-f",1,0,0,0,2,14,0,1476990514364,"true",1,0,"far"
"5666-f",0,1,2,0,1,17,1,1476990556177,"true",0,0,"split"
"5666-f",0,1,1,0,1,16,0,1476990542865,"true",0,1,"close"
"5666-f",0,1,1,0,1,19,0,1476990570858,"true",0,1,"split"
"5666-f",0,0,2,1,0,18,1,1476990562602,"true",0,0,"far"
"5666-f",0,0,2,1,0,31,1,1476990717891,"true",0,0,"close"
"5666-f",1,0,2,0,2,30,1,1476990702605,"true",0,0,"split"
"5666-f",0,1,2,0,1,37,1,1476990762292,"true",0,0,"split"
"5666-f",0,1,0,0,1,36,0,1476990754445,"true",1,0,"far"
"5666-f",1,0,1,0,2,35,0,1476990747013,"true",0,1,"far"
"5666-f",0,0,1,1,0,34,0,1476990739835,"true",0,1,"far"
"5666-f",1,0,2,0,2,33,1,1476990733755,"true",0,0,"far"
"5666-f",1,0,0,0,2,32,0,1476990726452,"true",1,0,"split"
"5666-f",0,1,1,0,1,50,0,1476990891414,"false",0,1,"close"
