"gameid","sClicked_2","sClicked_1","lClickedIndex","sClicked_0","sClickedIndex","roundNum","lClicked_2","time","outcome","lClicked_0","lClicked_1","condition"
"5672-9",1,0,1,0,2,42,0,1476993918326,"true",0,1,"far"
"5672-9",0,0,2,1,0,48,1,1476993981786,"true",0,0,"close"
"5672-9",0,1,0,0,1,43,0,1476993939393,"false",1,0,"close"
"5672-9",0,1,2,0,1,49,1,1476994008907,"true",0,0,"close"
"5672-9",1,0,2,0,2,24,1,1476993724251,"true",0,0,"far"
"5672-9",0,1,1,0,1,25,0,1476993736668,"true",0,1,"close"
"5672-9",1,0,0,0,2,26,0,1476993743289,"true",1,0,"far"
"5672-9",0,0,1,1,0,27,0,1476993756107,"true",0,1,"close"
"5672-9",1,0,0,0,2,20,0,1476993681744,"true",1,0,"far"
"5672-9",1,0,1,0,2,21,0,1476993689661,"true",0,1,"split"
"5672-9",0,0,2,1,0,22,1,1476993708281,"false",0,0,"close"
"5672-9",1,0,1,0,2,23,0,1476993717046,"true",0,1,"far"
"5672-9",0,1,0,0,1,46,0,1476993967456,"true",1,0,"far"
"5672-9",1,0,2,0,2,47,1,1476993973788,"true",0,0,"far"
"5672-9",1,0,1,0,2,44,0,1476993948637,"true",0,1,"split"
"5672-9",0,1,0,0,1,45,0,1476993956776,"true",1,0,"far"
"5672-9",0,1,1,0,1,28,0,1476993763631,"true",0,1,"split"
"5672-9",0,1,1,0,1,29,0,1476993772221,"true",0,1,"far"
"5672-9",0,0,2,1,0,40,1,1476993901146,"true",0,0,"split"
"5672-9",0,1,0,0,1,41,0,1476993911568,"true",1,0,"split"
"5672-9",1,0,1,0,2,1,0,1476993423066,"false",0,1,"split"
"5672-9",0,1,2,0,1,3,1,1476993440632,"true",0,0,"split"
"5672-9",0,1,0,0,1,2,0,1476993434483,"true",1,0,"close"
"5672-9",1,0,1,0,2,5,0,1476993462197,"true",0,1,"split"
"5672-9",0,1,0,0,1,4,0,1476993447588,"true",1,0,"far"
"5672-9",0,1,1,0,1,7,0,1476993480021,"true",0,1,"split"
"5672-9",0,0,0,1,0,6,0,1476993470621,"true",1,0,"split"
"5672-9",0,1,2,0,1,9,1,1476993508723,"true",0,0,"far"
"5672-9",1,0,0,0,2,8,0,1476993497346,"true",1,0,"split"
"5672-9",1,0,1,0,2,39,0,1476993894136,"true",0,1,"split"
"5672-9",1,0,0,0,2,38,0,1476993887949,"true",1,0,"split"
"5672-9",1,0,1,0,2,11,0,1476993546925,"true",0,1,"far"
"5672-9",0,1,1,0,1,10,0,1476993531627,"true",0,1,"close"
"5672-9",0,1,2,0,1,13,1,1476993565003,"true",0,0,"split"
"5672-9",0,0,2,1,0,12,1,1476993553468,"true",0,0,"far"
"5672-9",0,1,0,0,1,15,0,1476993594123,"true",1,0,"far"
"5672-9",0,1,1,0,1,14,0,1476993584799,"true",0,1,"close"
"5672-9",1,0,1,0,2,17,0,1476993638093,"true",0,1,"close"
"5672-9",0,1,2,0,1,16,1,1476993609604,"true",0,0,"close"
"5672-9",0,1,0,0,1,19,0,1476993668931,"true",1,0,"split"
"5672-9",0,1,0,0,1,18,0,1476993648041,"true",1,0,"far"
"5672-9",0,1,1,0,1,31,0,1476993808502,"true",0,1,"far"
"5672-9",0,1,2,0,1,30,1,1476993799521,"false",0,0,"close"
"5672-9",0,0,0,1,0,37,0,1476993875391,"true",1,0,"split"
"5672-9",0,1,1,0,1,36,0,1476993860062,"true",0,1,"far"
"5672-9",0,1,0,0,1,35,0,1476993851693,"true",1,0,"split"
"5672-9",0,1,1,0,1,34,0,1476993844507,"true",0,1,"close"
"5672-9",1,0,0,0,2,33,0,1476993833387,"true",1,0,"close"
"5672-9",0,1,1,0,1,32,0,1476993821236,"true",0,1,"close"
"5672-9",0,0,2,1,0,50,1,1476994023971,"true",0,0,"close"
