"gameid","sClicked_2","sClicked_1","lClickedIndex","sClicked_0","sClickedIndex","roundNum","lClicked_2","time","outcome","lClicked_0","lClicked_1","condition"
"5697-7",0,1,1,0,1,42,0,1476991638821,"false",0,1,"split"
"5697-7",0,0,2,1,0,48,1,1476991748735,"true",0,0,"far"
"5697-7",1,0,0,0,2,43,0,1476991645967,"true",1,0,"close"
"5697-7",0,0,1,1,0,49,0,1476991758056,"true",0,1,"far"
"5697-7",1,0,0,0,2,24,0,1476991305265,"true",1,0,"split"
"5697-7",0,0,1,1,0,25,0,1476991325175,"true",0,1,"split"
"5697-7",1,0,0,0,2,26,0,1476991335972,"true",1,0,"far"
"5697-7",0,1,1,0,1,27,0,1476991350675,"false",0,1,"split"
"5697-7",0,0,2,1,0,20,1,1476991245153,"true",0,0,"close"
"5697-7",0,1,0,0,1,21,0,1476991255755,"true",1,0,"far"
"5697-7",0,1,0,0,1,22,0,1476991280352,"false",1,0,"far"
"5697-7",0,0,0,1,0,23,0,1476991297431,"true",1,0,"far"
"5697-7",0,0,2,1,0,46,1,1476991707239,"true",0,0,"split"
"5697-7",0,1,1,0,1,47,0,1476991741569,"true",0,1,"close"
"5697-7",1,0,2,0,2,44,1,1476991660253,"true",0,0,"close"
"5697-7",0,0,1,1,0,45,0,1476991691701,"true",0,1,"close"
"5697-7",1,0,0,0,2,28,0,1476991366741,"false",1,0,"split"
"5697-7",0,1,1,0,1,29,0,1476991391674,"true",0,1,"close"
"5697-7",0,1,2,0,1,40,1,1476991605337,"true",0,0,"far"
"5697-7",0,1,0,0,1,41,0,1476991623108,"true",1,0,"close"
"5697-7",1,0,0,0,2,1,0,1476990882028,"false",1,0,"far"
"5697-7",0,0,0,1,0,3,0,1476990923952,"true",1,0,"split"
"5697-7",0,0,2,1,0,2,1,1476990903942,"true",0,0,"split"
"5697-7",1,0,0,0,2,5,0,1476990951801,"true",1,0,"far"
"5697-7",0,1,1,0,1,4,0,1476990938268,"true",0,1,"close"
"5697-7",0,0,1,1,0,7,0,1476990986298,"true",0,1,"close"
"5697-7",0,0,0,1,0,6,0,1476990966716,"true",1,0,"far"
"5697-7",0,0,1,1,0,9,0,1476991012590,"true",0,1,"far"
"5697-7",0,1,0,0,1,8,0,1476990998138,"true",1,0,"split"
"5697-7",1,0,1,0,2,39,0,1476991598634,"false",0,1,"close"
"5697-7",0,1,1,0,1,38,0,1476991580697,"true",0,1,"far"
"5697-7",0,0,2,1,0,11,1,1476991030453,"true",0,0,"far"
"5697-7",0,1,2,0,1,10,1,1476991022770,"true",0,0,"far"
"5697-7",0,1,2,0,1,13,1,1476991079413,"true",0,0,"split"
"5697-7",1,0,1,0,2,12,0,1476991054716,"false",0,1,"close"
"5697-7",0,0,1,1,0,15,0,1476991128599,"false",0,1,"split"
"5697-7",1,0,1,0,2,14,0,1476991099978,"true",0,1,"close"
"5697-7",1,0,1,0,2,17,0,1476991181333,"false",0,1,"split"
"5697-7",0,0,2,1,0,16,1,1476991160052,"true",0,0,"split"
"5697-7",1,0,1,0,2,19,0,1476991207419,"true",0,1,"split"
"5697-7",0,0,2,1,0,18,1,1476991195870,"false",0,0,"close"
"5697-7",1,0,0,0,2,31,0,1476991420086,"true",1,0,"close"
"5697-7",0,1,1,0,1,30,0,1476991406275,"true",0,1,"far"
"5697-7",0,0,2,1,0,37,1,1476991573443,"false",0,0,"close"
"5697-7",0,0,1,1,0,36,0,1476991532601,"true",0,1,"split"
"5697-7",1,0,0,0,2,35,0,1476991521078,"true",1,0,"far"
"5697-7",0,1,0,0,1,34,0,1476991504439,"false",1,0,"close"
"5697-7",0,0,2,1,0,33,1,1476991448318,"true",0,0,"close"
"5697-7",1,0,1,0,2,32,0,1476991431681,"true",0,1,"split"
"5697-7",0,1,2,0,1,50,1,1476991772975,"true",0,0,"split"
