"gameid","sClicked_2","sClicked_1","lClickedIndex","sClicked_0","sClickedIndex","roundNum","lClicked_2","time","outcome","lClicked_0","lClicked_1","condition"
"5697-a",1,0,1,0,2,42,0,1476495376751,"true",0,1,"split"
"5697-a",0,1,2,0,1,48,1,1476495441506,"true",0,0,"far"
"5697-a",1,0,1,0,2,43,0,1476495387768,"true",0,1,"split"
"5697-a",0,1,1,0,1,49,0,1476495462442,"true",0,1,"split"
"5697-a",0,1,0,0,1,24,0,1476495188848,"true",1,0,"split"
"5697-a",1,0,1,0,2,25,0,1476495198020,"false",0,1,"far"
"5697-a",1,0,1,0,2,26,0,1476495204893,"true",0,1,"far"
"5697-a",1,0,0,0,2,27,0,1476495222661,"true",1,0,"split"
"5697-a",1,0,1,0,2,20,0,1476495127329,"true",0,1,"split"
"5697-a",0,1,1,0,1,21,0,1476495138044,"true",0,1,"close"
"5697-a",1,0,0,0,2,22,0,1476495161789,"true",1,0,"split"
"5697-a",0,1,1,0,1,23,0,1476495176727,"true",0,1,"split"
"5697-a",1,0,0,0,2,46,0,1476495426498,"true",1,0,"far"
"5697-a",1,0,2,0,2,47,1,1476495433941,"true",0,0,"far"
"5697-a",1,0,2,0,2,44,1,1476495401418,"false",0,0,"close"
"5697-a",0,0,0,1,0,45,0,1476495416069,"false",1,0,"split"
"5697-a",0,0,1,1,0,28,0,1476495229745,"true",0,1,"far"
"5697-a",1,0,0,0,2,29,0,1476495242645,"false",1,0,"close"
"5697-a",0,0,0,1,0,40,0,1476495357923,"true",1,0,"close"
"5697-a",0,1,0,0,1,41,0,1476495369565,"true",1,0,"far"
"5697-a",0,1,1,0,1,1,0,1476494827313,"true",0,1,"close"
"5697-a",0,0,2,1,0,3,1,1476494859624,"false",0,0,"split"
"5697-a",0,1,0,0,1,2,0,1476494837348,"true",1,0,"far"
"5697-a",0,0,2,1,0,5,1,1476494884719,"true",0,0,"far"
"5697-a",0,1,1,0,1,4,0,1476494873033,"true",0,1,"far"
"5697-a",0,1,0,0,1,7,0,1476494916766,"true",1,0,"close"
"5697-a",0,1,1,0,1,6,0,1476494903855,"true",0,1,"split"
"5697-a",0,0,0,1,0,9,0,1476494943828,"true",1,0,"far"
"5697-a",1,0,2,0,2,8,1,1476494932014,"false",0,0,"close"
"5697-a",0,0,2,1,0,39,1,1476495342222,"true",0,0,"far"
"5697-a",0,0,2,1,0,38,1,1476495333118,"true",0,0,"close"
"5697-a",1,0,0,0,2,11,0,1476494998830,"true",1,0,"close"
"5697-a",1,0,2,0,2,10,1,1476494965658,"true",0,0,"close"
"5697-a",1,0,1,0,2,13,0,1476495049174,"true",0,1,"split"
"5697-a",0,0,2,1,0,12,1,1476495027028,"true",0,0,"split"
"5697-a",0,1,0,0,1,15,0,1476495075766,"true",1,0,"split"
"5697-a",0,1,1,0,1,14,0,1476495062031,"false",0,1,"close"
"5697-a",1,0,0,0,2,17,0,1476495091078,"true",1,0,"far"
"5697-a",0,1,2,0,1,16,1,1476495083973,"true",0,0,"split"
"5697-a",0,0,2,1,0,19,1,1476495117534,"true",0,0,"split"
"5697-a",1,0,2,0,2,18,1,1476495099615,"true",0,0,"close"
"5697-a",0,1,2,0,1,31,1,1476495262199,"true",0,0,"far"
"5697-a",0,0,0,1,0,30,0,1476495254733,"true",1,0,"close"
"5697-a",0,0,0,1,0,37,0,1476495322019,"true",1,0,"split"
"5697-a",0,0,0,1,0,36,0,1476495312678,"false",1,0,"close"
"5697-a",0,1,2,0,1,35,1,1476495300205,"true",0,0,"far"
"5697-a",1,0,2,0,2,34,1,1476495286385,"true",0,0,"far"
"5697-a",0,0,1,1,0,33,0,1476495278398,"true",0,1,"close"
"5697-a",0,1,0,0,1,32,0,1476495271340,"true",1,0,"far"
"5697-a",0,1,1,0,1,50,0,1476495476908,"true",0,1,"close"
