"gameid","sClicked_2","sClicked_1","lClickedIndex","sClicked_0","sClickedIndex","roundNum","lClicked_2","time","outcome","lClicked_0","lClicked_1","condition"
"5704-b",0,1,0,0,1,42,0,1476476402219,"true",1,0,"split"
"5704-b",1,0,2,0,2,48,1,1476476464437,"true",0,0,"far"
"5704-b",1,0,2,0,2,43,1,1476476409211,"true",0,0,"far"
"5704-b",0,0,1,1,0,49,0,1476476495159,"true",0,1,"far"
"5704-b",0,1,2,0,1,24,1,1476476031059,"false",0,0,"close"
"5704-b",0,1,0,0,1,25,0,1476476039828,"true",1,0,"far"
"5704-b",0,1,2,0,1,26,1,1476476047940,"true",0,0,"far"
"5704-b",0,0,2,1,0,27,1,1476476076485,"true",0,0,"close"
"5704-b",1,0,2,0,2,20,1,1476475972025,"true",0,0,"split"
"5704-b",0,1,0,0,1,21,0,1476475981386,"true",1,0,"far"
"5704-b",0,1,1,0,1,22,0,1476475990005,"true",0,1,"split"
"5704-b",0,0,0,1,0,23,0,1476476003858,"false",1,0,"close"
"5704-b",1,0,0,0,2,46,0,1476476449604,"true",1,0,"far"
"5704-b",1,0,0,0,2,47,0,1476476456381,"true",1,0,"far"
"5704-b",0,0,2,1,0,44,1,1476476425796,"true",0,0,"close"
"5704-b",1,0,2,0,2,45,1,1476476438933,"true",0,0,"split"
"5704-b",1,0,2,0,2,28,1,1476476087717,"true",0,0,"close"
"5704-b",0,0,1,1,0,29,0,1476476100517,"false",0,1,"close"
"5704-b",0,0,2,1,0,40,1,1476476377826,"true",0,0,"far"
"5704-b",0,0,1,1,0,41,0,1476476393722,"false",0,1,"far"
"5704-b",1,0,2,0,2,1,1,1476475542578,"true",0,0,"split"
"5704-b",1,0,2,0,2,3,1,1476475562727,"true",0,0,"close"
"5704-b",0,0,2,1,0,2,1,1476475554488,"false",0,0,"far"
"5704-b",1,0,0,0,2,5,0,1476475589745,"false",1,0,"split"
"5704-b",0,1,1,0,1,4,0,1476475574624,"true",0,1,"split"
"5704-b",0,0,2,1,0,7,1,1476475605425,"true",0,0,"far"
"5704-b",1,0,0,0,2,6,0,1476475599065,"true",1,0,"far"
"5704-b",1,0,0,0,2,9,0,1476475672668,"true",1,0,"split"
"5704-b",1,0,0,0,2,8,0,1476475657321,"true",1,0,"close"
"5704-b",1,0,1,0,2,39,0,1476476370017,"true",0,1,"close"
"5704-b",0,0,1,1,0,38,0,1476476330839,"true",0,1,"far"
"5704-b",1,0,1,0,2,11,0,1476475700638,"true",0,1,"split"
"5704-b",1,0,2,0,2,10,1,1476475690240,"true",0,0,"close"
"5704-b",1,0,1,0,2,13,0,1476475747752,"true",0,1,"split"
"5704-b",1,0,2,0,2,12,1,1476475739913,"false",0,0,"close"
"5704-b",0,0,2,1,0,15,1,1476475799367,"true",0,0,"split"
"5704-b",0,0,2,1,0,14,1,1476475771216,"true",0,0,"split"
"5704-b",0,1,1,0,1,17,0,1476475845472,"true",0,1,"far"
"5704-b",1,0,2,0,2,16,1,1476475836955,"true",0,0,"split"
"5704-b",0,1,1,0,1,19,0,1476475933416,"true",0,1,"close"
"5704-b",0,0,2,1,0,18,1,1476475884583,"true",0,0,"split"
"5704-b",1,0,2,0,2,31,1,1476476122128,"true",0,0,"far"
"5704-b",1,0,0,0,2,30,0,1476476111799,"true",1,0,"close"
"5704-b",0,0,0,1,0,37,0,1476476319535,"true",1,0,"split"
"5704-b",1,0,1,0,2,36,0,1476476293190,"true",0,1,"split"
"5704-b",0,1,0,0,1,35,0,1476476281231,"true",1,0,"close"
"5704-b",0,0,0,1,0,34,0,1476476225527,"true",1,0,"far"
"5704-b",0,1,0,0,1,33,0,1476476217468,"false",1,0,"close"
"5704-b",0,1,2,0,1,32,1,1476476162920,"true",0,0,"close"
"5704-b",0,1,0,0,1,50,0,1476476517587,"true",1,0,"split"
