"gameid","sClicked_2","sClicked_1","lClickedIndex","sClicked_0","sClickedIndex","roundNum","lClicked_2","time","outcome","lClicked_0","lClicked_1","condition"
"5706-5",0,1,0,0,1,42,0,1476472337800,"true",1,0,"split"
"5706-5",0,0,0,1,0,48,0,1476472420890,"true",1,0,"close"
"5706-5",1,0,0,0,2,43,0,1476472348148,"false",1,0,"close"
"5706-5",0,1,2,0,1,49,1,1476472429490,"true",0,0,"far"
"5706-5",0,1,2,0,1,24,1,1476472131226,"true",0,0,"far"
"5706-5",0,1,2,0,1,25,1,1476472143842,"false",0,0,"close"
"5706-5",0,0,0,1,0,26,0,1476472151481,"true",1,0,"close"
"5706-5",1,0,0,0,2,27,0,1476472166283,"true",1,0,"close"
"5706-5",1,0,1,0,2,20,0,1476472083207,"true",0,1,"split"
"5706-5",1,0,2,0,2,21,1,1476472094911,"true",0,0,"far"
"5706-5",0,1,1,0,1,22,0,1476472109503,"false",0,1,"close"
"5706-5",0,1,2,0,1,23,1,1476472124212,"true",0,0,"close"
"5706-5",1,0,2,0,2,46,1,1476472395309,"true",0,0,"close"
"5706-5",0,1,2,0,1,47,1,1476472411903,"true",0,0,"split"
"5706-5",1,0,0,0,2,44,0,1476472368239,"false",1,0,"close"
"5706-5",1,0,2,0,2,45,1,1476472375430,"true",0,0,"far"
"5706-5",0,0,0,1,0,28,0,1476472177073,"false",1,0,"split"
"5706-5",0,0,1,1,0,29,0,1476472186275,"true",0,1,"split"
"5706-5",0,0,0,1,0,40,0,1476472313947,"true",1,0,"far"
"5706-5",0,1,2,0,1,41,1,1476472330027,"true",0,0,"close"
"5706-5",0,0,1,1,0,1,0,1476471840143,"true",0,1,"far"
"5706-5",0,0,1,1,0,3,0,1476471873125,"false",0,1,"split"
"5706-5",0,0,1,1,0,2,0,1476471857442,"true",0,1,"split"
"5706-5",0,1,1,0,1,5,0,1476471892817,"true",0,1,"split"
"5706-5",0,0,1,1,0,4,0,1476471884624,"true",0,1,"far"
"5706-5",0,0,2,1,0,7,1,1476471914805,"true",0,0,"far"
"5706-5",0,0,0,1,0,6,0,1476471907735,"true",1,0,"far"
"5706-5",0,0,0,1,0,9,0,1476471953958,"true",1,0,"close"
"5706-5",0,1,0,0,1,8,0,1476471928560,"true",1,0,"close"
"5706-5",1,0,2,0,2,39,1,1476472304808,"true",0,0,"close"
"5706-5",0,0,2,1,0,38,1,1476472294627,"true",0,0,"far"
"5706-5",1,0,1,0,2,11,0,1476471978948,"true",0,1,"split"
"5706-5",1,0,0,0,2,10,0,1476471963906,"true",1,0,"split"
"5706-5",0,1,0,0,1,13,0,1476472019798,"true",1,0,"far"
"5706-5",0,0,1,1,0,12,0,1476472010768,"true",0,1,"split"
"5706-5",1,0,2,0,2,15,1,1476472043421,"false",0,0,"close"
"5706-5",0,1,1,0,1,14,0,1476472033318,"false",0,1,"close"
"5706-5",0,1,0,0,1,17,0,1476472059050,"true",1,0,"far"
"5706-5",0,0,1,1,0,16,0,1476472052701,"true",0,1,"close"
"5706-5",0,1,2,0,1,19,1,1476472072893,"true",0,0,"split"
"5706-5",1,0,2,0,2,18,1,1476472066370,"true",0,0,"far"
"5706-5",0,1,2,0,1,31,1,1476472201434,"true",0,0,"split"
"5706-5",1,0,2,0,2,30,1,1476472194154,"true",0,0,"split"
"5706-5",1,0,2,0,2,37,1,1476472285438,"true",0,0,"split"
"5706-5",0,0,2,1,0,36,1,1476472272029,"false",0,0,"close"
"5706-5",0,0,1,1,0,35,0,1476472259255,"true",0,1,"far"
"5706-5",0,1,2,0,1,34,1,1476472248797,"true",0,0,"split"
"5706-5",0,0,0,1,0,33,0,1476472239505,"true",1,0,"split"
"5706-5",0,1,1,0,1,32,0,1476472221933,"true",0,1,"far"
"5706-5",1,0,2,0,2,50,1,1476472436335,"true",0,0,"far"
