"gameid","sClicked_2","sClicked_1","lClickedIndex","sClicked_0","sClickedIndex","roundNum","lClicked_2","time","outcome","lClicked_0","lClicked_1","condition"
"5711-e",0,1,2,0,1,42,1,1459893548321,"true",0,0,"far"
"5711-e",1,0,2,0,2,48,1,1459893677058,"true",0,0,"close"
"5711-e",0,0,1,1,0,43,0,1459893573016,"true",0,1,"close"
"5711-e",1,0,0,0,2,49,0,1459893688172,"true",1,0,"close"
"5711-e",1,0,0,0,2,24,0,1459893069687,"true",1,0,"split"
"5711-e",0,1,2,0,1,25,1,1459893089526,"true",0,0,"split"
"5711-e",1,0,0,0,2,26,0,1459893112927,"true",1,0,"split"
"5711-e",1,0,2,0,2,27,1,1459893143480,"true",0,0,"far"
"5711-e",0,1,2,0,1,20,1,1459892984581,"true",0,0,"close"
"5711-e",1,0,2,0,2,21,1,1459892997669,"true",0,0,"split"
"5711-e",1,0,0,0,2,22,0,1459893030360,"true",1,0,"close"
"5711-e",0,1,2,0,1,23,1,1459893046270,"false",0,0,"split"
"5711-e",0,0,1,1,0,46,0,1459893623738,"true",0,1,"far"
"5711-e",0,1,0,0,1,47,0,1459893649482,"false",1,0,"split"
"5711-e",0,0,2,1,0,44,1,1459893585560,"true",0,0,"far"
"5711-e",0,1,0,0,1,45,0,1459893603169,"true",1,0,"close"
"5711-e",0,1,1,0,1,28,0,1459893173955,"false",0,1,"far"
"5711-e",1,0,1,0,2,29,0,1459893240738,"true",0,1,"far"
"5711-e",1,0,0,0,2,40,0,1459893517015,"true",1,0,"close"
"5711-e",0,0,0,1,0,41,0,1459893534919,"true",1,0,"split"
"5711-e",0,1,0,0,1,1,0,1459892168669,"true",1,0,"far"
"5711-e",1,0,1,0,2,3,0,1459892282732,"true",0,1,"far"
"5711-e",0,0,2,1,0,2,1,1459892228948,"false",0,0,"close"
"5711-e",0,1,1,0,1,5,0,1459892426663,"true",0,1,"far"
"5711-e",0,1,2,0,1,4,1,1459892403552,"true",0,0,"close"
"5711-e",0,0,1,1,0,7,0,1459892485489,"false",0,1,"far"
"5711-e",0,0,2,1,0,6,1,1459892439465,"true",0,0,"far"
"5711-e",0,0,2,1,0,9,1,1459892613595,"false",0,0,"split"
"5711-e",0,0,0,1,0,8,0,1459892518370,"false",1,0,"close"
"5711-e",1,0,1,0,2,39,0,1459893506247,"false",0,1,"close"
"5711-e",1,0,2,0,2,38,1,1459893483847,"false",0,0,"split"
"5711-e",1,0,2,0,2,11,1,1459892684535,"true",0,0,"close"
"5711-e",0,0,0,1,0,10,0,1459892651262,"true",1,0,"split"
"5711-e",0,0,1,1,0,13,0,1459892783487,"true",0,1,"far"
"5711-e",0,1,1,0,1,12,0,1459892765783,"false",0,1,"close"
"5711-e",0,1,2,0,1,15,1,1459892816432,"true",0,0,"far"
"5711-e",0,0,2,1,0,14,1,1459892799047,"true",0,0,"far"
"5711-e",1,0,2,0,2,17,1,1459892904668,"true",0,0,"far"
"5711-e",0,1,1,0,1,16,0,1459892867298,"true",0,1,"close"
"5711-e",0,1,2,0,1,19,1,1459892962275,"true",0,0,"split"
"5711-e",0,1,1,0,1,18,0,1459892941346,"true",0,1,"split"
"5711-e",1,0,2,0,2,31,1,1459893278963,"true",0,0,"split"
"5711-e",0,0,0,1,0,30,0,1459893257353,"true",1,0,"close"
"5711-e",0,1,2,0,1,37,1,1459893427133,"true",0,0,"split"
"5711-e",1,0,1,0,2,36,0,1459893384827,"true",0,1,"close"
"5711-e",0,0,2,1,0,35,1,1459893365213,"true",0,0,"far"
"5711-e",1,0,0,0,2,34,0,1459893352717,"true",1,0,"far"
"5711-e",1,0,1,0,2,33,0,1459893331396,"true",0,1,"split"
"5711-e",0,1,2,0,1,32,1,1459893300371,"false",0,0,"split"
"5711-e",0,1,2,0,1,50,1,1459893705230,"true",0,0,"close"
