"gameid","sClicked_2","sClicked_1","lClickedIndex","sClicked_0","sClickedIndex","roundNum","lClicked_2","time","outcome","lClicked_0","lClicked_1","condition"
"5718-7",0,0,0,1,0,42,0,1476997859050,"true",1,0,"close"
"5718-7",0,0,1,1,0,48,0,1476997960087,"false",0,1,"far"
"5718-7",0,1,1,0,1,43,0,1476997882551,"true",0,1,"far"
"5718-7",0,0,1,1,0,24,0,1476997399645,"true",0,1,"split"
"5718-7",1,0,1,0,2,25,0,1476997419391,"true",0,1,"split"
"5718-7",0,0,0,1,0,26,0,1476997427746,"true",1,0,"split"
"5718-7",1,0,0,0,2,27,0,1476997442723,"true",1,0,"close"
"5718-7",0,0,2,1,0,20,1,1476997285619,"true",0,0,"far"
"5718-7",1,0,0,0,2,21,0,1476997315803,"true",1,0,"close"
"5718-7",0,0,2,1,0,22,1,1476997328755,"true",0,0,"close"
"5718-7",0,1,0,0,1,23,0,1476997378548,"true",1,0,"split"
"5718-7",0,0,0,1,0,46,0,1476997924182,"true",1,0,"far"
"5718-7",0,0,2,1,0,47,1,1476997932485,"true",0,0,"far"
"5718-7",1,0,2,0,2,44,1,1476997890467,"true",0,0,"far"
"5718-7",1,0,1,0,2,45,0,1476997916288,"true",0,1,"split"
"5718-7",0,1,2,0,1,28,1,1476997470491,"false",0,0,"split"
"5718-7",0,0,0,1,0,29,0,1476997478980,"true",1,0,"far"
"5718-7",1,0,1,0,2,40,0,1476997822503,"true",0,1,"far"
"5718-7",0,1,0,0,1,41,0,1476997830256,"true",1,0,"split"
"5718-7",0,0,1,1,0,1,0,1476996724660,"true",0,1,"far"
"5718-7",0,0,1,1,0,3,0,1476996799094,"true",0,1,"split"
"5718-7",0,0,1,1,0,2,0,1476996789305,"true",0,1,"split"
"5718-7",1,0,2,0,2,5,1,1476996901208,"true",0,0,"split"
"5718-7",0,1,0,0,1,4,0,1476996812143,"true",1,0,"far"
"5718-7",1,0,1,0,2,7,0,1476996973558,"false",0,1,"close"
"5718-7",0,1,2,0,1,6,1,1476996927614,"true",0,0,"close"
"5718-7",1,0,0,0,2,9,0,1476997036685,"true",1,0,"close"
"5718-7",0,0,1,1,0,8,0,1476997027085,"true",0,1,"close"
"5718-7",0,1,1,0,1,39,0,1476997813849,"true",0,1,"split"
"5718-7",0,0,0,1,0,38,0,1476997740001,"true",1,0,"split"
"5718-7",0,0,0,1,0,11,0,1476997068692,"true",1,0,"close"
"5718-7",1,0,2,0,2,10,1,1476997050780,"true",0,0,"close"
"5718-7",0,1,1,0,1,13,0,1476997128188,"true",0,1,"split"
"5718-7",0,0,2,1,0,12,1,1476997107807,"true",0,0,"close"
"5718-7",0,0,2,1,0,15,1,1476997143157,"true",0,0,"split"
"5718-7",0,0,1,1,0,14,0,1476997135948,"true",0,1,"far"
"5718-7",1,0,2,0,2,17,1,1476997209795,"true",0,0,"far"
"5718-7",0,0,0,1,0,16,0,1476997202436,"true",1,0,"split"
"5718-7",1,0,1,0,2,19,0,1476997277725,"true",0,1,"close"
"5718-7",1,0,1,0,2,18,0,1476997218404,"true",0,1,"far"
"5718-7",1,0,2,0,2,31,1,1476997535090,"true",0,0,"split"
"5718-7",0,0,0,1,0,49,0,1476997986783,"true",1,0,"far"
"5718-7",1,0,2,0,2,37,1,1476997664804,"true",0,0,"split"
"5718-7",1,0,0,0,2,36,0,1476997625201,"true",1,0,"close"
"5718-7",0,0,1,1,0,35,0,1476997587389,"true",0,1,"far"
"5718-7",0,0,0,1,0,34,0,1476997578277,"true",1,0,"close"
"5718-7",1,0,0,0,2,33,0,1476997561389,"true",1,0,"close"
"5718-7",0,1,2,0,1,32,1,1476997544546,"true",0,0,"far"
"5718-7",0,1,1,0,1,50,0,1476998000766,"true",0,1,"far"
