"gameid","sClicked_2","sClicked_1","lClickedIndex","sClicked_0","sClickedIndex","roundNum","lClicked_2","time","outcome","lClicked_0","lClicked_1","condition"
"5727-1",0,1,2,0,1,42,1,1476492604695,"true",0,0,"split"
"5727-1",0,0,2,1,0,48,1,1476492761300,"true",0,0,"far"
"5727-1",1,0,0,0,2,43,0,1476492674653,"true",1,0,"far"
"5727-1",1,0,2,0,2,49,1,1476492822313,"true",0,0,"split"
"5727-1",0,1,0,0,1,24,0,1476492030447,"true",1,0,"close"
"5727-1",0,0,0,1,0,25,0,1476492060520,"true",1,0,"far"
"5727-1",0,0,1,1,0,26,0,1476492078522,"true",0,1,"split"
"5727-1",1,0,0,0,2,27,0,1476492134142,"false",1,0,"far"
"5727-1",0,1,2,0,1,20,1,1476491934431,"true",0,0,"far"
"5727-1",0,0,2,1,0,21,1,1476491958783,"true",0,0,"split"
"5727-1",1,0,1,0,2,22,0,1476491985495,"true",0,1,"far"
"5727-1",0,1,2,0,1,23,1,1476492002227,"false",0,0,"close"
"5727-1",1,0,1,0,2,46,0,1476492718014,"true",0,1,"close"
"5727-1",1,0,1,0,2,47,0,1476492749225,"true",0,1,"close"
"5727-1",0,1,0,0,1,44,0,1476492689935,"true",1,0,"far"
"5727-1",0,0,1,1,0,45,0,1476492704110,"true",0,1,"split"
"5727-1",0,1,0,0,1,28,0,1476492193287,"false",1,0,"split"
"5727-1",0,0,0,1,0,29,0,1476492275943,"false",1,0,"close"
"5727-1",0,1,0,0,1,40,0,1476492564460,"true",1,0,"far"
"5727-1",0,1,2,0,1,41,1,1476492586453,"false",0,0,"close"
"5727-1",0,1,0,0,1,1,0,1476491379743,"true",1,0,"far"
"5727-1",1,0,0,0,2,3,0,1476491411857,"true",1,0,"far"
"5727-1",0,0,0,1,0,2,0,1476491396386,"true",1,0,"far"
"5727-1",1,0,2,0,2,5,1,1476491490296,"true",0,0,"split"
"5727-1",0,0,2,1,0,4,1,1476491452388,"false",0,0,"close"
"5727-1",1,0,2,0,2,7,1,1476491532765,"true",0,0,"far"
"5727-1",0,0,0,1,0,6,0,1476491516732,"true",1,0,"split"
"5727-1",0,1,1,0,1,9,0,1476491587582,"true",0,1,"split"
"5727-1",0,1,0,0,1,8,0,1476491570063,"false",1,0,"close"
"5727-1",0,0,1,1,0,39,0,1476492538814,"true",0,1,"split"
"5727-1",0,0,0,1,0,38,0,1476492503644,"false",1,0,"close"
"5727-1",0,0,2,1,0,11,1,1476491653558,"true",0,0,"close"
"5727-1",0,1,2,0,1,10,1,1476491636970,"true",0,0,"far"
"5727-1",1,0,1,0,2,13,0,1476491738908,"true",0,1,"split"
"5727-1",0,1,2,0,1,12,1,1476491722571,"true",0,0,"far"
"5727-1",1,0,0,0,2,15,0,1476491795483,"false",1,0,"split"
"5727-1",0,1,0,0,1,14,0,1476491756009,"true",1,0,"split"
"5727-1",0,1,1,0,1,17,0,1476491853007,"true",0,1,"split"
"5727-1",0,1,1,0,1,16,0,1476491837658,"false",0,1,"close"
"5727-1",1,0,0,0,2,19,0,1476491913446,"false",1,0,"split"
"5727-1",0,0,2,1,0,18,1,1476491890479,"true",0,0,"far"
"5727-1",1,0,2,0,2,31,1,1476492343532,"true",0,0,"close"
"5727-1",0,1,1,0,1,30,0,1476492293538,"true",0,1,"split"
"5727-1",1,0,1,0,2,37,0,1476492476737,"true",0,1,"close"
"5727-1",1,0,2,0,2,36,1,1476492456209,"true",0,0,"far"
"5727-1",0,1,1,0,1,35,0,1476492437599,"true",0,1,"split"
"5727-1",0,0,1,1,0,34,0,1476492420181,"false",0,1,"close"
"5727-1",0,0,2,1,0,33,1,1476492379675,"true",0,0,"close"
"5727-1",0,0,0,1,0,32,0,1476492361068,"true",1,0,"close"
"5727-1",0,0,1,1,0,50,0,1476492849007,"true",0,1,"far"
