"gameid","sClicked_2","sClicked_1","lClickedIndex","sClicked_0","sClickedIndex","roundNum","lClicked_2","time","outcome","lClicked_0","lClicked_1","condition"
"5736-5",1,0,0,0,2,42,0,1476496794838,"true",1,0,"far"
"5736-5",1,0,2,0,2,48,1,1476496878408,"true",0,0,"split"
"5736-5",0,0,0,1,0,43,0,1476496809065,"true",1,0,"far"
"5736-5",0,1,0,0,1,49,0,1476496888128,"true",1,0,"far"
"5736-5",0,0,2,1,0,24,1,1476496411398,"true",0,0,"far"
"5736-5",0,0,1,1,0,25,0,1476496425055,"true",0,1,"close"
"5736-5",0,0,2,1,0,26,1,1476496438389,"true",0,0,"split"
"5736-5",0,1,0,0,1,27,0,1476496478319,"true",1,0,"split"
"5736-5",0,0,1,1,0,20,0,1476496343832,"true",0,1,"split"
"5736-5",1,0,1,0,2,21,0,1476496363234,"true",0,1,"close"
"5736-5",0,0,1,1,0,22,0,1476496384450,"true",0,1,"close"
"5736-5",1,0,1,0,2,23,0,1476496398263,"true",0,1,"close"
"5736-5",1,0,0,0,2,46,0,1476496849228,"false",1,0,"close"
"5736-5",1,0,0,0,2,47,0,1476496861568,"true",1,0,"split"
"5736-5",0,0,2,1,0,44,1,1476496822953,"true",0,0,"far"
"5736-5",1,0,1,0,2,45,0,1476496835163,"true",0,1,"split"
"5736-5",0,0,2,1,0,28,1,1476496499873,"true",0,0,"close"
"5736-5",1,0,1,0,2,29,0,1476496510197,"true",0,1,"far"
"5736-5",1,0,0,0,2,40,0,1476496767799,"false",1,0,"split"
"5736-5",0,1,0,0,1,41,0,1476496778394,"true",1,0,"far"
"5736-5",1,0,2,0,2,1,1,1476495896202,"false",0,0,"close"
"5736-5",0,0,2,1,0,3,1,1476495924916,"true",0,0,"far"
"5736-5",0,1,1,0,1,2,0,1476495911314,"true",0,1,"far"
"5736-5",0,0,1,1,0,5,0,1476495960827,"true",0,1,"far"
"5736-5",1,0,0,0,2,4,0,1476495948179,"true",1,0,"split"
"5736-5",1,0,1,0,2,7,0,1476495999432,"true",0,1,"far"
"5736-5",0,0,2,1,0,6,1,1476495978644,"true",0,0,"far"
"5736-5",0,0,0,1,0,9,0,1476496045388,"true",1,0,"close"
"5736-5",0,1,0,0,1,8,0,1476496014022,"true",1,0,"split"
"5736-5",0,0,0,1,0,39,0,1476496755915,"true",1,0,"close"
"5736-5",0,0,0,1,0,38,0,1476496732890,"true",1,0,"split"
"5736-5",0,1,2,0,1,11,1,1476496079013,"true",0,0,"split"
"5736-5",1,0,1,0,2,10,0,1476496065578,"true",0,1,"close"
"5736-5",1,0,0,0,2,13,0,1476496130857,"false",1,0,"split"
"5736-5",1,0,1,0,2,12,0,1476496105915,"true",0,1,"close"
"5736-5",1,0,2,0,2,15,1,1476496186523,"false",0,0,"split"
"5736-5",1,0,0,0,2,14,0,1476496157637,"true",1,0,"far"
"5736-5",1,0,1,0,2,17,0,1476496248712,"true",0,1,"far"
"5736-5",0,1,2,0,1,16,1,1476496235218,"false",0,0,"close"
"5736-5",0,1,2,0,1,19,1,1476496314185,"true",0,0,"split"
"5736-5",1,0,0,0,2,18,0,1476496268816,"true",1,0,"close"
"5736-5",1,0,1,0,2,31,0,1476496565464,"true",0,1,"close"
"5736-5",1,0,2,0,2,30,1,1476496523233,"true",0,0,"far"
"5736-5",1,0,0,0,2,37,0,1476496698325,"true",1,0,"far"
"5736-5",0,0,2,1,0,36,1,1476496681364,"true",0,0,"close"
"5736-5",1,0,1,0,2,35,0,1476496630298,"true",0,1,"close"
"5736-5",1,0,1,0,2,34,0,1476496614834,"true",0,1,"far"
"5736-5",1,0,2,0,2,33,1,1476496605153,"true",0,0,"split"
"5736-5",1,0,0,0,2,32,0,1476496593119,"true",1,0,"split"
"5736-5",0,0,1,1,0,50,0,1476496903529,"true",0,1,"close"
