"gameid","sClicked_2","sClicked_1","lClickedIndex","sClicked_0","sClickedIndex","roundNum","lClicked_2","time","outcome","lClicked_0","lClicked_1","condition"
"5754-b",0,1,1,0,1,42,0,1476991049768,"true",0,1,"split"
"5754-b",1,0,0,0,2,48,0,1476991123661,"true",1,0,"close"
"5754-b",0,1,0,0,1,43,0,1476991069973,"true",1,0,"split"
"5754-b",1,0,2,0,2,49,1,1476991140553,"true",0,0,"close"
"5754-b",0,0,0,1,0,24,0,1476990654971,"true",1,0,"far"
"5754-b",0,1,0,0,1,25,0,1476990674621,"true",1,0,"far"
"5754-b",0,1,2,0,1,26,1,1476990682977,"true",0,0,"far"
"5754-b",0,1,2,0,1,27,1,1476990699306,"true",0,0,"split"
"5754-b",0,1,0,0,1,20,0,1476990570129,"true",1,0,"close"
"5754-b",0,1,1,0,1,21,0,1476990581971,"true",0,1,"far"
"5754-b",1,0,2,0,2,22,1,1476990629977,"true",0,0,"close"
"5754-b",1,0,1,0,2,23,0,1476990647815,"true",0,1,"close"
"5754-b",0,0,1,1,0,46,0,1476991098968,"true",0,1,"split"
"5754-b",1,0,2,0,2,47,1,1476991113476,"true",0,0,"close"
"5754-b",0,1,1,0,1,44,0,1476991082178,"true",0,1,"split"
"5754-b",0,1,1,0,1,45,0,1476991089305,"true",0,1,"close"
"5754-b",1,0,0,0,2,28,0,1476990720100,"true",1,0,"close"
"5754-b",1,0,0,0,2,29,0,1476990739162,"true",1,0,"far"
"5754-b",0,0,2,1,0,40,1,1476991022035,"true",0,0,"far"
"5754-b",1,0,0,0,2,41,0,1476991031930,"false",1,0,"split"
"5754-b",0,1,2,0,1,1,1,1476990226046,"true",0,0,"close"
"5754-b",0,0,0,1,0,3,0,1476990265942,"true",1,0,"far"
"5754-b",0,0,0,1,0,2,0,1476990255694,"true",1,0,"split"
"5754-b",1,0,2,0,2,5,1,1476990307097,"true",0,0,"far"
"5754-b",0,0,0,1,0,4,0,1476990292666,"true",1,0,"far"
"5754-b",1,0,2,0,2,7,1,1476990356928,"false",0,0,"split"
"5754-b",0,1,0,0,1,6,0,1476990317867,"true",1,0,"far"
"5754-b",0,1,1,0,1,9,0,1476990376216,"true",0,1,"far"
"5754-b",1,0,1,0,2,8,0,1476990364995,"true",0,1,"close"
"5754-b",0,0,0,1,0,39,0,1476991012029,"true",1,0,"split"
"5754-b",0,1,1,0,1,38,0,1476991000121,"true",0,1,"split"
"5754-b",0,0,2,1,0,11,1,1476990415609,"true",0,0,"close"
"5754-b",0,0,0,1,0,10,0,1476990394203,"true",1,0,"far"
"5754-b",0,1,0,0,1,13,0,1476990460534,"true",1,0,"close"
"5754-b",1,0,0,0,2,12,0,1476990427608,"true",1,0,"far"
"5754-b",0,1,1,0,1,15,0,1476990477136,"true",0,1,"split"
"5754-b",0,0,2,1,0,14,1,1476990468930,"true",0,0,"far"
"5754-b",0,0,0,1,0,17,0,1476990519333,"false",1,0,"split"
"5754-b",1,0,2,0,2,16,1,1476990499809,"true",0,0,"close"
"5754-b",0,0,1,1,0,19,0,1476990560432,"true",0,1,"far"
"5754-b",0,0,1,1,0,18,0,1476990529254,"true",0,1,"far"
"5754-b",0,1,2,0,1,31,1,1476990809132,"true",0,0,"split"
"5754-b",0,0,1,1,0,30,0,1476990760643,"false",0,1,"close"
"5754-b",1,0,2,0,2,37,1,1476990985437,"true",0,0,"split"
"5754-b",0,0,2,1,0,36,1,1476990924535,"true",0,0,"close"
"5754-b",1,0,1,0,2,35,0,1476990875808,"true",0,1,"split"
"5754-b",0,0,1,1,0,34,0,1476990858241,"false",0,1,"split"
"5754-b",0,1,2,0,1,33,1,1476990835438,"true",0,0,"far"
"5754-b",1,0,1,0,2,32,0,1476990820238,"true",0,1,"close"
"5754-b",0,1,2,0,1,50,1,1476991150666,"true",0,0,"split"
