"gameid","sClicked_2","sClicked_1","lClickedIndex","sClicked_0","sClickedIndex","roundNum","lClicked_2","time","outcome","lClicked_0","lClicked_1","condition"
"5759-a",0,0,2,1,0,43,1,1476990423262,"true",0,0,"far"
"5759-a",0,0,2,1,0,49,1,1476990597112,"true",0,0,"far"
"5759-a",0,0,0,1,0,24,0,1476989994919,"true",1,0,"far"
"5759-a",0,0,2,1,0,25,1,1476990009036,"true",0,0,"far"
"5759-a",0,0,0,1,0,26,0,1476990050085,"true",1,0,"split"
"5759-a",0,1,1,0,1,27,0,1476990061069,"true",0,1,"split"
"5759-a",1,0,2,0,2,20,1,1476989851200,"true",0,0,"split"
"5759-a",0,0,2,1,0,21,1,1476989889050,"true",0,0,"split"
"5759-a",0,0,2,1,0,48,1,1476990583184,"true",0,0,"far"
"5759-a",1,0,0,0,2,23,0,1476989979799,"true",1,0,"close"
"5759-a",1,0,1,0,2,47,0,1476990555488,"true",0,1,"far"
"5759-a",0,1,1,0,1,45,0,1476990483663,"true",0,1,"split"
"5759-a",0,0,0,1,0,42,0,1476990411380,"true",1,0,"far"
"5759-a",0,0,2,1,0,29,1,1476990151767,"true",0,0,"far"
"5759-a",1,0,2,0,2,40,1,1476990383189,"true",0,0,"split"
"5759-a",1,0,1,0,2,41,0,1476990391181,"true",0,1,"far"
"5759-a",0,1,1,0,1,1,0,1476989283794,"true",0,1,"close"
"5759-a",0,1,1,0,1,2,0,1476989302095,"true",0,1,"far"
"5759-a",1,0,0,0,2,5,0,1476989393241,"true",1,0,"split"
"5759-a",1,0,1,0,2,4,0,1476989365977,"true",0,1,"far"
"5759-a",0,0,1,1,0,6,0,1476989406289,"true",0,1,"far"
"5759-a",1,0,0,0,2,9,0,1476989516555,"true",1,0,"close"
"5759-a",1,0,1,0,2,39,0,1476990352572,"false",0,1,"close"
"5759-a",1,0,0,0,2,38,0,1476990327490,"true",1,0,"far"
"5759-a",0,1,1,0,1,11,0,1476989563211,"true",0,1,"close"
"5759-a",0,0,0,1,0,10,0,1476989541308,"true",1,0,"split"
"5759-a",1,0,2,0,2,13,1,1476989605052,"false",0,0,"split"
"5759-a",1,0,1,0,2,12,0,1476989574668,"true",0,1,"split"
"5759-a",0,0,2,1,0,14,1,1476989625006,"false",0,0,"split"
"5759-a",0,1,0,0,1,17,0,1476989711118,"true",1,0,"close"
"5759-a",0,0,0,1,0,16,0,1476989681765,"true",1,0,"far"
"5759-a",1,0,2,0,2,33,1,1476990233697,"true",0,0,"close"
"5759-a",0,0,2,1,0,32,1,1476990214566,"true",0,0,"split"
"5759-a",1,0,2,0,2,30,1,1476990160766,"true",0,0,"split"
"5759-a",0,0,2,1,0,37,1,1476990318451,"true",0,0,"far"
"5759-a",0,0,1,1,0,36,0,1476990306282,"true",0,1,"split"
"5759-a",0,1,1,0,1,35,0,1476990277923,"true",0,1,"far"
"5759-a",0,1,0,0,1,34,0,1476990266066,"false",1,0,"close"
