"gameid","sClicked_2","sClicked_1","lClickedIndex","sClicked_0","sClickedIndex","roundNum","lClicked_2","time","outcome","lClicked_0","lClicked_1","condition"
"5762-e",0,1,2,0,1,42,1,1476990676793,"false",0,0,"close"
"5762-e",1,0,2,0,2,48,1,1476990764432,"false",0,0,"close"
"5762-e",1,0,2,0,2,43,1,1476990689793,"true",0,0,"split"
"5762-e",0,0,1,1,0,49,0,1476990778184,"true",0,1,"split"
"5762-e",1,0,0,0,2,24,0,1476990399516,"true",1,0,"split"
"5762-e",0,1,2,0,1,25,1,1476990406108,"true",0,0,"far"
"5762-e",1,0,1,0,2,26,0,1476990420340,"true",0,1,"far"
"5762-e",1,0,2,0,2,27,1,1476990435544,"true",0,0,"split"
"5762-e",0,1,1,0,1,20,0,1476990363973,"true",0,1,"close"
"5762-e",0,1,2,0,1,21,1,1476990376389,"true",0,0,"far"
"5762-e",1,0,1,0,2,22,0,1476990383221,"true",0,1,"close"
"5762-e",1,0,0,0,2,23,0,1476990390110,"true",1,0,"far"
"5762-e",0,1,0,0,1,46,0,1476990715232,"false",1,0,"split"
"5762-e",0,0,0,1,0,47,0,1476990741256,"false",1,0,"close"
"5762-e",1,0,0,0,2,44,0,1476990698705,"false",1,0,"split"
"5762-e",0,0,1,1,0,45,0,1476990705585,"true",0,1,"far"
"5762-e",0,1,2,0,1,28,1,1476990447077,"true",0,0,"close"
"5762-e",0,1,0,0,1,29,0,1476990457868,"true",1,0,"far"
"5762-e",0,0,0,1,0,40,0,1476990643753,"false",1,0,"close"
"5762-e",0,0,0,1,0,41,0,1476990664361,"true",1,0,"close"
"5762-e",0,0,2,1,0,1,1,1476990005190,"true",0,0,"far"
"5762-e",0,1,1,0,1,3,0,1476990025416,"true",0,1,"far"
"5762-e",1,0,1,0,2,2,0,1476990015777,"true",0,1,"far"
"5762-e",0,1,0,0,1,5,0,1476990052817,"true",1,0,"split"
"5762-e",1,0,2,0,2,4,1,1476990040985,"true",0,0,"split"
"5762-e",0,0,2,1,0,7,1,1476990111784,"true",0,0,"split"
"5762-e",0,0,1,1,0,6,0,1476990069456,"true",0,1,"close"
"5762-e",1,0,1,0,2,9,0,1476990148831,"true",0,1,"close"
"5762-e",0,1,1,0,1,8,0,1476990122240,"true",0,1,"close"
"5762-e",0,1,0,0,1,39,0,1476990631017,"false",1,0,"split"
"5762-e",0,0,0,1,0,38,0,1476990624330,"true",1,0,"split"
"5762-e",0,1,2,0,1,11,1,1476990170711,"false",0,0,"split"
"5762-e",1,0,1,0,2,10,0,1476990160817,"true",0,1,"close"
"5762-e",0,0,2,1,0,13,1,1476990229830,"true",0,0,"far"
"5762-e",0,0,2,1,0,12,1,1476990217510,"true",0,0,"close"
"5762-e",1,0,0,0,2,15,0,1476990284574,"false",1,0,"split"
"5762-e",1,0,0,0,2,14,0,1476990266210,"true",1,0,"split"
"5762-e",0,0,2,1,0,17,1,1476990309964,"true",0,0,"far"
"5762-e",0,1,0,0,1,16,0,1476990299637,"true",1,0,"far"
"5762-e",0,1,1,0,1,19,0,1476990326021,"true",0,1,"far"
"5762-e",1,0,1,0,2,18,0,1476990318526,"true",0,1,"far"
"5762-e",0,1,1,0,1,31,0,1476990515115,"false",0,1,"close"
"5762-e",0,0,0,1,0,30,0,1476990477163,"true",1,0,"close"
"5762-e",0,0,0,1,0,37,0,1476990605602,"true",1,0,"close"
"5762-e",0,0,0,1,0,36,0,1476990577258,"false",1,0,"split"
"5762-e",0,0,2,1,0,35,1,1476990565058,"true",0,0,"far"
"5762-e",0,1,2,0,1,34,1,1476990553107,"false",0,0,"close"
"5762-e",0,0,0,1,0,33,0,1476990538899,"true",1,0,"split"
"5762-e",0,1,2,0,1,32,1,1476990525428,"true",0,0,"far"
"5762-e",0,0,1,1,0,50,0,1476990786584,"true",0,1,"far"
