"gameid","sClicked_2","sClicked_1","lClickedIndex","sClicked_0","sClickedIndex","roundNum","lClicked_2","time","outcome","lClicked_0","lClicked_1","condition"
"5781-2",0,1,2,0,1,42,1,1476993311969,"true",0,0,"split"
"5781-2",0,1,0,0,1,48,0,1476993468125,"true",1,0,"split"
"5781-2",0,1,2,0,1,43,1,1476993323326,"true",0,0,"far"
"5781-2",0,0,0,1,0,49,0,1476993479921,"true",1,0,"far"
"5781-2",0,1,0,0,1,24,0,1476992926540,"false",1,0,"close"
"5781-2",0,1,2,0,1,25,1,1476992941856,"true",0,0,"far"
"5781-2",1,0,0,0,2,26,0,1476992964506,"true",1,0,"close"
"5781-2",0,1,0,0,1,27,0,1476992971688,"true",1,0,"split"
"5781-2",0,0,1,1,0,20,0,1476992841959,"true",0,1,"close"
"5781-2",1,0,2,0,2,21,1,1476992874700,"true",0,0,"split"
"5781-2",0,1,0,0,1,22,0,1476992889713,"true",1,0,"split"
"5781-2",0,0,1,1,0,23,0,1476992908929,"true",0,1,"far"
"5781-2",0,1,2,0,1,46,1,1476993428507,"true",0,0,"close"
"5781-2",0,0,0,1,0,47,0,1476993455974,"false",1,0,"split"
"5781-2",0,0,0,1,0,44,0,1476993332468,"true",1,0,"split"
"5781-2",0,1,2,0,1,45,1,1476993409648,"true",0,0,"close"
"5781-2",0,1,1,0,1,28,0,1476992996218,"true",0,1,"close"
"5781-2",1,0,2,0,2,29,1,1476993010895,"true",0,0,"close"
"5781-2",0,1,2,0,1,40,1,1476993279667,"true",0,0,"close"
"5781-2",1,0,2,0,2,41,1,1476993288829,"true",0,0,"far"
"5781-2",1,0,1,0,2,1,0,1476992543642,"true",0,1,"far"
"5781-2",0,0,1,1,0,3,0,1476992583307,"true",0,1,"split"
"5781-2",0,0,0,1,0,2,0,1476992562194,"true",1,0,"split"
"5781-2",1,0,1,0,2,5,0,1476992618839,"true",0,1,"far"
"5781-2",0,0,0,1,0,4,0,1476992609840,"true",1,0,"close"
"5781-2",0,1,2,0,1,7,1,1476992653848,"true",0,0,"split"
"5781-2",0,1,0,0,1,6,0,1476992644732,"true",1,0,"far"
"5781-2",0,1,2,0,1,9,1,1476992669091,"true",0,0,"far"
"5781-2",0,1,1,0,1,8,0,1476992661445,"true",0,1,"far"
"5781-2",0,0,2,1,0,39,1,1476993256647,"true",0,0,"split"
"5781-2",0,1,2,0,1,38,1,1476993243037,"true",0,0,"split"
"5781-2",1,0,0,0,2,11,0,1476992685451,"true",1,0,"far"
"5781-2",1,0,0,0,2,10,0,1476992676761,"true",1,0,"split"
"5781-2",1,0,0,0,2,13,0,1476992718919,"true",1,0,"close"
"5781-2",0,0,0,1,0,12,0,1476992693715,"true",1,0,"far"
"5781-2",1,0,0,0,2,15,0,1476992741186,"true",1,0,"far"
"5781-2",1,0,0,0,2,14,0,1476992727415,"true",1,0,"far"
"5781-2",1,0,1,0,2,17,0,1476992768806,"true",0,1,"split"
"5781-2",1,0,0,0,2,16,0,1476992758340,"true",1,0,"split"
"5781-2",0,1,1,0,1,19,0,1476992802250,"true",0,1,"close"
"5781-2",1,0,1,0,2,18,0,1476992783432,"true",0,1,"close"
"5781-2",1,0,0,0,2,31,0,1476993061818,"true",1,0,"split"
"5781-2",1,0,0,0,2,30,0,1476993036871,"false",1,0,"close"
"5781-2",0,1,2,0,1,37,1,1476993226099,"true",0,0,"close"
"5781-2",0,0,1,1,0,36,0,1476993192134,"true",0,1,"far"
"5781-2",0,0,1,1,0,35,0,1476993178662,"true",0,1,"close"
"5781-2",0,0,0,1,0,34,0,1476993159586,"true",1,0,"close"
"5781-2",0,0,1,1,0,33,0,1476993120351,"false",0,1,"close"
"5781-2",0,0,1,1,0,32,0,1476993099931,"true",0,1,"split"
"5781-2",0,0,1,1,0,50,0,1476993491160,"true",0,1,"far"
