"gameid","sClicked_2","sClicked_1","lClickedIndex","sClicked_0","sClickedIndex","roundNum","lClicked_2","time","outcome","lClicked_0","lClicked_1","condition"
"5801-8",1,0,0,0,2,42,0,1476998201308,"true",1,0,"far"
"5801-8",1,0,2,0,2,48,1,1476998249303,"true",0,0,"far"
"5801-8",0,0,0,1,0,43,0,1476998212508,"false",1,0,"split"
"5801-8",0,0,0,1,0,49,0,1476998260445,"true",1,0,"close"
"5801-8",0,1,0,0,1,24,0,1476998045295,"true",1,0,"close"
"5801-8",0,1,1,0,1,25,0,1476998053346,"true",0,1,"split"
"5801-8",1,0,0,0,2,26,0,1476998059824,"true",1,0,"far"
"5801-8",0,1,1,0,1,27,0,1476998074149,"false",0,1,"far"
"5801-8",0,1,0,0,1,20,0,1476998013684,"true",1,0,"split"
"5801-8",0,0,2,1,0,21,1,1476998023034,"true",0,0,"close"
"5801-8",0,0,0,1,0,22,0,1476998029657,"true",1,0,"close"
"5801-8",1,0,2,0,2,23,1,1476998037346,"true",0,0,"far"
"5801-8",0,1,2,0,1,46,1,1476998233651,"true",0,0,"far"
"5801-8",0,0,2,1,0,47,1,1476998242779,"false",0,0,"close"
"5801-8",0,1,2,0,1,44,1,1476998221001,"true",0,0,"close"
"5801-8",0,1,2,0,1,45,1,1476998227762,"false",0,0,"split"
"5801-8",0,1,2,0,1,28,1,1476998081102,"false",0,0,"split"
"5801-8",0,0,2,1,0,29,1,1476998087877,"true",0,0,"far"
"5801-8",0,0,1,1,0,40,0,1476998188685,"true",0,1,"close"
"5801-8",0,0,2,1,0,41,1,1476998194629,"true",0,0,"far"
"5801-8",0,0,0,1,0,1,0,1476997831564,"true",1,0,"split"
"5801-8",0,0,0,1,0,3,0,1476997846875,"true",1,0,"far"
"5801-8",1,0,1,0,2,2,0,1476997839633,"false",0,1,"close"
"5801-8",0,0,2,1,0,5,1,1476997876780,"false",0,0,"split"
"5801-8",0,1,1,0,1,4,0,1476997868635,"true",0,1,"split"
"5801-8",0,0,2,1,0,7,1,1476997897127,"true",0,0,"split"
"5801-8",0,0,2,1,0,6,1,1476997885979,"true",0,0,"close"
"5801-8",1,0,2,0,2,9,1,1476997912592,"true",0,0,"far"
"5801-8",0,1,0,0,1,8,0,1476997905834,"true",1,0,"split"
"5801-8",0,0,1,1,0,39,0,1476998182045,"false",0,1,"close"
"5801-8",1,0,0,0,2,38,0,1476998176014,"true",1,0,"close"
"5801-8",0,1,0,0,1,11,0,1476997928460,"false",1,0,"split"
"5801-8",1,0,0,0,2,10,0,1476997920967,"true",1,0,"far"
"5801-8",0,1,0,0,1,13,0,1476997946897,"true",1,0,"split"
"5801-8",0,0,1,1,0,12,0,1476997937815,"true",0,1,"far"
"5801-8",0,0,1,1,0,15,0,1476997960921,"true",0,1,"close"
"5801-8",0,1,0,0,1,14,0,1476997953597,"true",1,0,"far"
"5801-8",0,1,1,0,1,17,0,1476997978750,"true",0,1,"close"
"5801-8",1,0,0,0,2,16,0,1476997971232,"true",1,0,"close"
"5801-8",0,0,2,1,0,19,1,1476997994339,"true",0,0,"split"
"5801-8",0,1,2,0,1,18,1,1476997986095,"true",0,0,"far"
"5801-8",0,0,2,1,0,31,1,1476998119418,"true",0,0,"split"
"5801-8",0,1,1,0,1,30,0,1476998107094,"true",0,1,"close"
"5801-8",0,1,2,0,1,37,1,1476998168551,"true",0,0,"split"
"5801-8",0,1,2,0,1,36,1,1476998162422,"true",0,0,"split"
"5801-8",1,0,0,0,2,35,0,1476998156140,"true",1,0,"split"
"5801-8",1,0,0,0,2,34,0,1476998145748,"true",1,0,"far"
"5801-8",1,0,0,0,2,33,0,1476998137243,"true",1,0,"far"
"5801-8",0,1,0,0,1,32,0,1476998130159,"true",1,0,"close"
"5801-8",0,1,1,0,1,50,0,1476998267820,"true",0,1,"far"
