"gameid","sClicked_2","sClicked_1","lClickedIndex","sClicked_0","sClickedIndex","roundNum","lClicked_2","time","outcome","lClicked_0","lClicked_1","condition"
"5820-1",0,1,2,0,1,42,1,1476474204322,"true",0,0,"split"
"5820-1",0,0,2,1,0,48,1,1476474293703,"true",0,0,"split"
"5820-1",1,0,1,0,2,43,0,1476474232190,"true",0,1,"split"
"5820-1",0,1,1,0,1,49,0,1476474307594,"false",0,1,"close"
"5820-1",0,1,2,0,1,24,1,1476473972574,"true",0,0,"close"
"5820-1",0,0,0,1,0,25,0,1476473982668,"true",1,0,"far"
"5820-1",1,0,2,0,2,26,1,1476473993776,"true",0,0,"split"
"5820-1",0,1,1,0,1,27,0,1476474005676,"true",0,1,"split"
"5820-1",0,1,2,0,1,20,1,1476473919141,"true",0,0,"far"
"5820-1",0,1,0,0,1,21,0,1476473930918,"true",1,0,"close"
"5820-1",0,0,2,1,0,22,1,1476473939856,"true",0,0,"close"
"5820-1",1,0,0,0,2,23,0,1476473962163,"true",1,0,"close"
"5820-1",0,0,2,1,0,46,1,1476474271290,"true",0,0,"close"
"5820-1",1,0,2,0,2,47,1,1476474283415,"true",0,0,"far"
"5820-1",0,1,2,0,1,44,1,1476474244173,"true",0,0,"split"
"5820-1",1,0,2,0,2,45,1,1476474256708,"true",0,0,"split"
"5820-1",0,0,1,1,0,28,0,1476474017173,"false",0,1,"close"
"5820-1",1,0,0,0,2,29,0,1476474033387,"true",1,0,"split"
"5820-1",1,0,1,0,2,40,0,1476474185488,"true",0,1,"far"
"5820-1",0,0,1,1,0,41,0,1476474194943,"true",0,1,"far"
"5820-1",0,1,1,0,1,1,0,1476473648090,"false",0,1,"far"
"5820-1",1,0,0,0,2,3,0,1476473690951,"false",1,0,"split"
"5820-1",0,0,2,1,0,2,1,1476473662456,"true",0,0,"far"
"5820-1",0,1,0,0,1,5,0,1476473727203,"false",1,0,"close"
"5820-1",1,0,0,0,2,4,0,1476473709423,"false",1,0,"close"
"5820-1",1,0,1,0,2,7,0,1476473770939,"false",0,1,"close"
"5820-1",0,1,1,0,1,6,0,1476473754181,"true",0,1,"far"
"5820-1",0,1,1,0,1,9,0,1476473791609,"true",0,1,"close"
"5820-1",0,1,0,0,1,8,0,1476473780732,"true",1,0,"far"
"5820-1",0,1,2,0,1,39,1,1476474172809,"false",0,0,"close"
"5820-1",0,0,0,1,0,38,0,1476474127060,"true",1,0,"far"
"5820-1",0,1,2,0,1,11,1,1476473815206,"true",0,0,"close"
"5820-1",1,0,1,0,2,10,0,1476473804877,"true",0,1,"split"
"5820-1",0,0,0,1,0,13,0,1476473832071,"true",1,0,"close"
"5820-1",1,0,0,0,2,12,0,1476473823233,"true",1,0,"far"
"5820-1",0,1,1,0,1,15,0,1476473856014,"true",0,1,"far"
"5820-1",0,1,2,0,1,14,1,1476473843208,"true",0,0,"far"
"5820-1",0,0,0,1,0,17,0,1476473880520,"true",1,0,"far"
"5820-1",0,0,1,1,0,16,0,1476473870398,"false",0,1,"split"
"5820-1",0,0,1,1,0,19,0,1476473903666,"true",0,1,"split"
"5820-1",0,0,2,1,0,18,1,1476473893004,"true",0,0,"split"
"5820-1",0,0,2,1,0,31,1,1476474053548,"true",0,0,"split"
"5820-1",1,0,1,0,2,30,0,1476474041640,"true",0,1,"far"
"5820-1",0,0,2,1,0,37,1,1476474118738,"true",0,0,"far"
"5820-1",0,1,1,0,1,36,0,1476474107720,"true",0,1,"split"
"5820-1",0,0,0,1,0,35,0,1476474096880,"true",1,0,"close"
"5820-1",0,1,0,0,1,34,0,1476474086355,"true",1,0,"close"
"5820-1",1,0,2,0,2,33,1,1476474076290,"true",0,0,"split"
"5820-1",1,0,0,0,2,32,0,1476474067237,"true",1,0,"close"
"5820-1",0,1,1,0,1,50,0,1476474318385,"true",0,1,"far"
