"gameid","sClicked_2","sClicked_1","lClickedIndex","sClicked_0","sClickedIndex","roundNum","lClicked_2","time","outcome","lClicked_0","lClicked_1","condition"
"5824-8",0,1,0,0,1,42,0,1476999427018,"true",1,0,"far"
"5824-8",1,0,0,0,2,48,0,1476999526828,"true",1,0,"far"
"5824-8",0,0,0,1,0,43,0,1476999455927,"true",1,0,"close"
"5824-8",0,0,1,1,0,49,0,1476999538751,"true",0,1,"close"
"5824-8",0,0,0,1,0,24,0,1476999237702,"true",1,0,"close"
"5824-8",0,0,1,1,0,25,0,1476999249159,"true",0,1,"split"
"5824-8",0,1,1,0,1,26,0,1476999267139,"true",0,1,"far"
"5824-8",0,1,2,0,1,27,1,1476999279642,"true",0,0,"close"
"5824-8",0,0,2,1,0,20,1,1476999171031,"true",0,0,"close"
"5824-8",1,0,2,0,2,21,1,1476999193382,"true",0,0,"close"
"5824-8",0,1,2,0,1,22,1,1476999210907,"true",0,0,"close"
"5824-8",1,0,2,0,2,23,1,1476999222692,"true",0,0,"close"
"5824-8",0,0,0,1,0,46,0,1476999508067,"false",1,0,"close"
"5824-8",0,1,2,0,1,47,1,1476999519336,"true",0,0,"split"
"5824-8",0,1,0,0,1,44,0,1476999464571,"true",1,0,"far"
"5824-8",0,0,1,1,0,45,0,1476999487900,"true",0,1,"close"
"5824-8",0,1,2,0,1,28,1,1476999286771,"true",0,0,"far"
"5824-8",0,1,0,0,1,29,0,1476999294810,"true",1,0,"split"
"5824-8",1,0,1,0,2,40,0,1476999411177,"true",0,1,"split"
"5824-8",0,0,2,1,0,41,1,1476999418325,"true",0,0,"far"
"5824-8",0,1,1,0,1,1,0,1476998900261,"true",0,1,"split"
"5824-8",1,0,1,0,2,3,0,1476998963926,"true",0,1,"split"
"5824-8",1,0,2,0,2,2,1,1476998949289,"true",0,0,"close"
"5824-8",0,1,1,0,1,5,0,1476998977068,"true",0,1,"far"
"5824-8",0,0,2,1,0,4,1,1476998970573,"true",0,0,"far"
"5824-8",1,0,2,0,2,7,1,1476999000248,"true",0,0,"far"
"5824-8",0,1,0,0,1,6,0,1476998993137,"true",1,0,"far"
"5824-8",0,0,0,1,0,9,0,1476999053112,"true",1,0,"split"
"5824-8",0,0,1,1,0,8,0,1476999015272,"false",0,1,"split"
"5824-8",1,0,2,0,2,39,1,1476999403109,"true",0,0,"close"
"5824-8",0,1,0,0,1,38,0,1476999384726,"true",1,0,"split"
"5824-8",1,0,1,0,2,11,0,1476999072841,"true",0,1,"split"
"5824-8",1,0,0,0,2,10,0,1476999061295,"true",1,0,"far"
"5824-8",0,1,0,0,1,13,0,1476999103041,"true",1,0,"split"
"5824-8",0,0,0,1,0,12,0,1476999079828,"true",1,0,"split"
"5824-8",0,1,1,0,1,15,0,1476999119383,"true",0,1,"far"
"5824-8",0,0,0,1,0,14,0,1476999112544,"true",1,0,"split"
"5824-8",0,1,1,0,1,17,0,1476999140842,"true",0,1,"split"
"5824-8",1,0,2,0,2,16,1,1476999127203,"true",0,0,"far"
"5824-8",1,0,1,0,2,19,0,1476999158247,"true",0,1,"far"
"5824-8",1,0,0,0,2,18,0,1476999150527,"true",1,0,"close"
"5824-8",0,1,1,0,1,31,0,1476999325883,"true",0,1,"close"
"5824-8",1,0,2,0,2,30,1,1476999303403,"true",0,0,"far"
"5824-8",0,0,0,1,0,37,0,1476999377500,"false",1,0,"close"
"5824-8",0,1,0,0,1,36,0,1476999367360,"true",1,0,"split"
"5824-8",1,0,2,0,2,35,1,1476999359823,"true",0,0,"far"
"5824-8",0,1,1,0,1,34,0,1476999349028,"true",0,1,"split"
"5824-8",0,0,0,1,0,33,0,1476999342031,"true",1,0,"close"
"5824-8",1,0,0,0,2,32,0,1476999334447,"true",1,0,"split"
"5824-8",0,0,1,1,0,50,0,1476999552937,"true",0,1,"close"
