"gameid","sClicked_2","sClicked_1","lClickedIndex","sClicked_0","sClickedIndex","roundNum","lClicked_2","time","outcome","lClicked_0","lClicked_1","condition"
"5830-5",0,0,1,1,0,42,0,1476992940275,"true",0,1,"close"
"5830-5",1,0,0,0,2,48,0,1476993013773,"true",1,0,"close"
"5830-5",0,1,0,0,1,43,0,1476992956591,"true",1,0,"close"
"5830-5",0,0,2,1,0,49,1,1476993030698,"true",0,0,"far"
"5830-5",1,0,1,0,2,24,0,1476992667062,"true",0,1,"close"
"5830-5",1,0,0,0,2,25,0,1476992688956,"true",1,0,"far"
"5830-5",1,0,0,0,2,26,0,1476992706801,"true",1,0,"close"
"5830-5",0,1,0,0,1,27,0,1476992719380,"true",1,0,"split"
"5830-5",1,0,0,0,2,20,0,1476992616135,"true",1,0,"split"
"5830-5",1,0,0,0,2,21,0,1476992631796,"true",1,0,"split"
"5830-5",0,0,1,1,0,22,0,1476992646688,"true",0,1,"far"
"5830-5",0,0,0,1,0,23,0,1476992656649,"true",1,0,"close"
"5830-5",0,1,1,0,1,46,0,1476992981455,"true",0,1,"far"
"5830-5",0,0,2,1,0,47,1,1476992998131,"true",0,0,"split"
"5830-5",0,1,1,0,1,44,0,1476992964726,"true",0,1,"split"
"5830-5",0,1,0,0,1,45,0,1476992972049,"true",1,0,"far"
"5830-5",1,0,1,0,2,28,0,1476992728386,"true",0,1,"far"
"5830-5",1,0,2,0,2,29,1,1476992740111,"true",0,0,"split"
"5830-5",0,0,0,1,0,40,0,1476992913612,"true",1,0,"split"
"5830-5",0,1,0,0,1,41,0,1476992925160,"true",1,0,"close"
"5830-5",1,0,2,0,2,1,1,1476992266422,"true",0,0,"close"
"5830-5",0,0,0,1,0,3,0,1476992285045,"true",1,0,"far"
"5830-5",0,1,0,0,1,2,0,1476992277171,"true",1,0,"far"
"5830-5",0,0,0,1,0,5,0,1476992322140,"true",1,0,"close"
"5830-5",0,0,0,1,0,4,0,1476992308770,"true",1,0,"close"
"5830-5",0,0,0,1,0,7,0,1476992361519,"true",1,0,"split"
"5830-5",1,0,2,0,2,6,1,1476992342108,"true",0,0,"close"
"5830-5",0,0,1,1,0,9,0,1476992388486,"true",0,1,"split"
"5830-5",1,0,0,0,2,8,0,1476992371517,"true",1,0,"far"
"5830-5",0,1,0,0,1,39,0,1476992902126,"true",1,0,"far"
"5830-5",0,1,0,0,1,38,0,1476992893974,"true",1,0,"far"
"5830-5",0,0,2,1,0,11,1,1476992417572,"true",0,0,"far"
"5830-5",0,1,1,0,1,10,0,1476992404488,"true",0,1,"split"
"5830-5",1,0,2,0,2,13,1,1476992471238,"true",0,0,"far"
"5830-5",0,1,2,0,1,12,1,1476992451599,"false",0,0,"split"
"5830-5",0,0,1,1,0,15,0,1476992515208,"true",0,1,"split"
"5830-5",0,1,2,0,1,14,1,1476992491335,"true",0,0,"close"
"5830-5",0,1,0,0,1,17,0,1476992561874,"true",1,0,"far"
"5830-5",0,1,0,0,1,16,0,1476992548022,"true",1,0,"close"
"5830-5",1,0,0,0,2,19,0,1476992600153,"true",1,0,"close"
"5830-5",1,0,1,0,2,18,0,1476992570403,"true",0,1,"far"
"5830-5",0,0,1,1,0,31,0,1476992768298,"true",0,1,"split"
"5830-5",0,1,2,0,1,30,1,1476992747584,"true",0,0,"split"
"5830-5",0,1,1,0,1,37,0,1476992876957,"true",0,1,"close"
"5830-5",0,1,0,0,1,36,0,1476992855862,"true",1,0,"close"
"5830-5",0,0,1,1,0,35,0,1476992840802,"true",0,1,"close"
"5830-5",0,1,2,0,1,34,1,1476992820523,"true",0,0,"split"
"5830-5",0,0,0,1,0,33,0,1476992810152,"true",1,0,"far"
"5830-5",0,0,2,1,0,32,1,1476992793364,"true",0,0,"far"
"5830-5",1,0,2,0,2,50,1,1476993044831,"true",0,0,"split"
