"gameid","sClicked_2","sClicked_1","lClickedIndex","sClicked_0","sClickedIndex","roundNum","lClicked_2","time","outcome","lClicked_0","lClicked_1","condition"
"5834-1",0,0,1,1,0,42,0,1476473439750,"true",0,1,"close"
"5834-1",1,0,0,0,2,48,0,1476473505626,"true",1,0,"close"
"5834-1",1,0,1,0,2,43,0,1476473447864,"true",0,1,"far"
"5834-1",0,0,2,1,0,49,1,1476473516401,"false",0,0,"split"
"5834-1",0,1,2,0,1,24,1,1476473259780,"true",0,0,"far"
"5834-1",1,0,1,0,2,25,0,1476473266716,"true",0,1,"split"
"5834-1",0,0,1,1,0,26,0,1476473282824,"true",0,1,"close"
"5834-1",0,0,1,1,0,27,0,1476473289391,"true",0,1,"far"
"5834-1",0,0,1,1,0,20,0,1476473224675,"false",0,1,"far"
"5834-1",0,0,1,1,0,21,0,1476473233999,"true",0,1,"split"
"5834-1",0,0,1,1,0,22,0,1476473242620,"true",0,1,"split"
"5834-1",0,1,1,0,1,23,0,1476473252315,"true",0,1,"close"
"5834-1",0,1,1,0,1,46,0,1476473471651,"true",0,1,"close"
"5834-1",0,0,2,1,0,47,1,1476473494555,"true",0,0,"close"
"5834-1",1,0,2,0,2,44,1,1476473455148,"true",0,0,"split"
"5834-1",0,1,2,0,1,45,1,1476473461745,"true",0,0,"far"
"5834-1",1,0,1,0,2,28,0,1476473296710,"true",0,1,"far"
"5834-1",0,0,2,1,0,29,1,1476473310285,"true",0,0,"close"
"5834-1",1,0,2,0,2,40,1,1476473415760,"true",0,0,"split"
"5834-1",0,1,2,0,1,41,1,1476473428088,"true",0,0,"split"
"5834-1",1,0,0,0,2,1,0,1476473038383,"true",1,0,"split"
"5834-1",0,1,2,0,1,3,1,1476473055949,"true",0,0,"split"
"5834-1",0,0,2,1,0,2,1,1476473046313,"true",0,0,"far"
"5834-1",0,1,2,0,1,5,1,1476473070044,"true",0,0,"far"
"5834-1",1,0,1,0,2,4,0,1476473063429,"true",0,1,"split"
"5834-1",0,0,2,1,0,7,1,1476473087294,"true",0,0,"far"
"5834-1",0,1,1,0,1,6,0,1476473076173,"true",0,1,"far"
"5834-1",1,0,0,0,2,9,0,1476473107464,"true",1,0,"far"
"5834-1",1,0,0,0,2,8,0,1476473099884,"true",1,0,"split"
"5834-1",0,1,0,0,1,39,0,1476473408920,"true",1,0,"split"
"5834-1",0,1,0,0,1,38,0,1476473393605,"false",1,0,"split"
"5834-1",1,0,1,0,2,11,0,1476473130024,"true",0,1,"split"
"5834-1",0,1,0,0,1,10,0,1476473122967,"false",1,0,"close"
"5834-1",1,0,2,0,2,13,1,1476473144285,"true",0,0,"far"
"5834-1",0,1,0,0,1,12,0,1476473136730,"true",1,0,"far"
"5834-1",1,0,2,0,2,15,1,1476473172735,"true",0,0,"close"
"5834-1",0,1,0,0,1,14,0,1476473163664,"false",1,0,"close"
"5834-1",0,0,1,1,0,17,0,1476473186151,"true",0,1,"far"
"5834-1",1,0,0,0,2,16,0,1476473179079,"true",1,0,"far"
"5834-1",0,1,2,0,1,19,1,1476473214170,"true",0,0,"split"
"5834-1",1,0,0,0,2,18,0,1476473207159,"false",1,0,"close"
"5834-1",0,0,0,1,0,31,0,1476473327739,"true",1,0,"close"
"5834-1",0,1,2,0,1,30,1,1476473319673,"true",0,0,"split"
"5834-1",1,0,2,0,2,37,1,1476473384108,"true",0,0,"far"
"5834-1",1,0,1,0,2,36,0,1476473377559,"true",0,1,"close"
"5834-1",0,1,0,0,1,35,0,1476473363429,"true",1,0,"split"
"5834-1",0,0,0,1,0,34,0,1476473357031,"true",1,0,"close"
"5834-1",1,0,1,0,2,33,0,1476473349498,"false",0,1,"close"
"5834-1",1,0,0,0,2,32,0,1476473333678,"true",1,0,"far"
"5834-1",0,1,2,0,1,50,1,1476473533624,"false",0,0,"close"
