"gameid","sClicked_2","sClicked_1","lClickedIndex","sClicked_0","sClickedIndex","roundNum","lClicked_2","time","outcome","lClicked_0","lClicked_1","condition"
"5842-c",1,0,0,0,2,42,0,1476993046960,"true",1,0,"far"
"5842-c",1,0,2,0,2,48,1,1476993124647,"true",0,0,"split"
"5842-c",1,0,0,0,2,43,0,1476993058545,"false",1,0,"split"
"5842-c",1,0,2,0,2,49,1,1476993144959,"true",0,0,"close"
"5842-c",0,0,1,1,0,24,0,1476992674620,"true",0,1,"split"
"5842-c",1,0,1,0,2,25,0,1476992688949,"false",0,1,"split"
"5842-c",1,0,2,0,2,26,1,1476992700362,"true",0,0,"far"
"5842-c",0,0,0,1,0,27,0,1476992719160,"true",1,0,"split"
"5842-c",0,0,0,1,0,20,0,1476992584123,"true",1,0,"far"
"5842-c",0,0,1,1,0,21,0,1476992617614,"false",0,1,"split"
"5842-c",1,0,0,0,2,22,0,1476992640807,"true",1,0,"close"
"5842-c",1,0,1,0,2,23,0,1476992656183,"true",0,1,"far"
"5842-c",0,0,2,1,0,46,1,1476993094107,"true",0,0,"far"
"5842-c",0,1,0,0,1,47,0,1476993109458,"true",1,0,"close"
"5842-c",1,0,2,0,2,44,1,1476993073224,"false",0,0,"close"
"5842-c",0,0,0,1,0,45,0,1476993082958,"true",1,0,"close"
"5842-c",1,0,1,0,2,28,0,1476992728901,"true",0,1,"far"
"5842-c",0,0,1,1,0,29,0,1476992740803,"true",0,1,"split"
"5842-c",0,0,2,1,0,40,1,1476993029274,"true",0,0,"split"
"5842-c",1,0,2,0,2,41,1,1476993039015,"true",0,0,"split"
"5842-c",0,1,0,0,1,1,0,1476991896662,"true",1,0,"close"
"5842-c",0,0,1,1,0,3,0,1476991954969,"true",0,1,"close"
"5842-c",0,0,2,1,0,2,1,1476991921153,"true",0,0,"close"
"5842-c",1,0,1,0,2,5,0,1476992016922,"false",0,1,"close"
"5842-c",0,0,2,1,0,4,1,1476991998941,"true",0,0,"close"
"5842-c",1,0,1,0,2,7,0,1476992197410,"true",0,1,"far"
"5842-c",1,0,0,0,2,6,0,1476992112635,"true",1,0,"split"
"5842-c",0,1,2,0,1,9,1,1476992261919,"true",0,0,"close"
"5842-c",0,1,2,0,1,8,1,1476992237608,"true",0,0,"close"
"5842-c",0,0,2,1,0,39,1,1476993009897,"false",0,0,"far"
"5842-c",0,0,1,1,0,38,0,1476992976016,"true",0,1,"far"
"5842-c",0,0,0,1,0,11,0,1476992366918,"true",1,0,"far"
"5842-c",0,0,2,1,0,10,1,1476992314761,"false",0,0,"far"
"5842-c",0,0,0,1,0,13,0,1476992413553,"true",1,0,"split"
"5842-c",0,1,0,0,1,12,0,1476992384292,"true",1,0,"far"
"5842-c",0,1,2,0,1,15,1,1476992443031,"false",0,0,"split"
"5842-c",0,0,1,1,0,14,0,1476992425197,"true",0,1,"split"
"5842-c",0,1,2,0,1,17,1,1476992498431,"true",0,0,"split"
"5842-c",0,1,1,0,1,16,0,1476992456751,"true",0,1,"split"
"5842-c",1,0,2,0,2,19,1,1476992564660,"false",0,0,"split"
"5842-c",1,0,2,0,2,18,1,1476992514780,"true",0,0,"close"
"5842-c",0,0,2,1,0,31,1,1476992775295,"true",0,0,"far"
"5842-c",0,0,1,1,0,30,0,1476992762177,"false",0,1,"close"
"5842-c",0,1,1,0,1,37,0,1476992962685,"true",0,1,"far"
"5842-c",0,0,0,1,0,36,0,1476992942640,"true",1,0,"far"
"5842-c",0,1,1,0,1,35,0,1476992927173,"true",0,1,"far"
"5842-c",1,0,2,0,2,34,1,1476992887372,"false",0,0,"close"
"5842-c",0,1,1,0,1,33,0,1476992853738,"false",0,1,"close"
"5842-c",1,0,0,0,2,32,0,1476992805547,"true",1,0,"close"
"5842-c",1,0,0,0,2,50,0,1476993165752,"true",1,0,"far"
