"gameid","sClicked_2","sClicked_1","lClickedIndex","sClicked_0","sClickedIndex","roundNum","lClicked_2","time","outcome","lClicked_0","lClicked_1","condition"
"5854-b",0,0,2,1,0,42,1,1476997249422,"true",0,0,"split"
"5854-b",1,0,0,0,2,48,0,1476997336900,"false",1,0,"close"
"5854-b",0,0,2,1,0,43,1,1476997264162,"true",0,0,"split"
"5854-b",0,0,2,1,0,49,1,1476997345508,"true",0,0,"split"
"5854-b",0,1,0,0,1,24,0,1476997020026,"true",1,0,"split"
"5854-b",1,0,1,0,2,25,0,1476997032426,"true",0,1,"far"
"5854-b",1,0,0,0,2,26,0,1476997049924,"true",1,0,"close"
"5854-b",0,0,1,1,0,27,0,1476997057645,"true",0,1,"close"
"5854-b",1,0,1,0,2,20,0,1476996958893,"true",0,1,"close"
"5854-b",0,0,1,1,0,21,0,1476996972567,"true",0,1,"close"
"5854-b",1,0,2,0,2,22,1,1476996982232,"true",0,0,"far"
"5854-b",1,0,1,0,2,23,0,1476997010420,"true",0,1,"close"
"5854-b",1,0,0,0,2,46,0,1476997302807,"true",1,0,"split"
"5854-b",1,0,2,0,2,47,1,1476997318593,"false",0,0,"close"
"5854-b",1,0,0,0,2,44,0,1476997279963,"true",1,0,"close"
"5854-b",0,1,2,0,1,45,1,1476997292951,"true",0,0,"split"
"5854-b",0,0,1,1,0,28,0,1476997069495,"true",0,1,"split"
"5854-b",0,0,1,1,0,29,0,1476997080087,"true",0,1,"far"
"5854-b",0,0,0,1,0,40,0,1476997226922,"false",1,0,"close"
"5854-b",0,0,2,1,0,41,1,1476997239190,"true",0,0,"split"
"5854-b",1,0,1,0,2,1,0,1476996746039,"true",0,1,"far"
"5854-b",0,0,2,1,0,3,1,1476996763111,"true",0,0,"split"
"5854-b",1,0,1,0,2,2,0,1476996755936,"true",0,1,"close"
"5854-b",0,1,2,0,1,5,1,1476996780690,"true",0,0,"far"
"5854-b",1,0,0,0,2,4,0,1476996773008,"true",1,0,"split"
"5854-b",0,0,0,1,0,7,0,1476996793610,"true",1,0,"far"
"5854-b",0,1,2,0,1,6,1,1476996787370,"true",0,0,"far"
"5854-b",0,1,1,0,1,9,0,1476996815773,"true",0,1,"far"
"5854-b",0,1,1,0,1,8,0,1476996808890,"true",0,1,"close"
"5854-b",0,1,0,0,1,39,0,1476997202884,"true",1,0,"close"
"5854-b",1,0,2,0,2,38,1,1476997183390,"true",0,0,"close"
"5854-b",0,0,2,1,0,11,1,1476996856215,"true",0,0,"split"
"5854-b",0,1,2,0,1,10,1,1476996835828,"false",0,0,"split"
"5854-b",0,1,1,0,1,13,0,1476996877870,"true",0,1,"far"
"5854-b",1,0,0,0,2,12,0,1476996868749,"true",1,0,"split"
"5854-b",0,0,0,1,0,15,0,1476996910785,"true",1,0,"far"
"5854-b",0,1,0,0,1,14,0,1476996896682,"true",1,0,"close"
"5854-b",1,0,2,0,2,17,1,1476996926090,"true",0,0,"far"
"5854-b",0,0,1,1,0,16,0,1476996919354,"true",0,1,"close"
"5854-b",1,0,2,0,2,19,1,1476996940557,"true",0,0,"far"
"5854-b",0,1,1,0,1,18,0,1476996933940,"true",0,1,"split"
"5854-b",0,1,2,0,1,31,1,1476997100458,"true",0,0,"far"
"5854-b",0,1,1,0,1,30,0,1476997091057,"true",0,1,"close"
"5854-b",0,0,1,1,0,37,0,1476997156964,"true",0,1,"far"
"5854-b",1,0,0,0,2,36,0,1476997145933,"true",1,0,"split"
"5854-b",0,1,0,0,1,35,0,1476997137660,"true",1,0,"split"
"5854-b",0,0,2,1,0,34,1,1476997129364,"true",0,0,"far"
"5854-b",0,0,0,1,0,33,0,1476997120442,"true",1,0,"close"
"5854-b",0,1,0,0,1,32,0,1476997108602,"true",1,0,"far"
"5854-b",1,0,2,0,2,50,1,1476997354036,"true",0,0,"split"
