"gameid","sClicked_2","sClicked_1","lClickedIndex","sClicked_0","sClickedIndex","roundNum","lClicked_2","time","outcome","lClicked_0","lClicked_1","condition"
"5860-d",0,1,1,0,1,42,0,1477000103275,"true",0,1,"split"
"5860-d",1,0,1,0,2,48,0,1477000206026,"true",0,1,"split"
"5860-d",0,1,0,0,1,43,0,1477000122184,"true",1,0,"close"
"5860-d",1,0,0,0,2,49,0,1477000213095,"true",1,0,"split"
"5860-d",0,1,2,0,1,24,1,1476999907288,"true",0,0,"far"
"5860-d",1,0,0,0,2,25,0,1476999917913,"true",1,0,"close"
"5860-d",1,0,0,0,2,26,0,1476999928393,"true",1,0,"close"
"5860-d",0,0,0,1,0,27,0,1476999936439,"true",1,0,"close"
"5860-d",0,1,2,0,1,20,1,1476999858658,"true",0,0,"far"
"5860-d",0,0,2,1,0,21,1,1476999881508,"true",0,0,"close"
"5860-d",1,0,2,0,2,22,1,1476999891161,"true",0,0,"close"
"5860-d",0,0,0,1,0,23,0,1476999900844,"true",1,0,"close"
"5860-d",0,1,1,0,1,46,0,1477000192089,"true",0,1,"far"
"5860-d",1,0,1,0,2,47,0,1477000198379,"true",0,1,"far"
"5860-d",0,1,2,0,1,44,1,1477000139803,"true",0,0,"close"
"5860-d",1,0,1,0,2,45,0,1477000184864,"true",0,1,"close"
"5860-d",1,0,0,0,2,28,0,1476999946185,"false",1,0,"split"
"5860-d",0,1,0,0,1,29,0,1476999972825,"true",1,0,"split"
"5860-d",0,1,2,0,1,40,1,1477000082080,"true",0,0,"far"
"5860-d",1,0,1,0,2,41,0,1477000095099,"true",0,1,"close"
"5860-d",0,1,1,0,1,1,0,1476999660775,"true",0,1,"split"
"5860-d",0,1,2,0,1,3,1,1476999674556,"true",0,0,"far"
"5860-d",1,0,2,0,2,2,1,1476999668371,"true",0,0,"split"
"5860-d",0,0,1,1,0,5,0,1476999698791,"true",0,1,"split"
"5860-d",1,0,2,0,2,4,1,1476999688017,"true",0,0,"far"
"5860-d",0,1,1,0,1,7,0,1476999718139,"true",0,1,"close"
"5860-d",1,0,1,0,2,6,0,1476999705453,"true",0,1,"far"
"5860-d",0,1,2,0,1,9,1,1476999737882,"true",0,0,"far"
"5860-d",1,0,0,0,2,8,0,1476999730701,"true",1,0,"split"
"5860-d",0,1,1,0,1,39,0,1477000074823,"true",0,1,"close"
"5860-d",0,0,1,1,0,38,0,1477000066814,"true",0,1,"split"
"5860-d",0,0,2,1,0,11,1,1476999764231,"true",0,0,"split"
"5860-d",0,1,1,0,1,10,0,1476999748405,"true",0,1,"far"
"5860-d",0,0,2,1,0,13,1,1476999777877,"true",0,0,"split"
"5860-d",1,0,1,0,2,12,0,1476999770942,"true",0,1,"split"
"5860-d",1,0,2,0,2,15,1,1476999791098,"true",0,0,"close"
"5860-d",0,1,1,0,1,14,0,1476999783913,"true",0,1,"far"
"5860-d",0,1,2,0,1,17,1,1476999809794,"true",0,0,"far"
"5860-d",0,0,0,1,0,16,0,1476999796673,"true",1,0,"split"
"5860-d",1,0,2,0,2,19,1,1476999852646,"true",0,0,"close"
"5860-d",1,0,0,0,2,18,0,1476999820868,"false",1,0,"split"
"5860-d",0,1,1,0,1,31,0,1476999992348,"true",0,1,"close"
"5860-d",1,0,1,0,2,30,0,1476999980164,"true",0,1,"far"
"5860-d",0,0,2,1,0,37,1,1477000057995,"true",0,0,"far"
"5860-d",0,0,0,1,0,36,0,1477000049439,"true",1,0,"far"
"5860-d",1,0,1,0,2,35,0,1477000043176,"true",0,1,"close"
"5860-d",1,0,2,0,2,34,1,1477000025943,"true",0,0,"close"
"5860-d",0,1,2,0,1,33,1,1477000008279,"true",0,0,"far"
"5860-d",0,0,2,1,0,32,1,1477000001918,"true",0,0,"split"
"5860-d",0,1,1,0,1,50,0,1477000221899,"true",0,1,"split"
