"gameid","sClicked_2","sClicked_1","lClickedIndex","sClicked_0","sClickedIndex","roundNum","lClicked_2","time","outcome","lClicked_0","lClicked_1","condition"
"5868-8",1,0,0,0,2,42,0,1477000057915,"true",1,0,"split"
"5868-8",1,0,0,0,2,48,0,1477000113775,"true",1,0,"split"
"5868-8",1,0,2,0,2,43,1,1477000065374,"true",0,0,"far"
"5868-8",0,0,2,1,0,49,1,1477000122780,"true",0,0,"far"
"5868-8",0,1,0,0,1,24,0,1476999857575,"true",1,0,"close"
"5868-8",0,1,0,0,1,25,0,1476999875667,"true",1,0,"close"
"5868-8",0,0,0,1,0,26,0,1476999886572,"true",1,0,"close"
"5868-8",0,1,0,0,1,27,0,1476999893157,"true",1,0,"far"
"5868-8",0,0,1,1,0,20,0,1476999799082,"true",0,1,"close"
"5868-8",0,1,2,0,1,21,1,1476999807794,"true",0,0,"split"
"5868-8",0,0,0,1,0,22,0,1476999819549,"true",1,0,"split"
"5868-8",0,1,0,0,1,23,0,1476999847872,"true",1,0,"split"
"5868-8",1,0,2,0,2,46,1,1477000088723,"true",0,0,"far"
"5868-8",1,0,0,0,2,47,0,1477000100635,"false",1,0,"close"
"5868-8",0,1,2,0,1,44,1,1477000072914,"true",0,0,"far"
"5868-8",0,1,1,0,1,45,0,1477000080914,"true",0,1,"close"
"5868-8",1,0,2,0,2,28,1,1476999901989,"true",0,0,"split"
"5868-8",0,0,2,1,0,29,1,1476999919089,"true",0,0,"close"
"5868-8",0,0,2,1,0,40,1,1477000039901,"true",0,0,"close"
"5868-8",0,0,1,1,0,41,0,1477000045978,"true",0,1,"far"
"5868-8",1,0,1,0,2,1,0,1476999591570,"true",0,1,"close"
"5868-8",0,1,1,0,1,3,0,1476999614923,"true",0,1,"close"
"5868-8",0,0,0,1,0,2,0,1476999603180,"true",1,0,"split"
"5868-8",0,0,1,1,0,5,0,1476999633217,"true",0,1,"far"
"5868-8",1,0,2,0,2,4,1,1476999623980,"true",0,0,"far"
"5868-8",0,0,0,1,0,7,0,1476999653584,"false",1,0,"split"
"5868-8",0,0,2,1,0,6,1,1476999639840,"true",0,0,"far"
"5868-8",0,0,0,1,0,9,0,1476999667262,"true",1,0,"far"
"5868-8",1,0,0,0,2,8,0,1476999660647,"true",1,0,"split"
"5868-8",1,0,1,0,2,39,0,1477000026492,"true",0,1,"far"
"5868-8",0,1,1,0,1,38,0,1477000020145,"true",0,1,"split"
"5868-8",1,0,0,0,2,11,0,1476999686507,"true",1,0,"far"
"5868-8",1,0,0,0,2,10,0,1476999678485,"true",1,0,"far"
"5868-8",0,0,1,1,0,13,0,1476999719452,"true",0,1,"split"
"5868-8",1,0,0,0,2,12,0,1476999703298,"true",1,0,"split"
"5868-8",0,0,2,1,0,15,1,1476999744000,"true",0,0,"close"
"5868-8",0,1,2,0,1,14,1,1476999728212,"true",0,0,"close"
"5868-8",0,1,0,0,1,17,0,1476999767663,"true",1,0,"close"
"5868-8",0,1,1,0,1,16,0,1476999753309,"true",0,1,"far"
"5868-8",0,1,2,0,1,19,1,1476999785159,"true",0,0,"close"
"5868-8",0,1,1,0,1,18,0,1476999776822,"true",0,1,"close"
"5868-8",1,0,1,0,2,31,0,1476999937910,"true",0,1,"split"
"5868-8",1,0,1,0,2,30,0,1476999929037,"true",0,1,"split"
"5868-8",1,0,0,0,2,37,0,1477000007244,"true",1,0,"split"
"5868-8",0,1,1,0,1,36,0,1476999994315,"true",0,1,"far"
"5868-8",0,0,1,1,0,35,0,1476999985212,"true",0,1,"close"
"5868-8",0,1,0,0,1,34,0,1476999966812,"true",1,0,"split"
"5868-8",0,0,2,1,0,33,1,1476999959511,"true",0,0,"far"
"5868-8",0,0,0,1,0,32,0,1476999949800,"true",1,0,"close"
"5868-8",0,1,0,0,1,50,0,1477000133539,"true",1,0,"split"
