"gameid","sClicked_2","sClicked_1","lClickedIndex","sClicked_0","sClickedIndex","roundNum","lClicked_2","time","outcome","lClicked_0","lClicked_1","condition"
"5896-6",1,0,1,0,2,42,0,1476990729921,"true",0,1,"split"
"5896-6",1,0,1,0,2,48,0,1476990805726,"true",0,1,"far"
"5896-6",0,0,1,1,0,43,0,1476990736489,"true",0,1,"far"
"5896-6",0,1,0,0,1,49,0,1476990821455,"false",1,0,"close"
"5896-6",1,0,1,0,2,24,0,1476990457680,"true",0,1,"split"
"5896-6",0,1,1,0,1,25,0,1476990470791,"true",0,1,"split"
"5896-6",0,0,0,1,0,26,0,1476990486710,"true",1,0,"split"
"5896-6",1,0,0,0,2,27,0,1476990497025,"true",1,0,"far"
"5896-6",0,1,1,0,1,20,0,1476990422808,"true",0,1,"far"
"5896-6",0,1,2,0,1,21,1,1476990433210,"true",0,0,"close"
"5896-6",1,0,1,0,2,22,0,1476990440691,"true",0,1,"far"
"5896-6",0,1,1,0,1,23,0,1476990448679,"false",0,1,"close"
"5896-6",1,0,2,0,2,46,1,1476990780575,"true",0,0,"far"
"5896-6",0,1,0,0,1,47,0,1476990798847,"true",1,0,"close"
"5896-6",0,0,1,1,0,44,0,1476990750008,"true",0,1,"close"
"5896-6",1,0,0,0,2,45,0,1476990773545,"true",1,0,"close"
"5896-6",1,0,2,0,2,28,1,1476990519783,"true",0,0,"close"
"5896-6",0,1,2,0,1,29,1,1476990544205,"true",0,0,"far"
"5896-6",1,0,1,0,2,40,0,1476990700129,"false",0,1,"close"
"5896-6",0,0,2,1,0,41,1,1476990712481,"false",0,0,"close"
"5896-6",0,1,0,0,1,1,0,1476989970399,"false",1,0,"close"
"5896-6",0,0,2,1,0,3,1,1476990103560,"true",0,0,"close"
"5896-6",1,0,2,0,2,2,1,1476990039138,"true",0,0,"split"
"5896-6",1,0,1,0,2,5,0,1476990155327,"true",0,1,"split"
"5896-6",0,0,2,1,0,4,1,1476990123879,"true",0,0,"split"
"5896-6",0,0,0,1,0,7,0,1476990191951,"true",1,0,"split"
"5896-6",0,1,1,0,1,6,0,1476990176670,"true",0,1,"close"
"5896-6",0,1,0,0,1,9,0,1476990211381,"true",1,0,"far"
"5896-6",1,0,2,0,2,8,1,1476990200582,"true",0,0,"far"
"5896-6",1,0,0,0,2,39,0,1476990689386,"true",1,0,"far"
"5896-6",1,0,0,0,2,38,0,1476990679786,"true",1,0,"far"
"5896-6",0,0,1,1,0,11,0,1476990304378,"true",0,1,"close"
"5896-6",0,1,2,0,1,10,1,1476990241711,"true",0,0,"split"
"5896-6",0,1,2,0,1,13,1,1476990352026,"false",0,0,"close"
"5896-6",0,1,1,0,1,12,0,1476990312092,"true",0,1,"close"
"5896-6",0,0,2,1,0,15,1,1476990365859,"true",0,0,"far"
"5896-6",0,1,0,0,1,14,0,1476990359972,"true",1,0,"far"
"5896-6",1,0,0,0,2,17,0,1476990394169,"true",1,0,"split"
"5896-6",0,0,0,1,0,16,0,1476990373186,"true",1,0,"far"
"5896-6",1,0,1,0,2,19,0,1476990407704,"true",0,1,"split"
"5896-6",0,0,0,1,0,18,0,1476990400962,"true",1,0,"split"
"5896-6",0,1,1,0,1,31,0,1476990584301,"true",0,1,"split"
"5896-6",1,0,1,0,2,30,0,1476990571956,"true",0,1,"close"
"5896-6",1,0,1,0,2,37,0,1476990671755,"true",0,1,"far"
"5896-6",1,0,0,0,2,36,0,1476990660811,"true",1,0,"split"
"5896-6",1,0,2,0,2,35,1,1476990651100,"true",0,0,"close"
"5896-6",1,0,0,0,2,34,0,1476990640731,"true",1,0,"split"
"5896-6",0,0,1,1,0,33,0,1476990601932,"true",0,1,"far"
"5896-6",0,0,1,1,0,32,0,1476990593165,"true",0,1,"far"
"5896-6",1,0,0,0,2,50,0,1476990833894,"true",1,0,"split"
