"gameid","sClicked_2","sClicked_1","lClickedIndex","sClicked_0","sClickedIndex","roundNum","lClicked_2","time","outcome","lClicked_0","lClicked_1","condition"
"5899-f",0,0,0,1,0,42,0,1476470684585,"true",1,0,"far"
"5899-f",1,0,0,0,2,48,0,1476470759322,"true",1,0,"split"
"5899-f",0,1,2,0,1,43,1,1476470694441,"true",0,0,"close"
"5899-f",0,1,2,0,1,49,1,1476470767794,"true",0,0,"far"
"5899-f",0,1,1,0,1,24,0,1476470442141,"true",0,1,"far"
"5899-f",0,0,2,1,0,25,1,1476470453277,"true",0,0,"close"
"5899-f",0,0,1,1,0,26,0,1476470462597,"true",0,1,"split"
"5899-f",1,0,2,0,2,27,1,1476470488973,"true",0,0,"close"
"5899-f",0,1,2,0,1,20,1,1476470410804,"true",0,0,"far"
"5899-f",0,1,2,0,1,21,1,1476470418844,"true",0,0,"far"
"5899-f",1,0,0,0,2,22,0,1476470427397,"true",1,0,"split"
"5899-f",0,0,0,1,0,23,0,1476470435893,"true",1,0,"close"
"5899-f",0,1,0,0,1,46,0,1476470724554,"true",1,0,"far"
"5899-f",0,1,2,0,1,47,1,1476470743786,"true",0,0,"split"
"5899-f",0,0,1,1,0,44,0,1476470704025,"true",0,1,"split"
"5899-f",0,0,0,1,0,45,0,1476470715516,"true",1,0,"close"
"5899-f",1,0,0,0,2,28,0,1476470499478,"true",1,0,"split"
"5899-f",0,1,0,0,1,29,0,1476470507384,"false",1,0,"far"
"5899-f",0,0,1,1,0,40,0,1476470656712,"true",0,1,"split"
"5899-f",0,1,0,0,1,41,0,1476470674041,"true",1,0,"split"
"5899-f",0,0,2,1,0,1,1,1476470046639,"true",0,0,"far"
"5899-f",1,0,1,0,2,3,0,1476470080320,"true",0,1,"close"
"5899-f",0,0,1,1,0,2,0,1476470057903,"true",0,1,"split"
"5899-f",0,1,1,0,1,5,0,1476470122344,"true",0,1,"split"
"5899-f",1,0,0,0,2,4,0,1476470099488,"false",1,0,"split"
"5899-f",0,1,2,0,1,7,1,1476470143568,"true",0,0,"split"
"5899-f",0,0,0,1,0,6,0,1476470132456,"true",1,0,"far"
"5899-f",0,0,2,1,0,9,1,1476470207042,"false",0,0,"close"
"5899-f",0,0,1,1,0,8,0,1476470150928,"true",0,1,"far"
"5899-f",1,0,1,0,2,39,0,1476470638656,"false",0,1,"far"
"5899-f",0,0,1,1,0,38,0,1476470628424,"true",0,1,"close"
"5899-f",1,0,2,0,2,11,1,1476470225137,"true",0,0,"far"
"5899-f",1,0,1,0,2,10,0,1476470215689,"true",0,1,"close"
"5899-f",0,0,1,1,0,13,0,1476470264154,"true",0,1,"close"
"5899-f",0,0,0,1,0,12,0,1476470252922,"true",1,0,"close"
"5899-f",1,0,2,0,2,15,1,1476470285603,"false",0,0,"close"
"5899-f",1,0,2,0,2,14,1,1476470272986,"true",0,0,"far"
"5899-f",0,1,2,0,1,17,1,1476470366308,"true",0,0,"split"
"5899-f",0,1,2,0,1,16,1,1476470343907,"true",0,0,"far"
"5899-f",1,0,2,0,2,19,1,1476470399156,"false",0,0,"split"
"5899-f",0,0,2,1,0,18,1,1476470381187,"true",0,0,"far"
"5899-f",0,1,0,0,1,31,0,1476470527583,"true",1,0,"split"
"5899-f",0,0,2,1,0,30,1,1476470519798,"true",0,0,"close"
"5899-f",0,1,1,0,1,37,0,1476470612992,"true",0,1,"close"
"5899-f",1,0,2,0,2,36,1,1476470599047,"true",0,0,"split"
"5899-f",0,0,0,1,0,35,0,1476470581807,"true",1,0,"close"
"5899-f",0,1,2,0,1,34,1,1476470570799,"true",0,0,"far"
"5899-f",0,0,1,1,0,33,0,1476470563519,"true",0,1,"close"
"5899-f",0,0,1,1,0,32,0,1476470538942,"true",0,1,"far"
"5899-f",0,1,2,0,1,50,1,1476470788843,"true",0,0,"split"
