"gameid","sClicked_2","sClicked_1","lClickedIndex","sClicked_0","sClickedIndex","roundNum","lClicked_2","time","outcome","lClicked_0","lClicked_1","condition"
"5903-b",1,0,1,0,2,42,0,1476471207892,"true",0,1,"close"
"5903-b",1,0,0,0,2,48,0,1476471365990,"true",1,0,"split"
"5903-b",0,0,0,1,0,43,0,1476471218715,"true",1,0,"far"
"5903-b",0,0,2,1,0,49,1,1476471377282,"false",0,0,"close"
"5903-b",0,1,0,0,1,24,0,1476470752419,"true",1,0,"split"
"5903-b",0,1,0,0,1,25,0,1476470770279,"false",1,0,"close"
"5903-b",1,0,2,0,2,26,1,1476470791860,"true",0,0,"far"
"5903-b",1,0,0,0,2,27,0,1476470817558,"true",1,0,"close"
"5903-b",0,0,2,1,0,20,1,1476470700507,"true",0,0,"split"
"5903-b",0,1,2,0,1,21,1,1476470709511,"true",0,0,"close"
"5903-b",0,0,2,1,0,22,1,1476470720706,"true",0,0,"split"
"5903-b",0,0,2,1,0,23,1,1476470740089,"true",0,0,"split"
"5903-b",0,0,2,1,0,46,1,1476471294410,"true",0,0,"close"
"5903-b",0,1,0,0,1,47,0,1476471355890,"true",1,0,"far"
"5903-b",0,1,1,0,1,44,0,1476471236873,"true",0,1,"close"
"5903-b",0,1,2,0,1,45,1,1476471271086,"true",0,0,"close"
"5903-b",0,1,2,0,1,28,1,1476470838412,"true",0,0,"far"
"5903-b",0,0,2,1,0,29,1,1476470861313,"false",0,0,"close"
"5903-b",0,1,2,0,1,40,1,1476471161462,"true",0,0,"close"
"5903-b",1,0,2,0,2,41,1,1476471177263,"true",0,0,"far"
"5903-b",1,0,0,0,2,1,0,1476470354837,"true",1,0,"far"
"5903-b",1,0,2,0,2,3,1,1476470388028,"true",0,0,"close"
"5903-b",0,0,2,1,0,2,1,1476470369117,"true",0,0,"split"
"5903-b",0,0,0,1,0,5,0,1476470420488,"true",1,0,"far"
"5903-b",1,0,1,0,2,4,0,1476470398409,"true",0,1,"split"
"5903-b",0,0,1,1,0,7,0,1476470464422,"true",0,1,"far"
"5903-b",0,1,1,0,1,6,0,1476470449741,"true",0,1,"close"
"5903-b",1,0,0,0,2,9,0,1476470520311,"true",1,0,"split"
"5903-b",1,0,1,0,2,8,0,1476470490102,"true",0,1,"close"
"5903-b",0,0,2,1,0,39,1,1476471123212,"true",0,0,"far"
"5903-b",0,0,0,1,0,38,0,1476471104740,"false",1,0,"close"
"5903-b",0,1,1,0,1,11,0,1476470564709,"false",0,1,"split"
"5903-b",1,0,0,0,2,10,0,1476470544946,"true",1,0,"far"
"5903-b",0,1,1,0,1,13,0,1476470587045,"true",0,1,"split"
"5903-b",0,1,1,0,1,12,0,1476470576293,"true",0,1,"split"
"5903-b",0,1,1,0,1,15,0,1476470607744,"true",0,1,"split"
"5903-b",1,0,1,0,2,14,0,1476470596924,"false",0,1,"close"
"5903-b",0,1,1,0,1,17,0,1476470647766,"false",0,1,"close"
"5903-b",1,0,1,0,2,16,0,1476470620647,"true",0,1,"split"
"5903-b",0,0,1,1,0,19,0,1476470690513,"true",0,1,"far"
"5903-b",0,1,0,0,1,18,0,1476470657882,"true",1,0,"split"
"5903-b",1,0,0,0,2,31,0,1476470882156,"true",1,0,"far"
"5903-b",1,0,0,0,2,30,0,1476470872902,"true",1,0,"far"
"5903-b",0,0,2,1,0,37,1,1476471088249,"true",0,0,"split"
"5903-b",0,1,1,0,1,36,0,1476471049540,"true",0,1,"far"
"5903-b",0,1,2,0,1,35,1,1476471033068,"false",0,0,"split"
"5903-b",0,1,0,0,1,34,0,1476471005657,"true",1,0,"far"
"5903-b",1,0,2,0,2,33,1,1476470976797,"true",0,0,"far"
"5903-b",0,1,2,0,1,32,1,1476470925827,"true",0,0,"split"
"5903-b",0,0,0,1,0,50,0,1476471384160,"true",1,0,"far"
