"gameid","sClicked_2","sClicked_1","lClickedIndex","sClicked_0","sClickedIndex","roundNum","lClicked_2","time","outcome","lClicked_0","lClicked_1","condition"
"5913-4",0,0,0,1,0,42,0,1476991937106,"true",1,0,"far"
"5913-4",0,1,0,0,1,48,0,1476992000333,"true",1,0,"far"
"5913-4",0,0,1,1,0,43,0,1476991952214,"true",0,1,"close"
"5913-4",0,1,2,0,1,49,1,1476992009150,"true",0,0,"split"
"5913-4",1,0,0,0,2,24,0,1476991703459,"true",1,0,"split"
"5913-4",0,1,0,0,1,25,0,1476991716582,"false",1,0,"split"
"5913-4",0,0,0,1,0,26,0,1476991731460,"true",1,0,"far"
"5913-4",1,0,0,0,2,27,0,1476991747186,"true",1,0,"close"
"5913-4",0,0,0,1,0,20,0,1476991655800,"true",1,0,"close"
"5913-4",0,1,2,0,1,21,1,1476991670908,"true",0,0,"close"
"5913-4",0,1,0,0,1,22,0,1476991681857,"true",1,0,"far"
"5913-4",0,0,0,1,0,23,0,1476991690921,"true",1,0,"far"
"5913-4",0,1,2,0,1,46,1,1476991982773,"true",0,0,"far"
"5913-4",0,1,2,0,1,47,1,1476991991300,"true",0,0,"split"
"5913-4",0,0,1,1,0,44,0,1476991962726,"true",0,1,"split"
"5913-4",0,0,0,1,0,45,0,1476991973930,"true",1,0,"close"
"5913-4",0,1,2,0,1,28,1,1476991757580,"true",0,0,"far"
"5913-4",0,0,0,1,0,29,0,1476991772197,"true",1,0,"close"
"5913-4",1,0,2,0,2,40,1,1476991911593,"true",0,0,"close"
"5913-4",0,0,1,1,0,41,0,1476991926506,"true",0,1,"split"
"5913-4",1,0,0,0,2,1,0,1476991410491,"true",1,0,"close"
"5913-4",0,1,2,0,1,3,1,1476991431407,"true",0,0,"far"
"5913-4",0,1,2,0,1,2,1,1476991418334,"true",0,0,"split"
"5913-4",0,1,0,0,1,5,0,1476991459612,"true",1,0,"split"
"5913-4",1,0,0,0,2,4,0,1476991440397,"true",1,0,"far"
"5913-4",0,0,0,1,0,7,0,1476991501536,"true",1,0,"close"
"5913-4",1,0,1,0,2,6,0,1476991490511,"false",0,1,"close"
"5913-4",1,0,1,0,2,9,0,1476991520618,"true",0,1,"far"
"5913-4",0,1,0,0,1,8,0,1476991510788,"true",1,0,"split"
"5913-4",0,1,2,0,1,39,1,1476991899760,"true",0,0,"split"
"5913-4",0,1,2,0,1,38,1,1476991890333,"false",0,0,"close"
"5913-4",0,0,2,1,0,11,1,1476991540694,"true",0,0,"far"
"5913-4",0,1,0,0,1,10,0,1476991531604,"true",1,0,"close"
"5913-4",0,0,0,1,0,13,0,1476991559856,"true",1,0,"split"
"5913-4",1,0,1,0,2,12,0,1476991551807,"false",0,1,"close"
"5913-4",1,0,1,0,2,15,0,1476991591740,"true",0,1,"close"
"5913-4",0,1,2,0,1,14,1,1476991580732,"true",0,0,"close"
"5913-4",0,0,1,1,0,17,0,1476991611183,"true",0,1,"far"
"5913-4",0,0,0,1,0,16,0,1476991602086,"true",1,0,"split"
"5913-4",0,0,2,1,0,19,1,1476991633835,"true",0,0,"split"
"5913-4",0,1,2,0,1,18,1,1476991622816,"true",0,0,"split"
"5913-4",1,0,1,0,2,31,0,1476991791058,"true",0,1,"far"
"5913-4",0,1,1,0,1,30,0,1476991781916,"true",0,1,"split"
"5913-4",0,0,0,1,0,37,0,1476991876833,"true",1,0,"far"
"5913-4",0,0,0,1,0,36,0,1476991863875,"true",1,0,"close"
"5913-4",1,0,2,0,2,35,1,1476991849457,"true",0,0,"split"
"5913-4",0,0,2,1,0,34,1,1476991823380,"true",0,0,"far"
"5913-4",0,1,2,0,1,33,1,1476991812788,"true",0,0,"split"
"5913-4",1,0,1,0,2,32,0,1476991802274,"true",0,1,"far"
"5913-4",0,0,0,1,0,50,0,1476992043235,"false",1,0,"close"
