"gameid","sClicked_2","sClicked_1","lClickedIndex","sClicked_0","sClickedIndex","roundNum","lClicked_2","time","outcome","lClicked_0","lClicked_1","condition"
"5932-1",1,0,1,0,2,42,0,1477002126800,"true",0,1,"close"
"5932-1",0,0,0,1,0,48,0,1477002242892,"true",1,0,"far"
"5932-1",1,0,2,0,2,43,1,1477002147471,"true",0,0,"split"
"5932-1",0,1,2,0,1,49,1,1477002284615,"true",0,0,"close"
"5932-1",0,0,2,1,0,24,1,1477001773795,"true",0,0,"far"
"5932-1",0,0,2,1,0,25,1,1477001788281,"true",0,0,"close"
"5932-1",1,0,1,0,2,26,0,1477001804669,"true",0,1,"far"
"5932-1",0,1,0,0,1,27,0,1477001827957,"true",1,0,"close"
"5932-1",1,0,1,0,2,20,0,1477001704346,"true",0,1,"close"
"5932-1",1,0,0,0,2,21,0,1477001735702,"true",1,0,"close"
"5932-1",0,0,2,1,0,22,1,1477001748603,"true",0,0,"close"
"5932-1",0,1,2,0,1,23,1,1477001761914,"false",0,0,"split"
"5932-1",1,0,0,0,2,46,0,1477002202942,"false",1,0,"split"
"5932-1",0,0,1,1,0,47,0,1477002216782,"true",0,1,"split"
"5932-1",0,1,0,0,1,44,0,1477002165479,"true",1,0,"close"
"5932-1",1,0,0,0,2,45,0,1477002188879,"true",1,0,"split"
"5932-1",1,0,2,0,2,28,1,1477001848057,"true",0,0,"close"
"5932-1",0,0,1,1,0,29,0,1477001882857,"true",0,1,"close"
"5932-1",0,1,1,0,1,40,0,1477002085012,"true",0,1,"far"
"5932-1",0,0,2,1,0,41,1,1477002097363,"true",0,0,"far"
"5932-1",0,1,1,0,1,1,0,1477001380031,"true",0,1,"far"
"5932-1",1,0,2,0,2,3,1,1477001404049,"true",0,0,"far"
"5932-1",0,0,0,1,0,2,0,1477001394510,"true",1,0,"far"
"5932-1",0,0,0,1,0,5,0,1477001426291,"true",1,0,"split"
"5932-1",0,1,2,0,1,4,1,1477001417431,"true",0,0,"far"
"5932-1",0,0,0,1,0,7,0,1477001461548,"false",1,0,"split"
"5932-1",1,0,0,0,2,6,0,1477001440888,"false",1,0,"split"
"5932-1",0,0,0,1,0,9,0,1477001502020,"true",1,0,"split"
"5932-1",0,1,0,0,1,8,0,1477001486736,"true",1,0,"close"
"5932-1",0,1,2,0,1,39,1,1477002064626,"true",0,0,"far"
"5932-1",0,1,0,0,1,38,0,1477002038982,"false",1,0,"close"
"5932-1",0,0,1,1,0,11,0,1477001561522,"true",0,1,"far"
"5932-1",0,1,2,0,1,10,1,1477001528260,"true",0,0,"close"
"5932-1",0,1,1,0,1,13,0,1477001593306,"true",0,1,"split"
"5932-1",1,0,1,0,2,12,0,1477001577913,"false",0,1,"split"
"5932-1",0,1,1,0,1,15,0,1477001624587,"false",0,1,"split"
"5932-1",0,0,1,1,0,14,0,1477001610819,"true",0,1,"close"
"5932-1",0,1,2,0,1,17,1,1477001653854,"true",0,0,"far"
"5932-1",0,1,2,0,1,16,1,1477001634313,"true",0,0,"far"
"5932-1",0,1,0,0,1,19,0,1477001687833,"true",1,0,"close"
"5932-1",1,0,0,0,2,18,0,1477001669302,"true",1,0,"split"
"5932-1",0,1,1,0,1,31,0,1477001912680,"true",0,1,"split"
"5932-1",1,0,0,0,2,30,0,1477001904292,"true",1,0,"split"
"5932-1",1,0,1,0,2,37,0,1477002016546,"true",0,1,"close"
"5932-1",0,1,2,0,1,36,1,1477002002038,"true",0,0,"far"
"5932-1",1,0,2,0,2,35,1,1477001984618,"true",0,0,"far"
"5932-1",0,0,0,1,0,34,0,1477001972354,"true",1,0,"close"
"5932-1",1,0,1,0,2,33,0,1477001958211,"true",0,1,"far"
"5932-1",0,1,1,0,1,32,0,1477001929878,"true",0,1,"split"
"5932-1",0,1,2,0,1,50,1,1477002299255,"true",0,0,"far"
