"gameid","sClicked_2","sClicked_1","lClickedIndex","sClicked_0","sClickedIndex","roundNum","lClicked_2","time","outcome","lClicked_0","lClicked_1","condition"
"5936-8",1,0,1,0,2,42,0,1476473402453,"true",0,1,"close"
"5936-8",1,0,2,0,2,43,1,1476473449962,"true",0,0,"split"
"5936-8",1,0,1,0,2,49,0,1476473573986,"true",0,1,"close"
"5936-8",0,0,0,1,0,24,0,1476473102803,"true",1,0,"split"
"5936-8",0,1,1,0,1,25,0,1476473123376,"true",0,1,"split"
"5936-8",0,1,1,0,1,26,0,1476473145032,"true",0,1,"split"
"5936-8",0,0,1,1,0,27,0,1476473152775,"true",0,1,"far"
"5936-8",0,1,1,0,1,20,0,1476473049344,"true",0,1,"split"
"5936-8",0,0,2,1,0,21,1,1476473056382,"true",0,0,"far"
"5936-8",1,0,2,0,2,22,1,1476473072018,"true",0,0,"close"
"5936-8",1,0,2,0,2,23,1,1476473081055,"true",0,0,"split"
"5936-8",0,0,1,1,0,46,0,1476473494989,"true",0,1,"close"
"5936-8",1,0,1,0,2,47,0,1476473518846,"false",0,1,"close"
"5936-8",1,0,2,0,2,44,1,1476473458838,"true",0,0,"far"
"5936-8",0,1,1,0,1,45,0,1476473482827,"true",0,1,"split"
"5936-8",1,0,2,0,2,28,1,1476473165042,"true",0,0,"split"
"5936-8",1,0,0,0,2,29,0,1476473181419,"false",1,0,"close"
"5936-8",0,1,1,0,1,40,0,1476473353590,"true",0,1,"split"
"5936-8",0,1,1,0,1,41,0,1476473369707,"false",0,1,"split"
"5936-8",0,0,1,1,0,1,0,1476472641367,"true",0,1,"close"
"5936-8",1,0,1,0,2,3,0,1476472695294,"true",0,1,"far"
"5936-8",0,1,2,0,1,2,1,1476472676577,"true",0,0,"close"
"5936-8",0,1,0,0,1,5,0,1476472711161,"true",1,0,"far"
"5936-8",0,0,0,1,0,4,0,1476472702639,"true",1,0,"far"
"5936-8",0,0,1,1,0,7,0,1476472797144,"false",0,1,"close"
"5936-8",0,0,0,1,0,6,0,1476472722772,"false",1,0,"close"
"5936-8",0,1,0,0,1,9,0,1476472831164,"true",1,0,"split"
"5936-8",0,1,1,0,1,8,0,1476472820050,"true",0,1,"split"
"5936-8",0,1,2,0,1,39,1,1476473342585,"true",0,0,"close"
"5936-8",0,1,2,0,1,11,1,1476472867287,"true",0,0,"far"
"5936-8",0,1,0,0,1,10,0,1476472841228,"true",1,0,"far"
"5936-8",0,0,1,1,0,13,0,1476472903428,"true",0,1,"far"
"5936-8",0,1,1,0,1,38,0,1476473317648,"true",0,1,"close"
"5936-8",0,0,1,1,0,15,0,1476472948084,"true",0,1,"split"
"5936-8",0,1,1,0,1,48,0,1476473556872,"true",0,1,"split"
"5936-8",0,1,2,0,1,17,1,1476473021083,"true",0,0,"far"
"5936-8",1,0,2,0,2,16,1,1476473006736,"true",0,0,"close"
"5936-8",0,1,0,0,1,19,0,1476473039952,"true",1,0,"split"
"5936-8",0,0,1,1,0,18,0,1476473028953,"true",0,1,"far"
"5936-8",0,1,2,0,1,31,1,1476473206239,"true",0,0,"far"
"5936-8",0,0,1,1,0,30,0,1476473194481,"true",0,1,"far"
"5936-8",0,1,0,0,1,37,0,1476473308356,"true",1,0,"close"
"5936-8",1,0,0,0,2,36,0,1476473300343,"true",1,0,"split"
"5936-8",0,1,0,0,1,35,0,1476473276711,"true",1,0,"close"
"5936-8",1,0,0,0,2,34,0,1476473258038,"true",1,0,"far"
"5936-8",0,0,0,1,0,33,0,1476473241060,"true",1,0,"far"
"5936-8",1,0,1,0,2,32,0,1476473215464,"true",0,1,"far"
"5936-8",1,0,2,0,2,50,1,1476473605279,"true",0,0,"close"
