"gameid","sClicked_2","sClicked_1","lClickedIndex","sClicked_0","sClickedIndex","roundNum","lClicked_2","time","outcome","lClicked_0","lClicked_1","condition"
"5957-a",0,0,1,1,0,42,0,1459883764683,"true",0,1,"split"
"5957-a",1,0,0,0,2,48,0,1459883837197,"true",1,0,"split"
"5957-a",0,0,2,1,0,43,1,1459883777806,"true",0,0,"close"
"5957-a",1,0,1,0,2,49,0,1459883849739,"true",0,1,"split"
"5957-a",1,0,0,0,2,24,0,1459883568274,"true",1,0,"close"
"5957-a",0,0,2,1,0,25,1,1459883582977,"true",0,0,"split"
"5957-a",1,0,0,0,2,26,0,1459883594754,"true",1,0,"close"
"5957-a",0,0,2,1,0,27,1,1459883611711,"true",0,0,"split"
"5957-a",0,0,0,1,0,20,0,1459883529268,"true",1,0,"far"
"5957-a",0,1,1,0,1,21,0,1459883540568,"true",0,1,"split"
"5957-a",0,0,1,1,0,22,0,1459883549816,"true",0,1,"far"
"5957-a",0,1,2,0,1,23,1,1459883557133,"true",0,0,"far"
"5957-a",1,0,0,0,2,46,0,1459883815124,"true",1,0,"close"
"5957-a",0,0,1,1,0,47,0,1459883821554,"true",0,1,"far"
"5957-a",0,1,0,0,1,44,0,1459883786330,"true",1,0,"close"
"5957-a",0,1,2,0,1,45,1,1459883802661,"false",0,0,"split"
"5957-a",0,1,1,0,1,28,0,1459883622220,"true",0,1,"far"
"5957-a",1,0,2,0,2,29,1,1459883632846,"true",0,0,"close"
"5957-a",0,0,0,1,0,40,0,1459883751868,"true",1,0,"split"
"5957-a",0,1,1,0,1,41,0,1459883758654,"true",0,1,"far"
"5957-a",1,0,2,0,2,1,1,1459883306369,"true",0,0,"far"
"5957-a",1,0,2,0,2,3,1,1459883333311,"true",0,0,"far"
"5957-a",0,0,1,1,0,2,0,1459883323645,"true",0,1,"split"
"5957-a",0,0,0,1,0,5,0,1459883359446,"true",1,0,"split"
"5957-a",1,0,1,0,2,4,0,1459883347457,"false",0,1,"split"
"5957-a",0,1,2,0,1,7,1,1459883380010,"true",0,0,"close"
"5957-a",0,0,0,1,0,6,0,1459883372073,"true",1,0,"close"
"5957-a",0,1,0,0,1,9,0,1459883402722,"false",1,0,"close"
"5957-a",0,0,2,1,0,8,1,1459883387137,"true",0,0,"far"
"5957-a",1,0,0,0,2,39,0,1459883739358,"true",1,0,"far"
"5957-a",0,1,1,0,1,38,0,1459883730296,"true",0,1,"split"
"5957-a",1,0,0,0,2,11,0,1459883429829,"true",1,0,"far"
"5957-a",0,0,1,1,0,10,0,1459883421129,"true",0,1,"close"
"5957-a",0,1,1,0,1,13,0,1459883453592,"true",0,1,"close"
"5957-a",0,1,2,0,1,12,1,1459883443343,"true",0,0,"close"
"5957-a",0,1,2,0,1,15,1,1459883476588,"true",0,0,"close"
"5957-a",0,1,1,0,1,14,0,1459883461976,"true",0,1,"split"
"5957-a",0,1,2,0,1,17,1,1459883490517,"true",0,0,"close"
"5957-a",0,1,2,0,1,16,1,1459883483894,"true",0,0,"far"
"5957-a",0,0,2,1,0,19,1,1459883521164,"true",0,0,"far"
"5957-a",0,1,0,0,1,18,0,1459883509180,"true",1,0,"split"
"5957-a",0,1,0,0,1,31,0,1459883653256,"true",1,0,"far"
"5957-a",0,1,0,0,1,30,0,1459883646449,"true",1,0,"split"
"5957-a",1,0,1,0,2,37,0,1459883721551,"true",0,1,"far"
"5957-a",1,0,1,0,2,36,0,1459883714893,"true",0,1,"far"
"5957-a",0,0,1,1,0,35,0,1459883706882,"true",0,1,"close"
"5957-a",0,1,0,0,1,34,0,1459883695960,"false",1,0,"close"
"5957-a",0,0,1,1,0,33,0,1459883686055,"true",0,1,"split"
"5957-a",1,0,1,0,2,32,0,1459883660251,"true",0,1,"far"
"5957-a",1,0,1,0,2,50,0,1459883858611,"true",0,1,"split"
