"gameid","sClicked_2","sClicked_1","lClickedIndex","sClicked_0","sClickedIndex","roundNum","lClicked_2","time","outcome","lClicked_0","lClicked_1","condition"
"5958-d",0,1,1,0,1,42,0,1476999059310,"true",0,1,"far"
"5958-d",0,1,0,0,1,48,0,1476999203769,"true",1,0,"split"
"5958-d",1,0,2,0,2,43,1,1476999072156,"true",0,0,"far"
"5958-d",0,0,2,1,0,49,1,1476999220704,"true",0,0,"far"
"5958-d",0,0,2,1,0,24,1,1476998723599,"true",0,0,"close"
"5958-d",0,1,2,0,1,25,1,1476998761214,"true",0,0,"split"
"5958-d",0,0,2,1,0,26,1,1476998770249,"true",0,0,"far"
"5958-d",0,0,0,1,0,27,0,1476998794910,"true",1,0,"close"
"5958-d",0,1,2,0,1,20,1,1476998644314,"true",0,0,"close"
"5958-d",0,0,0,1,0,21,0,1476998687054,"false",1,0,"split"
"5958-d",0,0,2,1,0,22,1,1476998700920,"true",0,0,"close"
"5958-d",0,0,0,1,0,23,0,1476998710996,"true",1,0,"far"
"5958-d",1,0,0,0,2,46,0,1476999122615,"true",1,0,"far"
"5958-d",1,0,1,0,2,47,0,1476999190354,"true",0,1,"split"
"5958-d",0,1,0,0,1,44,0,1476999083922,"true",1,0,"far"
"5958-d",0,1,1,0,1,45,0,1476999114971,"true",0,1,"split"
"5958-d",1,0,2,0,2,28,1,1476998822163,"true",0,0,"close"
"5958-d",0,1,1,0,1,29,0,1476998848146,"false",0,1,"close"
"5958-d",0,0,1,1,0,40,0,1476999041052,"true",0,1,"close"
"5958-d",0,1,1,0,1,41,0,1476999049844,"true",0,1,"split"
"5958-d",0,0,2,1,0,1,1,1476998319922,"true",0,0,"far"
"5958-d",1,0,2,0,2,3,1,1476998364828,"true",0,0,"close"
"5958-d",1,0,2,0,2,2,1,1476998337760,"false",0,0,"close"
"5958-d",0,0,2,1,0,5,1,1476998409459,"true",0,0,"close"
"5958-d",0,0,1,1,0,4,0,1476998396690,"false",0,1,"split"
"5958-d",1,0,0,0,2,7,0,1476998437067,"true",1,0,"far"
"5958-d",0,1,1,0,1,6,0,1476998421445,"true",0,1,"split"
"5958-d",0,1,0,0,1,9,0,1476998464126,"true",1,0,"close"
"5958-d",0,0,0,1,0,8,0,1476998454277,"true",1,0,"split"
"5958-d",0,0,1,1,0,39,0,1476999028725,"true",0,1,"close"
"5958-d",1,0,0,0,2,38,0,1476999006369,"true",1,0,"split"
"5958-d",0,1,0,0,1,11,0,1476998497359,"true",1,0,"far"
"5958-d",1,0,0,0,2,10,0,1476998482479,"true",1,0,"split"
"5958-d",0,0,2,1,0,13,1,1476998520726,"true",0,0,"far"
"5958-d",0,1,2,0,1,12,1,1476998507811,"true",0,0,"far"
"5958-d",1,0,1,0,2,15,0,1476998584020,"true",0,1,"close"
"5958-d",0,1,2,0,1,14,1,1476998538653,"true",0,0,"split"
"5958-d",0,0,1,1,0,17,0,1476998608035,"true",0,1,"far"
"5958-d",0,0,0,1,0,16,0,1476998593400,"true",1,0,"far"
"5958-d",0,0,0,1,0,19,0,1476998631052,"false",1,0,"split"
"5958-d",0,0,1,1,0,18,0,1476998619769,"true",0,1,"split"
"5958-d",1,0,1,0,2,31,0,1476998892521,"true",0,1,"far"
"5958-d",1,0,2,0,2,30,1,1476998882766,"true",0,0,"split"
"5958-d",0,0,2,1,0,37,1,1476998993329,"true",0,0,"far"
"5958-d",0,0,2,1,0,36,1,1476998982216,"true",0,0,"split"
"5958-d",1,0,1,0,2,35,0,1476998955012,"true",0,1,"far"
"5958-d",1,0,1,0,2,34,0,1476998941903,"true",0,1,"close"
"5958-d",0,0,0,1,0,33,0,1476998923111,"true",1,0,"split"
"5958-d",1,0,1,0,2,32,0,1476998906917,"true",0,1,"close"
"5958-d",0,0,1,1,0,50,0,1476999260801,"true",0,1,"close"
