"gameid","sClicked_2","sClicked_1","lClickedIndex","sClicked_0","sClickedIndex","roundNum","lClicked_2","time","outcome","lClicked_0","lClicked_1","condition"
"5971-3",0,1,0,0,1,42,0,1476994796109,"true",1,0,"close"
"5971-3",0,0,1,1,0,48,0,1476994845197,"true",0,1,"close"
"5971-3",1,0,0,0,2,43,0,1476994807597,"true",1,0,"close"
"5971-3",1,0,0,0,2,49,0,1476994855325,"true",1,0,"split"
"5971-3",1,0,0,0,2,24,0,1476994420124,"true",1,0,"close"
"5971-3",0,1,1,0,1,25,0,1476994441149,"true",0,1,"split"
"5971-3",1,0,0,0,2,26,0,1476994483539,"true",1,0,"split"
"5971-3",1,0,0,0,2,27,0,1476994490941,"true",1,0,"split"
"5971-3",0,1,0,0,1,20,0,1476994312707,"true",1,0,"close"
"5971-3",0,1,1,0,1,22,0,1476994391357,"true",0,1,"split"
"5971-3",0,0,2,1,0,23,1,1476994399385,"true",0,0,"far"
"5971-3",0,1,1,0,1,46,0,1476994827117,"true",0,1,"far"
"5971-3",0,1,2,0,1,47,1,1476994837507,"true",0,0,"far"
"5971-3",0,1,1,0,1,44,0,1476994814086,"true",0,1,"far"
"5971-3",0,0,0,1,0,45,0,1476994819997,"true",1,0,"far"
"5971-3",0,0,0,1,0,28,0,1476994502669,"true",1,0,"split"
"5971-3",1,0,1,0,2,29,0,1476994515929,"true",0,1,"split"
"5971-3",1,0,0,0,2,40,0,1476994749284,"true",1,0,"split"
"5971-3",1,0,1,0,2,41,0,1476994759862,"true",0,1,"far"
"5971-3",0,1,0,0,1,1,0,1476993968899,"true",1,0,"split"
"5971-3",0,0,2,1,0,3,1,1476994001136,"true",0,0,"split"
"5971-3",1,0,0,0,2,2,0,1476993984205,"true",1,0,"far"
"5971-3",0,1,2,0,1,5,1,1476994041575,"false",0,0,"close"
"5971-3",0,0,0,1,0,4,0,1476994015181,"true",1,0,"split"
"5971-3",1,0,2,0,2,7,1,1476994072054,"true",0,0,"close"
"5971-3",0,0,2,1,0,6,1,1476994050873,"true",0,0,"far"
"5971-3",0,0,2,1,0,9,1,1476994103616,"true",0,0,"far"
"5971-3",1,0,1,0,2,8,0,1476994093949,"true",0,1,"split"
"5971-3",0,0,1,1,0,39,0,1476994740618,"true",0,1,"close"
"5971-3",0,1,0,0,1,38,0,1476994707588,"true",1,0,"close"
"5971-3",0,1,0,0,1,11,0,1476994154644,"true",1,0,"split"
"5971-3",1,0,2,0,2,13,1,1476994184378,"true",0,0,"split"
"5971-3",0,1,0,0,1,12,0,1476994171643,"true",1,0,"far"
"5971-3",0,0,2,1,0,15,1,1476994221056,"true",0,0,"split"
"5971-3",1,0,1,0,2,14,0,1476994201206,"true",0,1,"close"
"5971-3",1,0,1,0,2,17,0,1476994251117,"true",0,1,"far"
"5971-3",0,0,1,1,0,16,0,1476994241789,"true",0,1,"close"
"5971-3",0,1,1,0,1,19,0,1476994277111,"true",0,1,"far"
"5971-3",0,0,1,1,0,18,0,1476994267331,"true",0,1,"close"
"5971-3",1,0,1,0,2,31,0,1476994535120,"true",0,1,"far"
"5971-3",1,0,0,0,2,30,0,1476994528141,"true",1,0,"split"
"5971-3",0,1,1,0,1,37,0,1476994652845,"true",0,1,"far"
"5971-3",1,0,0,0,2,36,0,1476994643806,"true",1,0,"far"
"5971-3",1,0,2,0,2,35,1,1476994634384,"true",0,0,"close"
"5971-3",0,1,0,0,1,34,0,1476994609331,"true",1,0,"far"
"5971-3",1,0,1,0,2,33,0,1476994587091,"true",0,1,"close"
"5971-3",0,0,1,1,0,32,0,1476994545497,"true",0,1,"far"
"5971-3",0,0,0,1,0,50,0,1476994867472,"true",1,0,"close"
