"gameid","sClicked_2","sClicked_1","lClickedIndex","sClicked_0","sClickedIndex","roundNum","lClicked_2","time","outcome","lClicked_0","lClicked_1","condition"
"5979-c",0,0,1,1,0,42,0,1476991493496,"true",0,1,"far"
"5979-c",0,0,1,1,0,48,0,1476991563192,"true",0,1,"far"
"5979-c",0,0,2,1,0,43,1,1476991507990,"true",0,0,"split"
"5979-c",0,1,0,0,1,49,0,1476991624371,"true",1,0,"split"
"5979-c",1,0,2,0,2,24,1,1476991127013,"true",0,0,"split"
"5979-c",0,0,2,1,0,25,1,1476991151510,"true",0,0,"split"
"5979-c",0,0,1,1,0,26,0,1476991208801,"true",0,1,"close"
"5979-c",0,1,1,0,1,27,0,1476991220716,"true",0,1,"far"
"5979-c",0,0,1,1,0,20,0,1476991087779,"true",0,1,"split"
"5979-c",1,0,2,0,2,21,1,1476991099219,"true",0,0,"split"
"5979-c",1,0,0,0,2,22,0,1476991106762,"true",1,0,"far"
"5979-c",1,0,2,0,2,23,1,1476991117281,"true",0,0,"split"
"5979-c",1,0,2,0,2,46,1,1476991539363,"true",0,0,"split"
"5979-c",0,1,1,0,1,47,0,1476991552239,"true",0,1,"far"
"5979-c",1,0,0,0,2,44,0,1476991517146,"true",1,0,"split"
"5979-c",1,0,2,0,2,45,1,1476991530948,"true",0,0,"far"
"5979-c",0,1,0,0,1,28,0,1476991276106,"true",1,0,"split"
"5979-c",0,0,0,1,0,29,0,1476991293757,"true",1,0,"close"
"5979-c",0,1,0,0,1,40,0,1476991473025,"false",1,0,"close"
"5979-c",0,1,2,0,1,41,1,1476991482080,"true",0,0,"far"
"5979-c",0,0,0,1,0,1,0,1476990634184,"true",1,0,"close"
"5979-c",0,1,1,0,1,3,0,1476990660544,"true",0,1,"far"
"5979-c",0,1,1,0,1,2,0,1476990650195,"true",0,1,"split"
"5979-c",1,0,0,0,2,5,0,1476990713690,"true",1,0,"close"
"5979-c",0,0,0,1,0,4,0,1476990678812,"true",1,0,"close"
"5979-c",0,0,0,1,0,7,0,1476990772901,"true",1,0,"split"
"5979-c",0,0,1,1,0,6,0,1476990727778,"true",0,1,"close"
"5979-c",1,0,1,0,2,9,0,1476990792854,"true",0,1,"far"
"5979-c",1,0,0,0,2,8,0,1476990781111,"true",1,0,"split"
"5979-c",0,0,0,1,0,39,0,1476991452896,"true",1,0,"far"
"5979-c",0,0,0,1,0,38,0,1476991444997,"true",1,0,"close"
"5979-c",0,0,2,1,0,11,1,1476990839709,"true",0,0,"far"
"5979-c",0,0,0,1,0,10,0,1476990818081,"true",1,0,"close"
"5979-c",1,0,2,0,2,13,1,1476990902807,"true",0,0,"close"
"5979-c",1,0,0,0,2,12,0,1476990857995,"true",1,0,"far"
"5979-c",0,1,2,0,1,15,1,1476990970584,"true",0,0,"far"
"5979-c",0,0,1,1,0,14,0,1476990956990,"false",0,1,"close"
"5979-c",0,1,2,0,1,17,1,1476991032679,"true",0,0,"close"
"5979-c",0,0,1,1,0,16,0,1476990989729,"true",0,1,"far"
"5979-c",0,0,1,1,0,19,0,1476991073565,"true",0,1,"split"
"5979-c",0,1,1,0,1,18,0,1476991062275,"true",0,1,"close"
"5979-c",0,1,2,0,1,31,1,1476991349252,"true",0,0,"split"
"5979-c",0,1,0,0,1,30,0,1476991336722,"true",1,0,"close"
"5979-c",0,1,2,0,1,37,1,1476991418943,"true",0,0,"split"
"5979-c",1,0,0,0,2,36,0,1476991401021,"true",1,0,"far"
"5979-c",1,0,2,0,2,35,1,1476991393925,"true",0,0,"split"
"5979-c",0,0,1,1,0,34,0,1476991383071,"true",0,1,"close"
"5979-c",0,0,1,1,0,33,0,1476991370865,"true",0,1,"far"
"5979-c",0,1,1,0,1,32,0,1476991358817,"true",0,1,"close"
"5979-c",1,0,2,0,2,50,1,1476991632682,"true",0,0,"far"
