"gameid","sClicked_2","sClicked_1","lClickedIndex","sClicked_0","sClickedIndex","roundNum","lClicked_2","time","outcome","lClicked_0","lClicked_1","condition"
"6010-a",0,1,0,0,1,42,0,1476998102282,"true",1,0,"split"
"6010-a",0,1,1,0,1,48,0,1476998166342,"false",0,1,"close"
"6010-a",1,0,0,0,2,43,0,1476998112727,"true",1,0,"far"
"6010-a",0,1,2,0,1,49,1,1476998177531,"true",0,0,"split"
"6010-a",1,0,2,0,2,24,1,1476997874888,"true",0,0,"far"
"6010-a",0,1,0,0,1,25,0,1476997896298,"true",1,0,"split"
"6010-a",0,0,0,1,0,26,0,1476997909118,"true",1,0,"close"
"6010-a",0,1,0,0,1,27,0,1476997924248,"true",1,0,"far"
"6010-a",1,0,0,0,2,20,0,1476997835527,"true",1,0,"far"
"6010-a",1,0,1,0,2,21,0,1476997848027,"true",0,1,"close"
"6010-a",0,0,2,1,0,22,1,1476997856219,"true",0,0,"far"
"6010-a",0,1,2,0,1,23,1,1476997864774,"true",0,0,"split"
"6010-a",0,0,1,1,0,46,0,1476998145701,"true",0,1,"far"
"6010-a",0,0,0,1,0,47,0,1476998155570,"true",1,0,"close"
"6010-a",0,0,1,1,0,44,0,1476998127858,"true",0,1,"split"
"6010-a",0,1,1,0,1,45,0,1476998136700,"true",0,1,"split"
"6010-a",1,0,1,0,2,28,0,1476997936496,"true",0,1,"far"
"6010-a",1,0,1,0,2,29,0,1476997943906,"true",0,1,"far"
"6010-a",0,1,0,0,1,40,0,1476998063420,"true",1,0,"split"
"6010-a",0,0,0,1,0,41,0,1476998084288,"false",1,0,"close"
"6010-a",0,0,1,1,0,1,0,1476997478871,"true",0,1,"far"
"6010-a",0,0,1,1,0,3,0,1476997550901,"true",0,1,"close"
"6010-a",1,0,1,0,2,2,0,1476997513483,"true",0,1,"split"
"6010-a",0,1,2,0,1,5,1,1476997580355,"true",0,0,"split"
"6010-a",0,1,0,0,1,4,0,1476997568710,"true",1,0,"split"
"6010-a",0,0,0,1,0,7,0,1476997606985,"true",1,0,"close"
"6010-a",0,0,0,1,0,6,0,1476997591845,"true",1,0,"split"
"6010-a",1,0,0,0,2,9,0,1476997653838,"false",1,0,"split"
"6010-a",0,0,1,1,0,8,0,1476997642486,"true",0,1,"close"
"6010-a",0,0,2,1,0,39,1,1476998048581,"true",0,0,"far"
"6010-a",1,0,2,0,2,38,1,1476998041279,"true",0,0,"far"
"6010-a",1,0,0,0,2,11,0,1476997688170,"true",1,0,"close"
"6010-a",0,0,2,1,0,10,1,1476997672870,"true",0,0,"close"
"6010-a",1,0,2,0,2,13,1,1476997714710,"true",0,0,"close"
"6010-a",0,0,0,1,0,12,0,1476997702826,"true",1,0,"close"
"6010-a",0,1,1,0,1,15,0,1476997742512,"true",0,1,"split"
"6010-a",1,0,0,0,2,14,0,1476997733811,"true",1,0,"split"
"6010-a",0,0,1,1,0,17,0,1476997775247,"false",0,1,"close"
"6010-a",0,1,1,0,1,16,0,1476997754030,"true",0,1,"close"
"6010-a",0,1,0,0,1,19,0,1476997803854,"true",1,0,"close"
"6010-a",0,1,1,0,1,18,0,1476997787517,"true",0,1,"split"
"6010-a",1,0,2,0,2,31,1,1476997966448,"true",0,0,"close"
"6010-a",0,0,0,1,0,30,0,1476997951762,"true",1,0,"far"
"6010-a",0,1,0,0,1,37,0,1476998025085,"true",1,0,"far"
"6010-a",1,0,0,0,2,36,0,1476998016192,"true",1,0,"far"
"6010-a",1,0,0,0,2,35,0,1476998004996,"true",1,0,"split"
"6010-a",0,0,2,1,0,34,1,1476997994789,"true",0,0,"far"
"6010-a",0,1,1,0,1,33,0,1476997986204,"true",0,1,"far"
"6010-a",0,1,0,0,1,32,0,1476997978913,"true",1,0,"close"
"6010-a",1,0,1,0,2,50,0,1476998186573,"true",0,1,"split"
