"gameid","sClicked_2","sClicked_1","lClickedIndex","sClicked_0","sClickedIndex","roundNum","lClicked_2","time","outcome","lClicked_0","lClicked_1","condition"
"6035-4",0,1,2,0,1,42,1,1476483868449,"true",0,0,"close"
"6035-4",0,1,2,0,1,48,1,1476483930898,"true",0,0,"far"
"6035-4",1,0,1,0,2,43,0,1476483888069,"false",0,1,"close"
"6035-4",0,1,0,0,1,49,0,1476483941586,"true",1,0,"close"
"6035-4",0,0,1,1,0,24,0,1476482838725,"true",0,1,"close"
"6035-4",0,1,2,0,1,25,1,1476482850559,"true",0,0,"far"
"6035-4",1,0,0,0,2,26,0,1476482864486,"false",1,0,"split"
"6035-4",1,0,2,0,2,27,1,1476482980509,"true",0,0,"far"
"6035-4",1,0,0,0,2,20,0,1476482664995,"false",1,0,"close"
"6035-4",0,0,1,1,0,21,0,1476482809557,"true",0,1,"close"
"6035-4",0,1,2,0,1,22,1,1476482818141,"true",0,0,"split"
"6035-4",0,1,2,0,1,23,1,1476482826838,"true",0,0,"close"
"6035-4",0,1,1,0,1,46,0,1476483914345,"false",0,1,"split"
"6035-4",0,1,1,0,1,47,0,1476483923244,"false",0,1,"close"
"6035-4",0,1,0,0,1,44,0,1476483896632,"true",1,0,"far"
"6035-4",0,1,1,0,1,45,0,1476483903932,"false",0,1,"close"
"6035-4",0,1,1,0,1,28,0,1476483125221,"true",0,1,"split"
"6035-4",0,0,2,1,0,29,1,1476483209380,"false",0,0,"split"
"6035-4",1,0,0,0,2,40,0,1476483851463,"false",1,0,"close"
"6035-4",0,0,2,1,0,41,1,1476483858901,"true",0,0,"close"
"6035-4",0,1,1,0,1,1,0,1476482276980,"false",0,1,"split"
"6035-4",1,0,0,0,2,3,0,1476482308015,"true",1,0,"split"
"6035-4",0,1,1,0,1,2,0,1476482287127,"true",0,1,"far"
"6035-4",1,0,2,0,2,5,1,1476482328955,"false",0,0,"far"
"6035-4",0,1,2,0,1,4,1,1476482319242,"true",0,0,"split"
"6035-4",0,1,2,0,1,7,1,1476482354862,"true",0,0,"split"
"6035-4",1,0,2,0,2,6,1,1476482340438,"true",0,0,"far"
"6035-4",0,0,1,1,0,9,0,1476482369111,"true",0,1,"far"
"6035-4",0,0,1,1,0,8,0,1476482361910,"true",0,1,"split"
"6035-4",0,1,1,0,1,39,0,1476483840525,"true",0,1,"far"
"6035-4",1,0,0,0,2,38,0,1476483833883,"true",1,0,"split"
"6035-4",1,0,1,0,2,11,0,1476482390230,"true",0,1,"far"
"6035-4",0,0,1,1,0,10,0,1476482379965,"true",0,1,"split"
"6035-4",1,0,0,0,2,13,0,1476482422230,"true",1,0,"close"
"6035-4",1,0,0,0,2,12,0,1476482403505,"false",1,0,"close"
"6035-4",0,0,1,1,0,15,0,1476482444894,"false",0,1,"close"
"6035-4",1,0,1,0,2,14,0,1476482430747,"true",0,1,"far"
"6035-4",0,1,2,0,1,17,1,1476482606153,"true",0,0,"close"
"6035-4",1,0,2,0,2,16,1,1476482473084,"true",0,0,"far"
"6035-4",0,1,2,0,1,19,1,1476482651420,"false",0,0,"close"
"6035-4",0,1,2,0,1,18,1,1476482624185,"true",0,0,"split"
"6035-4",0,1,1,0,1,31,0,1476483511554,"true",0,1,"split"
"6035-4",1,0,0,0,2,30,0,1476483380876,"true",1,0,"far"
"6035-4",0,1,2,0,1,37,1,1476483826565,"false",0,0,"split"
"6035-4",0,1,1,0,1,36,0,1476483817916,"true",0,1,"far"
"6035-4",1,0,1,0,2,35,0,1476483810318,"true",0,1,"far"
"6035-4",1,0,2,0,2,34,1,1476483796452,"true",0,0,"far"
"6035-4",0,1,0,0,1,33,0,1476483780254,"true",1,0,"close"
"6035-4",0,0,1,1,0,32,0,1476483773296,"false",0,1,"split"
"6035-4",1,0,0,0,2,50,0,1476483949579,"true",1,0,"far"
