"gameid","sClicked_2","sClicked_1","lClickedIndex","sClicked_0","sClickedIndex","roundNum","lClicked_2","time","outcome","lClicked_0","lClicked_1","condition"
"6088-7",0,1,1,0,1,42,0,1476990480690,"true",0,1,"split"
"6088-7",0,1,1,0,1,48,0,1476990561056,"true",0,1,"split"
"6088-7",0,0,2,1,0,43,1,1476990497634,"true",0,0,"close"
"6088-7",0,0,0,1,0,49,0,1476990576442,"false",1,0,"split"
"6088-7",0,0,2,1,0,24,1,1476990136553,"true",0,0,"split"
"6088-7",0,0,0,1,0,25,0,1476990148433,"true",1,0,"far"
"6088-7",1,0,1,0,2,26,0,1476990159240,"true",0,1,"split"
"6088-7",0,1,2,0,1,27,1,1476990219076,"true",0,0,"close"
"6088-7",1,0,1,0,2,20,0,1476990084396,"true",0,1,"split"
"6088-7",0,0,0,1,0,21,0,1476990095158,"true",1,0,"far"
"6088-7",0,0,2,1,0,22,1,1476990104791,"true",0,0,"far"
"6088-7",0,0,0,1,0,23,0,1476990120626,"true",1,0,"close"
"6088-7",1,0,2,0,2,46,1,1476990533504,"true",0,0,"split"
"6088-7",1,0,0,0,2,47,0,1476990546690,"true",1,0,"split"
"6088-7",0,0,0,1,0,44,0,1476990505503,"true",1,0,"far"
"6088-7",0,1,0,0,1,45,0,1476990522473,"true",1,0,"far"
"6088-7",1,0,0,0,2,28,0,1476990240780,"true",1,0,"far"
"6088-7",1,0,1,0,2,29,0,1476990260892,"false",0,1,"close"
"6088-7",0,0,1,1,0,40,0,1476990448855,"true",0,1,"far"
"6088-7",1,0,0,0,2,41,0,1476990463994,"true",1,0,"split"
"6088-7",1,0,2,0,2,1,1,1476989593541,"true",0,0,"split"
"6088-7",0,1,2,0,1,3,1,1476989673344,"true",0,0,"close"
"6088-7",0,0,0,1,0,2,0,1476989653153,"true",1,0,"split"
"6088-7",0,0,1,1,0,5,0,1476989724158,"true",0,1,"close"
"6088-7",0,0,2,1,0,4,1,1476989693522,"true",0,0,"split"
"6088-7",0,1,0,0,1,7,0,1476989769394,"true",1,0,"far"
"6088-7",0,1,1,0,1,6,0,1476989756533,"false",0,1,"close"
"6088-7",0,1,2,0,1,9,1,1476989801654,"true",0,0,"close"
"6088-7",0,0,0,1,0,8,0,1476989782993,"true",1,0,"far"
"6088-7",0,1,0,0,1,39,0,1476990439266,"true",1,0,"close"
"6088-7",0,0,0,1,0,38,0,1476990409357,"true",1,0,"close"
"6088-7",0,0,0,1,0,11,0,1476989857341,"true",1,0,"close"
"6088-7",0,1,1,0,1,10,0,1476989814534,"true",0,1,"split"
"6088-7",0,1,0,0,1,13,0,1476989928284,"true",1,0,"close"
"6088-7",0,1,1,0,1,12,0,1476989879210,"true",0,1,"far"
"6088-7",0,0,1,1,0,15,0,1476989973384,"true",0,1,"far"
"6088-7",0,0,0,1,0,14,0,1476989961053,"false",1,0,"split"
"6088-7",0,1,1,0,1,17,0,1476990013724,"true",0,1,"far"
"6088-7",0,0,0,1,0,16,0,1476989995299,"true",1,0,"split"
"6088-7",0,0,1,1,0,19,0,1476990035562,"true",0,1,"far"
"6088-7",0,1,0,0,1,18,0,1476990024421,"true",1,0,"far"
"6088-7",0,1,2,0,1,31,1,1476990296752,"true",0,0,"close"
"6088-7",0,1,0,0,1,30,0,1476990272968,"true",1,0,"far"
"6088-7",1,0,2,0,2,37,1,1476990396114,"true",0,0,"split"
"6088-7",1,0,2,0,2,36,1,1476990386714,"true",0,0,"close"
"6088-7",0,1,1,0,1,35,0,1476990368318,"true",0,1,"split"
"6088-7",0,0,1,1,0,34,0,1476990349113,"true",0,1,"far"
"6088-7",0,1,1,0,1,33,0,1476990336798,"false",0,1,"far"
"6088-7",0,0,0,1,0,32,0,1476990328675,"true",1,0,"close"
"6088-7",0,1,0,0,1,50,0,1476990594875,"false",1,0,"close"
