"gameid","sClicked_2","sClicked_1","lClickedIndex","sClicked_0","sClickedIndex","roundNum","lClicked_2","time","outcome","lClicked_0","lClicked_1","condition"
"6089-c",1,0,2,0,2,42,1,1476483452916,"true",0,0,"far"
"6089-c",0,1,1,0,1,48,0,1476483540440,"true",0,1,"split"
"6089-c",0,0,2,1,0,43,1,1476483469247,"true",0,0,"split"
"6089-c",0,1,1,0,1,49,0,1476483557866,"true",0,1,"far"
"6089-c",0,0,0,1,0,24,0,1476483220145,"true",1,0,"far"
"6089-c",1,0,1,0,2,25,0,1476483227834,"false",0,1,"close"
"6089-c",0,1,1,0,1,26,0,1476483241220,"true",0,1,"split"
"6089-c",0,1,0,0,1,27,0,1476483264458,"true",1,0,"close"
"6089-c",0,1,2,0,1,20,1,1476483186461,"true",0,0,"close"
"6089-c",1,0,2,0,2,21,1,1476483193484,"true",0,0,"far"
"6089-c",0,0,2,1,0,22,1,1476483202014,"true",0,0,"far"
"6089-c",1,0,2,0,2,23,1,1476483211986,"true",0,0,"split"
"6089-c",0,0,2,1,0,46,1,1476483503550,"true",0,0,"split"
"6089-c",0,1,1,0,1,47,0,1476483516965,"true",0,1,"split"
"6089-c",1,0,1,0,2,44,0,1476483484576,"true",0,1,"split"
"6089-c",0,1,1,0,1,45,0,1476483493851,"true",0,1,"close"
"6089-c",0,1,1,0,1,28,0,1476483285234,"true",0,1,"far"
"6089-c",0,0,2,1,0,29,1,1476483299533,"false",0,0,"split"
"6089-c",0,1,0,0,1,40,0,1476483436498,"true",1,0,"split"
"6089-c",0,1,1,0,1,41,0,1476483445331,"true",0,1,"far"
"6089-c",1,0,2,0,2,1,1,1476482683491,"true",0,0,"split"
"6089-c",0,1,1,0,1,3,0,1476482822054,"true",0,1,"far"
"6089-c",1,0,0,0,2,2,0,1476482698808,"true",1,0,"far"
"6089-c",0,1,0,0,1,5,0,1476482853825,"true",1,0,"split"
"6089-c",0,1,2,0,1,4,1,1476482844391,"true",0,0,"close"
"6089-c",0,1,1,0,1,7,0,1476482882132,"true",0,1,"far"
"6089-c",1,0,0,0,2,6,0,1476482870243,"true",1,0,"close"
"6089-c",0,0,1,1,0,9,0,1476482909416,"true",0,1,"close"
"6089-c",0,0,1,1,0,8,0,1476482893936,"true",0,1,"split"
"6089-c",1,0,1,0,2,39,0,1476483428362,"false",0,1,"split"
"6089-c",0,0,1,1,0,38,0,1476483413529,"true",0,1,"far"
"6089-c",1,0,2,0,2,11,1,1476482987242,"false",0,0,"close"
"6089-c",1,0,1,0,2,10,0,1476482944820,"true",0,1,"close"
"6089-c",0,1,0,0,1,13,0,1476483061549,"false",1,0,"close"
"6089-c",0,0,0,1,0,12,0,1476483024079,"true",1,0,"split"
"6089-c",0,1,0,0,1,15,0,1476483110108,"true",1,0,"close"
"6089-c",1,0,1,0,2,14,0,1476483080918,"true",0,1,"far"
"6089-c",0,1,1,0,1,17,0,1476483142544,"true",0,1,"far"
"6089-c",0,0,1,1,0,16,0,1476483131877,"false",0,1,"close"
"6089-c",0,1,1,0,1,19,0,1476483176908,"true",0,1,"close"
"6089-c",1,0,0,0,2,18,0,1476483164714,"true",1,0,"split"
"6089-c",0,1,2,0,1,31,1,1476483344894,"false",0,0,"close"
"6089-c",0,1,1,0,1,30,0,1476483325376,"true",0,1,"close"
"6089-c",0,1,1,0,1,37,0,1476483406772,"true",0,1,"close"
"6089-c",1,0,2,0,2,36,1,1476483395332,"true",0,0,"far"
"6089-c",1,0,0,0,2,35,0,1476483385421,"true",1,0,"split"
"6089-c",1,0,1,0,2,34,0,1476483376621,"true",0,1,"far"
"6089-c",1,0,2,0,2,33,1,1476483368522,"true",0,0,"far"
"6089-c",0,1,0,0,1,32,0,1476483352533,"true",1,0,"far"
"6089-c",1,0,1,0,2,50,0,1476483602969,"true",0,1,"split"
