"gameid","sClicked_2","sClicked_1","lClickedIndex","sClicked_0","sClickedIndex","roundNum","lClicked_2","time","outcome","lClicked_0","lClicked_1","condition"
"6106-f",1,0,0,0,2,42,0,1476998705505,"false",1,0,"split"
"6106-f",1,0,1,0,2,48,0,1476998791146,"true",0,1,"split"
"6106-f",1,0,0,0,2,43,0,1476998713787,"true",1,0,"split"
"6106-f",0,1,2,0,1,49,1,1476998818478,"true",0,0,"close"
"6106-f",0,1,0,0,1,24,0,1476998490485,"true",1,0,"far"
"6106-f",0,0,1,1,0,25,0,1476998497402,"true",0,1,"far"
"6106-f",0,0,0,1,0,26,0,1476998506117,"true",1,0,"close"
"6106-f",0,1,0,0,1,27,0,1476998531026,"true",1,0,"close"
"6106-f",0,0,0,1,0,20,0,1476998402582,"true",1,0,"close"
"6106-f",0,0,2,1,0,21,1,1476998410801,"true",0,0,"far"
"6106-f",0,1,1,0,1,22,0,1476998425709,"true",0,1,"close"
"6106-f",0,1,0,0,1,23,0,1476998472088,"true",1,0,"close"
"6106-f",1,0,1,0,2,46,0,1476998737755,"false",0,1,"far"
"6106-f",0,1,2,0,1,47,1,1476998775459,"true",0,0,"close"
"6106-f",1,0,0,0,2,44,0,1476998722703,"true",1,0,"split"
"6106-f",0,0,1,1,0,45,0,1476998728861,"true",0,1,"far"
"6106-f",0,0,2,1,0,28,1,1476998548209,"true",0,0,"close"
"6106-f",0,0,1,1,0,29,0,1476998554998,"true",0,1,"split"
"6106-f",0,1,1,0,1,40,0,1476998683206,"false",0,1,"close"
"6106-f",0,0,2,1,0,41,1,1476998692173,"true",0,0,"split"
"6106-f",0,0,0,1,0,1,0,1476998185094,"true",1,0,"far"
"6106-f",0,1,1,0,1,3,0,1476998223543,"true",0,1,"far"
"6106-f",0,1,1,0,1,2,0,1476998214131,"false",0,1,"close"
"6106-f",0,1,2,0,1,5,1,1476998238409,"true",0,0,"far"
"6106-f",1,0,2,0,2,4,1,1476998230353,"true",0,0,"far"
"6106-f",0,0,2,1,0,7,1,1476998256477,"true",0,0,"close"
"6106-f",0,0,1,1,0,6,0,1476998245411,"true",0,1,"far"
"6106-f",0,1,2,0,1,9,1,1476998278996,"true",0,0,"close"
"6106-f",0,1,1,0,1,8,0,1476998263315,"true",0,1,"far"
"6106-f",0,1,2,0,1,39,1,1476998659333,"true",0,0,"close"
"6106-f",0,0,1,1,0,38,0,1476998650941,"true",0,1,"split"
"6106-f",0,0,2,1,0,11,1,1476998302928,"true",0,0,"split"
"6106-f",0,1,2,0,1,10,1,1476998289664,"true",0,0,"split"
"6106-f",0,0,1,1,0,13,0,1476998325222,"true",0,1,"split"
"6106-f",0,0,1,1,0,12,0,1476998314515,"true",0,1,"split"
"6106-f",0,1,1,0,1,15,0,1476998341435,"true",0,1,"split"
"6106-f",1,0,0,0,2,14,0,1476998332897,"true",1,0,"far"
"6106-f",0,1,2,0,1,17,1,1476998360465,"true",0,0,"close"
"6106-f",0,0,1,1,0,16,0,1476998348177,"true",0,1,"far"
"6106-f",1,0,2,0,2,19,1,1476998390194,"false",0,0,"far"
"6106-f",0,0,1,1,0,18,0,1476998379181,"false",0,1,"split"
"6106-f",0,1,0,0,1,31,0,1476998572382,"true",1,0,"close"
"6106-f",1,0,1,0,2,30,0,1476998562310,"true",0,1,"close"
"6106-f",1,0,2,0,2,37,1,1476998642355,"true",0,0,"split"
"6106-f",0,0,2,1,0,36,1,1476998614718,"true",0,0,"split"
"6106-f",1,0,1,0,2,35,0,1476998602989,"true",0,1,"far"
"6106-f",0,1,2,0,1,34,1,1476998594152,"true",0,0,"close"
"6106-f",0,1,1,0,1,33,0,1476998587422,"true",0,1,"far"
"6106-f",0,0,0,1,0,32,0,1476998579508,"true",1,0,"split"
"6106-f",0,0,2,1,0,50,1,1476998825436,"true",0,0,"far"
