"gameid","sClicked_2","sClicked_1","lClickedIndex","sClicked_0","sClickedIndex","roundNum","lClicked_2","time","outcome","lClicked_0","lClicked_1","condition"
"6116-3",0,1,1,0,1,42,0,1476989665978,"true",0,1,"close"
"6116-3",0,1,2,0,1,48,1,1476989724126,"true",0,0,"far"
"6116-3",1,0,0,0,2,43,0,1476989673458,"true",1,0,"close"
"6116-3",0,1,2,0,1,49,1,1476989730424,"true",0,0,"far"
"6116-3",1,0,0,0,2,24,0,1476989433485,"true",1,0,"close"
"6116-3",1,0,0,0,2,25,0,1476989442793,"true",1,0,"split"
"6116-3",0,1,0,0,1,26,0,1476989449459,"true",1,0,"far"
"6116-3",0,1,1,0,1,27,0,1476989463001,"true",0,1,"close"
"6116-3",0,1,1,0,1,20,0,1476989319991,"true",0,1,"split"
"6116-3",1,0,0,0,2,21,0,1476989331376,"true",1,0,"close"
"6116-3",0,0,0,1,0,22,0,1476989338442,"true",1,0,"split"
"6116-3",1,0,0,0,2,23,0,1476989368645,"true",1,0,"close"
"6116-3",0,1,2,0,1,46,1,1476989711377,"true",0,0,"close"
"6116-3",0,1,2,0,1,47,1,1476989717895,"true",0,0,"split"
"6116-3",0,1,0,0,1,44,0,1476989696862,"true",1,0,"close"
"6116-3",0,0,0,1,0,45,0,1476989704670,"true",1,0,"close"
"6116-3",1,0,1,0,2,28,0,1476989476323,"true",0,1,"far"
"6116-3",0,0,2,1,0,29,1,1476989492503,"true",0,0,"close"
"6116-3",0,1,0,0,1,40,0,1476989633349,"true",1,0,"far"
"6116-3",1,0,2,0,2,41,1,1476989643025,"true",0,0,"far"
"6116-3",0,1,0,0,1,1,0,1476989026076,"true",1,0,"far"
"6116-3",1,0,2,0,2,3,1,1476989060083,"true",0,0,"far"
"6116-3",1,0,1,0,2,2,0,1476989050407,"true",0,1,"close"
"6116-3",1,0,1,0,2,5,0,1476989089410,"true",0,1,"split"
"6116-3",0,0,2,1,0,4,1,1476989072319,"true",0,0,"close"
"6116-3",1,0,1,0,2,7,0,1476989115850,"true",0,1,"split"
"6116-3",0,1,0,0,1,6,0,1476989102533,"true",1,0,"close"
"6116-3",0,1,1,0,1,9,0,1476989154900,"true",0,1,"far"
"6116-3",1,0,2,0,2,8,1,1476989143964,"true",0,0,"split"
"6116-3",0,0,0,1,0,39,0,1476989619064,"true",1,0,"far"
"6116-3",0,1,2,0,1,38,1,1476989607058,"true",0,0,"split"
"6116-3",0,0,1,1,0,11,0,1476989193505,"true",0,1,"split"
"6116-3",0,0,0,1,0,10,0,1476989169236,"true",1,0,"far"
"6116-3",0,0,2,1,0,13,1,1476989230574,"true",0,0,"close"
"6116-3",1,0,0,0,2,12,0,1476989217978,"true",1,0,"split"
"6116-3",1,0,2,0,2,15,1,1476989251499,"true",0,0,"far"
"6116-3",0,1,2,0,1,14,1,1476989245145,"true",0,0,"split"
"6116-3",0,1,1,0,1,17,0,1476989278687,"true",0,1,"split"
"6116-3",1,0,2,0,2,16,1,1476989258478,"true",0,0,"far"
"6116-3",0,0,1,1,0,19,0,1476989311603,"true",0,1,"split"
"6116-3",0,1,1,0,1,18,0,1476989298158,"true",0,1,"far"
"6116-3",0,1,0,0,1,31,0,1476989509101,"true",1,0,"close"
"6116-3",0,1,1,0,1,30,0,1476989499619,"true",0,1,"far"
"6116-3",0,0,0,1,0,37,0,1476989592967,"false",1,0,"close"
"6116-3",0,0,2,1,0,36,1,1476989576885,"true",0,0,"split"
"6116-3",0,0,0,1,0,35,0,1476989563563,"true",1,0,"split"
"6116-3",0,1,2,0,1,34,1,1476989553011,"true",0,0,"split"
"6116-3",1,0,1,0,2,33,0,1476989538547,"true",0,1,"far"
"6116-3",0,1,0,0,1,32,0,1476989515952,"true",1,0,"far"
"6116-3",0,0,2,1,0,50,1,1476989739143,"true",0,0,"split"
