"gameid","sClicked_2","sClicked_1","lClickedIndex","sClicked_0","sClickedIndex","roundNum","lClicked_2","time","outcome","lClicked_0","lClicked_1","condition"
"6141-1",0,1,1,0,1,42,0,1476484359571,"true",0,1,"close"
"6141-1",1,0,0,0,2,48,0,1476484416815,"true",1,0,"far"
"6141-1",0,0,1,1,0,43,0,1476484372776,"false",0,1,"split"
"6141-1",0,0,1,1,0,49,0,1476484427074,"true",0,1,"far"
"6141-1",0,0,1,1,0,24,0,1476484189154,"true",0,1,"close"
"6141-1",1,0,1,0,2,25,0,1476484199566,"true",0,1,"split"
"6141-1",0,0,1,1,0,26,0,1476484206514,"true",0,1,"far"
"6141-1",0,0,0,1,0,27,0,1476484213891,"true",1,0,"far"
"6141-1",1,0,0,0,2,20,0,1476484148439,"true",1,0,"split"
"6141-1",0,0,2,1,0,21,1,1476484162733,"true",0,0,"close"
"6141-1",0,0,0,1,0,22,0,1476484171243,"true",1,0,"close"
"6141-1",0,0,0,1,0,23,0,1476484179328,"true",1,0,"far"
"6141-1",0,0,2,1,0,46,1,1476484401411,"false",0,0,"split"
"6141-1",1,0,2,0,2,47,1,1476484410154,"true",0,0,"far"
"6141-1",0,1,1,0,1,44,0,1476484384579,"true",0,1,"close"
"6141-1",0,1,1,0,1,45,0,1476484390771,"true",0,1,"far"
"6141-1",0,0,1,1,0,28,0,1476484226003,"false",0,1,"close"
"6141-1",0,1,1,0,1,29,0,1476484232556,"true",0,1,"far"
"6141-1",0,1,2,0,1,40,1,1476484345681,"true",0,0,"far"
"6141-1",0,1,1,0,1,41,0,1476484352504,"true",0,1,"far"
"6141-1",0,0,1,1,0,1,0,1476483935950,"true",0,1,"far"
"6141-1",0,0,1,1,0,3,0,1476483952869,"true",0,1,"split"
"6141-1",0,1,0,0,1,2,0,1476483944389,"true",1,0,"far"
"6141-1",1,0,1,0,2,5,0,1476483972765,"true",0,1,"split"
"6141-1",0,1,0,0,1,4,0,1476483963089,"true",1,0,"split"
"6141-1",0,1,0,0,1,7,0,1476484000524,"true",1,0,"close"
"6141-1",1,0,1,0,2,6,0,1476483981550,"true",0,1,"far"
"6141-1",0,0,0,1,0,9,0,1476484027989,"false",1,0,"close"
"6141-1",0,1,1,0,1,8,0,1476484009135,"true",0,1,"split"
"6141-1",0,0,2,1,0,39,1,1476484338605,"true",0,0,"split"
"6141-1",0,0,0,1,0,38,0,1476484330011,"true",1,0,"split"
"6141-1",1,0,1,0,2,11,0,1476484052575,"false",0,1,"close"
"6141-1",0,1,2,0,1,10,1,1476484038193,"true",0,0,"split"
"6141-1",1,0,2,0,2,13,1,1476484073600,"true",0,0,"split"
"6141-1",0,0,2,1,0,12,1,1476484061712,"true",0,0,"far"
"6141-1",0,1,1,0,1,15,0,1476484093455,"true",0,1,"far"
"6141-1",0,1,2,0,1,14,1,1476484084741,"true",0,0,"close"
"6141-1",0,1,2,0,1,17,1,1476484111971,"true",0,0,"close"
"6141-1",0,0,0,1,0,16,0,1476484100820,"true",1,0,"far"
"6141-1",0,0,1,1,0,19,0,1476484134091,"true",0,1,"split"
"6141-1",1,0,1,0,2,18,0,1476484119714,"true",0,1,"far"
"6141-1",0,0,0,1,0,31,0,1476484250380,"true",1,0,"close"
"6141-1",0,1,2,0,1,30,1,1476484239785,"true",0,0,"split"
"6141-1",0,0,0,1,0,37,0,1476484315133,"true",1,0,"close"
"6141-1",1,0,2,0,2,36,1,1476484303944,"false",0,0,"close"
"6141-1",1,0,2,0,2,35,1,1476484290994,"true",0,0,"close"
"6141-1",0,0,2,1,0,34,1,1476484278200,"true",0,0,"close"
"6141-1",1,0,0,0,2,33,0,1476484267924,"true",1,0,"split"
"6141-1",0,1,2,0,1,32,1,1476484258434,"true",0,0,"split"
"6141-1",1,0,2,0,2,50,1,1476484434231,"true",0,0,"split"
