"gameid","sClicked_2","sClicked_1","lClickedIndex","sClicked_0","sClickedIndex","roundNum","lClicked_2","time","outcome","lClicked_0","lClicked_1","condition"
"6143-1",0,1,2,0,1,42,1,1476471439098,"true",0,0,"far"
"6143-1",1,0,2,0,2,48,1,1476471574570,"true",0,0,"split"
"6143-1",0,0,0,1,0,43,0,1476471487545,"true",1,0,"close"
"6143-1",1,0,1,0,2,49,0,1476471587515,"true",0,1,"far"
"6143-1",0,0,0,1,0,24,0,1476470964383,"true",1,0,"far"
"6143-1",1,0,0,0,2,25,0,1476470988165,"true",1,0,"close"
"6143-1",0,1,2,0,1,26,1,1476471049990,"true",0,0,"far"
"6143-1",0,0,1,1,0,27,0,1476471082959,"false",0,1,"close"
"6143-1",0,1,2,0,1,20,1,1476470834991,"true",0,0,"far"
"6143-1",0,0,0,1,0,21,0,1476470889447,"true",1,0,"split"
"6143-1",0,1,2,0,1,22,1,1476470923239,"true",0,0,"close"
"6143-1",0,0,0,1,0,23,0,1476470948309,"true",1,0,"close"
"6143-1",0,0,2,1,0,46,1,1476471534219,"true",0,0,"split"
"6143-1",0,1,1,0,1,47,0,1476471550321,"true",0,1,"close"
"6143-1",0,0,1,1,0,44,0,1476471497963,"true",0,1,"far"
"6143-1",0,0,1,1,0,45,0,1476471511105,"true",0,1,"split"
"6143-1",0,0,0,1,0,28,0,1476471119150,"true",1,0,"close"
"6143-1",0,0,0,1,0,29,0,1476471139009,"true",1,0,"close"
"6143-1",0,1,0,0,1,40,0,1476471378080,"true",1,0,"split"
"6143-1",0,1,0,0,1,41,0,1476471423434,"true",1,0,"close"
"6143-1",0,1,0,0,1,1,0,1476470251754,"true",1,0,"split"
"6143-1",0,0,1,1,0,3,0,1476470334888,"true",0,1,"far"
"6143-1",0,1,1,0,1,2,0,1476470316623,"true",0,1,"split"
"6143-1",1,0,0,0,2,5,0,1476470474474,"false",1,0,"far"
"6143-1",1,0,1,0,2,4,0,1476470364872,"true",0,1,"close"
"6143-1",1,0,2,0,2,7,1,1476470508345,"true",0,0,"split"
"6143-1",0,0,2,1,0,6,1,1476470495129,"true",0,0,"far"
"6143-1",1,0,2,0,2,9,1,1476470545663,"true",0,0,"split"
"6143-1",1,0,2,0,2,8,1,1476470531850,"true",0,0,"split"
"6143-1",0,0,1,1,0,39,0,1476471365762,"true",0,1,"far"
"6143-1",1,0,1,0,2,38,0,1476471352640,"true",0,1,"split"
"6143-1",0,1,0,0,1,11,0,1476470658371,"true",1,0,"close"
"6143-1",1,0,2,0,2,10,1,1476470563699,"true",0,0,"split"
"6143-1",0,1,0,0,1,13,0,1476470741563,"true",1,0,"far"
"6143-1",1,0,2,0,2,12,1,1476470725965,"true",0,0,"close"
"6143-1",0,0,2,1,0,15,1,1476470764884,"true",0,0,"far"
"6143-1",1,0,0,0,2,14,0,1476470752573,"true",1,0,"far"
"6143-1",0,0,2,1,0,17,1,1476470783653,"true",0,0,"far"
"6143-1",0,1,0,0,1,16,0,1476470774710,"true",1,0,"far"
"6143-1",0,0,0,1,0,19,0,1476470816540,"true",1,0,"split"
"6143-1",0,1,2,0,1,18,1,1476470799573,"true",0,0,"close"
"6143-1",0,1,2,0,1,31,1,1476471174235,"true",0,0,"split"
"6143-1",1,0,1,0,2,30,0,1476471155785,"true",0,1,"far"
"6143-1",0,1,2,0,1,37,1,1476471333081,"true",0,0,"split"
"6143-1",1,0,0,0,2,36,0,1476471319519,"true",1,0,"close"
"6143-1",0,0,2,1,0,35,1,1476471295880,"true",0,0,"split"
"6143-1",0,1,1,0,1,34,0,1476471276967,"true",0,1,"far"
"6143-1",1,0,2,0,2,33,1,1476471262441,"true",0,0,"close"
"6143-1",0,0,0,1,0,32,0,1476471222897,"true",1,0,"close"
"6143-1",0,1,0,0,1,50,0,1476471604000,"true",1,0,"split"
