"gameid","sClicked_2","sClicked_1","lClickedIndex","sClicked_0","sClickedIndex","roundNum","lClicked_2","time","outcome","lClicked_0","lClicked_1","condition"
"6149-8",0,1,1,0,1,42,0,1476993102750,"true",0,1,"far"
"6149-8",1,0,1,0,2,43,0,1476993147292,"true",0,1,"close"
"6149-8",1,0,0,0,2,49,0,1476993221785,"true",1,0,"split"
"6149-8",0,0,1,1,0,24,0,1476992729703,"true",0,1,"far"
"6149-8",0,1,1,0,1,25,0,1476992739808,"true",0,1,"far"
"6149-8",0,0,1,1,0,26,0,1476992745639,"true",0,1,"far"
"6149-8",1,0,0,0,2,27,0,1476992766945,"true",1,0,"close"
"6149-8",0,0,0,1,0,20,0,1476992675538,"true",1,0,"split"
"6149-8",1,0,0,0,2,21,0,1476992683970,"true",1,0,"split"
"6149-8",1,0,2,0,2,22,1,1476992705313,"true",0,0,"split"
"6149-8",0,0,2,1,0,23,1,1476992718118,"true",0,0,"far"
"6149-8",0,0,2,1,0,46,1,1476993187228,"true",0,0,"split"
"6149-8",0,1,1,0,1,47,0,1476993198711,"true",0,1,"close"
"6149-8",1,0,1,0,2,44,0,1476993159859,"false",0,1,"split"
"6149-8",0,1,2,0,1,45,1,1476993178675,"true",0,0,"close"
"6149-8",1,0,2,0,2,28,1,1476992774024,"true",0,0,"far"
"6149-8",0,0,2,1,0,29,1,1476992786492,"true",0,0,"close"
"6149-8",1,0,2,0,2,40,1,1476993075544,"true",0,0,"close"
"6149-8",0,0,2,1,0,41,1,1476993092517,"true",0,0,"split"
"6149-8",0,0,1,1,0,1,0,1476992373754,"false",0,1,"split"
"6149-8",0,1,0,0,1,3,0,1476992396074,"true",1,0,"far"
"6149-8",0,0,0,1,0,2,0,1476992388216,"true",1,0,"close"
"6149-8",0,0,2,1,0,5,1,1476992446781,"true",0,0,"split"
"6149-8",0,0,1,1,0,7,0,1476992470538,"false",0,1,"close"
"6149-8",0,0,0,1,0,6,0,1476992457054,"true",1,0,"split"
"6149-8",0,0,1,1,0,9,0,1476992497066,"true",0,1,"split"
"6149-8",0,1,1,0,1,8,0,1476992480277,"true",0,1,"close"
"6149-8",1,0,2,0,2,39,1,1476993007892,"true",0,0,"close"
"6149-8",1,0,1,0,2,38,0,1476992987628,"false",0,1,"close"
"6149-8",0,0,2,1,0,11,1,1476992517376,"true",0,0,"far"
"6149-8",0,0,2,1,0,10,1,1476992505510,"true",0,0,"far"
"6149-8",1,0,0,0,2,13,0,1476992572490,"false",1,0,"close"
"6149-8",1,0,0,0,2,12,0,1476992541298,"true",1,0,"split"
"6149-8",0,0,2,1,0,15,1,1476992610713,"true",0,0,"split"
"6149-8",1,0,1,0,2,14,0,1476992579814,"true",0,1,"far"
"6149-8",0,1,1,0,1,17,0,1476992650033,"true",0,1,"far"
"6149-8",1,0,0,0,2,16,0,1476992625065,"true",1,0,"split"
"6149-8",0,0,2,1,0,19,1,1476992667506,"true",0,0,"far"
"6149-8",0,0,2,1,0,18,1,1476992656345,"true",0,0,"far"
"6149-8",0,1,0,0,1,31,0,1476992805452,"true",1,0,"far"
"6149-8",0,1,2,0,1,30,1,1476992794321,"false",0,0,"far"
"6149-8",0,1,2,0,1,37,1,1476992967627,"true",0,0,"close"
"6149-8",0,1,2,0,1,36,1,1476992942480,"true",0,0,"far"
"6149-8",0,1,1,0,1,35,0,1476992935957,"true",0,1,"close"
"6149-8",1,0,1,0,2,34,0,1476992900015,"true",0,1,"split"
"6149-8",1,0,1,0,2,33,0,1476992865482,"false",0,1,"split"
"6149-8",1,0,2,0,2,48,1,1476993210191,"true",0,0,"close"
"6149-8",0,1,1,0,1,50,0,1476993230036,"true",0,1,"far"
