"gameid","sClicked_2","sClicked_1","lClickedIndex","sClicked_0","sClickedIndex","roundNum","lClicked_2","time","outcome","lClicked_0","lClicked_1","condition"
"6158-c",0,1,1,0,1,42,0,1476990437459,"true",0,1,"far"
"6158-c",0,0,0,1,0,48,0,1476990555545,"true",1,0,"split"
"6158-c",1,0,2,0,2,43,1,1476990462241,"true",0,0,"close"
"6158-c",1,0,1,0,2,49,0,1476990589208,"true",0,1,"close"
"6158-c",0,0,2,1,0,24,1,1476989872943,"true",0,0,"far"
"6158-c",0,0,1,1,0,25,0,1476989891694,"true",0,1,"close"
"6158-c",1,0,0,0,2,26,0,1476989946709,"false",1,0,"close"
"6158-c",1,0,1,0,2,27,0,1476989968168,"true",0,1,"far"
"6158-c",0,1,2,0,1,20,1,1476989784784,"true",0,0,"split"
"6158-c",0,1,1,0,1,21,0,1476989807029,"true",0,1,"split"
"6158-c",0,0,2,1,0,22,1,1476989844113,"true",0,0,"split"
"6158-c",1,0,0,0,2,23,0,1476989864216,"true",1,0,"far"
"6158-c",0,0,0,1,0,46,0,1476990526267,"true",1,0,"far"
"6158-c",1,0,0,0,2,47,0,1476990535611,"true",1,0,"far"
"6158-c",0,1,1,0,1,44,0,1476990491119,"false",0,1,"close"
"6158-c",0,0,0,1,0,45,0,1476990518375,"true",1,0,"close"
"6158-c",0,1,2,0,1,28,1,1476989976866,"true",0,0,"split"
"6158-c",0,0,1,1,0,29,0,1476990009190,"true",0,1,"close"
"6158-c",0,1,2,0,1,40,1,1476990381352,"true",0,0,"far"
"6158-c",1,0,0,0,2,41,0,1476990421119,"true",1,0,"close"
"6158-c",1,0,0,0,2,1,0,1476989447759,"true",1,0,"far"
"6158-c",0,0,1,1,0,3,0,1476989469573,"true",0,1,"close"
"6158-c",0,0,2,1,0,2,1,1476989459992,"true",0,0,"split"
"6158-c",0,0,2,1,0,5,1,1476989493663,"true",0,0,"far"
"6158-c",0,1,0,0,1,4,0,1476989486131,"true",1,0,"split"
"6158-c",0,1,2,0,1,7,1,1476989516183,"true",0,0,"far"
"6158-c",0,1,1,0,1,6,0,1476989505726,"true",0,1,"split"
"6158-c",1,0,2,0,2,9,1,1476989561893,"false",0,0,"close"
"6158-c",1,0,2,0,2,8,1,1476989534633,"true",0,0,"close"
"6158-c",1,0,0,0,2,39,0,1476990370211,"true",1,0,"split"
"6158-c",0,0,1,1,0,38,0,1476990350328,"true",0,1,"far"
"6158-c",0,0,1,1,0,11,0,1476989639702,"false",0,1,"close"
"6158-c",0,0,0,1,0,10,0,1476989610808,"true",1,0,"split"
"6158-c",1,0,1,0,2,13,0,1476989681233,"true",0,1,"far"
"6158-c",0,0,2,1,0,12,1,1476989667653,"true",0,0,"split"
"6158-c",1,0,1,0,2,15,0,1476989707122,"true",0,1,"split"
"6158-c",0,0,2,1,0,14,1,1476989691321,"true",0,0,"far"
"6158-c",0,0,2,1,0,17,1,1476989730653,"true",0,0,"close"
"6158-c",0,1,2,0,1,16,1,1476989715888,"true",0,0,"far"
"6158-c",0,0,1,1,0,19,0,1476989775231,"true",0,1,"close"
"6158-c",1,0,0,0,2,18,0,1476989745694,"true",1,0,"far"
"6158-c",0,1,1,0,1,31,0,1476990055452,"true",0,1,"close"
"6158-c",0,1,1,0,1,30,0,1476990039026,"true",0,1,"split"
"6158-c",0,0,0,1,0,37,0,1476990334323,"true",1,0,"split"
"6158-c",1,0,0,0,2,36,0,1476990300893,"true",1,0,"far"
"6158-c",0,0,0,1,0,35,0,1476990277250,"true",1,0,"split"
"6158-c",1,0,0,0,2,34,0,1476990220904,"true",1,0,"far"
"6158-c",1,0,2,0,2,33,1,1476990185725,"true",0,0,"close"
"6158-c",1,0,1,0,2,32,0,1476990073504,"true",0,1,"split"
"6158-c",0,1,2,0,1,50,1,1476990621414,"true",0,0,"split"
