"gameid","sClicked_2","sClicked_1","lClickedIndex","sClicked_0","sClickedIndex","roundNum","lClicked_2","time","outcome","lClicked_0","lClicked_1","condition"
"6169-0",0,1,0,0,1,42,0,1476489618285,"false",1,0,"close"
"6169-0",0,1,0,0,1,48,0,1476489700197,"true",1,0,"close"
"6169-0",0,0,2,1,0,43,1,1476489629556,"true",0,0,"split"
"6169-0",0,0,2,1,0,49,1,1476489712870,"true",0,0,"close"
"6169-0",1,0,0,0,2,24,0,1476489375480,"true",1,0,"close"
"6169-0",0,1,1,0,1,25,0,1476489390560,"false",0,1,"split"
"6169-0",1,0,0,0,2,26,0,1476489401696,"true",1,0,"far"
"6169-0",0,1,2,0,1,27,1,1476489412041,"true",0,0,"split"
"6169-0",0,1,1,0,1,20,0,1476489318615,"true",0,1,"far"
"6169-0",0,0,0,1,0,21,0,1476489342407,"true",1,0,"close"
"6169-0",0,0,1,1,0,22,0,1476489353656,"true",0,1,"split"
"6169-0",0,1,1,0,1,23,0,1476489365136,"true",0,1,"split"
"6169-0",0,0,2,1,0,46,1,1476489667749,"true",0,0,"close"
"6169-0",1,0,0,0,2,47,0,1476489676469,"true",1,0,"far"
"6169-0",1,0,1,0,2,44,0,1476489641196,"true",0,1,"split"
"6169-0",0,1,2,0,1,45,1,1476489658269,"true",0,0,"far"
"6169-0",1,0,0,0,2,28,0,1476489424648,"true",1,0,"close"
"6169-0",1,0,2,0,2,29,1,1476489440953,"true",0,0,"close"
"6169-0",0,1,1,0,1,40,0,1476489588147,"true",0,1,"far"
"6169-0",1,0,1,0,2,41,0,1476489603995,"true",0,1,"close"
"6169-0",1,0,1,0,2,1,0,1476489006922,"false",0,1,"close"
"6169-0",0,1,1,0,1,3,0,1476489032282,"true",0,1,"split"
"6169-0",1,0,2,0,2,2,1,1476489021114,"true",0,0,"close"
"6169-0",0,1,1,0,1,5,0,1476489077811,"true",0,1,"split"
"6169-0",0,1,2,0,1,4,1,1476489066292,"true",0,0,"far"
"6169-0",0,0,0,1,0,7,0,1476489112219,"true",1,0,"split"
"6169-0",1,0,0,0,2,6,0,1476489089804,"true",1,0,"close"
"6169-0",0,1,2,0,1,9,1,1476489173422,"false",0,0,"close"
"6169-0",1,0,1,0,2,8,0,1476489143283,"true",0,1,"close"
"6169-0",0,0,2,1,0,39,1,1476489578523,"true",0,0,"far"
"6169-0",0,1,2,0,1,38,1,1476489564259,"true",0,0,"close"
"6169-0",0,1,0,0,1,11,0,1476489197892,"true",1,0,"far"
"6169-0",0,1,2,0,1,10,1,1476489182238,"true",0,0,"far"
"6169-0",1,0,0,0,2,13,0,1476489220655,"true",1,0,"close"
"6169-0",1,0,0,0,2,12,0,1476489213756,"true",1,0,"far"
"6169-0",0,0,0,1,0,15,0,1476489253558,"true",1,0,"far"
"6169-0",1,0,2,0,2,14,1,1476489244733,"true",0,0,"far"
"6169-0",0,0,0,1,0,17,0,1476489281334,"true",1,0,"split"
"6169-0",0,1,2,0,1,16,1,1476489269182,"true",0,0,"split"
"6169-0",0,0,2,1,0,19,1,1476489309351,"true",0,0,"split"
"6169-0",0,0,1,1,0,18,0,1476489296198,"true",0,1,"far"
"6169-0",0,1,2,0,1,31,1,1476489463017,"true",0,0,"split"
"6169-0",1,0,1,0,2,30,0,1476489452937,"true",0,1,"split"
"6169-0",1,0,1,0,2,37,0,1476489546979,"true",0,1,"split"
"6169-0",1,0,0,0,2,36,0,1476489537955,"false",1,0,"split"
"6169-0",0,0,0,1,0,35,0,1476489522019,"true",1,0,"far"
"6169-0",0,1,1,0,1,34,0,1476489506067,"true",0,1,"far"
"6169-0",0,1,2,0,1,33,1,1476489493053,"false",0,0,"close"
"6169-0",0,1,0,0,1,32,0,1476489479780,"true",1,0,"split"
"6169-0",0,1,2,0,1,50,1,1476489723918,"true",0,0,"far"
