"gameid","sClicked_2","sClicked_1","lClickedIndex","sClicked_0","sClickedIndex","roundNum","lClicked_2","time","outcome","lClicked_0","lClicked_1","condition"
"6171-1",0,0,2,1,0,42,1,1476995676103,"false",0,0,"close"
"6171-1",1,0,1,0,2,48,0,1476995740103,"true",0,1,"close"
"6171-1",0,0,0,1,0,43,0,1476995685123,"true",1,0,"split"
"6171-1",0,1,2,0,1,49,1,1476995748292,"true",0,0,"split"
"6171-1",0,0,0,1,0,24,0,1476995530683,"true",1,0,"split"
"6171-1",1,0,0,0,2,25,0,1476995536594,"true",1,0,"far"
"6171-1",1,0,0,0,2,26,0,1476995543163,"true",1,0,"split"
"6171-1",1,0,0,0,2,27,0,1476995549993,"true",1,0,"split"
"6171-1",1,0,2,0,2,20,1,1476995474563,"true",0,0,"split"
"6171-1",1,0,2,0,2,21,1,1476995480963,"true",0,0,"far"
"6171-1",1,0,2,0,2,22,1,1476995508243,"false",0,0,"close"
"6171-1",0,1,1,0,1,23,0,1476995522843,"true",0,1,"close"
"6171-1",1,0,1,0,2,46,0,1476995717603,"true",0,1,"split"
"6171-1",0,0,2,1,0,47,1,1476995733524,"true",0,0,"close"
"6171-1",0,1,1,0,1,44,0,1476995698902,"true",0,1,"split"
"6171-1",0,1,2,0,1,45,1,1476995710685,"true",0,0,"far"
"6171-1",0,1,2,0,1,28,1,1476995558251,"true",0,0,"close"
"6171-1",1,0,1,0,2,29,0,1476995570551,"false",0,1,"split"
"6171-1",1,0,0,0,2,40,0,1476995659140,"true",1,0,"far"
"6171-1",0,1,1,0,1,41,0,1476995664885,"true",0,1,"far"
"6171-1",0,0,2,1,0,1,1,1476995288792,"true",0,0,"close"
"6171-1",1,0,0,0,2,3,0,1476995310486,"true",1,0,"split"
"6171-1",0,0,2,1,0,2,1,1476995298312,"true",0,0,"split"
"6171-1",0,1,0,0,1,5,0,1476995323352,"true",1,0,"far"
"6171-1",0,1,2,0,1,4,1,1476995316974,"true",0,0,"far"
"6171-1",0,0,2,1,0,7,1,1476995343453,"true",0,0,"close"
"6171-1",0,1,1,0,1,6,0,1476995329323,"true",0,1,"split"
"6171-1",0,0,0,1,0,9,0,1476995357264,"true",1,0,"split"
"6171-1",0,0,0,1,0,8,0,1476995349393,"true",1,0,"far"
"6171-1",0,0,2,1,0,39,1,1476995652971,"true",0,0,"far"
"6171-1",1,0,2,0,2,38,1,1476995644323,"true",0,0,"close"
"6171-1",0,0,2,1,0,11,1,1476995391263,"true",0,0,"close"
"6171-1",0,0,1,1,0,10,0,1476995382633,"true",0,1,"split"
"6171-1",1,0,1,0,2,13,0,1476995412523,"false",0,1,"close"
"6171-1",0,1,0,0,1,12,0,1476995397795,"true",1,0,"far"
"6171-1",1,0,1,0,2,15,0,1476995437802,"true",0,1,"close"
"6171-1",0,1,2,0,1,14,1,1476995424352,"true",0,0,"split"
"6171-1",0,0,1,1,0,17,0,1476995453825,"true",0,1,"far"
"6171-1",1,0,1,0,2,16,0,1476995445033,"true",0,1,"close"
"6171-1",1,0,0,0,2,19,0,1476995467932,"true",1,0,"close"
"6171-1",1,0,1,0,2,18,0,1476995461234,"true",0,1,"far"
"6171-1",0,1,1,0,1,31,0,1476995585562,"true",0,1,"far"
"6171-1",0,0,1,1,0,30,0,1476995578082,"true",0,1,"far"
"6171-1",0,0,0,1,0,37,0,1476995633603,"true",1,0,"close"
"6171-1",0,0,0,1,0,36,0,1476995626043,"true",1,0,"far"
"6171-1",1,0,1,0,2,35,0,1476995613113,"true",0,1,"far"
"6171-1",0,0,0,1,0,34,0,1476995606821,"false",1,0,"close"
"6171-1",0,1,2,0,1,33,1,1476995597407,"true",0,0,"split"
"6171-1",0,1,1,0,1,32,0,1476995590994,"true",0,1,"far"
"6171-1",0,1,0,0,1,50,0,1476995764264,"true",1,0,"split"
