"gameid","sClicked_2","sClicked_1","lClickedIndex","sClicked_0","sClickedIndex","roundNum","lClicked_2","time","outcome","lClicked_0","lClicked_1","condition"
"6178-5",0,0,1,1,0,42,0,1476993943324,"false",0,1,"close"
"6178-5",0,0,2,1,0,48,1,1476994013910,"true",0,0,"split"
"6178-5",0,0,2,1,0,43,1,1476993957618,"true",0,0,"split"
"6178-5",1,0,0,0,2,49,0,1476994043240,"true",1,0,"close"
"6178-5",1,0,1,0,2,24,0,1476993711769,"true",0,1,"far"
"6178-5",0,0,1,1,0,25,0,1476993731193,"false",0,1,"split"
"6178-5",1,0,0,0,2,26,0,1476993739628,"true",1,0,"far"
"6178-5",0,1,0,0,1,27,0,1476993753272,"true",1,0,"split"
"6178-5",1,0,2,0,2,20,1,1476993658945,"true",0,0,"close"
"6178-5",0,1,1,0,1,21,0,1476993674454,"true",0,1,"split"
"6178-5",1,0,2,0,2,22,1,1476993693982,"true",0,0,"close"
"6178-5",1,0,1,0,2,23,0,1476993701851,"true",0,1,"far"
"6178-5",0,1,1,0,1,46,0,1476993998279,"true",0,1,"close"
"6178-5",0,1,1,0,1,47,0,1476994006431,"true",0,1,"far"
"6178-5",0,0,1,1,0,44,0,1476993969732,"true",0,1,"far"
"6178-5",0,1,2,0,1,45,1,1476993990497,"true",0,0,"split"
"6178-5",0,0,0,1,0,28,0,1476993767126,"true",1,0,"close"
"6178-5",1,0,1,0,2,29,0,1476993775144,"true",0,1,"far"
"6178-5",0,0,1,1,0,40,0,1476993896129,"true",0,1,"close"
"6178-5",0,1,0,0,1,41,0,1476993927228,"true",1,0,"close"
"6178-5",0,1,0,0,1,1,0,1476993333607,"true",1,0,"split"
"6178-5",0,0,0,1,0,3,0,1476993348652,"true",1,0,"far"
"6178-5",0,1,0,0,1,2,0,1476993342028,"true",1,0,"far"
"6178-5",1,0,1,0,2,5,0,1476993387533,"true",0,1,"far"
"6178-5",0,0,2,1,0,4,1,1476993372548,"true",0,0,"split"
"6178-5",0,1,1,0,1,7,0,1476993438445,"true",0,1,"far"
"6178-5",0,0,1,1,0,6,0,1476993427650,"true",0,1,"close"
"6178-5",0,0,1,1,0,9,0,1476993498978,"true",0,1,"split"
"6178-5",1,0,2,0,2,8,1,1476993484177,"true",0,0,"split"
"6178-5",0,1,0,0,1,39,0,1476993882344,"true",1,0,"split"
"6178-5",0,1,2,0,1,38,1,1476993870725,"true",0,0,"far"
"6178-5",0,1,2,0,1,11,1,1476993531413,"true",0,0,"close"
"6178-5",1,0,0,0,2,10,0,1476993517707,"true",1,0,"split"
"6178-5",0,0,1,1,0,13,0,1476993556803,"true",0,1,"split"
"6178-5",1,0,0,0,2,12,0,1476993540988,"true",1,0,"far"
"6178-5",1,0,0,0,2,15,0,1476993586413,"true",1,0,"far"
"6178-5",0,1,2,0,1,14,1,1476993578177,"true",0,0,"close"
"6178-5",1,0,2,0,2,17,1,1476993615350,"true",0,0,"far"
"6178-5",0,0,0,1,0,16,0,1476993596612,"true",1,0,"close"
"6178-5",0,0,2,1,0,19,1,1476993640518,"true",0,0,"far"
"6178-5",0,0,1,1,0,18,0,1476993633272,"true",0,1,"close"
"6178-5",1,0,0,0,2,31,0,1476993799273,"true",1,0,"far"
"6178-5",0,1,1,0,1,30,0,1476993792098,"true",0,1,"close"
"6178-5",0,1,0,0,1,37,0,1476993862570,"true",1,0,"split"
"6178-5",1,0,1,0,2,36,0,1476993853107,"true",0,1,"split"
"6178-5",0,0,2,1,0,35,1,1476993844265,"true",0,0,"far"
"6178-5",0,1,0,0,1,34,0,1476993836107,"true",1,0,"close"
"6178-5",1,0,1,0,2,33,0,1476993827957,"true",0,1,"close"
"6178-5",0,1,0,0,1,32,0,1476993815832,"true",1,0,"split"
"6178-5",0,0,1,1,0,50,0,1476994051308,"true",0,1,"close"
