"gameid","sClicked_2","sClicked_1","lClickedIndex","sClicked_0","sClickedIndex","roundNum","lClicked_2","time","outcome","lClicked_0","lClicked_1","condition"
"6207-d",1,0,0,0,2,42,0,1459897221007,"false",1,0,"split"
"6207-d",0,0,2,1,0,48,1,1459897316616,"true",0,0,"split"
"6207-d",1,0,1,0,2,43,0,1459897233949,"true",0,1,"close"
"6207-d",0,0,2,1,0,49,1,1459897322899,"true",0,0,"far"
"6207-d",1,0,1,0,2,24,0,1459896869999,"true",0,1,"split"
"6207-d",0,0,0,1,0,25,0,1459896880148,"true",1,0,"far"
"6207-d",0,1,0,0,1,26,0,1459896916839,"true",1,0,"close"
"6207-d",0,0,0,1,0,27,0,1459896929831,"true",1,0,"far"
"6207-d",1,0,2,0,2,20,1,1459896811735,"true",0,0,"close"
"6207-d",0,0,2,1,0,21,1,1459896834190,"false",0,0,"split"
"6207-d",1,0,0,0,2,22,0,1459896842942,"true",1,0,"far"
"6207-d",0,1,1,0,1,23,0,1459896859748,"true",0,1,"split"
"6207-d",1,0,0,0,2,46,0,1459897297458,"true",1,0,"split"
"6207-d",1,0,0,0,2,47,0,1459897305046,"false",1,0,"far"
"6207-d",0,0,0,1,0,44,0,1459897252604,"true",1,0,"close"
"6207-d",1,0,0,0,2,45,0,1459897269229,"true",1,0,"far"
"6207-d",0,0,1,1,0,28,0,1459896950922,"true",0,1,"close"
"6207-d",0,0,2,1,0,29,1,1459896958719,"true",0,0,"far"
"6207-d",1,0,2,0,2,40,1,1459897193456,"true",0,0,"close"
"6207-d",1,0,1,0,2,41,0,1459897203480,"true",0,1,"split"
"6207-d",1,0,1,0,2,1,0,1459896499005,"true",0,1,"close"
"6207-d",0,1,0,0,1,3,0,1459896526930,"true",1,0,"close"
"6207-d",0,0,1,1,0,2,0,1459896514444,"true",0,1,"split"
"6207-d",1,0,2,0,2,5,1,1459896541718,"true",0,0,"far"
"6207-d",0,0,1,1,0,4,0,1459896533893,"true",0,1,"far"
"6207-d",1,0,0,0,2,7,0,1459896590377,"true",1,0,"split"
"6207-d",1,0,0,0,2,6,0,1459896574487,"true",1,0,"close"
"6207-d",0,1,0,0,1,9,0,1459896618644,"false",1,0,"close"
"6207-d",0,0,2,1,0,8,1,1459896598744,"true",0,0,"far"
"6207-d",0,0,2,1,0,39,1,1459897156489,"true",0,0,"far"
"6207-d",0,1,1,0,1,38,0,1459897148072,"true",0,1,"close"
"6207-d",0,0,0,1,0,11,0,1459896664180,"true",1,0,"close"
"6207-d",1,0,0,0,2,10,0,1459896631120,"true",1,0,"far"
"6207-d",0,1,1,0,1,13,0,1459896680390,"true",0,1,"far"
"6207-d",1,0,0,0,2,12,0,1459896672099,"true",1,0,"far"
"6207-d",0,1,1,0,1,15,0,1459896702229,"false",0,1,"far"
"6207-d",0,0,0,1,0,14,0,1459896688838,"true",1,0,"split"
"6207-d",1,0,1,0,2,17,0,1459896735301,"true",0,1,"close"
"6207-d",1,0,1,0,2,16,0,1459896717239,"true",0,1,"split"
"6207-d",0,0,0,1,0,19,0,1459896769011,"true",1,0,"split"
"6207-d",0,0,0,1,0,18,0,1459896749461,"true",1,0,"split"
"6207-d",1,0,1,0,2,31,0,1459896994456,"true",0,1,"split"
"6207-d",0,0,2,1,0,30,1,1459896967526,"true",0,0,"far"
"6207-d",1,0,1,0,2,37,0,1459897131155,"true",0,1,"split"
"6207-d",1,0,2,0,2,36,1,1459897123236,"true",0,0,"close"
"6207-d",0,1,0,0,1,35,0,1459897087458,"false",1,0,"split"
"6207-d",1,0,0,0,2,34,0,1459897052411,"false",1,0,"close"
"6207-d",0,1,2,0,1,33,1,1459897021939,"true",0,0,"close"
"6207-d",1,0,1,0,2,32,0,1459897003228,"true",0,1,"far"
"6207-d",1,0,2,0,2,50,1,1459897336748,"true",0,0,"close"
