"gameid","sClicked_2","sClicked_1","lClickedIndex","sClicked_0","sClickedIndex","roundNum","lClicked_2","time","outcome","lClicked_0","lClicked_1","condition"
"6259-3",0,0,1,1,0,42,0,1476490198582,"true",0,1,"far"
"6259-3",1,0,0,0,2,48,0,1476490318451,"true",1,0,"close"
"6259-3",1,0,0,0,2,43,0,1476490208247,"true",1,0,"far"
"6259-3",0,0,1,1,0,49,0,1476490348739,"true",0,1,"close"
"6259-3",0,1,0,0,1,24,0,1476489813997,"true",1,0,"far"
"6259-3",0,0,1,1,0,25,0,1476489825875,"true",0,1,"split"
"6259-3",0,0,1,1,0,26,0,1476489836621,"true",0,1,"far"
"6259-3",0,1,0,0,1,27,0,1476489853101,"true",1,0,"split"
"6259-3",0,1,1,0,1,20,0,1476489725133,"true",0,1,"close"
"6259-3",0,0,1,1,0,21,0,1476489738486,"true",0,1,"far"
"6259-3",0,1,0,0,1,22,0,1476489761995,"true",1,0,"split"
"6259-3",0,0,0,1,0,23,0,1476489804963,"true",1,0,"close"
"6259-3",1,0,2,0,2,46,1,1476490262551,"true",0,0,"close"
"6259-3",1,0,1,0,2,47,0,1476490279035,"true",0,1,"split"
"6259-3",1,0,1,0,2,44,0,1476490229531,"true",0,1,"far"
"6259-3",0,0,0,1,0,45,0,1476490238063,"true",1,0,"split"
"6259-3",0,1,1,0,1,28,0,1476489881811,"true",0,1,"close"
"6259-3",0,0,0,1,0,29,0,1476489916321,"true",1,0,"split"
"6259-3",0,1,1,0,1,40,0,1476490173745,"true",0,1,"split"
"6259-3",1,0,2,0,2,41,1,1476490186973,"true",0,0,"close"
"6259-3",1,0,0,0,2,1,0,1476489349022,"false",1,0,"close"
"6259-3",0,0,1,1,0,3,0,1476489374709,"true",0,1,"far"
"6259-3",0,0,2,1,0,2,1,1476489364046,"true",0,0,"far"
"6259-3",0,1,1,0,1,5,0,1476489413957,"true",0,1,"split"
"6259-3",0,0,2,1,0,4,1,1476489395574,"false",0,0,"close"
"6259-3",0,1,0,0,1,7,0,1476489455189,"true",1,0,"split"
"6259-3",0,0,0,1,0,6,0,1476489438222,"false",1,0,"close"
"6259-3",1,0,2,0,2,9,1,1476489520978,"true",0,0,"far"
"6259-3",0,1,2,0,1,8,1,1476489464960,"true",0,0,"far"
"6259-3",1,0,2,0,2,39,1,1476490153045,"true",0,0,"split"
"6259-3",0,0,1,1,0,38,0,1476490132717,"false",0,1,"split"
"6259-3",1,0,1,0,2,11,0,1476489557519,"false",0,1,"close"
"6259-3",0,0,2,1,0,10,1,1476489531389,"true",0,0,"far"
"6259-3",0,0,0,1,0,13,0,1476489615196,"true",1,0,"far"
"6259-3",0,1,0,0,1,12,0,1476489604741,"true",1,0,"close"
"6259-3",1,0,2,0,2,15,1,1476489639468,"true",0,0,"far"
"6259-3",1,0,2,0,2,14,1,1476489629613,"true",0,0,"far"
"6259-3",0,1,0,0,1,17,0,1476489682537,"true",1,0,"split"
"6259-3",0,1,1,0,1,16,0,1476489666943,"true",0,1,"close"
"6259-3",0,1,0,0,1,19,0,1476489711536,"true",1,0,"close"
"6259-3",0,0,2,1,0,18,1,1476489696661,"true",0,0,"close"
"6259-3",1,0,2,0,2,31,1,1476489950538,"true",0,0,"split"
"6259-3",1,0,2,0,2,30,1,1476489939529,"false",0,0,"split"
"6259-3",1,0,1,0,2,37,0,1476490118758,"true",0,1,"split"
"6259-3",0,0,0,1,0,36,0,1476490106927,"true",1,0,"split"
"6259-3",1,0,0,0,2,35,0,1476490079171,"true",1,0,"close"
"6259-3",1,0,1,0,2,34,0,1476490024099,"true",0,1,"far"
"6259-3",1,0,2,0,2,33,1,1476489975115,"false",0,0,"close"
"6259-3",0,1,0,0,1,32,0,1476489965280,"true",1,0,"split"
"6259-3",0,1,2,0,1,50,1,1476490362428,"true",0,0,"far"
