"gameid","sClicked_2","sClicked_1","lClickedIndex","sClicked_0","sClickedIndex","roundNum","lClicked_2","time","outcome","lClicked_0","lClicked_1","condition"
"6289-e",0,1,1,0,1,42,0,1459883261748,"false",0,1,"close"
"6289-e",0,1,2,0,1,48,1,1459883427077,"true",0,0,"split"
"6289-e",0,1,0,0,1,43,0,1459883329977,"true",1,0,"close"
"6289-e",1,0,1,0,2,49,0,1459883437156,"true",0,1,"far"
"6289-e",0,0,2,1,0,24,1,1459882978089,"true",0,0,"far"
"6289-e",0,1,2,0,1,25,1,1459882989607,"true",0,0,"far"
"6289-e",1,0,2,0,2,26,1,1459883001087,"true",0,0,"far"
"6289-e",1,0,2,0,2,27,1,1459883017873,"false",0,0,"split"
"6289-e",0,0,1,1,0,20,0,1459882891987,"true",0,1,"far"
"6289-e",0,1,0,0,1,21,0,1459882915176,"true",1,0,"close"
"6289-e",0,1,2,0,1,22,1,1459882933551,"true",0,0,"close"
"6289-e",0,0,2,1,0,23,1,1459882963305,"true",0,0,"close"
"6289-e",1,0,0,0,2,46,0,1459883401040,"true",1,0,"far"
"6289-e",0,1,0,0,1,47,0,1459883416696,"false",1,0,"close"
"6289-e",1,0,0,0,2,44,0,1459883340087,"true",1,0,"far"
"6289-e",1,0,2,0,2,45,1,1459883351511,"true",0,0,"split"
"6289-e",1,0,0,0,2,28,0,1459883027948,"true",1,0,"far"
"6289-e",1,0,0,0,2,29,0,1459883045701,"true",1,0,"far"
"6289-e",0,1,1,0,1,40,0,1459883231175,"true",0,1,"far"
"6289-e",0,0,2,1,0,41,1,1459883241949,"true",0,0,"close"
"6289-e",0,1,2,0,1,1,1,1459882538354,"false",0,0,"split"
"6289-e",1,0,2,0,2,3,1,1459882584168,"true",0,0,"far"
"6289-e",0,0,2,1,0,2,1,1459882563094,"true",0,0,"close"
"6289-e",1,0,2,0,2,5,1,1459882621805,"true",0,0,"split"
"6289-e",0,0,2,1,0,4,1,1459882603326,"true",0,0,"close"
"6289-e",1,0,1,0,2,7,0,1459882674889,"true",0,1,"close"
"6289-e",0,0,0,1,0,6,0,1459882648328,"false",1,0,"close"
"6289-e",1,0,2,0,2,9,1,1459882703784,"true",0,0,"far"
"6289-e",1,0,1,0,2,8,0,1459882690850,"true",0,1,"split"
"6289-e",0,0,0,1,0,39,0,1459883220805,"true",1,0,"far"
"6289-e",0,0,2,1,0,38,1,1459883208270,"true",0,0,"split"
"6289-e",0,1,2,0,1,11,1,1459882749741,"true",0,0,"split"
"6289-e",0,0,2,1,0,10,1,1459882735515,"false",0,0,"close"
"6289-e",1,0,0,0,2,13,0,1459882788120,"true",1,0,"close"
"6289-e",1,0,1,0,2,12,0,1459882769487,"true",0,1,"split"
"6289-e",0,1,2,0,1,15,1,1459882822035,"true",0,0,"split"
"6289-e",0,1,0,0,1,14,0,1459882808596,"false",1,0,"close"
"6289-e",0,1,1,0,1,17,0,1459882853645,"true",0,1,"split"
"6289-e",0,0,0,1,0,16,0,1459882839646,"true",1,0,"close"
"6289-e",0,1,1,0,1,19,0,1459882873800,"true",0,1,"far"
"6289-e",0,1,0,0,1,18,0,1459882864027,"true",1,0,"far"
"6289-e",1,0,2,0,2,31,1,1459883080708,"false",0,0,"split"
"6289-e",0,0,1,1,0,30,0,1459883063496,"true",0,1,"split"
"6289-e",1,0,1,0,2,37,0,1459883186978,"true",0,1,"close"
"6289-e",0,1,1,0,1,36,0,1459883154280,"true",0,1,"split"
"6289-e",1,0,1,0,2,35,0,1459883142453,"true",0,1,"far"
"6289-e",1,0,2,0,2,34,1,1459883130292,"true",0,0,"split"
"6289-e",0,0,2,1,0,33,1,1459883112592,"true",0,0,"far"
"6289-e",0,0,0,1,0,32,0,1459883101093,"true",1,0,"split"
"6289-e",0,0,0,1,0,50,0,1459883481060,"true",1,0,"close"
