"gameid","sClicked_2","sClicked_1","lClickedIndex","sClicked_0","sClickedIndex","roundNum","lClicked_2","time","outcome","lClicked_0","lClicked_1","condition"
"6305-1",0,1,1,0,1,42,0,1459892051874,"true",0,1,"split"
"6305-1",0,1,2,0,1,48,1,1459892114676,"true",0,0,"far"
"6305-1",1,0,1,0,2,43,0,1459892062676,"true",0,1,"split"
"6305-1",0,1,0,0,1,49,0,1459892153000,"true",1,0,"close"
"6305-1",0,0,2,1,0,24,1,1459891594116,"true",0,0,"close"
"6305-1",1,0,0,0,2,25,0,1459891614202,"true",1,0,"far"
"6305-1",0,1,1,0,1,26,0,1459891627513,"true",0,1,"far"
"6305-1",0,1,0,0,1,27,0,1459891637760,"true",1,0,"far"
"6305-1",1,0,0,0,2,20,0,1459891478322,"true",1,0,"split"
"6305-1",0,1,2,0,1,21,1,1459891493862,"true",0,0,"close"
"6305-1",0,0,0,1,0,22,0,1459891506459,"false",1,0,"split"
"6305-1",0,0,2,1,0,23,1,1459891516466,"false",0,0,"split"
"6305-1",0,0,0,1,0,46,0,1459892090339,"true",1,0,"far"
"6305-1",1,0,1,0,2,47,0,1459892107655,"true",0,1,"split"
"6305-1",0,1,1,0,1,44,0,1459892070895,"true",0,1,"close"
"6305-1",0,1,0,0,1,45,0,1459892084736,"true",1,0,"close"
"6305-1",0,0,0,1,0,28,0,1459891646727,"true",1,0,"split"
"6305-1",0,1,1,0,1,29,0,1459891707578,"true",0,1,"close"
"6305-1",0,1,2,0,1,40,1,1459891989695,"false",0,0,"close"
"6305-1",0,0,1,1,0,41,0,1459892041579,"false",0,1,"close"
"6305-1",0,1,2,0,1,1,1,1459891220755,"true",0,0,"split"
"6305-1",0,1,1,0,1,3,0,1459891254204,"true",0,1,"close"
"6305-1",0,1,1,0,1,2,0,1459891229999,"true",0,1,"far"
"6305-1",1,0,0,0,2,5,0,1459891274162,"false",1,0,"close"
"6305-1",0,1,2,0,1,4,1,1459891264076,"true",0,0,"split"
"6305-1",1,0,2,0,2,7,1,1459891288768,"true",0,0,"far"
"6305-1",1,0,1,0,2,6,0,1459891282417,"true",0,1,"far"
"6305-1",1,0,0,0,2,9,0,1459891308825,"true",1,0,"close"
"6305-1",1,0,0,0,2,8,0,1459891299129,"true",1,0,"split"
"6305-1",1,0,2,0,2,39,1,1459891950585,"true",0,0,"far"
"6305-1",0,1,2,0,1,38,1,1459891913484,"true",0,0,"far"
"6305-1",0,0,2,1,0,11,1,1459891343104,"true",0,0,"split"
"6305-1",1,0,2,0,2,10,1,1459891319772,"true",0,0,"split"
"6305-1",1,0,0,0,2,13,0,1459891358821,"true",1,0,"far"
"6305-1",0,0,2,1,0,12,1,1459891350592,"true",0,0,"split"
"6305-1",1,0,0,0,2,15,0,1459891392842,"true",1,0,"close"
"6305-1",0,1,1,0,1,14,0,1459891370125,"true",0,1,"close"
"6305-1",0,0,1,1,0,17,0,1459891411379,"true",0,1,"far"
"6305-1",0,1,1,0,1,16,0,1459891403185,"false",0,1,"split"
"6305-1",0,0,1,1,0,19,0,1459891459842,"true",0,1,"far"
"6305-1",0,1,0,0,1,18,0,1459891451567,"true",1,0,"split"
"6305-1",1,0,2,0,2,31,1,1459891753319,"true",0,0,"close"
"6305-1",0,1,2,0,1,30,1,1459891715580,"true",0,0,"far"
"6305-1",0,1,0,0,1,37,0,1459891904853,"true",1,0,"split"
"6305-1",0,0,1,1,0,36,0,1459891896555,"true",0,1,"close"
"6305-1",0,1,2,0,1,35,1,1459891833401,"true",0,0,"far"
"6305-1",1,0,1,0,2,34,0,1459891827360,"true",0,1,"far"
"6305-1",0,1,0,0,1,33,0,1459891820092,"true",1,0,"close"
"6305-1",0,0,1,1,0,32,0,1459891811837,"true",0,1,"close"
"6305-1",0,1,1,0,1,50,0,1459892173643,"true",0,1,"far"
