"gameid","sClicked_2","sClicked_1","lClickedIndex","sClicked_0","sClickedIndex","roundNum","lClicked_2","time","outcome","lClicked_0","lClicked_1","condition"
"6327-c",1,0,1,0,2,42,0,1476992187029,"true",0,1,"far"
"6327-c",1,0,1,0,2,48,0,1476992289739,"true",0,1,"split"
"6327-c",0,1,1,0,1,43,0,1476992198529,"true",0,1,"split"
"6327-c",0,1,0,0,1,49,0,1476992305602,"true",1,0,"close"
"6327-c",1,0,1,0,2,24,0,1476991912485,"true",0,1,"close"
"6327-c",0,1,2,0,1,25,1,1476991927736,"true",0,0,"split"
"6327-c",1,0,1,0,2,26,0,1476991943722,"true",0,1,"close"
"6327-c",1,0,1,0,2,27,0,1476991959544,"true",0,1,"close"
"6327-c",0,1,1,0,1,20,0,1476991857460,"true",0,1,"close"
"6327-c",1,0,2,0,2,21,1,1476991863786,"true",0,0,"far"
"6327-c",0,0,2,1,0,22,1,1476991882364,"true",0,0,"close"
"6327-c",1,0,2,0,2,23,1,1476991889978,"true",0,0,"far"
"6327-c",0,0,2,1,0,46,1,1476992238156,"true",0,0,"split"
"6327-c",0,1,0,0,1,47,0,1476992263780,"true",1,0,"split"
"6327-c",0,0,2,1,0,44,1,1476992215612,"true",0,0,"far"
"6327-c",0,0,0,1,0,45,0,1476992228369,"true",1,0,"close"
"6327-c",1,0,0,0,2,28,0,1476991985536,"true",1,0,"split"
"6327-c",0,1,1,0,1,29,0,1476991995533,"true",0,1,"split"
"6327-c",0,1,0,0,1,40,0,1476992166864,"true",1,0,"close"
"6327-c",0,1,1,0,1,41,0,1476992178844,"true",0,1,"close"
"6327-c",1,0,2,0,2,1,1,1476991540302,"true",0,0,"far"
"6327-c",0,0,2,1,0,3,1,1476991588055,"true",0,0,"split"
"6327-c",0,1,2,0,1,2,1,1476991576902,"true",0,0,"split"
"6327-c",0,0,2,1,0,5,1,1476991647212,"true",0,0,"far"
"6327-c",0,1,2,0,1,4,1,1476991624113,"true",0,0,"close"
"6327-c",1,0,1,0,2,7,0,1476991662889,"true",0,1,"far"
"6327-c",1,0,1,0,2,6,0,1476991653989,"true",0,1,"split"
"6327-c",0,0,0,1,0,9,0,1476991696344,"true",1,0,"close"
"6327-c",0,0,0,1,0,8,0,1476991670278,"true",1,0,"split"
"6327-c",0,1,0,0,1,39,0,1476992153939,"true",1,0,"split"
"6327-c",1,0,0,0,2,38,0,1476992115856,"true",1,0,"far"
"6327-c",0,0,2,1,0,11,1,1476991712077,"true",0,0,"close"
"6327-c",1,0,2,0,2,10,1,1476991703921,"true",0,0,"far"
"6327-c",0,0,1,1,0,13,0,1476991736420,"true",0,1,"close"
"6327-c",0,0,0,1,0,12,0,1476991722144,"true",1,0,"far"
"6327-c",1,0,2,0,2,15,1,1476991751722,"true",0,0,"split"
"6327-c",1,0,1,0,2,14,0,1476991743027,"true",0,1,"split"
"6327-c",0,1,0,0,1,17,0,1476991803456,"true",1,0,"far"
"6327-c",0,0,2,1,0,16,1,1476991795108,"true",0,0,"close"
"6327-c",0,1,2,0,1,19,1,1476991843492,"true",0,0,"split"
"6327-c",0,1,1,0,1,18,0,1476991818143,"true",0,1,"split"
"6327-c",0,1,1,0,1,31,0,1476992028850,"true",0,1,"split"
"6327-c",0,1,1,0,1,30,0,1476992003762,"true",0,1,"far"
"6327-c",1,0,2,0,2,37,1,1476992109324,"true",0,0,"far"
"6327-c",0,0,0,1,0,36,0,1476992100243,"true",1,0,"far"
"6327-c",0,1,1,0,1,35,0,1476992092059,"true",0,1,"close"
"6327-c",0,0,2,1,0,34,1,1476992070253,"false",0,0,"close"
"6327-c",1,0,1,0,2,33,0,1476992048027,"true",0,1,"far"
"6327-c",0,0,1,1,0,32,0,1476992036394,"true",0,1,"far"
"6327-c",0,1,0,0,1,50,0,1476992314064,"true",1,0,"far"
