"gameid","sClicked_2","sClicked_1","lClickedIndex","sClicked_0","sClickedIndex","roundNum","lClicked_2","time","outcome","lClicked_0","lClicked_1","condition"
"6330-8",1,0,1,0,2,42,0,1476991032610,"true",0,1,"far"
"6330-8",1,0,2,0,2,48,1,1476991230107,"true",0,0,"split"
"6330-8",1,0,1,0,2,43,0,1476991061430,"true",0,1,"close"
"6330-8",0,1,2,0,1,49,1,1476991332195,"true",0,0,"close"
"6330-8",0,0,2,1,0,24,1,1476990454996,"true",0,0,"far"
"6330-8",1,0,0,0,2,25,0,1476990498906,"false",1,0,"close"
"6330-8",0,0,2,1,0,26,1,1476990514469,"true",0,0,"split"
"6330-8",1,0,0,0,2,27,0,1476990542946,"false",1,0,"close"
"6330-8",0,1,0,0,1,20,0,1476990338181,"true",1,0,"split"
"6330-8",0,1,1,0,1,21,0,1476990354991,"true",0,1,"close"
"6330-8",0,1,1,0,1,22,0,1476990374571,"true",0,1,"close"
"6330-8",0,1,1,0,1,23,0,1476990429277,"true",0,1,"close"
"6330-8",1,0,2,0,2,46,1,1476991140410,"true",0,0,"far"
"6330-8",1,0,1,0,2,47,0,1476991190280,"true",0,1,"split"
"6330-8",0,0,0,1,0,44,0,1476991103987,"true",1,0,"far"
"6330-8",0,1,0,0,1,45,0,1476991127495,"true",1,0,"split"
"6330-8",0,1,2,0,1,28,1,1476990561240,"true",0,0,"close"
"6330-8",0,1,1,0,1,29,0,1476990626311,"true",0,1,"far"
"6330-8",0,0,2,1,0,40,1,1476991010120,"true",0,0,"split"
"6330-8",0,1,0,0,1,41,0,1476991020285,"true",1,0,"far"
"6330-8",1,0,1,0,2,1,0,1476989907844,"true",0,1,"far"
"6330-8",1,0,2,0,2,3,1,1476989964636,"true",0,0,"split"
"6330-8",0,1,1,0,1,2,0,1476989937474,"false",0,1,"split"
"6330-8",1,0,1,0,2,5,0,1476989987854,"true",0,1,"far"
"6330-8",0,0,2,1,0,4,1,1476989975350,"true",0,0,"far"
"6330-8",0,1,1,0,1,7,0,1476990028444,"true",0,1,"close"
"6330-8",1,0,1,0,2,6,0,1476990003132,"true",0,1,"far"
"6330-8",1,0,2,0,2,9,1,1476990080270,"true",0,0,"split"
"6330-8",0,1,2,0,1,8,1,1476990041084,"true",0,0,"close"
"6330-8",0,0,0,1,0,39,0,1476990998245,"true",1,0,"split"
"6330-8",1,0,2,0,2,38,1,1476990892807,"true",0,0,"close"
"6330-8",0,1,0,0,1,11,0,1476990110940,"true",1,0,"far"
"6330-8",0,0,0,1,0,10,0,1476990098305,"false",1,0,"close"
"6330-8",1,0,0,0,2,13,0,1476990180879,"true",1,0,"close"
"6330-8",0,0,2,1,0,12,1,1476990137900,"true",0,0,"split"
"6330-8",0,0,1,1,0,15,0,1476990249320,"true",0,1,"close"
"6330-8",1,0,0,0,2,14,0,1476990199437,"true",1,0,"close"
"6330-8",0,1,0,0,1,17,0,1476990270788,"true",1,0,"split"
"6330-8",0,1,2,0,1,16,1,1476990259977,"true",0,0,"far"
"6330-8",0,1,0,0,1,19,0,1476990313429,"false",1,0,"far"
"6330-8",0,1,2,0,1,18,1,1476990280854,"true",0,0,"far"
"6330-8",0,1,2,0,1,31,1,1476990684401,"true",0,0,"close"
"6330-8",0,1,1,0,1,30,0,1476990648612,"false",0,1,"split"
"6330-8",0,0,1,1,0,37,0,1476990870830,"true",0,1,"split"
"6330-8",1,0,2,0,2,36,1,1476990799152,"true",0,0,"split"
"6330-8",1,0,2,0,2,35,1,1476990781890,"true",0,0,"far"
"6330-8",1,0,1,0,2,34,0,1476990754610,"true",0,1,"split"
"6330-8",0,1,2,0,1,33,1,1476990718100,"true",0,0,"close"
"6330-8",0,0,2,1,0,32,1,1476990697398,"true",0,0,"far"
"6330-8",1,0,2,0,2,50,1,1476991369475,"false",0,0,"split"
