"gameid","sClicked_2","sClicked_1","lClickedIndex","sClicked_0","sClickedIndex","roundNum","lClicked_2","time","outcome","lClicked_0","lClicked_1","condition"
"6334-2",1,0,0,0,2,42,0,1476492149870,"false",1,0,"split"
"6334-2",0,1,2,0,1,48,1,1476492198131,"true",0,0,"close"
"6334-2",1,0,2,0,2,43,1,1476492158009,"true",0,0,"far"
"6334-2",0,1,2,0,1,49,1,1476492205335,"true",0,0,"far"
"6334-2",0,1,0,0,1,24,0,1476491961343,"true",1,0,"far"
"6334-2",1,0,0,0,2,25,0,1476491968509,"true",1,0,"close"
"6334-2",1,0,1,0,2,26,0,1476491975230,"true",0,1,"far"
"6334-2",0,0,2,1,0,27,1,1476491982846,"true",0,0,"far"
"6334-2",1,0,0,0,2,20,0,1476491919607,"true",1,0,"split"
"6334-2",0,0,0,1,0,21,0,1476491934884,"false",1,0,"close"
"6334-2",1,0,0,0,2,22,0,1476491944596,"true",1,0,"close"
"6334-2",0,1,1,0,1,23,0,1476491953355,"true",0,1,"split"
"6334-2",0,0,0,1,0,46,0,1476492181244,"true",1,0,"split"
"6334-2",0,1,0,0,1,47,0,1476492190564,"true",1,0,"close"
"6334-2",0,0,1,1,0,44,0,1476492165968,"true",0,1,"far"
"6334-2",0,1,1,0,1,45,0,1476492171978,"true",0,1,"far"
"6334-2",0,0,2,1,0,28,1,1476491995795,"true",0,0,"split"
"6334-2",1,0,1,0,2,29,0,1476492004682,"true",0,1,"split"
"6334-2",1,0,2,0,2,40,1,1476492127836,"false",0,0,"close"
"6334-2",1,0,0,0,2,41,0,1476492138853,"true",1,0,"split"
"6334-2",0,1,2,0,1,1,1,1476491685915,"false",0,0,"close"
"6334-2",1,0,0,0,2,3,0,1476491725838,"true",1,0,"close"
"6334-2",0,0,2,1,0,2,1,1476491697187,"true",0,0,"far"
"6334-2",1,0,0,0,2,5,0,1476491758720,"true",1,0,"split"
"6334-2",1,0,1,0,2,4,0,1476491748998,"true",0,1,"split"
"6334-2",1,0,1,0,2,7,0,1476491775700,"true",0,1,"far"
"6334-2",0,1,0,0,1,6,0,1476491767362,"true",1,0,"split"
"6334-2",1,0,0,0,2,9,0,1476491799728,"true",1,0,"split"
"6334-2",1,0,1,0,2,8,0,1476491784628,"true",0,1,"close"
"6334-2",0,1,0,0,1,39,0,1476492114771,"true",1,0,"close"
"6334-2",1,0,0,0,2,38,0,1476492105537,"true",1,0,"close"
"6334-2",0,0,0,1,0,11,0,1476491818983,"true",1,0,"close"
"6334-2",0,0,0,1,0,10,0,1476491806672,"true",1,0,"far"
"6334-2",0,0,1,1,0,13,0,1476491840157,"true",0,1,"close"
"6334-2",1,0,2,0,2,12,1,1476491827506,"true",0,0,"far"
"6334-2",1,0,0,0,2,15,0,1476491866271,"true",1,0,"close"
"6334-2",0,0,0,1,0,14,0,1476491854895,"true",1,0,"split"
"6334-2",0,0,1,1,0,17,0,1476491883697,"true",0,1,"split"
"6334-2",0,0,2,1,0,16,1,1476491874963,"true",0,0,"far"
"6334-2",0,1,0,0,1,19,0,1476491904607,"true",1,0,"split"
"6334-2",0,0,0,1,0,18,0,1476491891569,"true",1,0,"split"
"6334-2",1,0,2,0,2,31,1,1476492017639,"true",0,0,"far"
"6334-2",1,0,1,0,2,30,0,1476492011536,"true",0,1,"close"
"6334-2",1,0,2,0,2,37,1,1476492096848,"true",0,0,"close"
"6334-2",1,0,1,0,2,36,0,1476492075093,"true",0,1,"far"
"6334-2",0,0,2,1,0,35,1,1476492044223,"true",0,0,"far"
"6334-2",1,0,0,0,2,34,0,1476492037456,"true",1,0,"split"
"6334-2",0,0,2,1,0,33,1,1476492030639,"true",0,0,"far"
"6334-2",0,0,2,1,0,32,1,1476492024093,"true",0,0,"far"
"6334-2",0,0,0,1,0,50,0,1476492215742,"true",1,0,"close"
