"gameid","sClicked_2","sClicked_1","lClickedIndex","sClicked_0","sClickedIndex","roundNum","lClicked_2","time","outcome","lClicked_0","lClicked_1","condition"
"6338-3",0,1,2,0,1,42,1,1476992516024,"true",0,0,"close"
"6338-3",1,0,1,0,2,48,0,1476992589692,"true",0,1,"close"
"6338-3",0,0,0,1,0,43,0,1476992534896,"true",1,0,"close"
"6338-3",0,0,0,1,0,49,0,1476992601420,"true",1,0,"close"
"6338-3",0,0,1,1,0,24,0,1476992303112,"true",0,1,"split"
"6338-3",1,0,1,0,2,25,0,1476992317952,"true",0,1,"split"
"6338-3",0,0,0,1,0,26,0,1476992329592,"true",1,0,"far"
"6338-3",0,0,2,1,0,27,1,1476992343928,"true",0,0,"far"
"6338-3",0,1,2,0,1,20,1,1476992254054,"true",0,0,"split"
"6338-3",0,0,2,1,0,21,1,1476992264186,"true",0,0,"split"
"6338-3",0,1,0,0,1,22,0,1476992274932,"true",1,0,"far"
"6338-3",1,0,1,0,2,23,0,1476992291747,"true",0,1,"split"
"6338-3",0,0,1,1,0,46,0,1476992563686,"true",0,1,"split"
"6338-3",1,0,1,0,2,47,0,1476992578898,"true",0,1,"split"
"6338-3",1,0,2,0,2,44,1,1476992543014,"true",0,0,"far"
"6338-3",0,0,2,1,0,45,1,1476992549662,"true",0,0,"far"
"6338-3",0,0,2,1,0,28,1,1476992363832,"true",0,0,"close"
"6338-3",0,1,0,0,1,29,0,1476992387487,"true",1,0,"close"
"6338-3",0,1,2,0,1,40,1,1476992498400,"true",0,0,"split"
"6338-3",0,0,2,1,0,41,1,1476992505448,"true",0,0,"far"
"6338-3",1,0,0,0,2,1,0,1476991968733,"true",1,0,"far"
"6338-3",0,0,1,1,0,3,0,1476991995151,"true",0,1,"close"
"6338-3",0,0,0,1,0,2,0,1476991975798,"true",1,0,"far"
"6338-3",0,0,1,1,0,5,0,1476992017413,"true",0,1,"close"
"6338-3",0,0,2,1,0,4,1,1476992007121,"true",0,0,"split"
"6338-3",0,0,1,1,0,7,0,1476992049765,"true",0,1,"far"
"6338-3",0,0,1,1,0,6,0,1476992041969,"true",0,1,"close"
"6338-3",0,0,1,1,0,9,0,1476992073545,"true",0,1,"close"
"6338-3",1,0,2,0,2,8,1,1476992059665,"false",0,0,"split"
"6338-3",0,1,1,0,1,39,0,1476992486964,"true",0,1,"far"
"6338-3",0,1,0,0,1,38,0,1476992479988,"true",1,0,"split"
"6338-3",0,0,1,1,0,11,0,1476992088720,"true",0,1,"far"
"6338-3",1,0,1,0,2,10,0,1476992081464,"true",0,1,"far"
"6338-3",0,1,0,0,1,13,0,1476992146110,"false",1,0,"close"
"6338-3",1,0,0,0,2,12,0,1476992125450,"true",1,0,"close"
"6338-3",1,0,1,0,2,15,0,1476992186842,"true",0,1,"split"
"6338-3",1,0,1,0,2,14,0,1476992172080,"true",0,1,"split"
"6338-3",0,1,2,0,1,17,1,1476992216846,"true",0,0,"split"
"6338-3",0,0,2,1,0,16,1,1476992207981,"true",0,0,"split"
"6338-3",0,0,0,1,0,19,0,1476992238486,"true",1,0,"far"
"6338-3",0,1,0,0,1,18,0,1476992227637,"true",1,0,"close"
"6338-3",0,0,2,1,0,31,1,1476992409444,"true",0,0,"far"
"6338-3",1,0,2,0,2,30,1,1476992401638,"true",0,0,"close"
"6338-3",1,0,2,0,2,37,1,1476992466617,"true",0,0,"far"
"6338-3",0,1,2,0,1,36,1,1476992455105,"true",0,0,"split"
"6338-3",0,1,0,0,1,35,0,1476992447352,"true",1,0,"far"
"6338-3",0,1,1,0,1,34,0,1476992437918,"true",0,1,"far"
"6338-3",0,0,0,1,0,33,0,1476992430758,"true",1,0,"close"
"6338-3",0,1,2,0,1,32,1,1476992419162,"true",0,0,"close"
"6338-3",0,1,2,0,1,50,1,1476992625035,"true",0,0,"split"
