"gameid","sClicked_2","sClicked_1","lClickedIndex","sClicked_0","sClickedIndex","roundNum","lClicked_2","time","outcome","lClicked_0","lClicked_1","condition"
"6353-0",0,1,0,0,1,43,0,1476495124523,"true",1,0,"split"
"6353-0",1,0,0,0,2,24,0,1476494319162,"true",1,0,"far"
"6353-0",0,0,0,1,0,26,0,1476494369088,"true",1,0,"far"
"6353-0",0,0,0,1,0,21,0,1476494200488,"true",1,0,"far"
"6353-0",0,0,0,1,0,48,0,1476495344779,"true",1,0,"close"
"6353-0",0,0,0,1,0,49,0,1476495360504,"true",1,0,"split"
"6353-0",1,0,0,0,2,47,0,1476495261377,"true",1,0,"split"
"6353-0",0,1,1,0,1,44,0,1476495135443,"true",0,1,"far"
"6353-0",0,0,0,1,0,45,0,1476495166653,"true",1,0,"far"
"6353-0",1,0,2,0,2,28,1,1476494517724,"true",0,0,"close"
"6353-0",0,0,2,1,0,29,1,1476494558314,"true",0,0,"split"
"6353-0",0,0,1,1,0,40,0,1476495027379,"true",0,1,"close"
"6353-0",0,0,2,1,0,41,1,1476495043159,"true",0,0,"far"
"6353-0",1,0,0,0,2,1,0,1476493408504,"true",1,0,"far"
"6353-0",1,0,0,0,2,2,0,1476493419319,"true",1,0,"far"
"6353-0",1,0,2,0,2,4,1,1476493473393,"true",0,0,"split"
"6353-0",0,1,2,0,1,7,1,1476493697116,"true",0,0,"close"
"6353-0",1,0,1,0,2,6,0,1476493588604,"true",0,1,"split"
"6353-0",1,0,2,0,2,9,1,1476493734113,"true",0,0,"close"
"6353-0",0,1,1,0,1,8,0,1476493713370,"true",0,1,"close"
"6353-0",0,0,2,1,0,39,1,1476494784922,"true",0,0,"split"
"6353-0",0,1,1,0,1,11,0,1476493761567,"true",0,1,"far"
"6353-0",0,0,2,1,0,10,1,1476493752945,"true",0,0,"far"
"6353-0",0,1,2,0,1,13,1,1476493823974,"true",0,0,"split"
"6353-0",0,0,2,1,0,38,1,1476494774434,"true",0,0,"close"
"6353-0",1,0,1,0,2,15,0,1476493923136,"true",0,1,"close"
"6353-0",0,0,2,1,0,14,1,1476493839689,"true",0,0,"close"
"6353-0",1,0,2,0,2,17,1,1476494069464,"true",0,0,"far"
"6353-0",0,0,0,1,0,18,0,1476494088907,"true",1,0,"far"
"6353-0",0,0,2,1,0,30,1,1476494590711,"true",0,0,"split"
"6353-0",1,0,0,0,2,37,0,1476494757659,"true",1,0,"far"
"6353-0",1,0,1,0,2,36,0,1476494724780,"true",0,1,"far"
"6353-0",0,0,0,1,0,35,0,1476494712425,"true",1,0,"split"
"6353-0",1,0,1,0,2,34,0,1476494699977,"true",0,1,"far"
"6353-0",1,0,0,0,2,32,0,1476494647578,"true",1,0,"close"
"6353-0",0,1,0,0,1,50,0,1476495394386,"true",1,0,"far"
