"gameid","sClicked_2","sClicked_1","lClickedIndex","sClicked_0","sClickedIndex","roundNum","lClicked_2","time","outcome","lClicked_0","lClicked_1","condition"
"6366-e",1,0,0,0,2,42,0,1476996626661,"true",1,0,"far"
"6366-e",1,0,0,0,2,48,0,1476996695962,"true",1,0,"far"
"6366-e",0,0,2,1,0,43,1,1476996634607,"true",0,0,"far"
"6366-e",0,1,1,0,1,49,0,1476996721328,"true",0,1,"split"
"6366-e",1,0,2,0,2,24,1,1476996320142,"true",0,0,"far"
"6366-e",1,0,0,0,2,25,0,1476996363620,"true",1,0,"close"
"6366-e",0,0,2,1,0,26,1,1476996375295,"true",0,0,"far"
"6366-e",1,0,0,0,2,27,0,1476996385637,"true",1,0,"split"
"6366-e",0,1,1,0,1,20,0,1476996258216,"false",0,1,"split"
"6366-e",0,0,0,1,0,21,0,1476996279186,"true",1,0,"close"
"6366-e",0,1,0,0,1,22,0,1476996290272,"true",1,0,"far"
"6366-e",0,1,2,0,1,23,1,1476996313392,"true",0,0,"close"
"6366-e",0,0,2,1,0,46,1,1476996680492,"true",0,0,"close"
"6366-e",1,0,0,0,2,47,0,1476996688842,"true",1,0,"far"
"6366-e",0,0,1,1,0,44,0,1476996646202,"true",0,1,"close"
"6366-e",0,1,2,0,1,45,1,1476996662897,"true",0,0,"close"
"6366-e",0,1,0,0,1,28,0,1476996392527,"true",1,0,"far"
"6366-e",0,0,0,1,0,29,0,1476996406137,"false",1,0,"close"
"6366-e",1,0,1,0,2,40,0,1476996565532,"false",0,1,"split"
"6366-e",1,0,1,0,2,41,0,1476996608681,"true",0,1,"close"
"6366-e",0,1,2,0,1,1,1,1476995983275,"true",0,0,"far"
"6366-e",1,0,1,0,2,3,0,1476996000849,"true",0,1,"far"
"6366-e",0,0,2,1,0,2,1,1476995993485,"false",0,0,"close"
"6366-e",0,0,1,1,0,5,0,1476996040606,"true",0,1,"split"
"6366-e",0,1,1,0,1,4,0,1476996023887,"true",0,1,"close"
"6366-e",1,0,0,0,2,7,0,1476996064591,"true",1,0,"far"
"6366-e",1,0,2,0,2,6,1,1476996056925,"true",0,0,"split"
"6366-e",1,0,1,0,2,9,0,1476996081195,"true",0,1,"far"
"6366-e",0,1,0,0,1,8,0,1476996070971,"true",1,0,"far"
"6366-e",0,0,0,1,0,39,0,1476996546660,"false",1,0,"close"
"6366-e",0,0,1,1,0,38,0,1476996526545,"true",0,1,"split"
"6366-e",1,0,1,0,2,11,0,1476996112132,"true",0,1,"far"
"6366-e",0,1,2,0,1,10,1,1476996092350,"true",0,0,"split"
"6366-e",0,1,0,0,1,13,0,1476996153337,"true",1,0,"split"
"6366-e",1,0,2,0,2,12,1,1476996129876,"false",0,0,"split"
"6366-e",0,0,1,1,0,15,0,1476996175300,"true",0,1,"split"
"6366-e",1,0,2,0,2,14,1,1476996167730,"true",0,0,"close"
"6366-e",0,1,2,0,1,17,1,1476996207610,"true",0,0,"far"
"6366-e",0,0,0,1,0,16,0,1476996199251,"true",1,0,"close"
"6366-e",1,0,2,0,2,19,1,1476996242147,"true",0,0,"split"
"6366-e",0,1,2,0,1,18,1,1476996229225,"true",0,0,"close"
"6366-e",0,1,0,0,1,31,0,1476996422777,"false",1,0,"split"
"6366-e",1,0,1,0,2,30,0,1476996412810,"true",0,1,"far"
"6366-e",1,0,1,0,2,37,0,1476996512177,"true",0,1,"close"
"6366-e",0,0,1,1,0,36,0,1476996497797,"true",0,1,"far"
"6366-e",1,0,2,0,2,35,1,1476996484848,"true",0,0,"split"
"6366-e",0,0,0,1,0,34,0,1476996471122,"true",1,0,"split"
"6366-e",0,1,0,0,1,33,0,1476996450023,"false",1,0,"close"
"6366-e",1,0,1,0,2,32,0,1476996434552,"true",0,1,"split"
"6366-e",0,1,0,0,1,50,0,1476996747856,"false",1,0,"close"
