"gameid","sClicked_2","sClicked_1","lClickedIndex","sClicked_0","sClickedIndex","roundNum","lClicked_2","time","outcome","lClicked_0","lClicked_1","condition"
"6377-0",1,0,1,0,2,42,0,1476992677229,"true",0,1,"close"
"6377-0",0,1,0,0,1,48,0,1476992781933,"true",1,0,"split"
"6377-0",0,1,2,0,1,43,1,1476992698388,"true",0,0,"close"
"6377-0",1,0,0,0,2,49,0,1476992804102,"false",1,0,"split"
"6377-0",0,0,0,1,0,24,0,1476992283997,"true",1,0,"far"
"6377-0",1,0,2,0,2,25,1,1476992300654,"true",0,0,"close"
"6377-0",0,1,1,0,1,26,0,1476992371271,"true",0,1,"split"
"6377-0",1,0,1,0,2,27,0,1476992380335,"true",0,1,"far"
"6377-0",0,0,1,1,0,20,0,1476992210662,"true",0,1,"close"
"6377-0",0,0,2,1,0,21,1,1476992219295,"true",0,0,"close"
"6377-0",0,1,0,0,1,22,0,1476992261795,"true",1,0,"close"
"6377-0",0,1,2,0,1,23,1,1476992276098,"true",0,0,"close"
"6377-0",1,0,2,0,2,46,1,1476992767347,"true",0,0,"split"
"6377-0",0,1,0,0,1,47,0,1476992774701,"true",1,0,"far"
"6377-0",0,0,2,1,0,44,1,1476992743446,"true",0,0,"close"
"6377-0",1,0,2,0,2,45,1,1476992750747,"true",0,0,"far"
"6377-0",0,0,2,1,0,28,1,1476992386537,"true",0,0,"far"
"6377-0",0,0,0,1,0,29,0,1476992401590,"true",1,0,"far"
"6377-0",1,0,0,0,2,40,0,1476992590621,"true",1,0,"close"
"6377-0",1,0,1,0,2,41,0,1476992606543,"true",0,1,"far"
"6377-0",1,0,2,0,2,1,1,1476991775615,"true",0,0,"split"
"6377-0",1,0,0,0,2,3,0,1476991808477,"true",1,0,"close"
"6377-0",0,0,1,1,0,2,0,1476991796861,"true",0,1,"far"
"6377-0",0,0,1,1,0,5,0,1476991849272,"true",0,1,"far"
"6377-0",0,0,0,1,0,4,0,1476991841139,"true",1,0,"split"
"6377-0",1,0,2,0,2,7,1,1476991906743,"true",0,0,"split"
"6377-0",1,0,0,0,2,6,0,1476991895007,"true",1,0,"split"
"6377-0",0,1,1,0,1,9,0,1476991948621,"true",0,1,"close"
"6377-0",0,1,0,0,1,8,0,1476991918024,"true",1,0,"far"
"6377-0",1,0,1,0,2,39,0,1476992577257,"true",0,1,"split"
"6377-0",0,1,2,0,1,38,1,1476992554609,"true",0,0,"far"
"6377-0",0,1,0,0,1,11,0,1476991979143,"true",1,0,"close"
"6377-0",0,1,2,0,1,10,1,1476991961670,"true",0,0,"split"
"6377-0",1,0,1,0,2,13,0,1476992065541,"true",0,1,"close"
"6377-0",1,0,2,0,2,12,1,1476991994948,"true",0,0,"split"
"6377-0",1,0,1,0,2,15,0,1476992097013,"true",0,1,"split"
"6377-0",0,1,1,0,1,14,0,1476992072762,"true",0,1,"far"
"6377-0",0,0,2,1,0,17,1,1476992110645,"true",0,0,"far"
"6377-0",0,0,1,1,0,16,0,1476992103929,"true",0,1,"split"
"6377-0",0,0,1,1,0,19,0,1476992164070,"true",0,1,"close"
"6377-0",0,0,0,1,0,18,0,1476992127519,"true",1,0,"split"
"6377-0",0,1,2,0,1,31,1,1476992421870,"true",0,0,"far"
"6377-0",0,0,1,1,0,30,0,1476992414730,"true",0,1,"split"
"6377-0",0,0,1,1,0,37,0,1476992541645,"true",0,1,"far"
"6377-0",0,0,2,1,0,36,1,1476992532823,"true",0,0,"close"
"6377-0",1,0,1,0,2,35,0,1476992505876,"true",0,1,"close"
"6377-0",0,1,1,0,1,34,0,1476992496275,"true",0,1,"close"
"6377-0",1,0,0,0,2,33,0,1476992457166,"true",1,0,"split"
"6377-0",1,0,0,0,2,32,0,1476992447614,"true",1,0,"split"
"6377-0",0,0,2,1,0,50,1,1476992812875,"true",0,0,"far"
