"gameid","sClicked_2","sClicked_1","lClickedIndex","sClicked_0","sClickedIndex","roundNum","lClicked_2","time","outcome","lClicked_0","lClicked_1","condition"
"6378-3",0,0,0,1,0,42,0,1476993928271,"true",1,0,"split"
"6378-3",0,1,0,0,1,48,0,1476993985671,"true",1,0,"far"
"6378-3",0,1,1,0,1,43,0,1476993939432,"true",0,1,"split"
"6378-3",1,0,2,0,2,49,1,1476993993503,"true",0,0,"far"
"6378-3",1,0,1,0,2,24,0,1476993690088,"true",0,1,"close"
"6378-3",0,1,0,0,1,25,0,1476993709719,"true",1,0,"split"
"6378-3",0,1,1,0,1,26,0,1476993729970,"true",0,1,"close"
"6378-3",0,1,2,0,1,27,1,1476993739747,"true",0,0,"far"
"6378-3",0,0,1,1,0,20,0,1476993632189,"true",0,1,"close"
"6378-3",0,0,1,1,0,21,0,1476993644197,"true",0,1,"close"
"6378-3",0,1,2,0,1,22,1,1476993657032,"true",0,0,"split"
"6378-3",0,1,1,0,1,23,0,1476993665433,"true",0,1,"far"
"6378-3",0,0,1,1,0,46,0,1476993968903,"true",0,1,"split"
"6378-3",0,1,2,0,1,47,1,1476993979038,"true",0,0,"far"
"6378-3",0,0,0,1,0,44,0,1476993953407,"true",1,0,"close"
"6378-3",1,0,0,0,2,45,0,1476993960783,"true",1,0,"far"
"6378-3",0,1,2,0,1,28,1,1476993749208,"true",0,0,"far"
"6378-3",1,0,0,0,2,29,0,1476993766131,"true",1,0,"close"
"6378-3",0,0,0,1,0,40,0,1476993911894,"true",1,0,"split"
"6378-3",0,0,1,1,0,41,0,1476993919937,"true",0,1,"far"
"6378-3",0,0,2,1,0,1,1,1476993284721,"true",0,0,"split"
"6378-3",1,0,2,0,2,3,1,1476993326631,"true",0,0,"close"
"6378-3",1,0,2,0,2,2,1,1476993313853,"false",0,0,"split"
"6378-3",1,0,1,0,2,5,0,1476993375688,"true",0,1,"split"
"6378-3",0,0,2,1,0,4,1,1476993363707,"true",0,0,"split"
"6378-3",0,0,1,1,0,7,0,1476993401211,"true",0,1,"close"
"6378-3",0,1,0,0,1,6,0,1476993387686,"true",1,0,"close"
"6378-3",0,1,1,0,1,9,0,1476993440703,"true",0,1,"split"
"6378-3",1,0,2,0,2,8,1,1476993425600,"true",0,0,"close"
"6378-3",1,0,2,0,2,39,1,1476993901383,"true",0,0,"split"
"6378-3",0,1,2,0,1,38,1,1476993892990,"true",0,0,"close"
"6378-3",0,1,0,0,1,11,0,1476993491439,"true",1,0,"close"
"6378-3",0,0,0,1,0,10,0,1476993452972,"true",1,0,"far"
"6378-3",0,0,2,1,0,13,1,1476993522925,"true",0,0,"split"
"6378-3",0,0,1,1,0,12,0,1476993505030,"false",0,1,"split"
"6378-3",1,0,0,0,2,15,0,1476993548969,"true",1,0,"split"
"6378-3",0,1,0,0,1,14,0,1476993537063,"true",1,0,"far"
"6378-3",0,1,2,0,1,17,1,1476993569359,"false",0,0,"close"
"6378-3",1,0,1,0,2,16,0,1476993555632,"true",0,1,"far"
"6378-3",0,0,2,1,0,19,1,1476993611573,"true",0,0,"close"
"6378-3",0,1,2,0,1,18,1,1476993600895,"true",0,0,"far"
"6378-3",0,0,2,1,0,31,1,1476993806935,"true",0,0,"close"
"6378-3",0,0,2,1,0,30,1,1476993785242,"false",0,0,"split"
"6378-3",0,1,0,0,1,37,0,1476993881963,"true",1,0,"far"
"6378-3",1,0,2,0,2,36,1,1476993873624,"true",0,0,"far"
"6378-3",0,1,0,0,1,35,0,1476993863202,"true",1,0,"split"
"6378-3",0,1,2,0,1,34,1,1476993854247,"true",0,0,"far"
"6378-3",0,1,1,0,1,33,0,1476993845591,"true",0,1,"close"
"6378-3",1,0,0,0,2,32,0,1476993832216,"true",1,0,"far"
"6378-3",0,0,2,1,0,50,1,1476994006717,"true",0,0,"close"
