"gameid","sClicked_2","sClicked_1","lClickedIndex","sClicked_0","sClickedIndex","roundNum","lClicked_2","time","outcome","lClicked_0","lClicked_1","condition"
"6407-f",0,1,1,0,1,42,0,1476998810963,"false",0,1,"close"
"6407-f",1,0,1,0,2,48,0,1476998852585,"true",0,1,"far"
"6407-f",1,0,0,0,2,43,0,1476998820802,"true",1,0,"split"
"6407-f",0,0,2,1,0,49,1,1476998858576,"true",0,0,"far"
"6407-f",1,0,0,0,2,24,0,1476998595901,"true",1,0,"close"
"6407-f",1,0,1,0,2,25,0,1476998605713,"true",0,1,"far"
"6407-f",1,0,1,0,2,26,0,1476998618811,"true",0,1,"close"
"6407-f",1,0,2,0,2,27,1,1476998630460,"false",0,0,"close"
"6407-f",0,1,2,0,1,20,1,1476998545168,"true",0,0,"split"
"6407-f",1,0,1,0,2,21,0,1476998555328,"true",0,1,"split"
"6407-f",0,0,1,1,0,22,0,1476998566777,"false",0,1,"close"
"6407-f",1,0,0,0,2,23,0,1476998580941,"true",1,0,"close"
"6407-f",0,1,1,0,1,46,0,1476998840128,"true",0,1,"far"
"6407-f",0,0,2,1,0,47,1,1476998845896,"true",0,0,"far"
"6407-f",0,0,0,1,0,44,0,1476998827186,"true",1,0,"far"
"6407-f",0,0,1,1,0,45,0,1476998833891,"true",0,1,"split"
"6407-f",0,1,2,0,1,28,1,1476998656266,"true",0,0,"split"
"6407-f",1,0,0,0,2,29,0,1476998668129,"true",1,0,"close"
"6407-f",0,1,2,0,1,40,1,1476998788192,"true",0,0,"split"
"6407-f",1,0,0,0,2,41,0,1476998795875,"true",1,0,"split"
"6407-f",1,0,1,0,2,1,0,1476998344808,"true",0,1,"far"
"6407-f",1,0,1,0,2,3,0,1476998359431,"true",0,1,"split"
"6407-f",0,1,0,0,1,2,0,1476998350559,"true",1,0,"split"
"6407-f",0,0,0,1,0,5,0,1476998379638,"true",1,0,"close"
"6407-f",0,1,1,0,1,4,0,1476998366613,"true",0,1,"close"
"6407-f",0,0,1,1,0,7,0,1476998394246,"true",0,1,"far"
"6407-f",1,0,1,0,2,6,0,1476998388629,"true",0,1,"split"
"6407-f",0,1,2,0,1,9,1,1476998421519,"true",0,0,"far"
"6407-f",1,0,0,0,2,8,0,1476998412541,"false",1,0,"close"
"6407-f",0,1,2,0,1,39,1,1476998780221,"true",0,0,"far"
"6407-f",0,1,0,0,1,38,0,1476998767394,"true",1,0,"split"
"6407-f",0,0,0,1,0,11,0,1476998439770,"true",1,0,"split"
"6407-f",0,1,2,0,1,10,1,1476998428259,"true",0,0,"far"
"6407-f",0,1,1,0,1,13,0,1476998465242,"true",0,1,"split"
"6407-f",1,0,1,0,2,12,0,1476998456130,"true",0,1,"close"
"6407-f",1,0,0,0,2,15,0,1476998482033,"true",1,0,"far"
"6407-f",0,0,1,1,0,14,0,1476998474529,"true",0,1,"close"
"6407-f",0,0,1,1,0,17,0,1476998510032,"true",0,1,"close"
"6407-f",0,1,1,0,1,16,0,1476998495153,"false",0,1,"split"
"6407-f",0,1,2,0,1,19,1,1476998530087,"true",0,0,"close"
"6407-f",1,0,2,0,2,18,1,1476998516176,"true",0,0,"far"
"6407-f",0,0,2,1,0,31,1,1476998697292,"true",0,0,"far"
"6407-f",1,0,2,0,2,30,1,1476998689748,"true",0,0,"close"
"6407-f",0,1,2,0,1,37,1,1476998749613,"true",0,0,"split"
"6407-f",0,1,1,0,1,36,0,1476998741702,"true",0,1,"split"
"6407-f",1,0,0,0,2,35,0,1476998731102,"true",1,0,"close"
"6407-f",0,1,2,0,1,34,1,1476998720996,"false",0,0,"close"
"6407-f",0,0,0,1,0,33,0,1476998713167,"true",1,0,"far"
"6407-f",0,1,1,0,1,32,0,1476998705247,"true",0,1,"far"
"6407-f",1,0,2,0,2,50,1,1476998865320,"true",0,0,"far"
