"gameid","sClicked_2","sClicked_1","lClickedIndex","sClicked_0","sClickedIndex","roundNum","lClicked_2","time","outcome","lClicked_0","lClicked_1","condition"
"6421-c",0,0,1,1,0,42,0,1476475166213,"true",0,1,"far"
"6421-c",0,0,1,1,0,48,0,1476475307760,"true",0,1,"close"
"6421-c",1,0,1,0,2,43,0,1476475180262,"true",0,1,"split"
"6421-c",0,0,1,1,0,49,0,1476475316321,"true",0,1,"far"
"6421-c",0,1,0,0,1,24,0,1476474875696,"true",1,0,"split"
"6421-c",0,1,0,0,1,25,0,1476474893179,"true",1,0,"split"
"6421-c",0,0,0,1,0,26,0,1476474901634,"true",1,0,"split"
"6421-c",0,0,2,1,0,27,1,1476474913119,"true",0,0,"close"
"6421-c",0,0,1,1,0,20,0,1476474815765,"false",0,1,"split"
"6421-c",0,0,2,1,0,21,1,1476474826874,"true",0,0,"far"
"6421-c",0,0,2,1,0,22,1,1476474835363,"true",0,0,"split"
"6421-c",0,1,2,0,1,23,1,1476474851619,"false",0,0,"split"
"6421-c",0,0,1,1,0,46,0,1476475251206,"true",0,1,"close"
"6421-c",0,1,1,0,1,47,0,1476475264559,"true",0,1,"split"
"6421-c",1,0,1,0,2,44,0,1476475203179,"true",0,1,"close"
"6421-c",0,0,1,1,0,45,0,1476475237133,"true",0,1,"close"
"6421-c",1,0,1,0,2,28,0,1476474937940,"true",0,1,"split"
"6421-c",1,0,2,0,2,29,1,1476474956520,"true",0,0,"split"
"6421-c",0,1,1,0,1,40,0,1476475150355,"true",0,1,"far"
"6421-c",1,0,0,0,2,41,0,1476475158445,"true",1,0,"far"
"6421-c",0,0,1,1,0,1,0,1476474376607,"false",0,1,"close"
"6421-c",0,0,0,1,0,3,0,1476474446533,"false",1,0,"far"
"6421-c",1,0,1,0,2,2,0,1476474423470,"true",0,1,"close"
"6421-c",1,0,1,0,2,5,0,1476474493759,"true",0,1,"split"
"6421-c",0,0,1,1,0,4,0,1476474481504,"true",0,1,"split"
"6421-c",0,0,2,1,0,7,1,1476474568820,"true",0,0,"close"
"6421-c",1,0,1,0,2,6,0,1476474518775,"true",0,1,"far"
"6421-c",0,1,1,0,1,9,0,1476474607781,"true",0,1,"far"
"6421-c",0,0,0,1,0,8,0,1476474597806,"true",1,0,"split"
"6421-c",1,0,1,0,2,39,0,1476475142504,"true",0,1,"far"
"6421-c",1,0,1,0,2,38,0,1476475135249,"true",0,1,"far"
"6421-c",0,0,0,1,0,11,0,1476474640185,"true",1,0,"far"
"6421-c",0,0,0,1,0,10,0,1476474621601,"false",1,0,"close"
"6421-c",1,0,2,0,2,13,1,1476474672078,"true",0,0,"close"
"6421-c",0,0,1,1,0,12,0,1476474657904,"true",0,1,"far"
"6421-c",0,0,2,1,0,15,1,1476474718905,"true",0,0,"close"
"6421-c",0,0,1,1,0,14,0,1476474695814,"true",0,1,"far"
"6421-c",0,1,0,0,1,17,0,1476474777864,"true",1,0,"far"
"6421-c",0,0,2,1,0,16,1,1476474758848,"true",0,0,"close"
"6421-c",1,0,1,0,2,19,0,1476474804171,"true",0,1,"far"
"6421-c",0,0,1,1,0,18,0,1476474787409,"true",0,1,"close"
"6421-c",1,0,2,0,2,31,1,1476474982049,"false",0,0,"split"
"6421-c",1,0,1,0,2,30,0,1476474968322,"true",0,1,"far"
"6421-c",1,0,1,0,2,37,0,1476475125609,"true",0,1,"far"
"6421-c",0,1,1,0,1,36,0,1476475113079,"true",0,1,"close"
"6421-c",0,1,0,0,1,35,0,1476475069840,"true",1,0,"split"
"6421-c",0,0,0,1,0,34,0,1476475037395,"true",1,0,"close"
"6421-c",1,0,1,0,2,33,0,1476475021464,"true",0,1,"split"
"6421-c",0,0,0,1,0,32,0,1476475003351,"true",1,0,"split"
"6421-c",0,0,0,1,0,50,0,1476475343138,"true",1,0,"close"
