"gameid","sClicked_2","sClicked_1","lClickedIndex","sClicked_0","sClickedIndex","roundNum","lClicked_2","time","outcome","lClicked_0","lClicked_1","condition"
"6433-2",0,0,2,1,0,42,1,1476995077722,"true",0,0,"close"
"6433-2",1,0,2,0,2,48,1,1476995118678,"true",0,0,"far"
"6433-2",0,0,1,1,0,43,0,1476995083576,"true",0,1,"split"
"6433-2",0,0,1,1,0,49,0,1476995131696,"true",0,1,"split"
"6433-2",0,1,2,0,1,24,1,1476994901272,"true",0,0,"close"
"6433-2",1,0,0,0,2,25,0,1476994913289,"true",1,0,"split"
"6433-2",0,0,2,1,0,26,1,1476994919971,"true",0,0,"split"
"6433-2",0,1,1,0,1,27,0,1476994927304,"true",0,1,"far"
"6433-2",0,1,0,0,1,20,0,1476994871166,"true",1,0,"close"
"6433-2",0,0,0,1,0,21,0,1476994881720,"true",1,0,"close"
"6433-2",1,0,2,0,2,22,1,1476994889707,"true",0,0,"close"
"6433-2",1,0,0,0,2,23,0,1476994894833,"true",1,0,"far"
"6433-2",0,1,0,0,1,46,0,1476995104273,"true",1,0,"close"
"6433-2",0,0,2,1,0,47,1,1476995111833,"true",0,0,"far"
"6433-2",1,0,1,0,2,44,0,1476995090116,"true",0,1,"split"
"6433-2",1,0,1,0,2,45,0,1476995098052,"true",0,1,"close"
"6433-2",0,1,2,0,1,28,1,1476994940225,"false",0,0,"close"
"6433-2",0,0,0,1,0,29,0,1476994949334,"true",1,0,"split"
"6433-2",0,1,1,0,1,40,0,1476995048253,"true",0,1,"far"
"6433-2",0,0,2,1,0,41,1,1476995056628,"true",0,0,"far"
"6433-2",0,1,1,0,1,1,0,1476994684281,"true",0,1,"split"
"6433-2",0,0,0,1,0,3,0,1476994705629,"true",1,0,"split"
"6433-2",0,1,2,0,1,2,1,1476994693454,"true",0,0,"close"
"6433-2",0,1,0,0,1,5,0,1476994724876,"true",1,0,"split"
"6433-2",0,1,0,0,1,4,0,1476994716322,"true",1,0,"split"
"6433-2",0,0,1,1,0,7,0,1476994747124,"true",0,1,"close"
"6433-2",0,0,1,1,0,6,0,1476994733650,"true",0,1,"split"
"6433-2",1,0,0,0,2,9,0,1476994763941,"true",1,0,"split"
"6433-2",0,1,2,0,1,8,1,1476994756889,"false",0,0,"split"
"6433-2",1,0,1,0,2,39,0,1476995041191,"false",0,1,"close"
"6433-2",1,0,1,0,2,38,0,1476995032094,"true",0,1,"far"
"6433-2",0,0,1,1,0,11,0,1476994779097,"true",0,1,"close"
"6433-2",1,0,2,0,2,10,1,1476994770911,"true",0,0,"far"
"6433-2",1,0,1,0,2,13,0,1476994799345,"true",0,1,"far"
"6433-2",1,0,0,0,2,12,0,1476994789397,"true",1,0,"far"
"6433-2",0,1,1,0,1,15,0,1476994818729,"true",0,1,"close"
"6433-2",1,0,2,0,2,14,1,1476994806670,"true",0,0,"far"
"6433-2",1,0,1,0,2,17,0,1476994846461,"true",0,1,"far"
"6433-2",0,1,0,0,1,16,0,1476994838434,"true",1,0,"far"
"6433-2",1,0,2,0,2,19,1,1476994861216,"true",0,0,"split"
"6433-2",0,1,0,0,1,18,0,1476994853704,"true",1,0,"close"
"6433-2",0,1,0,0,1,31,0,1476994963528,"true",1,0,"close"
"6433-2",1,0,0,0,2,30,0,1476994955483,"true",1,0,"far"
"6433-2",0,1,0,0,1,37,0,1476995026223,"true",1,0,"split"
"6433-2",1,0,1,0,2,36,0,1476995014658,"true",0,1,"split"
"6433-2",1,0,2,0,2,35,1,1476995005329,"true",0,0,"far"
"6433-2",1,0,2,0,2,34,1,1476994998240,"true",0,0,"split"
"6433-2",0,1,0,0,1,33,0,1476994987380,"true",1,0,"close"
"6433-2",0,1,1,0,1,32,0,1476994976592,"true",0,1,"close"
"6433-2",0,0,1,1,0,50,0,1476995147291,"true",0,1,"far"
