"gameid","sClicked_2","sClicked_1","lClickedIndex","sClicked_0","sClickedIndex","roundNum","lClicked_2","time","outcome","lClicked_0","lClicked_1","condition"
"6442-4",0,1,2,0,1,42,1,1459889784551,"true",0,0,"split"
"6442-4",1,0,1,0,2,48,0,1459889833707,"true",0,1,"far"
"6442-4",0,1,0,0,1,43,0,1459889792328,"true",1,0,"far"
"6442-4",0,1,0,0,1,49,0,1459889846362,"true",1,0,"split"
"6442-4",0,1,0,0,1,24,0,1459889502185,"true",1,0,"far"
"6442-4",0,1,0,0,1,25,0,1459889522320,"true",1,0,"close"
"6442-4",0,1,1,0,1,26,0,1459889533531,"true",0,1,"close"
"6442-4",1,0,0,0,2,27,0,1459889540357,"true",1,0,"far"
"6442-4",0,0,1,1,0,20,0,1459889452229,"true",0,1,"far"
"6442-4",0,0,2,1,0,21,1,1459889462466,"true",0,0,"far"
"6442-4",0,0,1,1,0,22,0,1459889472985,"true",0,1,"split"
"6442-4",0,1,0,0,1,23,0,1459889492412,"true",1,0,"split"
"6442-4",0,0,0,1,0,46,0,1459889819251,"true",1,0,"split"
"6442-4",1,0,0,0,2,47,0,1459889828076,"true",1,0,"far"
"6442-4",0,0,2,1,0,44,1,1459889799420,"true",0,0,"far"
"6442-4",0,1,2,0,1,45,1,1459889810317,"true",0,0,"close"
"6442-4",0,1,2,0,1,28,1,1459889553690,"true",0,0,"split"
"6442-4",1,0,0,0,2,29,0,1459889566821,"true",1,0,"split"
"6442-4",0,0,2,1,0,40,1,1459889737465,"true",0,0,"split"
"6442-4",1,0,2,0,2,41,1,1459889768218,"true",0,0,"close"
"6442-4",1,0,1,0,2,2,0,1459888866075,"true",0,1,"close"
"6442-4",0,1,2,0,1,5,1,1459888945050,"true",0,0,"far"
"6442-4",1,0,0,0,2,4,0,1459888934676,"true",1,0,"split"
"6442-4",0,0,0,1,0,6,0,1459888962897,"true",1,0,"split"
"6442-4",1,0,0,0,2,9,0,1459889158218,"true",1,0,"close"
"6442-4",1,0,1,0,2,39,0,1459889721374,"true",0,1,"far"
"6442-4",0,1,2,0,1,38,1,1459889713536,"true",0,0,"close"
"6442-4",0,1,1,0,1,11,0,1459889259419,"true",0,1,"split"
"6442-4",0,0,2,1,0,10,1,1459889166815,"true",0,0,"far"
"6442-4",1,0,1,0,2,13,0,1459889284045,"true",0,1,"far"
"6442-4",0,1,1,0,1,12,0,1459889274247,"true",0,1,"far"
"6442-4",0,1,2,0,1,15,1,1459889339756,"true",0,0,"split"
"6442-4",1,0,1,0,2,14,0,1459889293747,"true",0,1,"far"
"6442-4",0,1,0,0,1,17,0,1459889371581,"true",1,0,"split"
"6442-4",0,0,1,1,0,16,0,1459889354514,"true",0,1,"split"
"6442-4",0,1,1,0,1,19,0,1459889431261,"true",0,1,"split"
"6442-4",1,0,0,0,2,18,0,1459889413683,"true",1,0,"split"
"6442-4",1,0,1,0,2,31,0,1459889605919,"true",0,1,"far"
"6442-4",0,0,2,1,0,30,1,1459889595559,"true",0,0,"close"
"6442-4",1,0,1,0,2,37,0,1459889704530,"true",0,1,"close"
"6442-4",0,0,0,1,0,36,0,1459889695317,"true",1,0,"close"
"6442-4",0,0,0,1,0,35,0,1459889680230,"true",1,0,"far"
"6442-4",1,0,0,0,2,33,0,1459889633903,"true",1,0,"split"
"6442-4",0,0,1,1,0,32,0,1459889617582,"true",0,1,"close"
"6442-4",0,1,0,0,1,50,0,1459889853831,"true",1,0,"close"
