"gameid","sClicked_2","sClicked_1","lClickedIndex","sClicked_0","sClickedIndex","roundNum","lClicked_2","time","outcome","lClicked_0","lClicked_1","condition"
"6452-3",0,1,2,0,1,42,1,1476990016412,"false",0,0,"split"
"6452-3",1,0,2,0,2,48,1,1476990096788,"true",0,0,"close"
"6452-3",0,0,0,1,0,43,0,1476990024518,"true",1,0,"far"
"6452-3",1,0,0,0,2,49,0,1476990106600,"false",1,0,"far"
"6452-3",1,0,1,0,2,24,0,1476989836626,"true",0,1,"far"
"6452-3",1,0,2,0,2,25,1,1476989846235,"true",0,0,"split"
"6452-3",1,0,2,0,2,26,1,1476989855476,"true",0,0,"split"
"6452-3",0,1,0,0,1,27,0,1476989862684,"true",1,0,"far"
"6452-3",1,0,2,0,2,20,1,1476989799210,"true",0,0,"far"
"6452-3",0,1,0,0,1,21,0,1476989810857,"true",1,0,"close"
"6452-3",0,1,0,0,1,22,0,1476989820176,"true",1,0,"close"
"6452-3",0,0,1,1,0,23,0,1476989829735,"true",0,1,"close"
"6452-3",0,1,2,0,1,46,1,1476990080749,"true",0,0,"split"
"6452-3",0,1,0,0,1,47,0,1476990087912,"true",1,0,"far"
"6452-3",0,0,1,1,0,44,0,1476990039579,"true",0,1,"split"
"6452-3",1,0,2,0,2,45,1,1476990072670,"false",0,0,"close"
"6452-3",1,0,1,0,2,28,0,1476989871912,"true",0,1,"far"
"6452-3",0,1,2,0,1,29,1,1476989884402,"false",0,0,"close"
"6452-3",0,0,1,1,0,40,0,1476989991992,"true",0,1,"far"
"6452-3",1,0,2,0,2,41,1,1476989998759,"true",0,0,"far"
"6452-3",1,0,0,0,2,1,0,1476989619511,"false",1,0,"split"
"6452-3",0,1,2,0,1,3,1,1476989643082,"true",0,0,"close"
"6452-3",0,0,1,1,0,2,0,1476989629771,"true",0,1,"close"
"6452-3",0,0,0,1,0,5,0,1476989666906,"true",1,0,"close"
"6452-3",1,0,1,0,2,4,0,1476989655947,"true",0,1,"split"
"6452-3",1,0,1,0,2,7,0,1476989690191,"true",0,1,"split"
"6452-3",1,0,2,0,2,6,1,1476989677235,"true",0,0,"close"
"6452-3",1,0,2,0,2,9,1,1476989706693,"true",0,0,"close"
"6452-3",0,1,0,0,1,8,0,1476989697354,"true",1,0,"split"
"6452-3",1,0,2,0,2,39,1,1476989986069,"true",0,0,"split"
"6452-3",0,0,0,1,0,38,0,1476989976176,"true",1,0,"far"
"6452-3",1,0,1,0,2,11,0,1476989721258,"false",0,1,"split"
"6452-3",0,0,1,1,0,10,0,1476989713633,"true",0,1,"far"
"6452-3",0,0,1,1,0,13,0,1476989742933,"true",0,1,"far"
"6452-3",0,1,1,0,1,12,0,1476989735749,"true",0,1,"close"
"6452-3",0,1,0,0,1,15,0,1476989758061,"true",1,0,"split"
"6452-3",0,0,1,1,0,14,0,1476989749691,"true",0,1,"far"
"6452-3",1,0,0,0,2,17,0,1476989774487,"true",1,0,"far"
"6452-3",0,0,1,1,0,16,0,1476989764921,"true",0,1,"split"
"6452-3",1,0,2,0,2,19,1,1476989790477,"true",0,0,"close"
"6452-3",0,0,2,1,0,18,1,1476989783621,"true",0,0,"close"
"6452-3",1,0,1,0,2,31,0,1476989906799,"true",0,1,"split"
"6452-3",0,0,1,1,0,30,0,1476989895726,"false",0,1,"close"
"6452-3",1,0,2,0,2,37,1,1476989965624,"true",0,0,"close"
"6452-3",0,1,0,0,1,36,0,1476989948648,"true",1,0,"far"
"6452-3",1,0,2,0,2,35,1,1476989940821,"true",0,0,"split"
"6452-3",0,1,2,0,1,34,1,1476989933957,"true",0,0,"far"
"6452-3",0,1,1,0,1,33,0,1476989925623,"true",0,1,"far"
"6452-3",0,1,0,0,1,32,0,1476989918334,"true",1,0,"split"
"6452-3",1,0,2,0,2,50,1,1476990116230,"false",0,0,"split"
