"gameid","sClicked_2","sClicked_1","lClickedIndex","sClicked_0","sClickedIndex","roundNum","lClicked_2","time","outcome","lClicked_0","lClicked_1","condition"
"6459-4",0,1,1,0,1,42,0,1476497129064,"true",0,1,"split"
"6459-4",0,0,0,1,0,48,0,1476497278691,"true",1,0,"close"
"6459-4",0,0,1,1,0,43,0,1476497144490,"true",0,1,"split"
"6459-4",0,1,1,0,1,49,0,1476497301339,"true",0,1,"split"
"6459-4",0,1,1,0,1,24,0,1476496573686,"true",0,1,"split"
"6459-4",0,0,0,1,0,25,0,1476496596850,"false",1,0,"close"
"6459-4",1,0,2,0,2,26,1,1476496687784,"false",0,0,"close"
"6459-4",0,1,1,0,1,27,0,1476496699628,"true",0,1,"far"
"6459-4",1,0,2,0,2,20,1,1476496361425,"true",0,0,"far"
"6459-4",0,1,0,0,1,21,0,1476496455735,"true",1,0,"split"
"6459-4",1,0,1,0,2,22,0,1476496496427,"true",0,1,"far"
"6459-4",1,0,0,0,2,23,0,1476496538985,"true",1,0,"split"
"6459-4",0,1,1,0,1,46,0,1476497228804,"true",0,1,"split"
"6459-4",0,1,1,0,1,47,0,1476497256923,"true",0,1,"split"
"6459-4",0,1,1,0,1,44,0,1476497163153,"true",0,1,"close"
"6459-4",1,0,2,0,2,45,1,1476497203598,"false",0,0,"close"
"6459-4",0,0,2,1,0,28,1,1476496726295,"true",0,0,"close"
"6459-4",1,0,1,0,2,29,0,1476496774077,"true",0,1,"close"
"6459-4",0,1,2,0,1,40,1,1476497076327,"true",0,0,"split"
"6459-4",1,0,1,0,2,41,0,1476497092971,"true",0,1,"far"
"6459-4",0,1,0,0,1,1,0,1476495455558,"true",1,0,"far"
"6459-4",1,0,2,0,2,3,1,1476495581661,"false",0,0,"split"
"6459-4",0,1,0,0,1,2,0,1476495538141,"true",1,0,"split"
"6459-4",0,0,2,1,0,5,1,1476495668090,"true",0,0,"far"
"6459-4",1,0,2,0,2,4,1,1476495622284,"true",0,0,"split"
"6459-4",1,0,1,0,2,7,0,1476495787078,"true",0,1,"far"
"6459-4",0,0,1,1,0,6,0,1476495705099,"true",0,1,"split"
"6459-4",1,0,2,0,2,9,1,1476495889422,"true",0,0,"far"
"6459-4",0,0,2,1,0,8,1,1476495845990,"true",0,0,"close"
"6459-4",1,0,1,0,2,39,0,1476497033816,"true",0,1,"close"
"6459-4",0,0,0,1,0,38,0,1476497011643,"false",1,0,"far"
"6459-4",0,0,2,1,0,11,1,1476495953029,"true",0,0,"far"
"6459-4",0,0,2,1,0,10,1,1476495921401,"true",0,0,"far"
"6459-4",1,0,1,0,2,13,0,1476496138866,"true",0,1,"close"
"6459-4",1,0,2,0,2,12,1,1476496033075,"false",0,0,"split"
"6459-4",0,0,1,1,0,15,0,1476496242809,"false",0,1,"close"
"6459-4",0,0,0,1,0,14,0,1476496159447,"true",1,0,"close"
"6459-4",0,1,1,0,1,17,0,1476496294567,"true",0,1,"close"
"6459-4",0,0,2,1,0,16,1,1476496267195,"false",0,0,"far"
"6459-4",0,0,2,1,0,19,1,1476496325301,"true",0,0,"far"
"6459-4",1,0,1,0,2,18,0,1476496310132,"true",0,1,"far"
"6459-4",0,0,0,1,0,31,0,1476496834532,"true",1,0,"far"
"6459-4",0,1,1,0,1,30,0,1476496796544,"true",0,1,"close"
"6459-4",1,0,2,0,2,37,1,1476496996055,"true",0,0,"far"
"6459-4",0,0,1,1,0,36,0,1476496962575,"true",0,1,"close"
"6459-4",1,0,1,0,2,35,0,1476496919964,"true",0,1,"split"
"6459-4",0,0,1,1,0,34,0,1476496893875,"true",0,1,"far"
"6459-4",1,0,2,0,2,33,1,1476496880257,"true",0,0,"split"
"6459-4",0,0,0,1,0,32,0,1476496855843,"true",1,0,"close"
"6459-4",1,0,0,0,2,50,0,1476497334290,"true",1,0,"split"
