"gameid","sClicked_2","sClicked_1","lClickedIndex","sClicked_0","sClickedIndex","roundNum","lClicked_2","time","outcome","lClicked_0","lClicked_1","condition"
"6468-7",0,1,0,0,1,42,0,1476991480261,"true",1,0,"split"
"6468-7",0,1,2,0,1,48,1,1476991569819,"true",0,0,"close"
"6468-7",1,0,0,0,2,43,0,1476991490139,"true",1,0,"far"
"6468-7",0,0,0,1,0,49,0,1476991590030,"true",1,0,"close"
"6468-7",0,1,1,0,1,24,0,1476991204348,"true",0,1,"far"
"6468-7",0,0,1,1,0,25,0,1476991225522,"true",0,1,"split"
"6468-7",1,0,2,0,2,26,1,1476991237364,"true",0,0,"far"
"6468-7",1,0,0,0,2,27,0,1476991255009,"true",1,0,"far"
"6468-7",0,0,1,1,0,20,0,1476991141198,"true",0,1,"close"
"6468-7",1,0,1,0,2,21,0,1476991157985,"true",0,1,"split"
"6468-7",0,1,0,0,1,22,0,1476991172449,"true",1,0,"close"
"6468-7",0,1,2,0,1,23,1,1476991195335,"true",0,0,"split"
"6468-7",0,0,2,1,0,46,1,1476991522690,"true",0,0,"close"
"6468-7",1,0,2,0,2,47,1,1476991544904,"false",0,0,"close"
"6468-7",0,0,1,1,0,44,0,1476991499855,"true",0,1,"split"
"6468-7",0,0,1,1,0,45,0,1476991511723,"true",0,1,"close"
"6468-7",0,1,0,0,1,28,0,1476991264850,"true",1,0,"far"
"6468-7",0,0,1,1,0,29,0,1476991279135,"true",0,1,"far"
"6468-7",1,0,2,0,2,40,1,1476991442895,"true",0,0,"far"
"6468-7",0,1,1,0,1,41,0,1476991461858,"true",0,1,"close"
"6468-7",0,0,0,1,0,1,0,1476990846783,"true",1,0,"close"
"6468-7",0,0,1,1,0,3,0,1476990874493,"true",0,1,"far"
"6468-7",0,0,1,1,0,2,0,1476990860514,"true",0,1,"split"
"6468-7",0,0,2,1,0,5,1,1476990913659,"false",0,0,"close"
"6468-7",0,1,0,0,1,4,0,1476990889928,"true",1,0,"far"
"6468-7",0,0,1,1,0,7,0,1476990949534,"true",0,1,"split"
"6468-7",0,1,2,0,1,6,1,1476990932404,"true",0,0,"close"
"6468-7",1,0,0,0,2,9,0,1476990976710,"false",1,0,"split"
"6468-7",0,1,1,0,1,8,0,1476990957835,"true",0,1,"far"
"6468-7",0,1,2,0,1,39,1,1476991426894,"true",0,0,"close"
"6468-7",0,0,0,1,0,38,0,1476991417105,"true",1,0,"split"
"6468-7",1,0,1,0,2,11,0,1476991005829,"true",0,1,"close"
"6468-7",0,0,0,1,0,10,0,1476990993620,"true",1,0,"close"
"6468-7",0,0,0,1,0,13,0,1476991034123,"false",1,0,"close"
"6468-7",0,1,2,0,1,12,1,1476991014664,"true",0,0,"far"
"6468-7",0,0,2,1,0,15,1,1476991071328,"true",0,0,"split"
"6468-7",0,0,1,1,0,14,0,1476991052448,"true",0,1,"far"
"6468-7",0,0,0,1,0,17,0,1476991096358,"true",1,0,"split"
"6468-7",0,1,2,0,1,16,1,1476991081128,"true",0,0,"far"
"6468-7",0,1,2,0,1,19,1,1476991122498,"true",0,0,"far"
"6468-7",1,0,1,0,2,18,0,1476991110365,"true",0,1,"far"
"6468-7",0,1,1,0,1,31,0,1476991311075,"true",0,1,"far"
"6468-7",0,1,0,0,1,30,0,1476991297815,"true",1,0,"close"
"6468-7",0,0,0,1,0,37,0,1476991401959,"true",1,0,"close"
"6468-7",0,1,0,0,1,36,0,1476991388273,"true",1,0,"split"
"6468-7",1,0,1,0,2,35,0,1476991367640,"true",0,1,"split"
"6468-7",0,0,0,1,0,34,0,1476991355545,"true",1,0,"split"
"6468-7",1,0,1,0,2,33,0,1476991340768,"true",0,1,"split"
"6468-7",1,0,0,0,2,32,0,1476991326668,"true",1,0,"split"
"6468-7",1,0,0,0,2,50,0,1476991609545,"true",1,0,"split"
