"gameid","sClicked_2","sClicked_1","lClickedIndex","sClicked_0","sClickedIndex","roundNum","lClicked_2","time","outcome","lClicked_0","lClicked_1","condition"
"6491-5",0,1,1,0,1,42,0,1476476775133,"false",0,1,"split"
"6491-5",1,0,2,0,2,48,1,1476476847497,"true",0,0,"close"
"6491-5",0,0,0,1,0,43,0,1476476785336,"true",1,0,"far"
"6491-5",0,0,2,1,0,49,1,1476476859381,"true",0,0,"split"
"6491-5",0,1,1,0,1,24,0,1476476557064,"true",0,1,"far"
"6491-5",1,0,0,0,2,25,0,1476476567985,"true",1,0,"close"
"6491-5",0,1,2,0,1,26,1,1476476584742,"true",0,0,"split"
"6491-5",1,0,0,0,2,27,0,1476476593829,"true",1,0,"split"
"6491-5",0,1,2,0,1,20,1,1476476517177,"true",0,0,"far"
"6491-5",0,1,1,0,1,21,0,1476476526073,"true",0,1,"split"
"6491-5",0,0,0,1,0,22,0,1476476536809,"true",1,0,"far"
"6491-5",0,0,1,1,0,23,0,1476476547896,"true",0,1,"split"
"6491-5",1,0,2,0,2,46,1,1476476817502,"true",0,0,"far"
"6491-5",0,0,0,1,0,47,0,1476476834388,"true",1,0,"split"
"6491-5",0,0,0,1,0,44,0,1476476801185,"true",1,0,"split"
"6491-5",0,1,1,0,1,45,0,1476476809422,"true",0,1,"far"
"6491-5",1,0,1,0,2,28,0,1476476603328,"true",0,1,"far"
"6491-5",0,0,0,1,0,29,0,1476476614859,"true",1,0,"close"
"6491-5",0,1,0,0,1,40,0,1476476756378,"true",1,0,"close"
"6491-5",1,0,1,0,2,41,0,1476476765453,"true",0,1,"far"
"6491-5",0,0,1,1,0,1,0,1476476257226,"true",0,1,"close"
"6491-5",1,0,2,0,2,3,1,1476476286449,"true",0,0,"far"
"6491-5",0,0,1,1,0,2,0,1476476273314,"true",0,1,"split"
"6491-5",1,0,2,0,2,5,1,1476476307336,"true",0,0,"far"
"6491-5",1,0,2,0,2,4,1,1476476296798,"true",0,0,"split"
"6491-5",0,0,2,1,0,7,1,1476476324696,"true",0,0,"close"
"6491-5",0,0,2,1,0,6,1,1476476316446,"true",0,0,"split"
"6491-5",0,0,2,1,0,9,1,1476476344295,"true",0,0,"close"
"6491-5",1,0,0,0,2,8,0,1476476333413,"true",1,0,"split"
"6491-5",0,1,2,0,1,39,1,1476476747913,"true",0,0,"close"
"6491-5",0,1,1,0,1,38,0,1476476734615,"true",0,1,"far"
"6491-5",1,0,1,0,2,11,0,1476476404297,"true",0,1,"close"
"6491-5",1,0,2,0,2,10,1,1476476360184,"true",0,0,"far"
"6491-5",0,0,0,1,0,13,0,1476476439958,"true",1,0,"far"
"6491-5",0,1,1,0,1,12,0,1476476419500,"false",0,1,"close"
"6491-5",1,0,1,0,2,15,0,1476476464286,"true",0,1,"far"
"6491-5",1,0,1,0,2,14,0,1476476455731,"true",0,1,"far"
"6491-5",0,1,2,0,1,17,1,1476476480737,"true",0,0,"split"
"6491-5",0,0,0,1,0,16,0,1476476472584,"true",1,0,"far"
"6491-5",1,0,2,0,2,19,1,1476476506001,"true",0,0,"close"
"6491-5",1,0,1,0,2,18,0,1476476492437,"true",0,1,"close"
"6491-5",0,0,1,1,0,31,0,1476476649765,"false",0,1,"close"
"6491-5",0,0,0,1,0,30,0,1476476624479,"true",1,0,"close"
"6491-5",0,1,0,0,1,37,0,1476476724188,"true",1,0,"close"
"6491-5",1,0,1,0,2,36,0,1476476708311,"true",0,1,"close"
"6491-5",0,1,2,0,1,35,1,1476476695907,"true",0,0,"split"
"6491-5",1,0,1,0,2,34,0,1476476684878,"true",0,1,"far"
"6491-5",0,1,1,0,1,33,0,1476476676113,"true",0,1,"split"
"6491-5",1,0,2,0,2,32,1,1476476666852,"true",0,0,"close"
"6491-5",0,0,1,1,0,50,0,1476476870682,"true",0,1,"split"
