"gameid","sClicked_2","sClicked_1","lClickedIndex","sClicked_0","sClickedIndex","roundNum","lClicked_2","time","outcome","lClicked_0","lClicked_1","condition"
"6513-c",1,0,0,0,2,42,0,1476492514695,"true",1,0,"close"
"6513-c",1,0,1,0,2,48,0,1476492670654,"true",0,1,"close"
"6513-c",0,0,0,1,0,43,0,1476492529667,"true",1,0,"split"
"6513-c",1,0,0,0,2,49,0,1476492691907,"true",1,0,"close"
"6513-c",0,1,1,0,1,24,0,1476492180382,"true",0,1,"close"
"6513-c",0,1,2,0,1,25,1,1476492194186,"true",0,0,"far"
"6513-c",0,0,2,1,0,26,1,1476492218198,"true",0,0,"close"
"6513-c",0,0,1,1,0,27,0,1476492238522,"true",0,1,"split"
"6513-c",0,0,2,1,0,20,1,1476492109393,"true",0,0,"split"
"6513-c",1,0,0,0,2,21,0,1476492123097,"true",1,0,"far"
"6513-c",0,0,0,1,0,22,0,1476492136860,"false",1,0,"close"
"6513-c",0,0,1,1,0,23,0,1476492151844,"false",0,1,"far"
"6513-c",0,1,2,0,1,46,1,1476492622715,"false",0,0,"split"
"6513-c",0,1,2,0,1,47,1,1476492636057,"true",0,0,"far"
"6513-c",0,0,0,1,0,44,0,1476492565959,"false",1,0,"close"
"6513-c",1,0,2,0,2,45,1,1476492597465,"false",0,0,"split"
"6513-c",0,0,0,1,0,28,0,1476492262526,"true",1,0,"split"
"6513-c",1,0,2,0,2,29,1,1476492274276,"true",0,0,"split"
"6513-c",0,0,2,1,0,40,1,1476492479522,"true",0,0,"far"
"6513-c",0,0,0,1,0,41,0,1476492496026,"true",1,0,"split"
"6513-c",0,1,0,0,1,1,0,1476491548007,"true",1,0,"close"
"6513-c",1,0,1,0,2,3,0,1476491635938,"true",0,1,"close"
"6513-c",0,0,2,1,0,2,1,1476491563769,"true",0,0,"close"
"6513-c",0,1,2,0,1,5,1,1476491733774,"true",0,0,"split"
"6513-c",1,0,2,0,2,4,1,1476491660208,"false",0,0,"close"
"6513-c",1,0,1,0,2,7,0,1476491776174,"true",0,1,"split"
"6513-c",0,0,2,1,0,6,1,1476491753817,"true",0,0,"close"
"6513-c",0,0,2,1,0,9,1,1476491825486,"true",0,0,"split"
"6513-c",0,0,1,1,0,8,0,1476491813374,"true",0,1,"split"
"6513-c",0,0,1,1,0,39,0,1476492460169,"true",0,1,"far"
"6513-c",1,0,2,0,2,38,1,1476492448779,"true",0,0,"split"
"6513-c",0,1,2,0,1,11,1,1476491861845,"true",0,0,"close"
"6513-c",0,1,2,0,1,10,1,1476491845616,"true",0,0,"split"
"6513-c",1,0,1,0,2,13,0,1476491941509,"true",0,1,"close"
"6513-c",0,1,1,0,1,12,0,1476491918604,"true",0,1,"far"
"6513-c",1,0,1,0,2,15,0,1476491964734,"true",0,1,"close"
"6513-c",0,0,2,1,0,14,1,1476491951690,"true",0,0,"close"
"6513-c",0,0,2,1,0,17,1,1476492049112,"true",0,0,"far"
"6513-c",1,0,0,0,2,16,0,1476492024827,"false",1,0,"split"
"6513-c",1,0,2,0,2,19,1,1476492090421,"true",0,0,"split"
"6513-c",0,0,0,1,0,18,0,1476492065055,"true",1,0,"far"
"6513-c",0,1,0,0,1,31,0,1476492337317,"true",1,0,"far"
"6513-c",0,1,2,0,1,30,1,1476492313724,"true",0,0,"far"
"6513-c",0,0,0,1,0,37,0,1476492434575,"true",1,0,"far"
"6513-c",0,1,2,0,1,36,1,1476492407844,"true",0,0,"far"
"6513-c",0,0,0,1,0,35,0,1476492392137,"false",1,0,"split"
"6513-c",0,1,0,0,1,34,0,1476492381043,"true",1,0,"far"
"6513-c",1,0,1,0,2,33,0,1476492371244,"true",0,1,"far"
"6513-c",1,0,2,0,2,32,1,1476492353941,"true",0,0,"close"
"6513-c",1,0,0,0,2,50,0,1476492711900,"true",1,0,"far"
