"gameid","sClicked_2","sClicked_1","lClickedIndex","sClicked_0","sClickedIndex","roundNum","lClicked_2","time","outcome","lClicked_0","lClicked_1","condition"
"6520-0",0,0,2,1,0,42,1,1476496740514,"true",0,0,"close"
"6520-0",1,0,2,0,2,48,1,1476496866634,"true",0,0,"split"
"6520-0",0,1,0,0,1,43,0,1476496754415,"true",1,0,"split"
"6520-0",0,0,0,1,0,49,0,1476496880768,"true",1,0,"split"
"6520-0",0,1,2,0,1,24,1,1476496489768,"true",0,0,"far"
"6520-0",0,0,1,1,0,25,0,1476496534423,"true",0,1,"split"
"6520-0",0,0,2,1,0,26,1,1476496540909,"true",0,0,"far"
"6520-0",0,0,2,1,0,27,1,1476496551988,"true",0,0,"close"
"6520-0",1,0,0,0,2,20,0,1476496429480,"true",1,0,"split"
"6520-0",0,1,0,0,1,21,0,1476496444066,"true",1,0,"close"
"6520-0",0,1,2,0,1,22,1,1476496462711,"true",0,0,"close"
"6520-0",0,1,2,0,1,23,1,1476496474869,"true",0,0,"close"
"6520-0",1,0,0,0,2,46,0,1476496801983,"true",1,0,"split"
"6520-0",1,0,2,0,2,47,1,1476496829075,"true",0,0,"split"
"6520-0",0,0,2,1,0,44,1,1476496769197,"true",0,0,"split"
"6520-0",0,0,0,1,0,45,0,1476496781054,"true",1,0,"close"
"6520-0",0,0,1,1,0,28,0,1476496559386,"true",0,1,"far"
"6520-0",0,1,2,0,1,29,1,1476496568217,"true",0,0,"far"
"6520-0",0,1,2,0,1,40,1,1476496717975,"true",0,0,"far"
"6520-0",0,1,2,0,1,41,1,1476496730451,"true",0,0,"split"
"6520-0",0,1,1,0,1,1,0,1476496096787,"true",0,1,"far"
"6520-0",1,0,0,0,2,3,0,1476496117486,"true",1,0,"split"
"6520-0",0,0,2,1,0,2,1,1476496108667,"true",0,0,"split"
"6520-0",0,1,0,0,1,5,0,1476496151524,"true",1,0,"far"
"6520-0",0,1,0,0,1,4,0,1476496136743,"true",1,0,"close"
"6520-0",0,1,2,0,1,7,1,1476496175965,"true",0,0,"close"
"6520-0",0,0,2,1,0,6,1,1476496163631,"true",0,0,"close"
"6520-0",0,1,0,0,1,9,0,1476496208845,"true",1,0,"close"
"6520-0",1,0,1,0,2,8,0,1476496196317,"true",0,1,"split"
"6520-0",1,0,2,0,2,39,1,1476496709308,"true",0,0,"far"
"6520-0",0,1,0,0,1,38,0,1476496694757,"false",1,0,"split"
"6520-0",1,0,1,0,2,11,0,1476496232255,"true",0,1,"split"
"6520-0",0,0,0,1,0,10,0,1476496223551,"true",1,0,"close"
"6520-0",1,0,1,0,2,13,0,1476496268589,"true",0,1,"close"
"6520-0",0,1,1,0,1,12,0,1476496249331,"true",0,1,"split"
"6520-0",0,0,2,1,0,15,1,1476496322457,"true",0,0,"close"
"6520-0",0,1,0,0,1,14,0,1476496307290,"false",1,0,"close"
"6520-0",0,0,0,1,0,17,0,1476496389473,"true",1,0,"close"
"6520-0",0,1,2,0,1,16,1,1476496344398,"true",0,0,"split"
"6520-0",0,1,0,0,1,19,0,1476496418398,"true",1,0,"far"
"6520-0",0,0,2,1,0,18,1,1476496408051,"true",0,0,"close"
"6520-0",1,0,1,0,2,31,0,1476496602999,"true",0,1,"split"
"6520-0",0,1,2,0,1,30,1,1476496581918,"true",0,0,"far"
"6520-0",0,1,0,0,1,37,0,1476496669597,"true",1,0,"far"
"6520-0",0,1,0,0,1,36,0,1476496653821,"true",1,0,"far"
"6520-0",0,1,0,0,1,35,0,1476496641576,"true",1,0,"far"
"6520-0",1,0,0,0,2,34,0,1476496631806,"true",1,0,"far"
"6520-0",0,1,1,0,1,33,0,1476496623664,"true",0,1,"far"
"6520-0",0,0,1,1,0,32,0,1476496609527,"true",0,1,"far"
"6520-0",1,0,1,0,2,50,0,1476496897850,"true",0,1,"close"
