"gameid","sClicked_2","sClicked_1","lClickedIndex","sClicked_0","sClickedIndex","roundNum","lClicked_2","time","outcome","lClicked_0","lClicked_1","condition"
"6534-d",0,1,2,0,1,42,1,1476472312897,"true",0,0,"close"
"6534-d",0,1,1,0,1,48,0,1476472432903,"true",0,1,"close"
"6534-d",0,1,2,0,1,43,1,1476472322728,"true",0,0,"far"
"6534-d",0,0,1,1,0,49,0,1476472440345,"true",0,1,"far"
"6534-d",0,0,0,1,0,24,0,1476471962983,"true",1,0,"split"
"6534-d",0,0,0,1,0,25,0,1476471984520,"true",1,0,"far"
"6534-d",0,0,2,1,0,26,1,1476472000498,"false",0,0,"close"
"6534-d",0,1,1,0,1,27,0,1476472038865,"false",0,1,"close"
"6534-d",1,0,1,0,2,20,0,1476471889682,"true",0,1,"split"
"6534-d",0,1,0,0,1,21,0,1476471901247,"true",1,0,"far"
"6534-d",0,0,1,1,0,22,0,1476471924980,"true",0,1,"far"
"6534-d",0,0,1,1,0,23,0,1476471943652,"false",0,1,"split"
"6534-d",0,0,1,1,0,46,0,1476472395201,"true",0,1,"split"
"6534-d",0,0,2,1,0,47,1,1476472407137,"false",0,0,"close"
"6534-d",0,1,2,0,1,44,1,1476472340387,"true",0,0,"split"
"6534-d",0,1,2,0,1,45,1,1476472370649,"true",0,0,"split"
"6534-d",0,1,2,0,1,28,1,1476472050874,"true",0,0,"split"
"6534-d",1,0,1,0,2,29,0,1476472069018,"true",0,1,"far"
"6534-d",0,0,0,1,0,40,0,1476472287300,"true",1,0,"far"
"6534-d",0,1,0,0,1,41,0,1476472297110,"true",1,0,"close"
"6534-d",0,1,2,0,1,1,1,1476471253454,"true",0,0,"far"
"6534-d",0,0,1,1,0,3,0,1476471303328,"true",0,1,"far"
"6534-d",1,0,0,0,2,2,0,1476471276488,"true",1,0,"far"
"6534-d",0,1,1,0,1,5,0,1476471440739,"true",0,1,"split"
"6534-d",0,1,0,0,1,4,0,1476471313784,"true",1,0,"far"
"6534-d",1,0,1,0,2,7,0,1476471512888,"true",0,1,"far"
"6534-d",0,0,0,1,0,6,0,1476471497611,"false",1,0,"split"
"6534-d",1,0,0,0,2,9,0,1476471561202,"true",1,0,"close"
"6534-d",1,0,1,0,2,39,0,1476472259498,"true",0,1,"close"
"6534-d",0,1,1,0,1,38,0,1476472245292,"false",0,1,"split"
"6534-d",0,0,2,1,0,11,1,1476471603839,"true",0,0,"close"
"6534-d",0,0,2,1,0,10,1,1476471585383,"true",0,0,"close"
"6534-d",1,0,1,0,2,13,0,1476471643173,"true",0,1,"split"
"6534-d",0,1,2,0,1,12,1,1476471622983,"true",0,0,"far"
"6534-d",0,1,1,0,1,15,0,1476471760046,"true",0,1,"close"
"6534-d",1,0,1,0,2,14,0,1476471717518,"true",0,1,"close"
"6534-d",1,0,2,0,2,17,1,1476471827747,"true",0,0,"split"
"6534-d",0,1,0,0,1,16,0,1476471803273,"true",1,0,"split"
"6534-d",0,0,2,1,0,19,1,1476471864220,"true",0,0,"far"
"6534-d",0,1,2,0,1,18,1,1476471850303,"true",0,0,"far"
"6534-d",0,0,2,1,0,31,1,1476472103430,"true",0,0,"split"
"6534-d",0,1,2,0,1,30,1,1476472080310,"true",0,0,"split"
"6534-d",0,0,1,1,0,37,0,1476472218331,"true",0,1,"far"
"6534-d",0,0,1,1,0,36,0,1476472198375,"true",0,1,"close"
"6534-d",0,1,2,0,1,35,1,1476472170277,"true",0,0,"split"
"6534-d",0,0,2,1,0,34,1,1476472154961,"false",0,0,"far"
"6534-d",0,0,0,1,0,33,0,1476472133881,"true",1,0,"close"
"6534-d",0,0,1,1,0,32,0,1476472124594,"true",0,1,"split"
"6534-d",0,1,2,0,1,50,1,1476472457278,"true",0,0,"close"
