"gameid","sClicked_2","sClicked_1","lClickedIndex","sClicked_0","sClickedIndex","roundNum","lClicked_2","time","outcome","lClicked_0","lClicked_1","condition"
"6536-6",1,0,0,0,2,42,0,1476992385076,"true",1,0,"far"
"6536-6",0,0,1,1,0,48,0,1476992452761,"true",0,1,"far"
"6536-6",1,0,1,0,2,43,0,1476992397690,"true",0,1,"split"
"6536-6",1,0,0,0,2,49,0,1476992475426,"true",1,0,"split"
"6536-6",0,1,2,0,1,24,1,1476992110950,"true",0,0,"far"
"6536-6",1,0,2,0,2,25,1,1476992119313,"true",0,0,"far"
"6536-6",1,0,1,0,2,26,0,1476992134398,"true",0,1,"far"
"6536-6",0,0,0,1,0,27,0,1476992141953,"true",1,0,"close"
"6536-6",1,0,2,0,2,20,1,1476992059596,"false",0,0,"split"
"6536-6",1,0,2,0,2,21,1,1476992073638,"true",0,0,"split"
"6536-6",0,0,1,1,0,22,0,1476992096298,"true",0,1,"close"
"6536-6",0,1,0,0,1,23,0,1476992103932,"true",1,0,"split"
"6536-6",0,1,2,0,1,46,1,1476992428615,"true",0,0,"close"
"6536-6",0,1,1,0,1,47,0,1476992439173,"true",0,1,"far"
"6536-6",0,1,2,0,1,44,1,1476992409058,"true",0,0,"far"
"6536-6",1,0,1,0,2,45,0,1476992416243,"true",0,1,"far"
"6536-6",0,1,1,0,1,28,0,1476992148673,"false",0,1,"split"
"6536-6",0,0,2,1,0,29,1,1476992192676,"true",0,0,"close"
"6536-6",0,0,0,1,0,40,0,1476992343638,"true",1,0,"close"
"6536-6",1,0,1,0,2,41,0,1476992377474,"false",0,1,"close"
"6536-6",0,0,2,1,0,1,1,1476991795723,"true",0,0,"split"
"6536-6",0,0,2,1,0,3,1,1476991816810,"true",0,0,"far"
"6536-6",0,1,2,0,1,2,1,1476991803655,"true",0,0,"far"
"6536-6",0,1,2,0,1,5,1,1476991833322,"true",0,0,"split"
"6536-6",0,0,1,1,0,4,0,1476991823585,"true",0,1,"split"
"6536-6",0,1,1,0,1,7,0,1476991880970,"true",0,1,"close"
"6536-6",1,0,1,0,2,6,0,1476991842051,"true",0,1,"far"
"6536-6",0,1,0,0,1,9,0,1476991909260,"true",1,0,"close"
"6536-6",0,1,2,0,1,8,1,1476991894153,"true",0,0,"split"
"6536-6",0,1,1,0,1,39,0,1476992325883,"true",0,1,"split"
"6536-6",0,0,2,1,0,38,1,1476992312559,"true",0,0,"close"
"6536-6",0,0,2,1,0,11,1,1476991929717,"true",0,0,"split"
"6536-6",0,0,0,1,0,10,0,1476991915465,"true",1,0,"far"
"6536-6",0,1,2,0,1,13,1,1476991956324,"true",0,0,"close"
"6536-6",0,0,1,1,0,12,0,1476991943148,"true",0,1,"split"
"6536-6",0,0,2,1,0,15,1,1476991987083,"true",0,0,"split"
"6536-6",0,1,0,0,1,14,0,1476991967283,"true",1,0,"close"
"6536-6",0,1,2,0,1,17,1,1476992012546,"true",0,0,"close"
"6536-6",0,1,1,0,1,16,0,1476992001963,"true",0,1,"split"
"6536-6",0,1,0,0,1,19,0,1476992044031,"true",1,0,"split"
"6536-6",0,1,1,0,1,18,0,1476992023707,"true",0,1,"split"
"6536-6",0,1,0,0,1,31,0,1476992228000,"false",1,0,"close"
"6536-6",0,1,2,0,1,30,1,1476992201481,"false",0,0,"far"
"6536-6",0,0,0,1,0,37,0,1476992301023,"true",1,0,"close"
"6536-6",0,1,2,0,1,36,1,1476992283736,"true",0,0,"far"
"6536-6",0,0,1,1,0,35,0,1476992274161,"true",0,1,"far"
"6536-6",0,1,0,0,1,34,0,1476992266110,"true",1,0,"close"
"6536-6",1,0,0,0,2,33,0,1476992252548,"true",1,0,"far"
"6536-6",1,0,1,0,2,32,0,1476992246087,"true",0,1,"close"
"6536-6",0,1,2,0,1,50,1,1476992483341,"true",0,0,"close"
