"gameid","sClicked_2","sClicked_1","lClickedIndex","sClicked_0","sClickedIndex","roundNum","lClicked_2","time","outcome","lClicked_0","lClicked_1","condition"
"6540-c",1,0,2,0,2,42,1,1476990851164,"true",0,0,"split"
"6540-c",0,0,1,1,0,48,0,1476990924072,"true",0,1,"far"
"6540-c",0,1,0,0,1,43,0,1476990866246,"false",1,0,"split"
"6540-c",1,0,2,0,2,49,1,1476990936720,"true",0,0,"close"
"6540-c",0,0,2,1,0,24,1,1476990640011,"false",0,0,"split"
"6540-c",0,1,1,0,1,25,0,1476990655368,"true",0,1,"close"
"6540-c",0,0,0,1,0,26,0,1476990668519,"true",1,0,"far"
"6540-c",0,0,2,1,0,27,1,1476990677979,"false",0,0,"split"
"6540-c",0,0,0,1,0,20,0,1476990594042,"true",1,0,"close"
"6540-c",1,0,0,0,2,21,0,1476990601300,"true",1,0,"far"
"6540-c",1,0,2,0,2,22,1,1476990609625,"true",0,0,"far"
"6540-c",0,1,1,0,1,23,0,1476990627491,"true",0,1,"close"
"6540-c",1,0,2,0,2,46,1,1476990905040,"true",0,0,"split"
"6540-c",0,1,2,0,1,47,1,1476990915029,"true",0,0,"far"
"6540-c",0,1,1,0,1,44,0,1476990877938,"false",0,1,"close"
"6540-c",0,0,1,1,0,45,0,1476990890955,"true",0,1,"split"
"6540-c",0,1,0,0,1,28,0,1476990693235,"false",1,0,"close"
"6540-c",1,0,2,0,2,29,1,1476990703696,"true",0,0,"far"
"6540-c",1,0,2,0,2,40,1,1476990833805,"true",0,0,"close"
"6540-c",1,0,2,0,2,41,1,1476990843547,"true",0,0,"split"
"6540-c",0,0,1,1,0,1,0,1476990380519,"true",0,1,"split"
"6540-c",0,1,2,0,1,3,1,1476990403659,"true",0,0,"far"
"6540-c",1,0,2,0,2,2,1,1476990391340,"true",0,0,"far"
"6540-c",0,1,2,0,1,5,1,1476990426607,"true",0,0,"close"
"6540-c",0,0,2,1,0,4,1,1476990412465,"false",0,0,"split"
"6540-c",1,0,0,0,2,7,0,1476990451968,"true",1,0,"split"
"6540-c",1,0,0,0,2,6,0,1476990439982,"false",1,0,"close"
"6540-c",1,0,1,0,2,9,0,1476990475933,"true",0,1,"far"
"6540-c",0,1,1,0,1,8,0,1476990464879,"false",0,1,"close"
"6540-c",1,0,0,0,2,39,0,1476990819395,"true",1,0,"split"
"6540-c",0,0,2,1,0,38,1,1476990808975,"true",0,0,"far"
"6540-c",0,1,2,0,1,11,1,1476990499288,"true",0,0,"close"
"6540-c",0,1,2,0,1,10,1,1476990487818,"true",0,0,"close"
"6540-c",0,0,2,1,0,13,1,1476990518938,"true",0,0,"close"
"6540-c",0,0,2,1,0,12,1,1476990507765,"true",0,0,"split"
"6540-c",1,0,1,0,2,15,0,1476990541331,"true",0,1,"far"
"6540-c",1,0,1,0,2,14,0,1476990531438,"true",0,1,"split"
"6540-c",0,1,2,0,1,17,1,1476990565547,"true",0,0,"far"
"6540-c",0,0,1,1,0,16,0,1476990552529,"true",0,1,"close"
"6540-c",0,0,1,1,0,19,0,1476990584682,"true",0,1,"split"
"6540-c",1,0,2,0,2,18,1,1476990574366,"true",0,0,"far"
"6540-c",0,1,0,0,1,31,0,1476990728774,"true",1,0,"close"
"6540-c",0,0,0,1,0,30,0,1476990712888,"true",1,0,"far"
"6540-c",1,0,0,0,2,37,0,1476990800955,"true",1,0,"split"
"6540-c",1,0,0,0,2,36,0,1476990791242,"true",1,0,"close"
"6540-c",0,0,2,1,0,35,1,1476990778445,"true",0,0,"far"
"6540-c",0,1,1,0,1,34,0,1476990771041,"true",0,1,"split"
"6540-c",0,0,1,1,0,33,0,1476990759823,"true",0,1,"close"
"6540-c",0,0,2,1,0,32,1,1476990743308,"true",0,0,"far"
"6540-c",1,0,1,0,2,50,0,1476990944351,"true",0,1,"split"
