"gameid","sClicked_2","sClicked_1","lClickedIndex","sClicked_0","sClickedIndex","roundNum","lClicked_2","time","outcome","lClicked_0","lClicked_1","condition"
"6545-2",1,0,1,0,2,42,0,1476988737962,"false",0,1,"close"
"6545-2",1,0,2,0,2,48,1,1476988795293,"true",0,0,"close"
"6545-2",0,1,0,0,1,43,0,1476988748023,"true",1,0,"far"
"6545-2",0,1,0,0,1,49,0,1476988802769,"true",1,0,"split"
"6545-2",0,1,0,0,1,24,0,1476988558858,"true",1,0,"close"
"6545-2",0,1,2,0,1,25,1,1476988569924,"true",0,0,"close"
"6545-2",1,0,2,0,2,26,1,1476988581683,"true",0,0,"split"
"6545-2",1,0,0,0,2,27,0,1476988591655,"true",1,0,"split"
"6545-2",0,1,2,0,1,20,1,1476988500490,"true",0,0,"split"
"6545-2",0,0,0,1,0,21,0,1476988509020,"true",1,0,"far"
"6545-2",1,0,1,0,2,22,0,1476988529171,"true",0,1,"close"
"6545-2",1,0,1,0,2,23,0,1476988549429,"true",0,1,"close"
"6545-2",0,0,0,1,0,46,0,1476988778032,"true",1,0,"far"
"6545-2",1,0,2,0,2,47,1,1476988786077,"true",0,0,"far"
"6545-2",0,0,1,1,0,44,0,1476988760676,"true",0,1,"close"
"6545-2",0,1,0,0,1,45,0,1476988770272,"false",1,0,"close"
"6545-2",0,1,0,0,1,28,0,1476988600070,"true",1,0,"split"
"6545-2",0,0,1,1,0,29,0,1476988613373,"true",0,1,"split"
"6545-2",1,0,2,0,2,40,1,1476988711773,"false",0,0,"far"
"6545-2",0,1,1,0,1,41,0,1476988720528,"true",0,1,"far"
"6545-2",0,0,2,1,0,1,1,1476988295741,"true",0,0,"close"
"6545-2",1,0,1,0,2,3,0,1476988317229,"true",0,1,"split"
"6545-2",0,0,1,1,0,2,0,1476988307396,"true",0,1,"close"
"6545-2",0,0,1,1,0,5,0,1476988335171,"true",0,1,"far"
"6545-2",1,0,0,0,2,4,0,1476988324701,"true",1,0,"far"
"6545-2",1,0,0,0,2,7,0,1476988358704,"true",1,0,"split"
"6545-2",1,0,1,0,2,6,0,1476988350422,"false",0,1,"close"
"6545-2",0,1,1,0,1,9,0,1476988382791,"true",0,1,"close"
"6545-2",0,0,1,1,0,8,0,1476988366755,"true",0,1,"close"
"6545-2",0,0,1,1,0,39,0,1476988704723,"true",0,1,"far"
"6545-2",1,0,2,0,2,38,1,1476988696493,"false",0,0,"split"
"6545-2",0,0,2,1,0,11,1,1476988400100,"true",0,0,"split"
"6545-2",0,1,0,0,1,10,0,1476988391808,"true",1,0,"far"
"6545-2",0,1,2,0,1,13,1,1476988432861,"true",0,0,"split"
"6545-2",0,1,0,0,1,12,0,1476988414544,"true",1,0,"close"
"6545-2",0,1,1,0,1,15,0,1476988450755,"true",0,1,"far"
"6545-2",1,0,1,0,2,14,0,1476988442336,"true",0,1,"far"
"6545-2",0,0,1,1,0,17,0,1476988469318,"true",0,1,"split"
"6545-2",1,0,1,0,2,16,0,1476988460355,"true",0,1,"close"
"6545-2",0,0,0,1,0,19,0,1476988491510,"false",1,0,"close"
"6545-2",0,1,0,0,1,18,0,1476988477392,"true",1,0,"far"
"6545-2",0,0,2,1,0,31,1,1476988628292,"true",0,0,"far"
"6545-2",0,0,0,1,0,30,0,1476988620960,"true",1,0,"far"
"6545-2",1,0,0,0,2,37,0,1476988686496,"false",1,0,"split"
"6545-2",1,0,1,0,2,36,0,1476988674717,"true",0,1,"split"
"6545-2",0,1,2,0,1,35,1,1476988666157,"true",0,0,"split"
"6545-2",1,0,1,0,2,34,0,1476988656436,"true",0,1,"split"
"6545-2",0,1,2,0,1,33,1,1476988649290,"true",0,0,"close"
"6545-2",0,0,2,1,0,32,1,1476988639194,"true",0,0,"split"
"6545-2",1,0,2,0,2,50,1,1476988812276,"true",0,0,"far"
