"gameid","sClicked_2","sClicked_1","lClickedIndex","sClicked_0","sClickedIndex","roundNum","lClicked_2","time","outcome","lClicked_0","lClicked_1","condition"
"6547-7",0,1,2,0,1,42,1,1476989941091,"true",0,0,"split"
"6547-7",1,0,1,0,2,48,0,1476990022660,"true",0,1,"split"
"6547-7",0,1,1,0,1,43,0,1476989957587,"true",0,1,"split"
"6547-7",1,0,2,0,2,49,1,1476990032480,"true",0,0,"split"
"6547-7",0,1,2,0,1,24,1,1476989732182,"true",0,0,"far"
"6547-7",0,0,2,1,0,25,1,1476989749086,"true",0,0,"far"
"6547-7",0,0,2,1,0,26,1,1476989766991,"true",0,0,"far"
"6547-7",0,0,0,1,0,27,0,1476989774951,"true",1,0,"split"
"6547-7",0,1,0,0,1,20,0,1476989676267,"true",1,0,"close"
"6547-7",0,0,1,1,0,21,0,1476989694021,"true",0,1,"close"
"6547-7",1,0,2,0,2,22,1,1476989710087,"false",0,0,"close"
"6547-7",0,0,2,1,0,23,1,1476989723651,"true",0,0,"far"
"6547-7",0,0,0,1,0,46,0,1476989999545,"true",1,0,"split"
"6547-7",0,1,0,0,1,47,0,1476990009757,"false",1,0,"far"
"6547-7",0,1,1,0,1,44,0,1476989976752,"true",0,1,"split"
"6547-7",0,0,2,1,0,45,1,1476989990135,"true",0,0,"close"
"6547-7",1,0,2,0,2,28,1,1476989783616,"true",0,0,"far"
"6547-7",0,1,2,0,1,29,1,1476989797037,"true",0,0,"split"
"6547-7",0,1,2,0,1,40,1,1476989917511,"true",0,0,"far"
"6547-7",0,1,2,0,1,41,1,1476989931085,"true",0,0,"close"
"6547-7",0,1,2,0,1,1,1,1476989418751,"true",0,0,"far"
"6547-7",0,0,0,1,0,3,0,1476989441130,"true",1,0,"far"
"6547-7",0,0,1,1,0,2,0,1476989430857,"true",0,1,"far"
"6547-7",1,0,2,0,2,5,1,1476989467289,"true",0,0,"split"
"6547-7",1,0,2,0,2,4,1,1476989450575,"true",0,0,"far"
"6547-7",0,1,1,0,1,7,0,1476989498504,"true",0,1,"split"
"6547-7",0,0,0,1,0,6,0,1476989482502,"true",1,0,"split"
"6547-7",0,0,1,1,0,9,0,1476989520447,"true",0,1,"split"
"6547-7",0,1,0,0,1,8,0,1476989510925,"true",1,0,"split"
"6547-7",0,0,0,1,0,39,0,1476989905227,"false",1,0,"close"
"6547-7",0,1,0,0,1,38,0,1476989890635,"true",1,0,"close"
"6547-7",0,0,2,1,0,11,1,1476989543159,"true",0,0,"split"
"6547-7",0,0,0,1,0,10,0,1476989529639,"true",1,0,"close"
"6547-7",0,1,1,0,1,13,0,1476989570315,"true",0,1,"close"
"6547-7",0,0,2,1,0,12,1,1476989560790,"false",0,0,"split"
"6547-7",0,1,0,0,1,15,0,1476989604437,"true",1,0,"far"
"6547-7",1,0,1,0,2,14,0,1476989594914,"true",0,1,"close"
"6547-7",0,0,0,1,0,17,0,1476989623512,"true",1,0,"close"
"6547-7",0,1,0,0,1,16,0,1476989613312,"true",1,0,"far"
"6547-7",0,0,1,1,0,19,0,1476989657032,"false",0,1,"close"
"6547-7",0,0,2,1,0,18,1,1476989643331,"true",0,0,"close"
"6547-7",0,1,0,0,1,31,0,1476989819504,"false",1,0,"close"
"6547-7",1,0,1,0,2,30,0,1476989806547,"true",0,1,"split"
"6547-7",1,0,0,0,2,37,0,1476989879420,"true",1,0,"far"
"6547-7",1,0,0,0,2,36,0,1476989871507,"true",1,0,"close"
"6547-7",0,1,1,0,1,35,0,1476989861825,"true",0,1,"far"
"6547-7",1,0,0,0,2,34,0,1476989852234,"false",1,0,"close"
"6547-7",0,1,2,0,1,33,1,1476989843445,"true",0,0,"close"
"6547-7",0,0,2,1,0,32,1,1476989832565,"true",0,0,"far"
"6547-7",0,1,1,0,1,50,0,1476990055700,"false",0,1,"split"
