"gameid","sClicked_2","sClicked_1","lClickedIndex","sClicked_0","sClickedIndex","roundNum","lClicked_2","time","outcome","lClicked_0","lClicked_1","condition"
"6547-745",0,0,0,1,0,42,0,1476997292858,"true",1,0,"close"
"6547-745",1,0,1,0,2,48,0,1476997404307,"false",0,1,"close"
"6547-745",0,1,1,0,1,43,0,1476997305264,"true",0,1,"split"
"6547-745",0,1,1,0,1,49,0,1476997417719,"true",0,1,"far"
"6547-745",0,0,1,1,0,24,0,1476996957084,"false",0,1,"close"
"6547-745",1,0,2,0,2,25,1,1476996970271,"true",0,0,"close"
"6547-745",0,0,2,1,0,26,1,1476996997931,"true",0,0,"close"
"6547-745",1,0,0,0,2,27,0,1476997008257,"true",1,0,"far"
"6547-745",0,1,2,0,1,20,1,1476996903226,"true",0,0,"far"
"6547-745",1,0,0,0,2,21,0,1476996916917,"false",1,0,"split"
"6547-745",1,0,2,0,2,22,1,1476996927574,"true",0,0,"split"
"6547-745",0,1,2,0,1,23,1,1476996935002,"true",0,0,"far"
"6547-745",1,0,1,0,2,46,0,1476997374678,"false",0,1,"far"
"6547-745",1,0,0,0,2,47,0,1476997386391,"true",1,0,"split"
"6547-745",0,1,2,0,1,44,1,1476997323554,"true",0,0,"close"
"6547-745",0,1,0,0,1,45,0,1476997339668,"true",1,0,"split"
"6547-745",0,1,0,0,1,28,0,1476997020663,"true",1,0,"split"
"6547-745",0,0,2,1,0,29,1,1476997039913,"true",0,0,"far"
"6547-745",0,0,0,1,0,40,0,1476997253071,"true",1,0,"split"
"6547-745",1,0,2,0,2,41,1,1476997264732,"true",0,0,"split"
"6547-745",1,0,2,0,2,1,1,1476996664149,"true",0,0,"close"
"6547-745",0,1,0,0,1,3,0,1476996683832,"true",1,0,"split"
"6547-745",0,1,1,0,1,2,0,1476996675720,"true",0,1,"close"
"6547-745",1,0,0,0,2,5,0,1476996702207,"true",1,0,"far"
"6547-745",0,1,1,0,1,4,0,1476996693942,"true",0,1,"far"
"6547-745",1,0,0,0,2,7,0,1476996737431,"true",1,0,"split"
"6547-745",0,0,2,1,0,6,1,1476996721017,"true",0,0,"close"
"6547-745",0,0,0,1,0,9,0,1476996761070,"false",1,0,"close"
"6547-745",1,0,1,0,2,8,0,1476996745935,"true",0,1,"far"
"6547-745",0,1,2,0,1,39,1,1476997237624,"true",0,0,"close"
"6547-745",1,0,2,0,2,38,1,1476997222540,"true",0,0,"split"
"6547-745",0,0,2,1,0,11,1,1476996787123,"false",0,0,"far"
"6547-745",1,0,1,0,2,10,0,1476996773763,"true",0,1,"far"
"6547-745",1,0,2,0,2,13,1,1476996813272,"true",0,0,"close"
"6547-745",1,0,0,0,2,12,0,1476996801286,"true",1,0,"close"
"6547-745",0,0,1,1,0,15,0,1476996829086,"true",0,1,"far"
"6547-745",0,1,1,0,1,14,0,1476996821048,"true",0,1,"far"
"6547-745",1,0,2,0,2,17,1,1476996855328,"true",0,0,"close"
"6547-745",1,0,2,0,2,16,1,1476996840138,"true",0,0,"far"
"6547-745",0,1,2,0,1,19,1,1476996892848,"true",0,0,"split"
"6547-745",0,0,0,1,0,18,0,1476996874583,"true",1,0,"split"
"6547-745",0,0,0,1,0,31,0,1476997077329,"true",1,0,"far"
"6547-745",0,0,2,1,0,30,1,1476997061165,"true",0,0,"split"
"6547-745",0,1,2,0,1,37,1,1476997204276,"false",0,0,"split"
"6547-745",0,0,0,1,0,36,0,1476997190917,"true",1,0,"split"
"6547-745",0,1,1,0,1,35,0,1476997157063,"true",0,1,"far"
"6547-745",1,0,0,0,2,34,0,1476997149624,"true",1,0,"close"
"6547-745",0,1,0,0,1,33,0,1476997113303,"true",1,0,"close"
"6547-745",1,0,0,0,2,32,0,1476997093251,"true",1,0,"split"
"6547-745",0,0,0,1,0,50,0,1476997425140,"false",1,0,"far"
