"gameid","sClicked_2","sClicked_1","lClickedIndex","sClicked_0","sClickedIndex","roundNum","lClicked_2","time","outcome","lClicked_0","lClicked_1","condition"
"6552-b",1,0,0,0,2,42,0,1476992258667,"true",1,0,"split"
"6552-b",1,0,0,0,2,48,0,1476992327962,"true",1,0,"split"
"6552-b",0,0,1,1,0,43,0,1476992271284,"true",0,1,"close"
"6552-b",0,0,2,1,0,49,1,1476992339777,"true",0,0,"split"
"6552-b",0,1,2,0,1,24,1,1476992008246,"true",0,0,"split"
"6552-b",0,1,1,0,1,25,0,1476992019085,"true",0,1,"far"
"6552-b",0,0,1,1,0,26,0,1476992026632,"true",0,1,"far"
"6552-b",0,1,0,0,1,27,0,1476992035265,"true",1,0,"far"
"6552-b",0,0,0,1,0,20,0,1476991944190,"true",1,0,"far"
"6552-b",0,0,0,1,0,21,0,1476991964395,"true",1,0,"close"
"6552-b",1,0,2,0,2,22,1,1476991978515,"true",0,0,"close"
"6552-b",0,1,1,0,1,23,0,1476991990053,"true",0,1,"far"
"6552-b",0,0,1,1,0,46,0,1476992306081,"true",0,1,"close"
"6552-b",0,1,0,0,1,47,0,1476992321128,"true",1,0,"split"
"6552-b",0,0,0,1,0,44,0,1476992279127,"true",1,0,"far"
"6552-b",0,0,2,1,0,45,1,1476992289810,"true",0,0,"far"
"6552-b",0,0,2,1,0,28,1,1476992050726,"true",0,0,"split"
"6552-b",0,0,2,1,0,29,1,1476992058435,"true",0,0,"far"
"6552-b",1,0,0,0,2,40,0,1476992231557,"true",1,0,"far"
"6552-b",0,1,2,0,1,41,1,1476992244918,"true",0,0,"far"
"6552-b",0,0,1,1,0,1,0,1476991605688,"true",0,1,"close"
"6552-b",0,1,1,0,1,3,0,1476991629452,"true",0,1,"far"
"6552-b",1,0,2,0,2,2,1,1476991620841,"false",0,0,"close"
"6552-b",0,1,1,0,1,5,0,1476991661020,"true",0,1,"far"
"6552-b",1,0,2,0,2,4,1,1476991651419,"true",0,0,"split"
"6552-b",0,0,1,1,0,7,0,1476991702320,"true",0,1,"close"
"6552-b",0,0,0,1,0,6,0,1476991678641,"true",1,0,"split"
"6552-b",0,1,2,0,1,9,1,1476991771204,"false",0,0,"close"
"6552-b",1,0,2,0,2,8,1,1476991735687,"true",0,0,"far"
"6552-b",0,0,1,1,0,39,0,1476992219554,"true",0,1,"close"
"6552-b",0,1,2,0,1,38,1,1476992199925,"false",0,0,"split"
"6552-b",0,1,0,0,1,11,0,1476991803200,"true",1,0,"split"
"6552-b",0,1,2,0,1,10,1,1476991793929,"true",0,0,"split"
"6552-b",0,1,1,0,1,13,0,1476991822302,"true",0,1,"far"
"6552-b",0,0,0,1,0,12,0,1476991813835,"true",1,0,"close"
"6552-b",0,0,2,1,0,15,1,1476991852707,"false",0,0,"split"
"6552-b",0,1,2,0,1,14,1,1476991831635,"true",0,0,"far"
"6552-b",1,0,2,0,2,17,1,1476991895254,"true",0,0,"close"
"6552-b",1,0,0,0,2,16,0,1476991867144,"true",1,0,"close"
"6552-b",0,1,2,0,1,19,1,1476991932542,"true",0,0,"close"
"6552-b",1,0,2,0,2,18,1,1476991912705,"false",0,0,"close"
"6552-b",1,0,2,0,2,31,1,1476992086167,"true",0,0,"far"
"6552-b",0,0,1,1,0,30,0,1476992077396,"true",0,1,"split"
"6552-b",1,0,0,0,2,37,0,1476992177042,"true",1,0,"far"
"6552-b",0,1,2,0,1,36,1,1476992169497,"true",0,0,"split"
"6552-b",0,0,2,1,0,35,1,1476992150536,"true",0,0,"close"
"6552-b",1,0,2,0,2,34,1,1476992142427,"true",0,0,"split"
"6552-b",1,0,0,0,2,33,0,1476992126407,"true",1,0,"close"
"6552-b",0,0,1,1,0,32,0,1476992097671,"true",0,1,"split"
"6552-b",0,0,0,1,0,50,0,1476992372715,"true",1,0,"close"
