"gameid","sClicked_2","sClicked_1","lClickedIndex","sClicked_0","sClickedIndex","roundNum","lClicked_2","time","outcome","lClicked_0","lClicked_1","condition"
"6559-2",0,1,2,0,1,42,1,1476996251739,"true",0,0,"split"
"6559-2",0,0,2,1,0,48,1,1476996307572,"true",0,0,"far"
"6559-2",0,0,2,1,0,43,1,1476996258927,"true",0,0,"split"
"6559-2",0,0,2,1,0,49,1,1476996321117,"true",0,0,"split"
"6559-2",1,0,0,0,2,24,0,1476996044045,"true",1,0,"far"
"6559-2",1,0,0,0,2,25,0,1476996053344,"true",1,0,"far"
"6559-2",1,0,2,0,2,26,1,1476996071473,"true",0,0,"close"
"6559-2",0,0,0,1,0,27,0,1476996082958,"true",1,0,"close"
"6559-2",0,1,1,0,1,20,0,1476996001826,"true",0,1,"close"
"6559-2",0,1,0,0,1,21,0,1476996012625,"true",1,0,"far"
"6559-2",0,0,2,1,0,22,1,1476996029293,"true",0,0,"split"
"6559-2",0,1,0,0,1,23,0,1476996035683,"true",1,0,"far"
"6559-2",0,1,1,0,1,46,0,1476996291710,"false",0,1,"close"
"6559-2",0,1,1,0,1,47,0,1476996299414,"true",0,1,"split"
"6559-2",0,1,1,0,1,44,0,1476996267984,"true",0,1,"close"
"6559-2",1,0,2,0,2,45,1,1476996274881,"true",0,0,"far"
"6559-2",1,0,0,0,2,28,0,1476996101719,"true",1,0,"close"
"6559-2",0,0,1,1,0,29,0,1476996124084,"true",0,1,"close"
"6559-2",0,0,2,1,0,40,1,1476996230119,"true",0,0,"far"
"6559-2",1,0,1,0,2,41,0,1476996243736,"false",0,1,"split"
"6559-2",0,1,2,0,1,1,1,1476995669942,"true",0,0,"far"
"6559-2",0,1,1,0,1,3,0,1476995722192,"true",0,1,"close"
"6559-2",0,1,1,0,1,2,0,1476995705776,"true",0,1,"split"
"6559-2",0,1,0,0,1,5,0,1476995798584,"true",1,0,"split"
"6559-2",0,0,2,1,0,4,1,1476995782884,"true",0,0,"close"
"6559-2",0,0,0,1,0,7,0,1476995832467,"true",1,0,"close"
"6559-2",1,0,1,0,2,6,0,1476995810017,"true",0,1,"far"
"6559-2",0,0,0,1,0,9,0,1476995864861,"true",1,0,"split"
"6559-2",1,0,0,0,2,8,0,1476995843912,"true",1,0,"split"
"6559-2",0,1,1,0,1,39,0,1476996223731,"true",0,1,"far"
"6559-2",1,0,1,0,2,38,0,1476996216858,"false",0,1,"close"
"6559-2",1,0,2,0,2,11,1,1476995892722,"true",0,0,"split"
"6559-2",0,1,1,0,1,10,0,1476995876281,"true",0,1,"far"
"6559-2",1,0,0,0,2,13,0,1476995915934,"true",1,0,"far"
"6559-2",1,0,1,0,2,12,0,1476995907254,"false",0,1,"close"
"6559-2",0,1,1,0,1,15,0,1476995943999,"true",0,1,"split"
"6559-2",0,1,1,0,1,14,0,1476995931814,"true",0,1,"split"
"6559-2",1,0,0,0,2,17,0,1476995962620,"true",1,0,"far"
"6559-2",1,0,2,0,2,16,1,1476995955262,"true",0,0,"far"
"6559-2",0,1,0,0,1,19,0,1476995991028,"true",1,0,"close"
"6559-2",0,0,0,1,0,18,0,1476995971782,"true",1,0,"far"
"6559-2",0,1,1,0,1,31,0,1476996144864,"true",0,1,"split"
"6559-2",1,0,0,0,2,30,0,1476996135809,"true",1,0,"close"
"6559-2",0,1,2,0,1,37,1,1476996206261,"true",0,0,"split"
"6559-2",0,0,0,1,0,36,0,1476996195823,"true",1,0,"close"
"6559-2",0,0,1,1,0,35,0,1476996184707,"false",0,1,"split"
"6559-2",0,0,0,1,0,34,0,1476996174131,"true",1,0,"far"
"6559-2",1,0,2,0,2,33,1,1476996166845,"true",0,0,"split"
"6559-2",1,0,1,0,2,32,0,1476996159208,"true",0,1,"close"
"6559-2",1,0,2,0,2,50,1,1476996333039,"true",0,0,"far"
