"gameid","sClicked_2","sClicked_1","lClickedIndex","sClicked_0","sClickedIndex","roundNum","lClicked_2","time","outcome","lClicked_0","lClicked_1","condition"
"6568-5",1,0,1,0,2,42,0,1476475997211,"true",0,1,"close"
"6568-5",1,0,2,0,2,48,1,1476476044442,"true",0,0,"split"
"6568-5",0,1,2,0,1,43,1,1476476004478,"true",0,0,"far"
"6568-5",1,0,0,0,2,49,0,1476476063059,"true",1,0,"split"
"6568-5",0,0,1,1,0,24,0,1476475801620,"true",0,1,"split"
"6568-5",1,0,1,0,2,25,0,1476475813825,"true",0,1,"split"
"6568-5",1,0,1,0,2,26,0,1476475825685,"true",0,1,"close"
"6568-5",0,0,0,1,0,27,0,1476475836428,"true",1,0,"far"
"6568-5",0,0,0,1,0,20,0,1476475752089,"false",1,0,"close"
"6568-5",0,1,1,0,1,21,0,1476475759472,"false",0,1,"split"
"6568-5",0,1,0,0,1,22,0,1476475775768,"true",1,0,"split"
"6568-5",0,1,2,0,1,23,1,1476475788224,"false",0,0,"close"
"6568-5",1,0,1,0,2,46,0,1476476025303,"true",0,1,"close"
"6568-5",1,0,1,0,2,47,0,1476476032466,"true",0,1,"far"
"6568-5",0,0,0,1,0,44,0,1476476011812,"true",1,0,"close"
"6568-5",0,0,0,1,0,45,0,1476476018135,"true",1,0,"close"
"6568-5",1,0,0,0,2,28,0,1476475845732,"true",1,0,"close"
"6568-5",0,0,0,1,0,29,0,1476475855442,"true",1,0,"split"
"6568-5",1,0,1,0,2,40,0,1476475977302,"true",0,1,"split"
"6568-5",1,0,1,0,2,41,0,1476475985673,"true",0,1,"split"
"6568-5",0,0,2,1,0,1,1,1476475443563,"true",0,0,"split"
"6568-5",1,0,1,0,2,3,0,1476475485812,"true",0,1,"far"
"6568-5",1,0,0,0,2,2,0,1476475468321,"true",1,0,"close"
"6568-5",0,1,2,0,1,5,1,1476475588185,"false",0,0,"close"
"6568-5",0,1,1,0,1,4,0,1476475500101,"true",0,1,"far"
"6568-5",0,1,0,0,1,7,0,1476475603793,"true",1,0,"far"
"6568-5",0,0,1,1,0,6,0,1476475596782,"true",0,1,"split"
"6568-5",0,1,1,0,1,9,0,1476475619912,"true",0,1,"far"
"6568-5",0,0,2,1,0,8,1,1476475611892,"true",0,0,"far"
"6568-5",1,0,1,0,2,39,0,1476475969689,"true",0,1,"far"
"6568-5",0,1,1,0,1,38,0,1476475962683,"true",0,1,"close"
"6568-5",1,0,2,0,2,11,1,1476475670519,"false",0,0,"close"
"6568-5",0,1,2,0,1,10,1,1476475640542,"true",0,0,"close"
"6568-5",0,0,2,1,0,13,1,1476475693212,"true",0,0,"far"
"6568-5",0,0,1,1,0,12,0,1476475685299,"true",0,1,"split"
"6568-5",0,0,0,1,0,15,0,1476475707902,"true",1,0,"far"
"6568-5",0,1,1,0,1,14,0,1476475700370,"true",0,1,"far"
"6568-5",0,1,1,0,1,17,0,1476475723312,"true",0,1,"far"
"6568-5",1,0,0,0,2,16,0,1476475716986,"true",1,0,"split"
"6568-5",1,0,0,0,2,19,0,1476475743082,"true",1,0,"close"
"6568-5",1,0,2,0,2,18,1,1476475732957,"true",0,0,"far"
"6568-5",0,1,0,0,1,31,0,1476475871937,"true",1,0,"split"
"6568-5",0,1,2,0,1,30,1,1476475864922,"true",0,0,"close"
"6568-5",1,0,0,0,2,37,0,1476475940622,"true",1,0,"far"
"6568-5",0,1,0,0,1,36,0,1476475928632,"true",1,0,"split"
"6568-5",1,0,0,0,2,35,0,1476475917702,"true",1,0,"close"
"6568-5",1,0,0,0,2,34,0,1476475903395,"true",1,0,"far"
"6568-5",0,0,2,1,0,33,1,1476475896922,"true",0,0,"close"
"6568-5",0,0,1,1,0,32,0,1476475880862,"true",0,1,"far"
"6568-5",0,1,0,0,1,50,0,1476476075513,"true",1,0,"split"
