"gameid","sClicked_2","sClicked_1","lClickedIndex","sClicked_0","sClickedIndex","roundNum","lClicked_2","time","outcome","lClicked_0","lClicked_1","condition"
"6570-5",0,1,1,0,1,42,0,1476989879472,"true",0,1,"split"
"6570-5",1,0,2,0,2,48,1,1476989958472,"true",0,0,"split"
"6570-5",1,0,1,0,2,43,0,1476989891805,"true",0,1,"split"
"6570-5",1,0,2,0,2,49,1,1476989971327,"true",0,0,"far"
"6570-5",0,0,1,1,0,24,0,1476989381730,"true",0,1,"far"
"6570-5",1,0,0,0,2,25,0,1476989416992,"true",1,0,"close"
"6570-5",0,1,1,0,1,26,0,1476989436647,"true",0,1,"far"
"6570-5",1,0,0,0,2,27,0,1476989457507,"true",1,0,"split"
"6570-5",1,0,1,0,2,20,0,1476989297298,"false",0,1,"close"
"6570-5",1,0,0,0,2,21,0,1476989325126,"false",1,0,"split"
"6570-5",0,0,0,1,0,22,0,1476989342853,"true",1,0,"far"
"6570-5",0,1,0,0,1,23,0,1476989368939,"true",1,0,"split"
"6570-5",0,1,0,0,1,46,0,1476989934190,"true",1,0,"far"
"6570-5",0,0,1,1,0,47,0,1476989946206,"true",0,1,"close"
"6570-5",1,0,1,0,2,44,0,1476989901816,"true",0,1,"far"
"6570-5",0,1,2,0,1,45,1,1476989913867,"true",0,0,"close"
"6570-5",0,0,0,1,0,28,0,1476989493435,"true",1,0,"far"
"6570-5",0,0,1,1,0,29,0,1476989510067,"true",0,1,"split"
"6570-5",1,0,2,0,2,40,1,1476989844065,"true",0,0,"close"
"6570-5",0,0,2,1,0,41,1,1476989870098,"true",0,0,"far"
"6570-5",1,0,1,0,2,1,0,1476988897285,"true",0,1,"split"
"6570-5",1,0,2,0,2,3,1,1476988944286,"true",0,0,"far"
"6570-5",1,0,2,0,2,2,1,1476988926908,"true",0,0,"close"
"6570-5",1,0,2,0,2,5,1,1476989002733,"false",0,0,"close"
"6570-5",0,1,0,0,1,4,0,1476988978731,"true",1,0,"close"
"6570-5",1,0,0,0,2,7,0,1476989030099,"true",1,0,"split"
"6570-5",1,0,1,0,2,6,0,1476989016325,"true",0,1,"far"
"6570-5",0,1,1,0,1,9,0,1476989052385,"true",0,1,"far"
"6570-5",0,1,2,0,1,8,1,1476989042504,"true",0,0,"far"
"6570-5",0,0,2,1,0,39,1,1476989824001,"false",0,0,"close"
"6570-5",0,0,2,1,0,38,1,1476989732820,"true",0,0,"close"
"6570-5",0,1,2,0,1,11,1,1476989090987,"true",0,0,"close"
"6570-5",1,0,1,0,2,10,0,1476989061752,"true",0,1,"far"
"6570-5",0,0,1,1,0,13,0,1476989116567,"true",0,1,"far"
"6570-5",1,0,2,0,2,12,1,1476989108736,"true",0,0,"far"
"6570-5",1,0,0,0,2,15,0,1476989182078,"true",1,0,"split"
"6570-5",1,0,2,0,2,14,1,1476989143213,"true",0,0,"close"
"6570-5",0,1,0,0,1,17,0,1476989228654,"true",1,0,"split"
"6570-5",0,1,2,0,1,16,1,1476989201772,"true",0,0,"split"
"6570-5",0,0,1,1,0,19,0,1476989282198,"true",0,1,"far"
"6570-5",1,0,0,0,2,18,0,1476989244346,"true",1,0,"split"
"6570-5",0,0,0,1,0,31,0,1476989561072,"true",1,0,"split"
"6570-5",0,0,1,1,0,30,0,1476989533536,"false",0,1,"close"
"6570-5",1,0,1,0,2,37,0,1476989699853,"true",0,1,"close"
"6570-5",0,1,0,0,1,36,0,1476989674630,"true",1,0,"close"
"6570-5",0,1,2,0,1,35,1,1476989651172,"true",0,0,"split"
"6570-5",0,1,1,0,1,34,0,1476989619351,"true",0,1,"split"
"6570-5",1,0,2,0,2,33,1,1476989605613,"true",0,0,"split"
"6570-5",1,0,0,0,2,32,0,1476989582043,"true",1,0,"close"
"6570-5",1,0,2,0,2,50,1,1476989979623,"true",0,0,"far"
