"gameid","sClicked_2","sClicked_1","lClickedIndex","sClicked_0","sClickedIndex","roundNum","lClicked_2","time","outcome","lClicked_0","lClicked_1","condition"
"6576-b",0,0,0,1,0,42,0,1476500331758,"true",1,0,"split"
"6576-b",0,0,1,1,0,48,0,1476500438980,"true",0,1,"close"
"6576-b",0,0,1,1,0,43,0,1476500365733,"false",0,1,"split"
"6576-b",0,0,1,1,0,49,0,1476500448830,"true",0,1,"far"
"6576-b",1,0,2,0,2,24,1,1476500118534,"true",0,0,"far"
"6576-b",0,1,1,0,1,25,0,1476500125854,"false",0,1,"split"
"6576-b",0,0,0,1,0,26,0,1476500132325,"true",1,0,"far"
"6576-b",1,0,2,0,2,27,1,1476500144115,"true",0,0,"split"
"6576-b",0,0,2,1,0,20,1,1476500082006,"true",0,0,"far"
"6576-b",0,0,1,1,0,21,0,1476500097130,"true",0,1,"split"
"6576-b",0,1,2,0,1,22,1,1476500105307,"true",0,0,"far"
"6576-b",1,0,0,0,2,23,0,1476500111865,"true",1,0,"far"
"6576-b",1,0,0,0,2,46,0,1476500420982,"true",1,0,"split"
"6576-b",0,1,0,0,1,47,0,1476500428116,"true",1,0,"far"
"6576-b",0,0,1,1,0,44,0,1476500399670,"false",0,1,"close"
"6576-b",0,1,0,0,1,45,0,1476500408227,"true",1,0,"far"
"6576-b",0,1,1,0,1,28,0,1476500153270,"true",0,1,"far"
"6576-b",0,0,0,1,0,29,0,1476500165136,"true",1,0,"far"
"6576-b",1,0,1,0,2,40,0,1476500305307,"true",0,1,"close"
"6576-b",0,1,2,0,1,41,1,1476500318167,"true",0,0,"split"
"6576-b",0,1,2,0,1,1,1,1476499860314,"true",0,0,"split"
"6576-b",1,0,1,0,2,3,0,1476499882758,"true",0,1,"close"
"6576-b",1,0,2,0,2,2,1,1476499868949,"true",0,0,"split"
"6576-b",1,0,0,0,2,5,0,1476499910125,"false",1,0,"close"
"6576-b",1,0,2,0,2,4,1,1476499900570,"false",0,0,"close"
"6576-b",0,1,1,0,1,7,0,1476499931556,"true",0,1,"close"
"6576-b",0,0,0,1,0,6,0,1476499920636,"true",1,0,"far"
"6576-b",1,0,1,0,2,9,0,1476499973412,"true",0,1,"far"
"6576-b",1,0,0,0,2,8,0,1476499966047,"false",1,0,"close"
"6576-b",0,0,1,1,0,39,0,1476500287162,"true",0,1,"far"
"6576-b",0,1,0,0,1,38,0,1476500280955,"true",1,0,"close"
"6576-b",0,1,0,0,1,11,0,1476499998199,"true",1,0,"close"
"6576-b",0,0,2,1,0,10,1,1476499987655,"true",0,0,"far"
"6576-b",1,0,0,0,2,13,0,1476500016475,"false",1,0,"close"
"6576-b",0,0,0,1,0,12,0,1476500004595,"false",1,0,"split"
"6576-b",0,0,2,1,0,15,1,1476500033360,"true",0,0,"split"
"6576-b",0,1,1,0,1,14,0,1476500025224,"true",0,1,"close"
"6576-b",1,0,1,0,2,17,0,1476500055254,"true",0,1,"split"
"6576-b",1,0,1,0,2,16,0,1476500039649,"true",0,1,"far"
"6576-b",0,0,1,1,0,19,0,1476500073880,"true",0,1,"split"
"6576-b",0,1,0,0,1,18,0,1476500064165,"true",1,0,"close"
"6576-b",0,1,2,0,1,31,1,1476500193029,"false",0,0,"close"
"6576-b",0,1,1,0,1,30,0,1476500174286,"true",0,1,"split"
"6576-b",0,0,0,1,0,37,0,1476500271050,"true",1,0,"far"
"6576-b",0,0,0,1,0,36,0,1476500263052,"true",1,0,"far"
"6576-b",0,1,2,0,1,35,1,1476500253677,"true",0,0,"split"
"6576-b",0,1,2,0,1,34,1,1476500243660,"false",0,0,"close"
"6576-b",0,1,0,0,1,33,0,1476500227147,"false",1,0,"split"
"6576-b",0,0,0,1,0,32,0,1476500216212,"true",1,0,"close"
"6576-b",1,0,2,0,2,50,1,1476500458447,"true",0,0,"close"
