"gameid","sClicked_2","sClicked_1","lClickedIndex","sClicked_0","sClickedIndex","roundNum","lClicked_2","time","outcome","lClicked_0","lClicked_1","condition"
"6597-6",0,1,0,0,1,42,0,1476993149381,"true",1,0,"split"
"6597-6",0,1,0,0,1,48,0,1476993269094,"true",1,0,"close"
"6597-6",1,0,2,0,2,43,1,1476993187917,"true",0,0,"split"
"6597-6",0,1,0,0,1,49,0,1476993278556,"true",1,0,"close"
"6597-6",0,0,1,1,0,24,0,1476992781382,"true",0,1,"far"
"6597-6",0,1,2,0,1,25,1,1476992792182,"true",0,0,"far"
"6597-6",0,0,2,1,0,26,1,1476992801660,"true",0,0,"split"
"6597-6",0,1,2,0,1,27,1,1476992813062,"true",0,0,"far"
"6597-6",1,0,0,0,2,20,0,1476992678587,"true",1,0,"far"
"6597-6",0,1,2,0,1,21,1,1476992699368,"true",0,0,"far"
"6597-6",1,0,2,0,2,22,1,1476992763482,"true",0,0,"split"
"6597-6",0,0,2,1,0,23,1,1476992772992,"true",0,0,"split"
"6597-6",1,0,1,0,2,46,0,1476993234535,"true",0,1,"split"
"6597-6",1,0,2,0,2,47,1,1476993254162,"true",0,0,"split"
"6597-6",1,0,0,0,2,44,0,1476993202285,"true",1,0,"split"
"6597-6",0,0,0,1,0,45,0,1476993224581,"true",1,0,"split"
"6597-6",1,0,0,0,2,28,0,1476992830822,"true",1,0,"close"
"6597-6",0,0,1,1,0,29,0,1476992867739,"false",0,1,"close"
"6597-6",0,1,2,0,1,40,1,1476993088279,"true",0,0,"split"
"6597-6",0,0,0,1,0,41,0,1476993100841,"true",1,0,"far"
"6597-6",0,1,1,0,1,1,0,1476992218943,"true",0,1,"close"
"6597-6",1,0,2,0,2,3,1,1476992283235,"true",0,0,"close"
"6597-6",0,0,1,1,0,2,0,1476992260400,"true",0,1,"split"
"6597-6",0,0,2,1,0,5,1,1476992305766,"true",0,0,"far"
"6597-6",0,0,0,1,0,4,0,1476992294136,"true",1,0,"far"
"6597-6",1,0,1,0,2,7,0,1476992335406,"true",0,1,"split"
"6597-6",0,0,0,1,0,6,0,1476992315635,"true",1,0,"far"
"6597-6",1,0,1,0,2,9,0,1476992405911,"false",0,1,"close"
"6597-6",0,1,2,0,1,8,1,1476992350129,"true",0,0,"far"
"6597-6",0,0,1,1,0,39,0,1476993043680,"true",0,1,"close"
"6597-6",0,1,0,0,1,38,0,1476993028182,"true",1,0,"split"
"6597-6",1,0,0,0,2,11,0,1476992429852,"true",1,0,"far"
"6597-6",1,0,2,0,2,10,1,1476992419711,"true",0,0,"far"
"6597-6",1,0,2,0,2,13,1,1476992537318,"false",0,0,"close"
"6597-6",0,0,1,1,0,12,0,1476992446610,"true",0,1,"close"
"6597-6",0,1,1,0,1,15,0,1476992579367,"true",0,1,"split"
"6597-6",0,1,0,0,1,14,0,1476992561326,"true",1,0,"far"
"6597-6",0,0,1,1,0,17,0,1476992618079,"false",0,1,"close"
"6597-6",1,0,0,0,2,16,0,1476992592488,"true",1,0,"close"
"6597-6",0,0,2,1,0,19,1,1476992667199,"true",0,0,"far"
"6597-6",0,1,2,0,1,18,1,1476992655884,"true",0,0,"far"
"6597-6",0,1,2,0,1,31,1,1476992905958,"true",0,0,"far"
"6597-6",0,1,1,0,1,30,0,1476992895847,"true",0,1,"close"
"6597-6",0,1,0,0,1,37,0,1476993017262,"true",1,0,"close"
"6597-6",0,0,2,1,0,36,1,1476992998224,"false",0,0,"close"
"6597-6",0,1,2,0,1,35,1,1476992984712,"true",0,0,"split"
"6597-6",0,1,1,0,1,34,0,1476992961224,"true",0,1,"far"
"6597-6",0,1,0,0,1,33,0,1476992949398,"false",1,0,"split"
"6597-6",0,0,2,1,0,32,1,1476992932749,"true",0,0,"split"
"6597-6",0,1,0,0,1,50,0,1476993296806,"true",1,0,"close"
