"gameid","sClicked_2","sClicked_1","lClickedIndex","sClicked_0","sClickedIndex","roundNum","lClicked_2","time","outcome","lClicked_0","lClicked_1","condition"
"6617-d",0,1,2,0,1,42,1,1476995517691,"true",0,0,"split"
"6617-d",0,0,0,1,0,48,0,1476995563794,"true",1,0,"split"
"6617-d",0,1,2,0,1,43,1,1476995525795,"true",0,0,"far"
"6617-d",0,1,0,0,1,49,0,1476995573565,"false",1,0,"split"
"6617-d",1,0,1,0,2,24,0,1476995286743,"true",0,1,"split"
"6617-d",0,0,2,1,0,25,1,1476995302096,"true",0,0,"split"
"6617-d",0,0,0,1,0,26,0,1476995309108,"false",1,0,"far"
"6617-d",0,1,0,0,1,27,0,1476995332370,"true",1,0,"close"
"6617-d",0,0,0,1,0,20,0,1476995231876,"true",1,0,"close"
"6617-d",0,0,1,1,0,21,0,1476995244229,"true",0,1,"close"
"6617-d",0,0,2,1,0,22,1,1476995256299,"true",0,0,"split"
"6617-d",0,0,0,1,0,23,0,1476995263272,"true",1,0,"split"
"6617-d",0,1,1,0,1,46,0,1476995547861,"true",0,1,"split"
"6617-d",1,0,1,0,2,47,0,1476995557453,"true",0,1,"close"
"6617-d",1,0,1,0,2,44,0,1476995531929,"true",0,1,"far"
"6617-d",0,1,0,0,1,45,0,1476995538442,"true",1,0,"split"
"6617-d",0,0,2,1,0,28,1,1476995356731,"true",0,0,"close"
"6617-d",0,1,0,0,1,29,0,1476995376071,"true",1,0,"close"
"6617-d",0,1,0,0,1,40,0,1476995496675,"true",1,0,"far"
"6617-d",0,0,0,1,0,41,0,1476995507097,"true",1,0,"far"
"6617-d",0,0,2,1,0,1,1,1476994948704,"true",0,0,"close"
"6617-d",1,0,2,0,2,3,1,1476994981879,"true",0,0,"split"
"6617-d",0,0,0,1,0,2,0,1476994970620,"true",1,0,"close"
"6617-d",0,1,0,0,1,5,0,1476995019524,"true",1,0,"close"
"6617-d",0,0,1,1,0,4,0,1476995005772,"true",0,1,"close"
"6617-d",1,0,0,0,2,7,0,1476995054848,"true",1,0,"far"
"6617-d",0,0,1,1,0,6,0,1476995039839,"true",0,1,"far"
"6617-d",1,0,0,0,2,9,0,1476995086399,"true",1,0,"split"
"6617-d",1,0,1,0,2,8,0,1476995071777,"false",0,1,"split"
"6617-d",0,0,0,1,0,39,0,1476995488647,"true",1,0,"close"
"6617-d",0,1,0,0,1,38,0,1476995463577,"true",1,0,"split"
"6617-d",0,1,2,0,1,11,1,1476995109216,"false",0,0,"far"
"6617-d",0,0,2,1,0,10,1,1476995094607,"true",0,0,"close"
"6617-d",0,1,1,0,1,13,0,1476995147137,"true",0,1,"close"
"6617-d",0,0,1,1,0,12,0,1476995128704,"true",0,1,"close"
"6617-d",1,0,0,0,2,15,0,1476995162810,"true",1,0,"split"
"6617-d",1,0,0,0,2,14,0,1476995154577,"true",1,0,"far"
"6617-d",1,0,0,0,2,17,0,1476995183277,"true",1,0,"close"
"6617-d",0,1,0,0,1,16,0,1476995173134,"true",1,0,"close"
"6617-d",1,0,1,0,2,19,0,1476995204636,"true",0,1,"split"
"6617-d",1,0,2,0,2,18,1,1476995192570,"true",0,0,"far"
"6617-d",0,1,0,0,1,31,0,1476995396609,"true",1,0,"far"
"6617-d",1,0,2,0,2,30,1,1476995383513,"true",0,0,"far"
"6617-d",0,0,2,1,0,37,1,1476995451215,"true",0,0,"far"
"6617-d",1,0,2,0,2,36,1,1476995441974,"true",0,0,"split"
"6617-d",0,1,2,0,1,35,1,1476995432482,"true",0,0,"close"
"6617-d",1,0,0,0,2,34,0,1476995422633,"false",1,0,"split"
"6617-d",1,0,2,0,2,33,1,1476995412304,"true",0,0,"far"
"6617-d",0,0,2,1,0,32,1,1476995406245,"true",0,0,"far"
"6617-d",0,1,0,0,1,50,0,1476995580289,"true",1,0,"far"
