"gameid","sClicked_2","sClicked_1","lClickedIndex","sClicked_0","sClickedIndex","roundNum","lClicked_2","time","outcome","lClicked_0","lClicked_1","condition"
"6617-1",0,1,2,0,1,42,1,1476469608292,"true",0,0,"far"
"6617-1",0,0,2,1,0,48,1,1476469749565,"false",0,0,"close"
"6617-1",0,1,0,0,1,43,0,1476469633820,"false",1,0,"split"
"6617-1",0,0,1,1,0,49,0,1476469767070,"true",0,1,"split"
"6617-1",0,0,2,1,0,24,1,1476469361507,"true",0,0,"split"
"6617-1",1,0,2,0,2,25,1,1476469370751,"true",0,0,"close"
"6617-1",0,0,1,1,0,26,0,1476469385919,"true",0,1,"close"
"6617-1",0,1,2,0,1,27,1,1476469398056,"true",0,0,"close"
"6617-1",0,0,1,1,0,20,0,1476469323266,"true",0,1,"split"
"6617-1",0,0,0,1,0,21,0,1476469333467,"true",1,0,"close"
"6617-1",0,1,2,0,1,22,1,1476469340292,"true",0,0,"far"
"6617-1",1,0,2,0,2,23,1,1476469347897,"true",0,0,"split"
"6617-1",0,0,0,1,0,46,0,1476469694249,"true",1,0,"far"
"6617-1",0,1,0,0,1,47,0,1476469701676,"true",1,0,"close"
"6617-1",0,1,0,0,1,44,0,1476469646092,"true",1,0,"far"
"6617-1",1,0,2,0,2,45,1,1476469687827,"true",0,0,"close"
"6617-1",1,0,2,0,2,28,1,1476469408125,"true",0,0,"far"
"6617-1",0,0,1,1,0,29,0,1476469430147,"true",0,1,"close"
"6617-1",0,0,1,1,0,40,0,1476469590319,"true",0,1,"far"
"6617-1",0,0,0,1,0,41,0,1476469597057,"true",1,0,"far"
"6617-1",1,0,1,0,2,1,0,1476469043519,"true",0,1,"close"
"6617-1",0,0,0,1,0,3,0,1476469088359,"true",1,0,"far"
"6617-1",0,1,1,0,1,2,0,1476469077129,"true",0,1,"close"
"6617-1",1,0,1,0,2,5,0,1476469109205,"true",0,1,"far"
"6617-1",1,0,0,0,2,4,0,1476469096551,"true",1,0,"far"
"6617-1",1,0,1,0,2,7,0,1476469141451,"true",0,1,"split"
"6617-1",1,0,1,0,2,6,0,1476469122536,"true",0,1,"close"
"6617-1",0,0,2,1,0,9,1,1476469158766,"true",0,0,"far"
"6617-1",0,1,2,0,1,8,1,1476469150489,"true",0,0,"far"
"6617-1",0,0,2,1,0,39,1,1476469583476,"true",0,0,"split"
"6617-1",0,0,2,1,0,38,1,1476469576408,"true",0,0,"split"
"6617-1",1,0,2,0,2,11,1,1476469195144,"false",0,0,"close"
"6617-1",0,1,1,0,1,10,0,1476469168589,"true",0,1,"close"
"6617-1",1,0,0,0,2,13,0,1476469240548,"true",1,0,"split"
"6617-1",1,0,2,0,2,12,1,1476469233010,"true",0,0,"close"
"6617-1",0,1,0,0,1,15,0,1476469261467,"true",1,0,"split"
"6617-1",0,0,0,1,0,14,0,1476469252016,"true",1,0,"far"
"6617-1",0,0,0,1,0,17,0,1476469277965,"true",1,0,"far"
"6617-1",0,0,1,1,0,16,0,1476469271316,"true",0,1,"split"
"6617-1",1,0,0,0,2,19,0,1476469294367,"true",1,0,"close"
"6617-1",1,0,2,0,2,18,1,1476469285106,"true",0,0,"split"
"6617-1",1,0,1,0,2,31,0,1476469500500,"false",0,1,"split"
"6617-1",0,0,2,1,0,30,1,1476469484482,"true",0,0,"split"
"6617-1",0,0,0,1,0,37,0,1476469566427,"true",1,0,"far"
"6617-1",0,0,1,1,0,36,0,1476469555583,"true",0,1,"far"
"6617-1",0,0,2,1,0,35,1,1476469547620,"false",0,0,"close"
"6617-1",1,0,1,0,2,34,0,1476469533199,"true",0,1,"split"
"6617-1",1,0,0,0,2,33,0,1476469522773,"true",1,0,"split"
"6617-1",0,0,1,1,0,32,0,1476469511053,"true",0,1,"close"
"6617-1",0,1,0,0,1,50,0,1476469776901,"true",1,0,"far"
