"gameid","sClicked_2","sClicked_1","lClickedIndex","sClicked_0","sClickedIndex","roundNum","lClicked_2","time","outcome","lClicked_0","lClicked_1","condition"
"6619-3",1,0,2,0,2,42,1,1476995991212,"true",0,0,"close"
"6619-3",0,0,1,1,0,48,0,1476996093668,"true",0,1,"split"
"6619-3",0,1,0,0,1,43,0,1476996025235,"true",1,0,"close"
"6619-3",0,0,0,1,0,49,0,1476996099499,"true",1,0,"far"
"6619-3",1,0,2,0,2,24,1,1476995785766,"true",0,0,"split"
"6619-3",0,0,1,1,0,25,0,1476995791488,"true",0,1,"far"
"6619-3",1,0,0,0,2,26,0,1476995797485,"true",1,0,"far"
"6619-3",0,1,0,0,1,27,0,1476995806982,"true",1,0,"close"
"6619-3",1,0,2,0,2,20,1,1476995739094,"true",0,0,"far"
"6619-3",1,0,2,0,2,21,1,1476995745128,"true",0,0,"far"
"6619-3",0,0,1,1,0,22,0,1476995753039,"true",0,1,"far"
"6619-3",0,1,1,0,1,23,0,1476995759647,"true",0,1,"far"
"6619-3",1,0,2,0,2,46,1,1476996078723,"true",0,0,"close"
"6619-3",0,0,2,1,0,47,1,1476996084739,"true",0,0,"close"
"6619-3",1,0,2,0,2,44,1,1476996031980,"true",0,0,"far"
"6619-3",0,0,0,1,0,45,0,1476996063644,"true",1,0,"close"
"6619-3",0,1,1,0,1,28,0,1476995823414,"true",0,1,"close"
"6619-3",0,1,0,0,1,29,0,1476995832734,"true",1,0,"close"
"6619-3",0,0,0,1,0,40,0,1476995952461,"true",1,0,"far"
"6619-3",1,0,2,0,2,41,1,1476995962619,"true",0,0,"close"
"6619-3",0,1,0,0,1,1,0,1476995546905,"true",1,0,"close"
"6619-3",0,0,0,1,0,3,0,1476995585152,"true",1,0,"split"
"6619-3",1,0,0,0,2,2,0,1476995573890,"true",1,0,"close"
"6619-3",0,0,1,1,0,5,0,1476995601248,"true",0,1,"split"
"6619-3",1,0,1,0,2,4,0,1476995591816,"true",0,1,"split"
"6619-3",0,0,1,1,0,7,0,1476995614864,"true",0,1,"split"
"6619-3",0,0,0,1,0,6,0,1476995607241,"true",1,0,"far"
"6619-3",0,1,2,0,1,9,1,1476995631311,"true",0,0,"far"
"6619-3",1,0,2,0,2,8,1,1476995624160,"true",0,0,"split"
"6619-3",0,1,0,0,1,39,0,1476995944781,"true",1,0,"split"
"6619-3",1,0,0,0,2,38,0,1476995936972,"true",1,0,"close"
"6619-3",0,0,2,1,0,11,1,1476995659536,"true",0,0,"close"
"6619-3",0,1,0,0,1,10,0,1476995645753,"true",1,0,"split"
"6619-3",0,0,1,1,0,13,0,1476995672943,"true",0,1,"far"
"6619-3",0,1,2,0,1,12,1,1476995667136,"true",0,0,"far"
"6619-3",0,0,1,1,0,15,0,1476995685751,"true",0,1,"far"
"6619-3",0,1,1,0,1,14,0,1476995679566,"true",0,1,"far"
"6619-3",1,0,1,0,2,17,0,1476995700599,"true",0,1,"far"
"6619-3",1,0,0,0,2,16,0,1476995694720,"true",1,0,"split"
"6619-3",1,0,1,0,2,19,0,1476995732630,"true",0,1,"close"
"6619-3",0,0,1,1,0,18,0,1476995710758,"true",0,1,"split"
"6619-3",0,1,2,0,1,31,1,1476995849661,"true",0,0,"split"
"6619-3",0,0,2,1,0,30,1,1476995841639,"true",0,0,"split"
"6619-3",0,0,2,1,0,37,1,1476995923149,"true",0,0,"split"
"6619-3",1,0,1,0,2,36,0,1476995911829,"true",0,1,"split"
"6619-3",0,1,1,0,1,35,0,1476995902758,"true",0,1,"close"
"6619-3",0,0,0,1,0,34,0,1476995891502,"true",1,0,"split"
"6619-3",0,0,2,1,0,33,1,1476995880151,"true",0,0,"close"
"6619-3",0,0,0,1,0,32,0,1476995857062,"true",1,0,"far"
"6619-3",0,1,0,0,1,50,0,1476996107618,"true",1,0,"close"
