"gameid","sClicked_2","sClicked_1","lClickedIndex","sClicked_0","sClickedIndex","roundNum","lClicked_2","time","outcome","lClicked_0","lClicked_1","condition"
"6631-5",0,0,0,1,0,42,0,1476989736043,"true",1,0,"close"
"6631-5",0,1,0,0,1,48,0,1476989799197,"true",1,0,"split"
"6631-5",0,0,0,1,0,43,0,1476989743625,"true",1,0,"split"
"6631-5",0,1,2,0,1,49,1,1476989821084,"true",0,0,"split"
"6631-5",0,1,2,0,1,24,1,1476989421050,"true",0,0,"far"
"6631-5",0,0,2,1,0,25,1,1476989429724,"true",0,0,"far"
"6631-5",1,0,1,0,2,26,0,1476989437342,"true",0,1,"split"
"6631-5",1,0,0,0,2,27,0,1476989443790,"true",1,0,"far"
"6631-5",0,1,1,0,1,20,0,1476989355803,"true",0,1,"far"
"6631-5",1,0,2,0,2,21,1,1476989371547,"true",0,0,"far"
"6631-5",1,0,1,0,2,22,0,1476989390155,"true",0,1,"split"
"6631-5",1,0,2,0,2,23,1,1476989412056,"true",0,0,"split"
"6631-5",0,0,0,1,0,46,0,1476989776021,"true",1,0,"split"
"6631-5",1,0,2,0,2,47,1,1476989788505,"true",0,0,"close"
"6631-5",0,0,1,1,0,44,0,1476989750049,"true",0,1,"far"
"6631-5",0,1,0,0,1,45,0,1476989759305,"true",1,0,"far"
"6631-5",0,0,0,1,0,28,0,1476989460575,"true",1,0,"far"
"6631-5",0,0,0,1,0,29,0,1476989477386,"true",1,0,"split"
"6631-5",0,0,0,1,0,40,0,1476989690144,"true",1,0,"far"
"6631-5",0,0,1,1,0,41,0,1476989715523,"true",0,1,"close"
"6631-5",0,1,2,0,1,1,1,1476988917427,"true",0,0,"close"
"6631-5",1,0,1,0,2,3,0,1476988961348,"true",0,1,"far"
"6631-5",0,1,2,0,1,2,1,1476988947838,"true",0,0,"close"
"6631-5",1,0,1,0,2,5,0,1476988992672,"false",0,1,"close"
"6631-5",1,0,0,0,2,4,0,1476988976756,"true",1,0,"close"
"6631-5",1,0,0,0,2,7,0,1476989033236,"true",1,0,"far"
"6631-5",0,0,0,1,0,6,0,1476989016518,"false",1,0,"split"
"6631-5",0,1,2,0,1,9,1,1476989099983,"true",0,0,"split"
"6631-5",1,0,1,0,2,8,0,1476989064330,"false",0,1,"close"
"6631-5",0,1,1,0,1,39,0,1476989676992,"true",0,1,"close"
"6631-5",1,0,0,0,2,38,0,1476989668178,"true",1,0,"close"
"6631-5",0,0,1,1,0,11,0,1476989162971,"false",0,1,"close"
"6631-5",0,0,1,1,0,10,0,1476989133887,"true",0,1,"split"
"6631-5",1,0,2,0,2,13,1,1476989230534,"true",0,0,"split"
"6631-5",1,0,2,0,2,12,1,1476989202166,"true",0,0,"close"
"6631-5",1,0,1,0,2,15,0,1476989266043,"true",0,1,"far"
"6631-5",0,1,2,0,1,14,1,1476989244816,"true",0,0,"split"
"6631-5",0,0,2,1,0,17,1,1476989291249,"true",0,0,"close"
"6631-5",0,1,0,0,1,16,0,1476989277072,"true",1,0,"close"
"6631-5",0,0,1,1,0,19,0,1476989345479,"true",0,1,"close"
"6631-5",0,0,0,1,0,18,0,1476989313415,"false",1,0,"split"
"6631-5",0,1,1,0,1,31,0,1476989506081,"true",0,1,"far"
"6631-5",0,1,2,0,1,30,1,1476989496980,"true",0,0,"close"
"6631-5",0,0,0,1,0,37,0,1476989647662,"true",1,0,"split"
"6631-5",0,0,1,1,0,36,0,1476989627350,"true",0,1,"close"
"6631-5",1,0,2,0,2,35,1,1476989588081,"true",0,0,"far"
"6631-5",1,0,1,0,2,34,0,1476989576833,"true",0,1,"far"
"6631-5",0,0,0,1,0,33,0,1476989567281,"true",1,0,"far"
"6631-5",0,1,2,0,1,32,1,1476989553209,"false",0,0,"split"
"6631-5",1,0,2,0,2,50,1,1476989835387,"true",0,0,"split"
