"gameid","sClicked_2","sClicked_1","lClickedIndex","sClicked_0","sClickedIndex","roundNum","lClicked_2","time","outcome","lClicked_0","lClicked_1","condition"
"6634-6",0,1,0,0,1,42,0,1476492463724,"true",1,0,"split"
"6634-6",0,1,2,0,1,48,1,1476492523144,"true",0,0,"far"
"6634-6",1,0,2,0,2,43,1,1476492472104,"true",0,0,"split"
"6634-6",1,0,1,0,2,49,0,1476492547889,"true",0,1,"split"
"6634-6",0,1,0,0,1,24,0,1476492263139,"false",1,0,"split"
"6634-6",0,1,1,0,1,25,0,1476492269649,"true",0,1,"far"
"6634-6",0,0,2,1,0,26,1,1476492281550,"true",0,0,"close"
"6634-6",0,0,0,1,0,27,0,1476492292370,"true",1,0,"far"
"6634-6",1,0,0,0,2,20,0,1476492220084,"true",1,0,"split"
"6634-6",1,0,2,0,2,21,1,1476492227026,"true",0,0,"split"
"6634-6",0,0,2,1,0,22,1,1476492245734,"true",0,0,"close"
"6634-6",1,0,2,0,2,23,1,1476492254615,"true",0,0,"far"
"6634-6",0,0,1,1,0,46,0,1476492508827,"true",0,1,"split"
"6634-6",0,0,0,1,0,47,0,1476492515591,"true",1,0,"close"
"6634-6",1,0,1,0,2,44,0,1476492485741,"true",0,1,"split"
"6634-6",0,0,2,1,0,45,1,1476492499499,"true",0,0,"far"
"6634-6",0,1,2,0,1,28,1,1476492300720,"true",0,0,"far"
"6634-6",1,0,2,0,2,29,1,1476492309969,"true",0,0,"split"
"6634-6",0,0,2,1,0,40,1,1476492424751,"true",0,0,"split"
"6634-6",1,0,2,0,2,41,1,1476492454285,"true",0,0,"close"
"6634-6",0,0,0,1,0,1,0,1476492031941,"false",1,0,"close"
"6634-6",0,1,1,0,1,3,0,1476492053465,"true",0,1,"split"
"6634-6",0,1,1,0,1,2,0,1476492041920,"true",0,1,"split"
"6634-6",0,1,1,0,1,5,0,1476492070889,"true",0,1,"far"
"6634-6",1,0,2,0,2,4,1,1476492063684,"true",0,0,"close"
"6634-6",1,0,0,0,2,7,0,1476492086169,"true",1,0,"far"
"6634-6",1,0,1,0,2,6,0,1476492079659,"true",0,1,"close"
"6634-6",1,0,0,0,2,9,0,1476492108150,"true",1,0,"split"
"6634-6",0,1,1,0,1,8,0,1476492093464,"false",0,1,"close"
"6634-6",0,0,1,1,0,39,0,1476492411686,"true",0,1,"split"
"6634-6",0,1,2,0,1,38,1,1476492404876,"true",0,0,"far"
"6634-6",1,0,2,0,2,11,1,1476492129831,"true",0,0,"close"
"6634-6",1,0,2,0,2,10,1,1476492118866,"true",0,0,"far"
"6634-6",1,0,2,0,2,13,1,1476492150337,"true",0,0,"close"
"6634-6",1,0,0,0,2,12,0,1476492140315,"false",1,0,"far"
"6634-6",1,0,2,0,2,15,1,1476492164535,"true",0,0,"far"
"6634-6",1,0,0,0,2,14,0,1476492157519,"true",1,0,"far"
"6634-6",1,0,0,0,2,17,0,1476492195154,"true",1,0,"close"
"6634-6",0,1,0,0,1,16,0,1476492174394,"true",1,0,"split"
"6634-6",1,0,0,0,2,19,0,1476492212844,"true",1,0,"far"
"6634-6",0,0,2,1,0,18,1,1476492205409,"true",0,0,"close"
"6634-6",0,0,1,1,0,31,0,1476492328822,"true",0,1,"split"
"6634-6",1,0,1,0,2,30,0,1476492321569,"true",0,1,"close"
"6634-6",1,0,1,0,2,37,0,1476492397570,"true",0,1,"far"
"6634-6",0,1,1,0,1,36,0,1476492389749,"true",0,1,"close"
"6634-6",0,0,0,1,0,35,0,1476492377195,"true",1,0,"far"
"6634-6",0,1,0,0,1,34,0,1476492370350,"false",1,0,"close"
"6634-6",0,1,0,0,1,33,0,1476492354136,"true",1,0,"close"
"6634-6",1,0,0,0,2,32,0,1476492340329,"false",1,0,"split"
"6634-6",0,0,0,1,0,50,0,1476492559179,"true",1,0,"close"
