"gameid","sClicked_2","sClicked_1","lClickedIndex","sClicked_0","sClickedIndex","roundNum","lClicked_2","time","outcome","lClicked_0","lClicked_1","condition"
"6639-9",0,1,0,0,1,42,0,1476466573290,"true",1,0,"far"
"6639-9",0,1,1,0,1,48,0,1476466674682,"true",0,1,"far"
"6639-9",1,0,2,0,2,43,1,1476466583817,"true",0,0,"close"
"6639-9",1,0,0,0,2,49,0,1476466703491,"true",1,0,"close"
"6639-9",1,0,0,0,2,24,0,1476466278102,"true",1,0,"close"
"6639-9",1,0,2,0,2,25,1,1476466299822,"true",0,0,"close"
"6639-9",1,0,1,0,2,26,0,1476466314281,"false",0,1,"split"
"6639-9",0,1,1,0,1,27,0,1476466337233,"false",0,1,"close"
"6639-9",0,0,1,1,0,20,0,1476466245422,"true",0,1,"far"
"6639-9",1,0,0,0,2,21,0,1476466253560,"true",1,0,"far"
"6639-9",0,0,2,1,0,22,1,1476466260921,"true",0,0,"far"
"6639-9",0,1,2,0,1,23,1,1476466268967,"true",0,0,"far"
"6639-9",0,1,2,0,1,46,1,1476466647336,"true",0,0,"close"
"6639-9",0,0,1,1,0,47,0,1476466656408,"true",0,1,"far"
"6639-9",0,0,2,1,0,44,1,1476466599048,"true",0,0,"far"
"6639-9",0,0,2,1,0,45,1,1476466637625,"true",0,0,"close"
"6639-9",1,0,0,0,2,28,0,1476466350975,"true",1,0,"far"
"6639-9",1,0,1,0,2,29,0,1476466358721,"true",0,1,"far"
"6639-9",1,0,0,0,2,40,0,1476466535775,"true",1,0,"split"
"6639-9",0,0,1,1,0,41,0,1476466546636,"true",0,1,"split"
"6639-9",1,0,1,0,2,1,0,1476465926715,"true",0,1,"far"
"6639-9",0,0,1,1,0,3,0,1476465943289,"true",0,1,"split"
"6639-9",1,0,1,0,2,2,0,1476465935217,"true",0,1,"far"
"6639-9",0,0,0,1,0,5,0,1476465978667,"true",1,0,"close"
"6639-9",0,0,2,1,0,4,1,1476465956635,"false",0,0,"close"
"6639-9",1,0,1,0,2,7,0,1476466002040,"true",0,1,"split"
"6639-9",1,0,2,0,2,6,1,1476465989271,"true",0,0,"split"
"6639-9",0,1,1,0,1,9,0,1476466030971,"false",0,1,"close"
"6639-9",0,0,2,1,0,8,1,1476466017187,"false",0,0,"split"
"6639-9",0,0,0,1,0,39,0,1476466519461,"true",1,0,"close"
"6639-9",0,0,1,1,0,38,0,1476466508545,"true",0,1,"close"
"6639-9",0,1,2,0,1,11,1,1476466110218,"true",0,0,"close"
"6639-9",0,0,1,1,0,10,0,1476466056861,"true",0,1,"far"
"6639-9",0,0,1,1,0,13,0,1476466149391,"true",0,1,"split"
"6639-9",0,1,1,0,1,12,0,1476466129947,"true",0,1,"split"
"6639-9",1,0,0,0,2,15,0,1476466183982,"true",1,0,"close"
"6639-9",1,0,0,0,2,14,0,1476466161618,"true",1,0,"split"
"6639-9",1,0,1,0,2,17,0,1476466204866,"true",0,1,"far"
"6639-9",0,1,0,0,1,16,0,1476466197273,"true",1,0,"close"
"6639-9",0,0,2,1,0,19,1,1476466225818,"true",0,0,"split"
"6639-9",0,1,0,0,1,18,0,1476466213147,"true",1,0,"far"
"6639-9",0,0,1,1,0,31,0,1476466388845,"true",0,1,"split"
"6639-9",0,0,0,1,0,30,0,1476466379611,"true",1,0,"close"
"6639-9",0,0,1,1,0,37,0,1476466494358,"true",0,1,"split"
"6639-9",0,0,2,1,0,36,1,1476466479170,"false",0,0,"close"
"6639-9",1,0,1,0,2,35,0,1476466450915,"true",0,1,"split"
"6639-9",1,0,0,0,2,34,0,1476466438661,"true",1,0,"split"
"6639-9",0,1,2,0,1,33,1,1476466418675,"true",0,0,"far"
"6639-9",1,0,0,0,2,32,0,1476466408868,"true",1,0,"split"
"6639-9",0,0,2,1,0,50,1,1476466724071,"true",0,0,"far"
