"gameid","sClicked_2","sClicked_1","lClickedIndex","sClicked_0","sClickedIndex","roundNum","lClicked_2","time","outcome","lClicked_0","lClicked_1","condition"
"6647-7",0,1,2,0,1,42,1,1476988766439,"true",0,0,"far"
"6647-7",0,1,0,0,1,48,0,1476988837607,"false",1,0,"split"
"6647-7",0,1,2,0,1,43,1,1476988774063,"true",0,0,"far"
"6647-7",0,0,0,1,0,49,0,1476988847172,"true",1,0,"close"
"6647-7",0,0,2,1,0,24,1,1476988560708,"true",0,0,"far"
"6647-7",1,0,1,0,2,25,0,1476988578636,"true",0,1,"close"
"6647-7",0,0,0,1,0,26,0,1476988588852,"true",1,0,"split"
"6647-7",0,0,0,1,0,27,0,1476988604835,"true",1,0,"close"
"6647-7",1,0,0,0,2,20,0,1476988521461,"true",1,0,"split"
"6647-7",1,0,1,0,2,21,0,1476988530509,"true",0,1,"close"
"6647-7",0,1,2,0,1,22,1,1476988541293,"true",0,0,"split"
"6647-7",0,0,1,1,0,23,0,1476988548661,"true",0,1,"far"
"6647-7",0,0,1,1,0,46,0,1476988817493,"true",0,1,"split"
"6647-7",0,0,0,1,0,47,0,1476988824293,"true",1,0,"far"
"6647-7",0,1,0,0,1,44,0,1476988784405,"true",1,0,"split"
"6647-7",0,1,0,0,1,45,0,1476988802952,"true",1,0,"close"
"6647-7",0,0,1,1,0,28,0,1476988618037,"true",0,1,"split"
"6647-7",1,0,2,0,2,29,1,1476988628195,"true",0,0,"split"
"6647-7",0,1,1,0,1,40,0,1476988745751,"true",0,1,"split"
"6647-7",0,1,1,0,1,41,0,1476988758255,"false",0,1,"close"
"6647-7",1,0,1,0,2,1,0,1476988284713,"true",0,1,"close"
"6647-7",1,0,2,0,2,3,1,1476988315636,"true",0,0,"far"
"6647-7",1,0,2,0,2,2,1,1476988301580,"true",0,0,"split"
"6647-7",0,0,0,1,0,5,0,1476988338491,"true",1,0,"far"
"6647-7",0,0,1,1,0,4,0,1476988329875,"true",0,1,"split"
"6647-7",0,0,2,1,0,7,1,1476988360139,"true",0,0,"far"
"6647-7",0,1,1,0,1,6,0,1476988350691,"true",0,1,"close"
"6647-7",0,0,2,1,0,9,1,1476988385780,"false",0,0,"close"
"6647-7",0,0,1,1,0,8,0,1476988367011,"true",0,1,"far"
"6647-7",0,0,2,1,0,39,1,1476988732886,"false",0,0,"split"
"6647-7",1,0,2,0,2,38,1,1476988723431,"false",0,0,"far"
"6647-7",0,1,1,0,1,11,0,1476988409873,"true",0,1,"far"
"6647-7",1,0,2,0,2,10,1,1476988402163,"true",0,0,"close"
"6647-7",0,0,2,1,0,13,1,1476988450225,"true",0,0,"close"
"6647-7",0,1,0,0,1,12,0,1476988421033,"true",1,0,"far"
"6647-7",1,0,2,0,2,15,1,1476988466647,"true",0,0,"close"
"6647-7",0,0,0,1,0,14,0,1476988458233,"true",1,0,"far"
"6647-7",0,1,1,0,1,17,0,1476988487607,"true",0,1,"split"
"6647-7",1,0,2,0,2,16,1,1476988477311,"true",0,0,"close"
"6647-7",0,0,1,1,0,19,0,1476988514063,"true",0,1,"close"
"6647-7",0,1,1,0,1,18,0,1476988495950,"true",0,1,"split"
"6647-7",1,0,2,0,2,31,1,1476988648650,"true",0,0,"close"
"6647-7",0,1,2,0,1,30,1,1476988639330,"true",0,0,"far"
"6647-7",0,1,0,0,1,37,0,1476988712328,"true",1,0,"far"
"6647-7",1,0,2,0,2,36,1,1476988701784,"true",0,0,"split"
"6647-7",0,0,2,1,0,35,1,1476988690496,"true",0,0,"far"
"6647-7",0,0,0,1,0,34,0,1476988679377,"true",1,0,"split"
"6647-7",1,0,0,0,2,33,0,1476988668129,"true",1,0,"close"
"6647-7",1,0,0,0,2,32,0,1476988658219,"true",1,0,"far"
"6647-7",0,0,0,1,0,50,0,1476988861828,"true",1,0,"close"
