"gameid","sClicked_2","sClicked_1","lClickedIndex","sClicked_0","sClickedIndex","roundNum","lClicked_2","time","outcome","lClicked_0","lClicked_1","condition"
"6649-c",0,0,0,1,0,42,0,1476470795414,"true",1,0,"split"
"6649-c",1,0,0,0,2,48,0,1476470874203,"true",1,0,"close"
"6649-c",0,0,1,1,0,43,0,1476470805169,"true",0,1,"split"
"6649-c",1,0,1,0,2,49,0,1476470884714,"false",0,1,"close"
"6649-c",0,0,1,1,0,24,0,1476470599203,"true",0,1,"split"
"6649-c",0,0,2,1,0,25,1,1476470608725,"true",0,0,"close"
"6649-c",1,0,2,0,2,26,1,1476470623168,"true",0,0,"split"
"6649-c",0,1,0,0,1,27,0,1476470632014,"true",1,0,"split"
"6649-c",0,1,0,0,1,20,0,1476470561009,"true",1,0,"far"
"6649-c",0,1,1,0,1,21,0,1476470574307,"true",0,1,"close"
"6649-c",1,0,1,0,2,22,0,1476470582349,"true",0,1,"split"
"6649-c",0,1,2,0,1,23,1,1476470591203,"true",0,0,"far"
"6649-c",0,1,1,0,1,46,0,1476470844636,"true",0,1,"split"
"6649-c",0,1,1,0,1,47,0,1476470852806,"true",0,1,"split"
"6649-c",0,0,0,1,0,44,0,1476470818225,"true",1,0,"close"
"6649-c",0,1,0,0,1,45,0,1476470835657,"false",1,0,"close"
"6649-c",1,0,1,0,2,28,0,1476470641834,"true",0,1,"far"
"6649-c",1,0,0,0,2,29,0,1476470657635,"true",1,0,"close"
"6649-c",0,0,0,1,0,40,0,1476470774627,"true",1,0,"split"
"6649-c",0,1,2,0,1,41,1,1476470786339,"true",0,0,"split"
"6649-c",0,0,1,1,0,1,0,1476470335879,"true",0,1,"close"
"6649-c",0,1,1,0,1,3,0,1476470368255,"true",0,1,"close"
"6649-c",0,1,0,0,1,2,0,1476470353927,"false",1,0,"close"
"6649-c",1,0,0,0,2,5,0,1476470385074,"true",1,0,"far"
"6649-c",1,0,0,0,2,4,0,1476470377180,"true",1,0,"far"
"6649-c",0,0,1,1,0,7,0,1476470402489,"true",0,1,"far"
"6649-c",1,0,1,0,2,6,0,1476470395086,"true",0,1,"far"
"6649-c",1,0,2,0,2,9,1,1476470423467,"true",0,0,"far"
"6649-c",1,0,2,0,2,8,1,1476470414898,"true",0,0,"far"
"6649-c",0,1,1,0,1,39,0,1476470745621,"true",0,1,"far"
"6649-c",1,0,1,0,2,38,0,1476470737287,"true",0,1,"far"
"6649-c",1,0,1,0,2,11,0,1476470442894,"true",0,1,"close"
"6649-c",0,0,1,1,0,10,0,1476470431160,"true",0,1,"close"
"6649-c",0,0,1,1,0,13,0,1476470473998,"true",0,1,"close"
"6649-c",0,0,2,1,0,12,1,1476470459458,"true",0,0,"split"
"6649-c",0,1,0,0,1,15,0,1476470510691,"false",1,0,"split"
"6649-c",0,0,0,1,0,14,0,1476470500237,"true",1,0,"close"
"6649-c",0,1,2,0,1,17,1,1476470531143,"true",0,0,"far"
"6649-c",0,1,2,0,1,16,1,1476470521244,"true",0,0,"far"
"6649-c",0,0,2,1,0,19,1,1476470553550,"true",0,0,"split"
"6649-c",1,0,0,0,2,18,0,1476470544113,"true",1,0,"split"
"6649-c",0,0,0,1,0,31,0,1476470675044,"true",1,0,"split"
"6649-c",0,1,1,0,1,30,0,1476470667903,"true",0,1,"split"
"6649-c",1,0,0,0,2,37,0,1476470727480,"true",1,0,"far"
"6649-c",0,1,0,0,1,36,0,1476470719686,"false",1,0,"close"
"6649-c",0,1,1,0,1,35,0,1476470706104,"true",0,1,"close"
"6649-c",0,0,0,1,0,34,0,1476470698957,"true",1,0,"far"
"6649-c",1,0,0,0,2,33,0,1476470691107,"true",1,0,"split"
"6649-c",0,0,0,1,0,32,0,1476470683000,"true",1,0,"close"
"6649-c",0,1,2,0,1,50,1,1476470893787,"true",0,0,"far"
