"gameid","sClicked_2","sClicked_1","lClickedIndex","sClicked_0","sClickedIndex","roundNum","lClicked_2","time","outcome","lClicked_0","lClicked_1","condition"
"6655-7",1,0,2,0,2,42,1,1476990117705,"true",0,0,"far"
"6655-7",0,0,0,1,0,48,0,1476990336825,"true",1,0,"close"
"6655-7",0,1,1,0,1,43,0,1476990129055,"true",0,1,"far"
"6655-7",0,1,0,0,1,49,0,1476990347295,"true",1,0,"split"
"6655-7",0,1,2,0,1,24,1,1476989728609,"true",0,0,"close"
"6655-7",1,0,2,0,2,25,1,1476989762389,"true",0,0,"split"
"6655-7",0,0,2,1,0,26,1,1476989778216,"true",0,0,"split"
"6655-7",1,0,2,0,2,27,1,1476989787186,"true",0,0,"far"
"6655-7",0,0,2,1,0,20,1,1476989639554,"true",0,0,"split"
"6655-7",0,1,2,0,1,21,1,1476989654143,"true",0,0,"close"
"6655-7",0,1,1,0,1,22,0,1476989707883,"true",0,1,"far"
"6655-7",0,1,2,0,1,23,1,1476989719349,"true",0,0,"far"
"6655-7",1,0,1,0,2,46,0,1476990216154,"true",0,1,"split"
"6655-7",0,1,2,0,1,47,1,1476990258659,"true",0,0,"close"
"6655-7",0,1,2,0,1,44,1,1476990173634,"true",0,0,"close"
"6655-7",1,0,1,0,2,45,0,1476990198198,"true",0,1,"close"
"6655-7",0,0,0,1,0,28,0,1476989819285,"true",1,0,"close"
"6655-7",0,0,1,1,0,29,0,1476989836844,"true",0,1,"close"
"6655-7",1,0,1,0,2,40,0,1476990071302,"true",0,1,"far"
"6655-7",0,0,2,1,0,41,1,1476990107845,"true",0,0,"close"
"6655-7",0,0,0,1,0,1,0,1476989295346,"true",1,0,"split"
"6655-7",0,0,2,1,0,3,1,1476989364581,"true",0,0,"split"
"6655-7",0,0,1,1,0,2,0,1476989330188,"true",0,1,"split"
"6655-7",0,1,0,0,1,5,0,1476989422326,"true",1,0,"split"
"6655-7",0,0,1,1,0,4,0,1476989400133,"true",0,1,"close"
"6655-7",0,1,0,0,1,7,0,1476989459781,"true",1,0,"close"
"6655-7",0,1,0,0,1,6,0,1476989432438,"true",1,0,"split"
"6655-7",1,0,1,0,2,9,0,1476989489867,"true",0,1,"far"
"6655-7",0,1,0,0,1,8,0,1476989474917,"true",1,0,"split"
"6655-7",1,0,2,0,2,39,1,1476990052428,"true",0,0,"split"
"6655-7",0,0,1,1,0,38,0,1476990031189,"true",0,1,"split"
"6655-7",0,1,1,0,1,11,0,1476989509240,"true",0,1,"close"
"6655-7",0,0,2,1,0,10,1,1476989499275,"true",0,0,"far"
"6655-7",0,1,1,0,1,13,0,1476989528092,"true",0,1,"far"
"6655-7",1,0,1,0,2,12,0,1476989519157,"true",0,1,"far"
"6655-7",0,1,1,0,1,15,0,1476989560642,"true",0,1,"close"
"6655-7",0,1,0,0,1,14,0,1476989542767,"true",1,0,"far"
"6655-7",1,0,0,0,2,17,0,1476989597231,"true",1,0,"close"
"6655-7",0,0,0,1,0,16,0,1476989582748,"true",1,0,"split"
"6655-7",1,0,2,0,2,19,1,1476989617061,"true",0,0,"far"
"6655-7",0,1,0,0,1,18,0,1476989608098,"true",1,0,"close"
"6655-7",0,0,2,1,0,31,1,1476989861525,"true",0,0,"close"
"6655-7",0,1,1,0,1,30,0,1476989852430,"true",0,1,"split"
"6655-7",0,0,1,1,0,37,0,1476990021157,"true",0,1,"far"
"6655-7",1,0,1,0,2,36,0,1476990011391,"true",0,1,"close"
"6655-7",0,0,0,1,0,35,0,1476989903026,"true",1,0,"far"
"6655-7",0,1,2,0,1,34,1,1476989893554,"true",0,0,"far"
"6655-7",1,0,2,0,2,33,1,1476989882674,"true",0,0,"far"
"6655-7",0,1,1,0,1,32,0,1476989873791,"true",0,1,"split"
"6655-7",0,0,2,1,0,50,1,1476990356748,"true",0,0,"split"
