"gameid","sClicked_2","sClicked_1","lClickedIndex","sClicked_0","sClickedIndex","roundNum","lClicked_2","time","outcome","lClicked_0","lClicked_1","condition"
"6661-0",0,1,1,0,1,42,0,1476475381209,"true",0,1,"split"
"6661-0",0,0,2,1,0,48,1,1476475494185,"true",0,0,"far"
"6661-0",1,0,1,0,2,43,0,1476475391809,"true",0,1,"split"
"6661-0",1,0,0,0,2,49,0,1476475517313,"true",1,0,"close"
"6661-0",0,1,0,0,1,24,0,1476475118590,"true",1,0,"split"
"6661-0",0,1,0,0,1,25,0,1476475147387,"true",1,0,"split"
"6661-0",0,1,1,0,1,26,0,1476475162737,"true",0,1,"split"
"6661-0",0,0,1,1,0,27,0,1476475174738,"true",0,1,"close"
"6661-0",0,0,0,1,0,20,0,1476475043349,"true",1,0,"far"
"6661-0",1,0,0,0,2,21,0,1476475052318,"true",1,0,"split"
"6661-0",1,0,0,0,2,22,0,1476475063612,"true",1,0,"split"
"6661-0",0,0,1,1,0,23,0,1476475080144,"true",0,1,"split"
"6661-0",1,0,2,0,2,46,1,1476475453565,"true",0,0,"close"
"6661-0",1,0,1,0,2,47,0,1476475480907,"false",0,1,"close"
"6661-0",1,0,2,0,2,44,1,1476475398934,"true",0,0,"far"
"6661-0",1,0,2,0,2,45,1,1476475426264,"true",0,0,"close"
"6661-0",1,0,2,0,2,28,1,1476475183829,"true",0,0,"far"
"6661-0",0,1,0,0,1,29,0,1476475216765,"true",1,0,"close"
"6661-0",1,0,2,0,2,40,1,1476475360025,"true",0,0,"close"
"6661-0",0,0,2,1,0,41,1,1476475370385,"true",0,0,"close"
"6661-0",0,0,1,1,0,1,0,1476474707236,"true",0,1,"split"
"6661-0",0,0,1,1,0,3,0,1476474730187,"true",0,1,"far"
"6661-0",0,0,2,1,0,2,1,1476474715506,"true",0,0,"far"
"6661-0",0,1,0,0,1,5,0,1476474768224,"true",1,0,"far"
"6661-0",0,0,2,1,0,4,1,1476474743302,"true",0,0,"far"
"6661-0",1,0,0,0,2,7,0,1476474790067,"true",1,0,"split"
"6661-0",1,0,0,0,2,6,0,1476474776448,"true",1,0,"far"
"6661-0",0,0,1,1,0,9,0,1476474825152,"true",0,1,"close"
"6661-0",1,0,1,0,2,8,0,1476474809672,"true",0,1,"far"
"6661-0",1,0,2,0,2,39,1,1476475351885,"true",0,0,"close"
"6661-0",1,0,0,0,2,38,0,1476475331542,"true",1,0,"split"
"6661-0",1,0,0,0,2,11,0,1476474843561,"true",1,0,"close"
"6661-0",0,0,2,1,0,10,1,1476474834322,"true",0,0,"split"
"6661-0",1,0,0,0,2,13,0,1476474884597,"true",1,0,"far"
"6661-0",0,1,0,0,1,12,0,1476474875563,"true",1,0,"close"
"6661-0",0,1,2,0,1,15,1,1476474912850,"true",0,0,"split"
"6661-0",1,0,0,0,2,14,0,1476474898410,"true",1,0,"split"
"6661-0",1,0,1,0,2,17,0,1476474990634,"true",0,1,"close"
"6661-0",0,0,0,1,0,16,0,1476474972119,"true",1,0,"split"
"6661-0",1,0,2,0,2,19,1,1476475016309,"true",0,0,"split"
"6661-0",1,0,0,0,2,18,0,1476475005560,"false",1,0,"close"
"6661-0",0,0,0,1,0,31,0,1476475240496,"true",1,0,"far"
"6661-0",0,1,1,0,1,30,0,1476475232716,"true",0,1,"far"
"6661-0",0,1,2,0,1,37,1,1476475315054,"true",0,0,"split"
"6661-0",1,0,0,0,2,36,0,1476475304374,"false",1,0,"close"
"6661-0",0,1,0,0,1,35,0,1476475292545,"true",1,0,"close"
"6661-0",0,0,2,1,0,34,1,1476475267647,"true",0,0,"far"
"6661-0",0,0,0,1,0,33,0,1476475256750,"true",1,0,"far"
"6661-0",0,0,2,1,0,32,1,1476475248513,"true",0,0,"far"
"6661-0",1,0,0,0,2,50,0,1476475525077,"true",1,0,"far"
