"gameid","sClicked_2","sClicked_1","lClickedIndex","sClicked_0","sClickedIndex","roundNum","lClicked_2","time","outcome","lClicked_0","lClicked_1","condition"
"6673-7",0,0,0,1,0,42,0,1476499465284,"true",1,0,"split"
"6673-7",0,1,2,0,1,48,1,1476499523114,"true",0,0,"split"
"6673-7",0,1,2,0,1,43,1,1476499475790,"true",0,0,"split"
"6673-7",0,1,2,0,1,49,1,1476499536813,"true",0,0,"far"
"6673-7",0,0,1,1,0,24,0,1476499232253,"true",0,1,"close"
"6673-7",0,1,0,0,1,25,0,1476499257949,"true",1,0,"close"
"6673-7",0,1,1,0,1,26,0,1476499273902,"true",0,1,"close"
"6673-7",0,1,0,0,1,27,0,1476499295865,"true",1,0,"close"
"6673-7",0,1,1,0,1,20,0,1476499184622,"true",0,1,"split"
"6673-7",0,0,2,1,0,21,1,1476499203783,"true",0,0,"close"
"6673-7",0,1,2,0,1,22,1,1476499215110,"true",0,0,"close"
"6673-7",1,0,0,0,2,23,0,1476499221933,"true",1,0,"far"
"6673-7",0,0,2,1,0,46,1,1476499504948,"true",0,0,"close"
"6673-7",1,0,2,0,2,47,1,1476499511843,"true",0,0,"far"
"6673-7",0,1,1,0,1,44,0,1476499484244,"true",0,1,"split"
"6673-7",0,0,0,1,0,45,0,1476499495492,"true",1,0,"split"
"6673-7",0,1,0,0,1,28,0,1476499310772,"true",1,0,"close"
"6673-7",0,1,0,0,1,29,0,1476499319852,"true",1,0,"far"
"6673-7",0,1,2,0,1,40,1,1476499445543,"true",0,0,"split"
"6673-7",0,1,1,0,1,41,0,1476499453348,"true",0,1,"far"
"6673-7",1,0,2,0,2,1,1,1476498945235,"true",0,0,"close"
"6673-7",0,0,1,1,0,3,0,1476498977136,"true",0,1,"close"
"6673-7",0,1,2,0,1,2,1,1476498960929,"true",0,0,"close"
"6673-7",0,0,2,1,0,5,1,1476499004730,"true",0,0,"split"
"6673-7",0,0,1,1,0,4,0,1476498990776,"true",0,1,"split"
"6673-7",1,0,1,0,2,7,0,1476499030494,"true",0,1,"close"
"6673-7",0,0,0,1,0,6,0,1476499014385,"true",1,0,"split"
"6673-7",1,0,1,0,2,9,0,1476499058855,"true",0,1,"split"
"6673-7",0,1,1,0,1,8,0,1476499038719,"true",0,1,"far"
"6673-7",0,0,1,1,0,39,0,1476499435027,"true",0,1,"split"
"6673-7",0,1,2,0,1,38,1,1476499422755,"true",0,0,"far"
"6673-7",0,1,0,0,1,11,0,1476499098111,"true",1,0,"close"
"6673-7",0,0,1,1,0,10,0,1476499071855,"false",0,1,"far"
"6673-7",1,0,0,0,2,13,0,1476499117910,"true",1,0,"split"
"6673-7",0,0,1,1,0,12,0,1476499106188,"true",0,1,"split"
"6673-7",0,1,0,0,1,15,0,1476499139381,"true",1,0,"far"
"6673-7",1,0,2,0,2,14,1,1476499131592,"true",0,0,"far"
"6673-7",0,0,2,1,0,17,1,1476499155510,"true",0,0,"far"
"6673-7",1,0,0,0,2,16,0,1476499148184,"true",1,0,"close"
"6673-7",0,1,2,0,1,19,1,1476499172606,"true",0,0,"far"
"6673-7",0,0,0,1,0,18,0,1476499165389,"true",1,0,"far"
"6673-7",0,0,0,1,0,31,0,1476499336335,"true",1,0,"far"
"6673-7",0,0,2,1,0,30,1,1476499328372,"true",0,0,"far"
"6673-7",0,0,1,1,0,37,0,1476499413619,"true",0,1,"far"
"6673-7",1,0,0,0,2,36,0,1476499406859,"false",1,0,"split"
"6673-7",0,0,0,1,0,35,0,1476499397125,"true",1,0,"close"
"6673-7",1,0,2,0,2,34,1,1476499374212,"true",0,0,"close"
"6673-7",1,0,2,0,2,33,1,1476499353936,"true",0,0,"far"
"6673-7",1,0,0,0,2,32,0,1476499346052,"true",1,0,"split"
"6673-7",0,0,1,1,0,50,0,1476499546707,"true",0,1,"split"
