"gameid","sClicked_2","sClicked_1","lClickedIndex","sClicked_0","sClickedIndex","roundNum","lClicked_2","time","outcome","lClicked_0","lClicked_1","condition"
"6682-b",1,0,1,0,2,42,0,1476469736507,"true",0,1,"split"
"6682-b",0,0,0,1,0,48,0,1476469833488,"true",1,0,"split"
"6682-b",0,0,1,1,0,43,0,1476469744349,"true",0,1,"far"
"6682-b",0,1,1,0,1,49,0,1476469840710,"true",0,1,"close"
"6682-b",0,1,0,0,1,24,0,1476469458326,"true",1,0,"split"
"6682-b",1,0,0,0,2,25,0,1476469464197,"true",1,0,"split"
"6682-b",1,0,0,0,2,26,0,1476469471126,"true",1,0,"split"
"6682-b",0,1,1,0,1,27,0,1476469477497,"true",0,1,"far"
"6682-b",1,0,1,0,2,20,0,1476469427341,"true",0,1,"far"
"6682-b",0,1,1,0,1,21,0,1476469439275,"true",0,1,"split"
"6682-b",0,0,1,1,0,22,0,1476469445978,"true",0,1,"far"
"6682-b",1,0,2,0,2,23,1,1476469452041,"true",0,0,"far"
"6682-b",1,0,0,0,2,46,0,1476469813431,"true",1,0,"close"
"6682-b",0,0,1,1,0,47,0,1476469825551,"true",0,1,"far"
"6682-b",0,0,0,1,0,44,0,1476469755094,"true",1,0,"far"
"6682-b",0,0,1,1,0,45,0,1476469796988,"true",0,1,"split"
"6682-b",0,0,2,1,0,28,1,1476469487872,"true",0,0,"split"
"6682-b",0,0,2,1,0,29,1,1476469493955,"true",0,0,"far"
"6682-b",0,1,2,0,1,40,1,1476469717619,"true",0,0,"far"
"6682-b",0,0,0,1,0,41,0,1476469729178,"true",1,0,"split"
"6682-b",0,1,0,0,1,1,0,1476469190633,"true",1,0,"far"
"6682-b",1,0,0,0,2,3,0,1476469215403,"true",1,0,"split"
"6682-b",0,1,1,0,1,2,0,1476469206879,"true",0,1,"close"
"6682-b",0,1,2,0,1,5,1,1476469252966,"true",0,0,"close"
"6682-b",0,0,2,1,0,4,1,1476469224561,"true",0,0,"far"
"6682-b",1,0,2,0,2,7,1,1476469269700,"true",0,0,"far"
"6682-b",0,1,2,0,1,6,1,1476469261576,"true",0,0,"split"
"6682-b",0,0,0,1,0,9,0,1476469288558,"true",1,0,"split"
"6682-b",1,0,2,0,2,8,1,1476469279953,"true",0,0,"far"
"6682-b",0,0,0,1,0,39,0,1476469695224,"false",1,0,"close"
"6682-b",1,0,1,0,2,38,0,1476469674399,"true",0,1,"split"
"6682-b",0,1,0,0,1,11,0,1476469309389,"true",1,0,"far"
"6682-b",0,1,1,0,1,10,0,1476469301907,"true",0,1,"close"
"6682-b",1,0,2,0,2,13,1,1476469330840,"true",0,0,"close"
"6682-b",0,1,2,0,1,12,1,1476469323230,"true",0,0,"close"
"6682-b",0,0,0,1,0,15,0,1476469354226,"true",1,0,"close"
"6682-b",0,0,2,1,0,14,1,1476469338054,"true",0,0,"far"
"6682-b",0,0,2,1,0,17,1,1476469389853,"true",0,0,"close"
"6682-b",1,0,2,0,2,16,1,1476469364480,"true",0,0,"split"
"6682-b",0,0,1,1,0,19,0,1476469420836,"false",0,1,"close"
"6682-b",1,0,0,0,2,18,0,1476469395958,"true",1,0,"close"
"6682-b",0,0,1,1,0,31,0,1476469523228,"true",0,1,"far"
"6682-b",0,0,0,1,0,30,0,1476469510090,"true",1,0,"close"
"6682-b",0,1,0,0,1,37,0,1476469667558,"true",1,0,"far"
"6682-b",0,0,2,1,0,36,1,1476469660087,"true",0,0,"close"
"6682-b",1,0,1,0,2,35,0,1476469625327,"true",0,1,"close"
"6682-b",1,0,2,0,2,34,1,1476469603821,"false",0,0,"close"
"6682-b",0,1,2,0,1,33,1,1476469566388,"true",0,0,"close"
"6682-b",0,1,0,0,1,32,0,1476469547545,"true",1,0,"split"
"6682-b",1,0,0,0,2,50,0,1476469872693,"true",1,0,"split"
