"gameid","sClicked_2","sClicked_1","lClickedIndex","sClicked_0","sClickedIndex","roundNum","lClicked_2","time","outcome","lClicked_0","lClicked_1","condition"
"6694-c",0,0,1,1,0,42,0,1459894971877,"true",0,1,"far"
"6694-c",1,0,1,0,2,48,0,1459895049962,"true",0,1,"far"
"6694-c",0,0,0,1,0,43,0,1459894984989,"true",1,0,"split"
"6694-c",0,1,0,0,1,49,0,1459895064462,"true",1,0,"split"
"6694-c",0,1,1,0,1,24,0,1459894735560,"true",0,1,"far"
"6694-c",0,0,1,1,0,25,0,1459894743937,"true",0,1,"close"
"6694-c",0,0,1,1,0,26,0,1459894755119,"true",0,1,"far"
"6694-c",0,1,1,0,1,27,0,1459894767759,"true",0,1,"split"
"6694-c",0,0,1,1,0,20,0,1459894689219,"true",0,1,"close"
"6694-c",0,0,2,1,0,21,1,1459894696843,"true",0,0,"far"
"6694-c",0,0,0,1,0,22,0,1459894711911,"true",1,0,"far"
"6694-c",0,1,0,0,1,23,0,1459894719458,"true",1,0,"far"
"6694-c",1,0,0,0,2,46,0,1459895023977,"true",1,0,"far"
"6694-c",1,0,0,0,2,47,0,1459895040241,"false",1,0,"close"
"6694-c",0,1,1,0,1,44,0,1459895001075,"true",0,1,"close"
"6694-c",1,0,2,0,2,45,1,1459895014933,"true",0,0,"close"
"6694-c",1,0,0,0,2,28,0,1459894778998,"false",1,0,"close"
"6694-c",1,0,0,0,2,29,0,1459894795525,"false",1,0,"split"
"6694-c",0,0,0,1,0,40,0,1459894939241,"true",1,0,"split"
"6694-c",0,1,2,0,1,41,1,1459894964428,"true",0,0,"split"
"6694-c",0,0,2,1,0,1,1,1459894454881,"true",0,0,"split"
"6694-c",0,1,1,0,1,3,0,1459894476520,"true",0,1,"split"
"6694-c",1,0,1,0,2,2,0,1459894464678,"true",0,1,"split"
"6694-c",0,0,0,1,0,5,0,1459894500880,"true",1,0,"far"
"6694-c",0,0,0,1,0,4,0,1459894486109,"true",1,0,"split"
"6694-c",1,0,0,0,2,7,0,1459894538155,"false",1,0,"close"
"6694-c",0,0,1,1,0,6,0,1459894516286,"true",0,1,"close"
"6694-c",0,0,0,1,0,9,0,1459894564817,"true",1,0,"close"
"6694-c",1,0,0,0,2,8,0,1459894548299,"true",1,0,"split"
"6694-c",1,0,1,0,2,39,0,1459894926798,"true",0,1,"far"
"6694-c",0,0,2,1,0,38,1,1459894917055,"true",0,0,"close"
"6694-c",0,0,0,1,0,11,0,1459894589088,"true",1,0,"close"
"6694-c",1,0,2,0,2,10,1,1459894577241,"true",0,0,"split"
"6694-c",1,0,2,0,2,13,1,1459894614022,"false",0,0,"close"
"6694-c",0,0,0,1,0,12,0,1459894597776,"true",1,0,"split"
"6694-c",0,1,2,0,1,15,1,1459894634605,"true",0,0,"far"
"6694-c",1,0,1,0,2,14,0,1459894626990,"true",0,1,"split"
"6694-c",0,0,0,1,0,17,0,1459894651304,"true",1,0,"close"
"6694-c",0,1,1,0,1,16,0,1459894641886,"true",0,1,"far"
"6694-c",1,0,2,0,2,19,1,1459894674932,"true",0,0,"split"
"6694-c",0,1,1,0,1,18,0,1459894665684,"true",0,1,"split"
"6694-c",1,0,0,0,2,31,0,1459894810991,"true",1,0,"far"
"6694-c",1,0,1,0,2,30,0,1459894802820,"true",0,1,"far"
"6694-c",0,1,1,0,1,37,0,1459894901008,"false",0,1,"close"
"6694-c",0,1,2,0,1,36,1,1459894877537,"true",0,0,"far"
"6694-c",0,0,0,1,0,35,0,1459894868962,"true",1,0,"close"
"6694-c",0,0,0,1,0,34,0,1459894855232,"true",1,0,"close"
"6694-c",0,1,1,0,1,33,0,1459894841860,"true",0,1,"split"
"6694-c",1,0,0,0,2,32,0,1459894830196,"true",1,0,"close"
"6694-c",1,0,1,0,2,50,0,1459895075998,"true",0,1,"far"
