"gameid","sClicked_2","sClicked_1","lClickedIndex","sClicked_0","sClickedIndex","roundNum","lClicked_2","time","outcome","lClicked_0","lClicked_1","condition"
"6698-2",0,1,0,0,1,42,0,1476989757151,"true",1,0,"close"
"6698-2",0,1,2,0,1,48,1,1476989910733,"true",0,0,"far"
"6698-2",1,0,2,0,2,43,1,1476989786919,"true",0,0,"split"
"6698-2",0,0,2,1,0,49,1,1476989935809,"true",0,0,"split"
"6698-2",0,0,1,1,0,24,0,1476989271108,"true",0,1,"close"
"6698-2",1,0,2,0,2,25,1,1476989314160,"true",0,0,"split"
"6698-2",1,0,0,0,2,26,0,1476989327459,"true",1,0,"far"
"6698-2",0,1,2,0,1,20,1,1476989142518,"false",0,0,"far"
"6698-2",0,1,2,0,1,21,1,1476989217759,"false",0,0,"close"
"6698-2",0,1,2,0,1,22,1,1476989230284,"true",0,0,"far"
"6698-2",0,1,0,0,1,23,0,1476989244821,"true",1,0,"far"
"6698-2",1,0,2,0,2,46,1,1476989859531,"true",0,0,"close"
"6698-2",0,1,0,0,1,44,0,1476989805104,"true",1,0,"split"
"6698-2",0,0,1,1,0,45,0,1476989816095,"true",0,1,"far"
"6698-2",0,0,2,1,0,28,1,1476989394787,"true",0,0,"split"
"6698-2",0,1,0,0,1,29,0,1476989403179,"true",1,0,"far"
"6698-2",0,0,0,1,0,40,0,1476989664837,"true",1,0,"close"
"6698-2",1,0,2,0,2,41,1,1476989709345,"true",0,0,"split"
"6698-2",1,0,1,0,2,1,0,1476988519910,"true",0,1,"split"
"6698-2",0,1,1,0,1,3,0,1476988600375,"true",0,1,"split"
"6698-2",0,0,0,1,0,2,0,1476988557422,"true",1,0,"close"
"6698-2",0,1,1,0,1,5,0,1476988679717,"true",0,1,"far"
"6698-2",1,0,1,0,2,7,0,1476988719363,"true",0,1,"far"
"6698-2",0,0,2,1,0,6,1,1476988703777,"true",0,0,"far"
"6698-2",1,0,1,0,2,9,0,1476988784640,"true",0,1,"close"
"6698-2",1,0,2,0,2,8,1,1476988766998,"false",0,0,"split"
"6698-2",0,0,2,1,0,39,1,1476989649177,"true",0,0,"far"
"6698-2",1,0,1,0,2,38,0,1476989603949,"true",0,1,"split"
"6698-2",0,0,2,1,0,11,1,1476988839492,"true",0,0,"split"
"6698-2",1,0,2,0,2,10,1,1476988813397,"true",0,0,"split"
"6698-2",0,0,0,1,0,13,0,1476988890920,"true",1,0,"far"
"6698-2",0,1,1,0,1,12,0,1476988878971,"false",0,1,"close"
"6698-2",1,0,2,0,2,15,1,1476988960510,"true",0,0,"close"
"6698-2",0,1,1,0,1,14,0,1476988932298,"false",0,1,"close"
"6698-2",1,0,2,0,2,17,1,1476989052677,"true",0,0,"split"
"6698-2",1,0,2,0,2,19,1,1476989117755,"true",0,0,"close"
"6698-2",0,0,0,1,0,18,0,1476989080940,"true",1,0,"split"
"6698-2",1,0,0,0,2,31,0,1476989459590,"true",1,0,"split"
"6698-2",1,0,2,0,2,30,1,1476989437626,"false",0,0,"close"
"6698-2",0,0,1,1,0,37,0,1476989573354,"true",0,1,"far"
"6698-2",0,1,1,0,1,36,0,1476989550049,"true",0,1,"close"
"6698-2",0,1,1,0,1,34,0,1476989507142,"true",0,1,"split"
"6698-2",0,0,1,1,0,33,0,1476989491310,"true",0,1,"far"
"6698-2",1,0,0,0,2,32,0,1476989479486,"true",1,0,"far"
"6698-2",1,0,0,0,2,50,0,1476989966135,"true",1,0,"far"
