"gameid","sClicked_2","sClicked_1","lClickedIndex","sClicked_0","sClickedIndex","roundNum","lClicked_2","time","outcome","lClicked_0","lClicked_1","condition"
"6706-9",0,0,2,1,0,42,1,1476990270483,"true",0,0,"split"
"6706-9",0,1,2,0,1,48,1,1476990329502,"true",0,0,"far"
"6706-9",0,1,1,0,1,43,0,1476990280497,"true",0,1,"split"
"6706-9",0,0,0,1,0,49,0,1476990335834,"true",1,0,"far"
"6706-9",1,0,0,0,2,24,0,1476990066615,"false",1,0,"close"
"6706-9",0,1,0,0,1,25,0,1476990078189,"true",1,0,"close"
"6706-9",1,0,2,0,2,26,1,1476990090506,"true",0,0,"close"
"6706-9",0,1,2,0,1,27,1,1476990096850,"true",0,0,"split"
"6706-9",0,1,2,0,1,20,1,1476989993905,"true",0,0,"close"
"6706-9",1,0,0,0,2,21,0,1476990003006,"true",1,0,"split"
"6706-9",0,1,0,0,1,22,0,1476990019956,"true",1,0,"close"
"6706-9",0,0,2,1,0,23,1,1476990036316,"true",0,0,"split"
"6706-9",1,0,2,0,2,46,1,1476990307223,"true",0,0,"far"
"6706-9",0,0,0,1,0,47,0,1476990319570,"true",1,0,"close"
"6706-9",1,0,1,0,2,44,0,1476990286224,"true",0,1,"far"
"6706-9",0,1,2,0,1,45,1,1476990301578,"true",0,0,"close"
"6706-9",1,0,0,0,2,28,0,1476990107162,"false",1,0,"close"
"6706-9",0,1,0,0,1,29,0,1476990122038,"true",1,0,"split"
"6706-9",1,0,0,0,2,40,0,1476990247178,"true",1,0,"far"
"6706-9",0,0,2,1,0,41,1,1476990260166,"true",0,0,"far"
"6706-9",0,1,1,0,1,1,0,1476989754702,"false",0,1,"close"
"6706-9",0,0,0,1,0,3,0,1476989781618,"true",1,0,"far"
"6706-9",0,1,1,0,1,2,0,1476989766914,"true",0,1,"split"
"6706-9",0,0,2,1,0,5,1,1476989802058,"true",0,0,"split"
"6706-9",1,0,0,0,2,4,0,1476989791243,"true",1,0,"split"
"6706-9",0,1,1,0,1,7,0,1476989825993,"true",0,1,"split"
"6706-9",0,0,2,1,0,6,1,1476989812058,"true",0,0,"far"
"6706-9",1,0,1,0,2,9,0,1476989845028,"true",0,1,"split"
"6706-9",0,1,0,0,1,8,0,1476989835141,"true",1,0,"split"
"6706-9",0,1,2,0,1,39,1,1476990240445,"true",0,0,"far"
"6706-9",0,0,2,1,0,38,1,1476990233519,"true",0,0,"split"
"6706-9",0,0,0,1,0,11,0,1476989879842,"true",1,0,"close"
"6706-9",0,1,2,0,1,10,1,1476989866455,"true",0,0,"close"
"6706-9",0,0,2,1,0,13,1,1476989907633,"true",0,0,"split"
"6706-9",0,1,2,0,1,12,1,1476989898677,"true",0,0,"split"
"6706-9",0,1,0,0,1,15,0,1476989936522,"true",1,0,"close"
"6706-9",0,0,0,1,0,14,0,1476989914995,"true",1,0,"far"
"6706-9",0,1,0,0,1,17,0,1476989954286,"true",1,0,"split"
"6706-9",1,0,0,0,2,16,0,1476989943716,"true",1,0,"far"
"6706-9",0,0,1,1,0,19,0,1476989983983,"true",0,1,"far"
"6706-9",0,1,0,0,1,18,0,1476989977636,"false",1,0,"close"
"6706-9",1,0,1,0,2,31,0,1476990143650,"true",0,1,"close"
"6706-9",0,1,1,0,1,30,0,1476990128415,"true",0,1,"far"
"6706-9",1,0,1,0,2,37,0,1476990218793,"true",0,1,"far"
"6706-9",1,0,2,0,2,36,1,1476990209419,"true",0,0,"split"
"6706-9",0,1,1,0,1,35,0,1476990194507,"true",0,1,"close"
"6706-9",1,0,0,0,2,34,0,1476990184779,"true",1,0,"far"
"6706-9",1,0,2,0,2,33,1,1476990170891,"false",0,0,"close"
"6706-9",0,0,2,1,0,32,1,1476990156880,"true",0,0,"far"
"6706-9",1,0,1,0,2,50,0,1476990342940,"true",0,1,"far"
