"gameid","sClicked_2","sClicked_1","lClickedIndex","sClicked_0","sClickedIndex","roundNum","lClicked_2","time","outcome","lClicked_0","lClicked_1","condition"
"6710-f",1,0,0,0,2,42,0,1476995709986,"true",1,0,"close"
"6710-f",1,0,0,0,2,48,0,1476995776673,"true",1,0,"split"
"6710-f",0,1,0,0,1,43,0,1476995719794,"true",1,0,"close"
"6710-f",1,0,1,0,2,49,0,1476995784001,"true",0,1,"far"
"6710-f",1,0,1,0,2,24,0,1476995500719,"true",0,1,"close"
"6710-f",0,1,0,0,1,25,0,1476995532944,"true",1,0,"close"
"6710-f",0,0,2,1,0,26,1,1476995541683,"true",0,0,"split"
"6710-f",0,1,2,0,1,27,1,1476995548480,"true",0,0,"split"
"6710-f",0,0,2,1,0,20,1,1476995441605,"true",0,0,"split"
"6710-f",1,0,2,0,2,21,1,1476995457475,"false",0,0,"split"
"6710-f",0,0,0,1,0,22,0,1476995467647,"true",1,0,"far"
"6710-f",0,0,0,1,0,23,0,1476995479037,"false",1,0,"split"
"6710-f",0,0,0,1,0,46,0,1476995754761,"true",1,0,"far"
"6710-f",0,0,2,1,0,47,1,1476995766266,"true",0,0,"close"
"6710-f",1,0,0,0,2,44,0,1476995733787,"true",1,0,"close"
"6710-f",0,1,0,0,1,45,0,1476995745207,"false",1,0,"far"
"6710-f",0,1,2,0,1,28,1,1476995558770,"true",0,0,"close"
"6710-f",1,0,1,0,2,29,0,1476995568131,"true",0,1,"far"
"6710-f",0,0,2,1,0,40,1,1476995694588,"true",0,0,"split"
"6710-f",0,1,2,0,1,41,1,1476995701106,"true",0,0,"far"
"6710-f",0,1,0,0,1,1,0,1476995224797,"true",1,0,"far"
"6710-f",0,0,0,1,0,3,0,1476995247873,"true",1,0,"split"
"6710-f",0,0,2,1,0,2,1,1476995236255,"true",0,0,"close"
"6710-f",1,0,2,0,2,5,1,1476995263629,"true",0,0,"far"
"6710-f",0,1,1,0,1,4,0,1476995255789,"true",0,1,"far"
"6710-f",1,0,2,0,2,7,1,1476995282531,"true",0,0,"split"
"6710-f",0,0,0,1,0,6,0,1476995272402,"true",1,0,"far"
"6710-f",0,1,2,0,1,9,1,1476995300435,"true",0,0,"close"
"6710-f",1,0,2,0,2,8,1,1476995293426,"true",0,0,"close"
"6710-f",0,0,0,1,0,39,0,1476995680639,"true",1,0,"far"
"6710-f",0,0,0,1,0,38,0,1476995672673,"true",1,0,"split"
"6710-f",1,0,2,0,2,11,1,1476995339500,"true",0,0,"split"
"6710-f",0,0,2,1,0,10,1,1476995329947,"true",0,0,"close"
"6710-f",0,1,0,0,1,13,0,1476995357907,"true",1,0,"far"
"6710-f",0,0,0,1,0,12,0,1476995347765,"true",1,0,"split"
"6710-f",0,1,1,0,1,15,0,1476995378011,"true",0,1,"close"
"6710-f",0,0,1,1,0,14,0,1476995364955,"true",0,1,"far"
"6710-f",0,0,1,1,0,17,0,1476995398848,"true",0,1,"split"
"6710-f",0,0,1,1,0,16,0,1476995385116,"true",0,1,"split"
"6710-f",0,0,0,1,0,19,0,1476995424722,"true",1,0,"far"
"6710-f",0,1,2,0,1,18,1,1476995416974,"true",0,0,"split"
"6710-f",0,0,1,1,0,31,0,1476995584524,"false",0,1,"close"
"6710-f",0,0,1,1,0,30,0,1476995575617,"true",0,1,"far"
"6710-f",0,1,2,0,1,37,1,1476995664339,"true",0,0,"close"
"6710-f",0,1,2,0,1,36,1,1476995654937,"true",0,0,"split"
"6710-f",0,1,0,0,1,35,0,1476995640815,"true",1,0,"far"
"6710-f",1,0,2,0,2,34,1,1476995633932,"true",0,0,"split"
"6710-f",0,1,0,0,1,33,0,1476995623752,"false",1,0,"close"
"6710-f",0,0,2,1,0,32,1,1476995614805,"true",0,0,"close"
"6710-f",1,0,2,0,2,50,1,1476995792025,"true",0,0,"far"
