"gameid","sClicked_2","sClicked_1","lClickedIndex","sClicked_0","sClickedIndex","roundNum","lClicked_2","time","outcome","lClicked_0","lClicked_1","condition"
"6719-f",0,0,2,1,0,42,1,1459877781218,"false",0,0,"split"
"6719-f",1,0,0,0,2,48,0,1459877839090,"false",1,0,"close"
"6719-f",0,0,1,1,0,43,0,1459877796594,"true",0,1,"split"
"6719-f",1,0,0,0,2,49,0,1459877856921,"false",1,0,"far"
"6719-f",1,0,2,0,2,24,1,1459877600236,"true",0,0,"far"
"6719-f",0,1,2,0,1,25,1,1459877613356,"true",0,0,"close"
"6719-f",0,1,0,0,1,26,0,1459877622260,"true",1,0,"far"
"6719-f",0,1,0,0,1,27,0,1459877632533,"true",1,0,"split"
"6719-f",1,0,1,0,2,20,0,1459877558542,"true",0,1,"far"
"6719-f",0,1,0,0,1,21,0,1459877567743,"true",1,0,"close"
"6719-f",0,1,2,0,1,22,1,1459877575990,"true",0,0,"far"
"6719-f",0,1,0,0,1,23,0,1459877588038,"true",1,0,"split"
"6719-f",0,1,1,0,1,46,0,1459877822602,"true",0,1,"far"
"6719-f",0,0,0,1,0,47,0,1459877830931,"true",1,0,"close"
"6719-f",0,1,0,0,1,44,0,1459877809454,"true",1,0,"close"
"6719-f",0,1,0,0,1,45,0,1459877816211,"true",1,0,"split"
"6719-f",0,1,1,0,1,28,0,1459877645085,"false",0,1,"close"
"6719-f",0,0,2,1,0,29,1,1459877656143,"true",0,0,"far"
"6719-f",1,0,2,0,2,40,1,1459877763027,"true",0,0,"far"
"6719-f",0,1,2,0,1,41,1,1459877772022,"true",0,0,"split"
"6719-f",1,0,2,0,2,1,1,1459877353645,"true",0,0,"far"
"6719-f",1,0,1,0,2,3,0,1459877375668,"false",0,1,"close"
"6719-f",0,0,1,1,0,2,0,1459877361073,"true",0,1,"far"
"6719-f",0,0,2,1,0,5,1,1459877398001,"true",0,0,"close"
"6719-f",1,0,0,0,2,4,0,1459877382161,"true",1,0,"far"
"6719-f",0,0,2,1,0,7,1,1459877416451,"true",0,0,"split"
"6719-f",0,0,1,1,0,6,0,1459877407575,"true",0,1,"split"
"6719-f",1,0,0,0,2,9,0,1459877436503,"true",1,0,"far"
"6719-f",0,1,0,0,1,8,0,1459877426954,"true",1,0,"split"
"6719-f",0,1,1,0,1,39,0,1459877756428,"true",0,1,"split"
"6719-f",0,1,2,0,1,38,1,1459877747148,"true",0,0,"close"
"6719-f",1,0,2,0,2,11,1,1459877460303,"true",0,0,"split"
"6719-f",1,0,0,0,2,10,0,1459877451376,"true",1,0,"split"
"6719-f",0,1,0,0,1,13,0,1459877491574,"false",1,0,"split"
"6719-f",0,0,2,1,0,12,1,1459877479374,"false",0,0,"close"
"6719-f",0,0,1,1,0,15,0,1459877510713,"true",0,1,"split"
"6719-f",1,0,1,0,2,14,0,1459877500943,"true",0,1,"split"
"6719-f",0,1,0,0,1,17,0,1459877530782,"true",1,0,"far"
"6719-f",0,0,1,1,0,16,0,1459877522607,"true",0,1,"close"
"6719-f",1,0,2,0,2,19,1,1459877551469,"true",0,0,"far"
"6719-f",1,0,1,0,2,18,0,1459877545331,"true",0,1,"far"
"6719-f",0,1,1,0,1,31,0,1459877681332,"true",0,1,"split"
"6719-f",1,0,2,0,2,30,1,1459877673075,"false",0,0,"close"
"6719-f",0,1,2,0,1,37,1,1459877738651,"false",0,0,"close"
"6719-f",0,0,0,1,0,36,0,1459877726941,"false",1,0,"close"
"6719-f",0,0,0,1,0,35,0,1459877718070,"true",1,0,"far"
"6719-f",0,1,2,0,1,34,1,1459877711187,"true",0,0,"far"
"6719-f",0,0,2,1,0,33,1,1459877704068,"true",0,0,"close"
"6719-f",0,0,0,1,0,32,0,1459877691036,"true",1,0,"split"
"6719-f",1,0,2,0,2,50,1,1459877868467,"false",0,0,"close"
