"gameid","sClicked_2","sClicked_1","lClickedIndex","sClicked_0","sClickedIndex","roundNum","lClicked_2","time","outcome","lClicked_0","lClicked_1","condition"
"6720-4",1,0,2,0,2,42,1,1476994880165,"true",0,0,"close"
"6720-4",0,0,1,1,0,48,0,1476994933920,"true",0,1,"split"
"6720-4",0,0,2,1,0,43,1,1476994886088,"true",0,0,"split"
"6720-4",0,1,2,0,1,49,1,1476994941165,"true",0,0,"far"
"6720-4",0,0,1,1,0,24,0,1476994619165,"true",0,1,"split"
"6720-4",0,0,0,1,0,25,0,1476994643492,"true",1,0,"close"
"6720-4",0,0,2,1,0,26,1,1476994650352,"true",0,0,"far"
"6720-4",0,0,2,1,0,27,1,1476994657942,"true",0,0,"far"
"6720-4",0,0,0,1,0,20,0,1476994590911,"true",1,0,"close"
"6720-4",0,0,0,1,0,21,0,1476994597738,"true",1,0,"split"
"6720-4",1,0,1,0,2,22,0,1476994603936,"true",0,1,"far"
"6720-4",0,1,0,0,1,23,0,1476994610059,"true",1,0,"split"
"6720-4",0,1,1,0,1,46,0,1476994907077,"true",0,1,"split"
"6720-4",0,1,1,0,1,47,0,1476994914383,"true",0,1,"close"
"6720-4",1,0,0,0,2,44,0,1476994892542,"true",1,0,"split"
"6720-4",0,1,1,0,1,45,0,1476994898123,"true",0,1,"close"
"6720-4",0,1,1,0,1,28,0,1476994664098,"true",0,1,"far"
"6720-4",0,1,0,0,1,29,0,1476994671321,"true",1,0,"close"
"6720-4",0,0,0,1,0,40,0,1476994865923,"true",1,0,"close"
"6720-4",0,1,1,0,1,41,0,1476994871579,"true",0,1,"far"
"6720-4",0,1,1,0,1,1,0,1476994390856,"true",0,1,"far"
"6720-4",1,0,2,0,2,3,1,1476994402223,"true",0,0,"split"
"6720-4",0,1,1,0,1,2,0,1476994396667,"true",0,1,"far"
"6720-4",0,1,1,0,1,5,0,1476994415522,"true",0,1,"split"
"6720-4",0,1,1,0,1,4,0,1476994407737,"true",0,1,"far"
"6720-4",0,0,0,1,0,7,0,1476994441094,"true",1,0,"far"
"6720-4",1,0,1,0,2,6,0,1476994434898,"true",0,1,"split"
"6720-4",1,0,2,0,2,9,1,1476994459252,"true",0,0,"split"
"6720-4",1,0,0,0,2,8,0,1476994449534,"true",1,0,"split"
"6720-4",1,0,0,0,2,39,0,1476994858855,"true",1,0,"split"
"6720-4",1,0,1,0,2,38,0,1476994849998,"true",0,1,"split"
"6720-4",0,1,1,0,1,11,0,1476994499746,"true",0,1,"close"
"6720-4",0,1,0,0,1,10,0,1476994473574,"true",1,0,"close"
"6720-4",1,0,2,0,2,13,1,1476994517379,"true",0,0,"close"
"6720-4",0,1,1,0,1,12,0,1476994508177,"true",0,1,"far"
"6720-4",1,0,2,0,2,15,1,1476994535956,"true",0,0,"close"
"6720-4",0,0,1,1,0,14,0,1476994525681,"true",0,1,"far"
"6720-4",0,1,2,0,1,17,1,1476994558518,"true",0,0,"close"
"6720-4",1,0,2,0,2,16,1,1476994544657,"true",0,0,"split"
"6720-4",0,1,2,0,1,19,1,1476994584766,"true",0,0,"split"
"6720-4",0,1,0,0,1,18,0,1476994576291,"true",1,0,"close"
"6720-4",0,0,1,1,0,31,0,1476994707068,"true",0,1,"close"
"6720-4",1,0,2,0,2,30,1,1476994682086,"true",0,0,"split"
"6720-4",1,0,0,0,2,37,0,1476994838039,"true",1,0,"far"
"6720-4",0,0,0,1,0,36,0,1476994831353,"true",1,0,"close"
"6720-4",1,0,0,0,2,35,0,1476994815634,"true",1,0,"far"
"6720-4",0,1,1,0,1,34,0,1476994802908,"true",0,1,"far"
"6720-4",1,0,1,0,2,33,0,1476994795751,"false",0,1,"close"
"6720-4",0,1,2,0,1,32,1,1476994770485,"true",0,0,"close"
"6720-4",0,1,0,0,1,50,0,1476994957991,"true",1,0,"far"
