"gameid","sClicked_2","sClicked_1","lClickedIndex","sClicked_0","sClickedIndex","roundNum","lClicked_2","time","outcome","lClicked_0","lClicked_1","condition"
"6736-1",0,1,2,0,1,42,1,1476993094953,"true",0,0,"split"
"6736-1",0,0,1,1,0,43,0,1476993125196,"true",0,1,"split"
"6736-1",1,0,2,0,2,24,1,1476992694128,"true",0,0,"far"
"6736-1",0,0,0,1,0,25,0,1476992712656,"true",1,0,"split"
"6736-1",0,0,2,1,0,27,1,1476992749744,"true",0,0,"close"
"6736-1",0,0,1,1,0,20,0,1476992589488,"true",0,1,"split"
"6736-1",0,0,2,1,0,21,1,1476992603997,"true",0,0,"far"
"6736-1",0,0,1,1,0,48,0,1476993237625,"true",0,1,"close"
"6736-1",0,0,1,1,0,23,0,1476992686038,"true",0,1,"close"
"6736-1",0,1,0,0,1,46,0,1476993213008,"true",1,0,"close"
"6736-1",0,1,2,0,1,47,1,1476993228537,"true",0,0,"far"
"6736-1",1,0,2,0,2,44,1,1476993157594,"true",0,0,"far"
"6736-1",1,0,1,0,2,45,0,1476993180089,"true",0,1,"far"
"6736-1",0,1,1,0,1,28,0,1476992760592,"true",0,1,"close"
"6736-1",1,0,1,0,2,29,0,1476992858384,"true",0,1,"close"
"6736-1",0,1,2,0,1,40,1,1476993028995,"true",0,0,"split"
"6736-1",0,1,0,0,1,41,0,1476993076118,"true",1,0,"close"
"6736-1",0,0,0,1,0,1,0,1476992194790,"true",1,0,"far"
"6736-1",0,1,2,0,1,3,1,1476992285289,"true",0,0,"split"
"6736-1",0,1,2,0,1,5,1,1476992319273,"true",0,0,"split"
"6736-1",0,0,0,1,0,4,0,1476992310642,"true",1,0,"close"
"6736-1",1,0,1,0,2,7,0,1476992335689,"true",0,1,"far"
"6736-1",0,0,1,1,0,6,0,1476992328374,"true",0,1,"far"
"6736-1",0,1,1,0,1,9,0,1476992368697,"true",0,1,"split"
"6736-1",0,1,2,0,1,8,1,1476992346486,"true",0,0,"split"
"6736-1",1,0,0,0,2,39,0,1476993015789,"true",1,0,"far"
"6736-1",0,1,1,0,1,38,0,1476993008249,"true",0,1,"close"
"6736-1",0,0,1,1,0,11,0,1476992414246,"true",0,1,"far"
"6736-1",1,0,0,0,2,13,0,1476992456668,"true",1,0,"split"
"6736-1",1,0,0,0,2,12,0,1476992431001,"true",1,0,"split"
"6736-1",0,1,0,0,1,15,0,1476992523616,"true",1,0,"close"
"6736-1",0,0,1,1,0,14,0,1476992464095,"true",0,1,"far"
"6736-1",0,0,1,1,0,17,0,1476992547513,"true",0,1,"far"
"6736-1",0,0,2,1,0,16,1,1476992537891,"false",0,0,"split"
"6736-1",1,0,2,0,2,19,1,1476992569088,"true",0,0,"split"
"6736-1",0,0,0,1,0,18,0,1476992557305,"true",1,0,"far"
"6736-1",0,1,0,0,1,31,0,1476992915321,"true",1,0,"split"
"6736-1",0,1,2,0,1,49,1,1476993260627,"true",0,0,"close"
"6736-1",0,1,1,0,1,37,0,1476992991916,"true",0,1,"close"
"6736-1",0,0,1,1,0,36,0,1476992983452,"true",0,1,"far"
"6736-1",0,0,1,1,0,35,0,1476992975516,"true",0,1,"split"
"6736-1",0,0,1,1,0,34,0,1476992952275,"true",0,1,"far"
"6736-1",0,1,2,0,1,33,1,1476992939523,"true",0,0,"far"
"6736-1",1,0,0,0,2,32,0,1476992927629,"true",1,0,"far"
