"gameid","sClicked_2","sClicked_1","lClickedIndex","sClicked_0","sClickedIndex","roundNum","lClicked_2","time","outcome","lClicked_0","lClicked_1","condition"
"6748-0",0,0,1,1,0,42,0,1476993226171,"true",0,1,"far"
"6748-0",0,0,1,1,0,48,0,1476993457955,"true",0,1,"split"
"6748-0",0,0,1,1,0,43,0,1476993266378,"false",0,1,"split"
"6748-0",1,0,0,0,2,49,0,1476993478388,"true",1,0,"close"
"6748-0",0,0,0,1,0,24,0,1476992661636,"true",1,0,"split"
"6748-0",0,0,0,1,0,25,0,1476992689743,"true",1,0,"split"
"6748-0",0,0,2,1,0,26,1,1476992718142,"true",0,0,"split"
"6748-0",0,1,0,0,1,27,0,1476992741550,"true",1,0,"split"
"6748-0",1,0,1,0,2,20,0,1476992544149,"true",0,1,"split"
"6748-0",0,1,1,0,1,21,0,1476992570229,"false",0,1,"close"
"6748-0",0,1,2,0,1,22,1,1476992584741,"true",0,0,"far"
"6748-0",0,0,0,1,0,23,0,1476992641205,"true",1,0,"close"
"6748-0",0,0,1,1,0,46,0,1476993364314,"true",0,1,"far"
"6748-0",0,1,0,0,1,44,0,1476993291626,"true",1,0,"close"
"6748-0",1,0,0,0,2,45,0,1476993333170,"false",1,0,"far"
"6748-0",0,1,2,0,1,28,1,1476992789673,"false",0,0,"far"
"6748-0",0,0,2,1,0,29,1,1476992840711,"false",0,0,"close"
"6748-0",0,0,0,1,0,41,0,1476993206049,"true",1,0,"split"
"6748-0",0,0,2,1,0,1,1,1476991960442,"false",0,0,"split"
"6748-0",1,0,1,0,2,3,0,1476992011593,"true",0,1,"far"
"6748-0",0,0,1,1,0,2,0,1476991999569,"false",0,1,"split"
"6748-0",1,0,2,0,2,5,1,1476992074257,"true",0,0,"far"
"6748-0",1,0,1,0,2,4,0,1476992041945,"true",0,1,"split"
"6748-0",0,1,2,0,1,7,1,1476992167538,"true",0,0,"far"
"6748-0",1,0,2,0,2,6,1,1476992109753,"true",0,0,"close"
"6748-0",1,0,2,0,2,9,1,1476992251763,"false",0,0,"close"
"6748-0",0,0,0,1,0,8,0,1476992214939,"true",1,0,"close"
"6748-0",0,1,2,0,1,39,1,1476993116897,"true",0,0,"split"
"6748-0",0,1,1,0,1,38,0,1476993085848,"false",0,1,"close"
"6748-0",0,0,2,1,0,11,1,1476992285138,"true",0,0,"far"
"6748-0",1,0,0,0,2,10,0,1476992269867,"true",1,0,"far"
"6748-0",1,0,0,0,2,13,0,1476992386572,"false",1,0,"close"
"6748-0",0,1,0,0,1,12,0,1476992315419,"true",1,0,"split"
"6748-0",1,0,1,0,2,15,0,1476992428763,"true",0,1,"far"
"6748-0",0,1,2,0,1,14,1,1476992420652,"true",0,0,"close"
"6748-0",1,0,2,0,2,17,1,1476992474668,"true",0,0,"close"
"6748-0",0,1,1,0,1,16,0,1476992443156,"true",0,1,"far"
"6748-0",0,1,2,0,1,19,1,1476992507917,"true",0,0,"split"
"6748-0",0,1,0,0,1,18,0,1476992488268,"true",1,0,"far"
"6748-0",1,0,0,0,2,31,0,1476992894216,"true",1,0,"far"
"6748-0",1,0,0,0,2,30,0,1476992863167,"true",1,0,"far"
"6748-0",0,0,1,1,0,36,0,1476993032896,"true",0,1,"close"
"6748-0",1,0,1,0,2,35,0,1476993016296,"true",0,1,"split"
"6748-0",0,0,0,1,0,34,0,1476992976199,"true",1,0,"far"
"6748-0",0,1,2,0,1,33,1,1476992956911,"true",0,0,"split"
"6748-0",0,1,0,0,1,32,0,1476992918711,"true",1,0,"close"
"6748-0",0,0,2,1,0,50,1,1476993502555,"true",0,0,"far"
