"gameid","sClicked_2","sClicked_1","lClickedIndex","sClicked_0","sClickedIndex","roundNum","lClicked_2","time","outcome","lClicked_0","lClicked_1","condition"
"6754-4",0,0,1,1,0,42,0,1476473799726,"true",0,1,"split"
"6754-4",0,1,2,0,1,48,1,1476473872411,"true",0,0,"close"
"6754-4",1,0,0,0,2,43,0,1476473807055,"true",1,0,"far"
"6754-4",1,0,1,0,2,49,0,1476473880191,"true",0,1,"far"
"6754-4",0,0,1,1,0,24,0,1476473611690,"true",0,1,"far"
"6754-4",0,0,0,1,0,25,0,1476473621999,"true",1,0,"split"
"6754-4",0,1,2,0,1,26,1,1476473632414,"true",0,0,"split"
"6754-4",1,0,1,0,2,27,0,1476473651629,"false",0,1,"close"
"6754-4",0,1,0,0,1,20,0,1476473572136,"false",1,0,"far"
"6754-4",1,0,0,0,2,21,0,1476473583119,"false",1,0,"split"
"6754-4",0,1,0,0,1,22,0,1476473592679,"true",1,0,"far"
"6754-4",0,1,0,0,1,23,0,1476473602344,"true",1,0,"close"
"6754-4",0,0,2,1,0,46,1,1476473834984,"false",0,0,"close"
"6754-4",0,1,0,0,1,47,0,1476473848197,"false",1,0,"split"
"6754-4",1,0,0,0,2,44,0,1476473816100,"true",1,0,"far"
"6754-4",1,0,1,0,2,45,0,1476473824454,"true",0,1,"close"
"6754-4",0,0,1,1,0,28,0,1476473662750,"true",0,1,"close"
"6754-4",1,0,2,0,2,29,1,1476473675050,"true",0,0,"close"
"6754-4",1,0,0,0,2,40,0,1476473784104,"true",1,0,"split"
"6754-4",1,0,1,0,2,41,0,1476473793029,"true",0,1,"close"
"6754-4",0,0,0,1,0,1,0,1476473367261,"true",1,0,"split"
"6754-4",0,1,2,0,1,3,1,1476473391839,"true",0,0,"split"
"6754-4",1,0,2,0,2,2,1,1476473376575,"true",0,0,"close"
"6754-4",0,0,2,1,0,5,1,1476473409554,"true",0,0,"split"
"6754-4",1,0,1,0,2,4,0,1476473402586,"true",0,1,"split"
"6754-4",1,0,0,0,2,7,0,1476473433759,"true",1,0,"split"
"6754-4",0,0,0,1,0,6,0,1476473420124,"true",1,0,"far"
"6754-4",1,0,0,0,2,9,0,1476473459110,"false",1,0,"split"
"6754-4",0,1,1,0,1,8,0,1476473441306,"true",0,1,"far"
"6754-4",0,0,2,1,0,39,1,1476473773424,"true",0,0,"far"
"6754-4",1,0,2,0,2,38,1,1476473765989,"true",0,0,"close"
"6754-4",1,0,0,0,2,11,0,1476473480087,"true",1,0,"far"
"6754-4",1,0,1,0,2,10,0,1476473472626,"true",0,1,"split"
"6754-4",0,0,1,1,0,13,0,1476473499458,"true",0,1,"far"
"6754-4",0,0,0,1,0,12,0,1476473491066,"true",1,0,"split"
"6754-4",0,1,0,0,1,15,0,1476473517120,"true",1,0,"close"
"6754-4",0,1,0,0,1,14,0,1476473506142,"true",1,0,"far"
"6754-4",0,1,2,0,1,17,1,1476473538356,"true",0,0,"close"
"6754-4",0,0,2,1,0,16,1,1476473524526,"true",0,0,"far"
"6754-4",0,0,2,1,0,19,1,1476473564999,"true",0,0,"close"
"6754-4",1,0,0,0,2,18,0,1476473548766,"false",1,0,"split"
"6754-4",1,0,2,0,2,31,1,1476473696939,"true",0,0,"close"
"6754-4",0,1,2,0,1,30,1,1476473683464,"true",0,0,"far"
"6754-4",0,1,1,0,1,37,0,1476473755995,"true",0,1,"split"
"6754-4",1,0,0,0,2,36,0,1476473747410,"true",1,0,"far"
"6754-4",0,0,0,1,0,35,0,1476473740589,"true",1,0,"close"
"6754-4",0,1,2,0,1,34,1,1476473729175,"true",0,0,"close"
"6754-4",0,0,0,1,0,33,0,1476473717331,"false",1,0,"split"
"6754-4",0,0,2,1,0,32,1,1476473706519,"true",0,0,"close"
"6754-4",0,1,0,0,1,50,0,1476473886797,"true",1,0,"far"
