"gameid","sClicked_2","sClicked_1","lClickedIndex","sClicked_0","sClickedIndex","roundNum","lClicked_2","time","outcome","lClicked_0","lClicked_1","condition"
"6765-6",0,0,1,1,0,42,0,1476992520005,"true",0,1,"close"
"6765-6",0,0,2,1,0,48,1,1476992582078,"true",0,0,"close"
"6765-6",0,1,1,0,1,43,0,1476992528025,"true",0,1,"far"
"6765-6",0,0,0,1,0,49,0,1476992596339,"true",1,0,"close"
"6765-6",1,0,1,0,2,24,0,1476992294904,"true",0,1,"split"
"6765-6",0,1,2,0,1,25,1,1476992313804,"false",0,0,"close"
"6765-6",0,0,2,1,0,26,1,1476992324080,"true",0,0,"close"
"6765-6",0,0,1,1,0,27,0,1476992332665,"true",0,1,"far"
"6765-6",1,0,1,0,2,20,0,1476992251103,"true",0,1,"far"
"6765-6",0,1,1,0,1,21,0,1476992258499,"true",0,1,"far"
"6765-6",0,0,2,1,0,22,1,1476992273175,"true",0,0,"close"
"6765-6",1,0,0,0,2,23,0,1476992285988,"true",1,0,"far"
"6765-6",0,0,1,1,0,46,0,1476992556539,"true",0,1,"split"
"6765-6",1,0,1,0,2,47,0,1476992564086,"true",0,1,"far"
"6765-6",0,1,2,0,1,44,1,1476992538261,"true",0,0,"far"
"6765-6",1,0,2,0,2,45,1,1476992545933,"true",0,0,"far"
"6765-6",0,1,2,0,1,28,1,1476992348973,"false",0,0,"far"
"6765-6",0,0,2,1,0,29,1,1476992357029,"true",0,0,"split"
"6765-6",0,0,1,1,0,40,0,1476992497028,"true",0,1,"close"
"6765-6",0,0,1,1,0,41,0,1476992507729,"true",0,1,"far"
"6765-6",0,0,2,1,0,1,1,1476992026034,"false",0,0,"close"
"6765-6",1,0,1,0,2,3,0,1476992049826,"true",0,1,"split"
"6765-6",0,0,2,1,0,2,1,1476992039938,"false",0,0,"close"
"6765-6",1,0,1,0,2,5,0,1476992068039,"true",0,1,"far"
"6765-6",1,0,2,0,2,4,1,1476992059670,"true",0,0,"close"
"6765-6",1,0,2,0,2,7,1,1476992084167,"true",0,0,"far"
"6765-6",0,0,1,1,0,6,0,1476992076447,"true",0,1,"split"
"6765-6",1,0,1,0,2,9,0,1476992114132,"true",0,1,"close"
"6765-6",0,1,1,0,1,8,0,1476992099299,"true",0,1,"close"
"6765-6",0,1,1,0,1,39,0,1476992481552,"true",0,1,"split"
"6765-6",0,0,1,1,0,38,0,1476992469444,"true",0,1,"split"
"6765-6",1,0,1,0,2,11,0,1476992134360,"true",0,1,"close"
"6765-6",0,0,2,1,0,10,1,1476992125664,"true",0,0,"split"
"6765-6",0,1,1,0,1,13,0,1476992169969,"false",0,1,"close"
"6765-6",1,0,2,0,2,12,1,1476992144900,"true",0,0,"split"
"6765-6",1,0,0,0,2,15,0,1476992191170,"false",1,0,"close"
"6765-6",1,0,1,0,2,14,0,1476992179973,"true",0,1,"split"
"6765-6",0,0,1,1,0,17,0,1476992210814,"true",0,1,"far"
"6765-6",0,1,0,0,1,16,0,1476992199319,"true",1,0,"split"
"6765-6",1,0,2,0,2,19,1,1476992241311,"true",0,0,"split"
"6765-6",1,0,0,0,2,18,0,1476992224258,"true",1,0,"split"
"6765-6",1,0,0,0,2,31,0,1476992383922,"true",1,0,"close"
"6765-6",0,1,2,0,1,30,1,1476992364970,"true",0,0,"far"
"6765-6",0,0,2,1,0,37,1,1476992461828,"true",0,0,"far"
"6765-6",1,0,2,0,2,36,1,1476992453640,"true",0,0,"split"
"6765-6",0,0,0,1,0,35,0,1476992435851,"true",1,0,"split"
"6765-6",0,0,0,1,0,34,0,1476992421559,"true",1,0,"far"
"6765-6",0,0,0,1,0,33,0,1476992413603,"true",1,0,"split"
"6765-6",1,0,0,0,2,32,0,1476992398302,"true",1,0,"close"
"6765-6",0,0,1,1,0,50,0,1476992604567,"true",0,1,"far"
