"gameid","sClicked_2","sClicked_1","lClickedIndex","sClicked_0","sClickedIndex","roundNum","lClicked_2","time","outcome","lClicked_0","lClicked_1","condition"
"6765-a",0,1,2,0,1,42,1,1459895171669,"false",0,0,"close"
"6765-a",0,0,2,1,0,48,1,1459895264741,"false",0,0,"close"
"6765-a",0,0,0,1,0,43,0,1459895184707,"true",1,0,"close"
"6765-a",0,0,0,1,0,49,0,1459895277390,"false",1,0,"split"
"6765-a",1,0,1,0,2,24,0,1459894879101,"false",0,1,"close"
"6765-a",0,1,1,0,1,25,0,1459894890636,"true",0,1,"far"
"6765-a",0,0,0,1,0,26,0,1459894907023,"false",1,0,"split"
"6765-a",0,0,1,1,0,27,0,1459894918660,"false",0,1,"split"
"6765-a",0,1,0,0,1,20,0,1459894775063,"false",1,0,"split"
"6765-a",1,0,0,0,2,21,0,1459894800741,"false",1,0,"split"
"6765-a",0,1,0,0,1,22,0,1459894814975,"true",1,0,"far"
"6765-a",0,1,0,0,1,23,0,1459894853171,"false",1,0,"close"
"6765-a",0,1,1,0,1,46,0,1459895232252,"true",0,1,"split"
"6765-a",0,1,0,0,1,47,0,1459895250111,"false",1,0,"split"
"6765-a",0,0,0,1,0,44,0,1459895200105,"true",1,0,"close"
"6765-a",1,0,2,0,2,45,1,1459895218087,"false",0,0,"far"
"6765-a",0,1,1,0,1,28,0,1459894931028,"true",0,1,"far"
"6765-a",1,0,0,0,2,29,0,1459894948075,"true",1,0,"close"
"6765-a",0,1,1,0,1,40,0,1459895141061,"false",0,1,"far"
"6765-a",1,0,2,0,2,41,1,1459895153863,"false",0,0,"split"
"6765-a",1,0,1,0,2,1,0,1459894387712,"true",0,1,"close"
"6765-a",0,1,1,0,1,3,0,1459894440730,"false",0,1,"far"
"6765-a",0,0,1,1,0,2,0,1459894418491,"true",0,1,"split"
"6765-a",0,1,0,0,1,5,0,1459894505704,"false",1,0,"close"
"6765-a",1,0,1,0,2,4,0,1459894477333,"false",0,1,"far"
"6765-a",1,0,1,0,2,7,0,1459894562517,"false",0,1,"split"
"6765-a",0,0,1,1,0,6,0,1459894532563,"false",0,1,"split"
"6765-a",0,1,1,0,1,9,0,1459894598380,"false",0,1,"far"
"6765-a",0,0,1,1,0,8,0,1459894585167,"false",0,1,"close"
"6765-a",0,0,1,1,0,39,0,1459895124420,"false",0,1,"split"
"6765-a",0,0,2,1,0,38,1,1459895104828,"true",0,0,"close"
"6765-a",1,0,1,0,2,11,0,1459894634165,"false",0,1,"far"
"6765-a",0,1,1,0,1,10,0,1459894612027,"true",0,1,"split"
"6765-a",0,0,0,1,0,13,0,1459894682111,"false",1,0,"close"
"6765-a",0,0,2,1,0,12,1,1459894658719,"false",0,0,"split"
"6765-a",0,0,1,1,0,15,0,1459894712116,"false",0,1,"far"
"6765-a",1,0,1,0,2,14,0,1459894695114,"false",0,1,"far"
"6765-a",0,1,1,0,1,17,0,1459894738287,"true",0,1,"far"
"6765-a",0,1,1,0,1,16,0,1459894725208,"false",0,1,"far"
"6765-a",1,0,1,0,2,19,0,1459894763114,"true",0,1,"split"
"6765-a",1,0,1,0,2,18,0,1459894751030,"true",0,1,"close"
"6765-a",0,1,0,0,1,31,0,1459894990287,"false",1,0,"far"
"6765-a",1,0,0,0,2,30,0,1459894967587,"false",1,0,"split"
"6765-a",0,0,1,1,0,37,0,1459895089043,"false",0,1,"close"
"6765-a",0,1,0,0,1,36,0,1459895070357,"false",1,0,"split"
"6765-a",0,0,0,1,0,35,0,1459895057587,"true",1,0,"far"
"6765-a",0,1,0,0,1,34,0,1459895032319,"false",1,0,"close"
"6765-a",1,0,2,0,2,33,1,1459895018417,"false",0,0,"far"
"6765-a",1,0,2,0,2,32,1,1459895007707,"false",0,0,"close"
"6765-a",1,0,2,0,2,50,1,1459895290173,"false",0,0,"close"
