"gameid","sClicked_2","sClicked_1","lClickedIndex","sClicked_0","sClickedIndex","roundNum","lClicked_2","time","outcome","lClicked_0","lClicked_1","condition"
"6771-0",0,1,2,0,1,42,1,1476996820445,"true",0,0,"far"
"6771-0",0,0,1,1,0,48,0,1476996888566,"true",0,1,"split"
"6771-0",1,0,0,0,2,43,0,1476996831623,"true",1,0,"far"
"6771-0",0,0,1,1,0,49,0,1476996899919,"true",0,1,"far"
"6771-0",1,0,1,0,2,24,0,1476996568915,"true",0,1,"far"
"6771-0",1,0,0,0,2,25,0,1476996575684,"true",1,0,"far"
"6771-0",0,1,1,0,1,26,0,1476996583293,"true",0,1,"far"
"6771-0",0,1,2,0,1,27,1,1476996590789,"true",0,0,"far"
"6771-0",0,1,2,0,1,20,1,1476996518678,"false",0,0,"split"
"6771-0",0,0,0,1,0,21,0,1476996538439,"true",1,0,"close"
"6771-0",1,0,1,0,2,22,0,1476996546281,"true",0,1,"far"
"6771-0",0,0,2,1,0,23,1,1476996562938,"true",0,0,"split"
"6771-0",1,0,2,0,2,46,1,1476996861826,"true",0,0,"far"
"6771-0",0,1,1,0,1,47,0,1476996873492,"true",0,1,"split"
"6771-0",0,1,1,0,1,44,0,1476996842296,"true",0,1,"split"
"6771-0",0,0,1,1,0,45,0,1476996853321,"true",0,1,"close"
"6771-0",0,1,0,0,1,28,0,1476996611149,"true",1,0,"split"
"6771-0",1,0,0,0,2,29,0,1476996622046,"true",1,0,"split"
"6771-0",1,0,0,0,2,40,0,1476996786702,"true",1,0,"split"
"6771-0",0,1,1,0,1,41,0,1476996801794,"true",0,1,"split"
"6771-0",1,0,2,0,2,1,1,1476996182362,"true",0,0,"split"
"6771-0",0,1,2,0,1,3,1,1476996207068,"true",0,0,"close"
"6771-0",0,1,0,0,1,2,0,1476996193025,"true",1,0,"close"
"6771-0",1,0,2,0,2,5,1,1476996237952,"true",0,0,"split"
"6771-0",0,1,1,0,1,4,0,1476996215172,"true",0,1,"close"
"6771-0",1,0,0,0,2,7,0,1476996273339,"true",1,0,"far"
"6771-0",1,0,1,0,2,6,0,1476996265966,"true",0,1,"close"
"6771-0",1,0,0,0,2,9,0,1476996330233,"true",1,0,"close"
"6771-0",0,0,0,1,0,8,0,1476996292492,"true",1,0,"close"
"6771-0",1,0,2,0,2,39,1,1476996769033,"true",0,0,"far"
"6771-0",1,0,0,0,2,38,0,1476996761384,"true",1,0,"split"
"6771-0",0,0,2,1,0,11,1,1476996376866,"true",0,0,"close"
"6771-0",0,0,2,1,0,10,1,1476996338041,"true",0,0,"split"
"6771-0",1,0,2,0,2,13,1,1476996412902,"true",0,0,"close"
"6771-0",0,1,0,0,1,12,0,1476996398337,"true",1,0,"split"
"6771-0",0,0,1,1,0,15,0,1476996443523,"true",0,1,"close"
"6771-0",1,0,2,0,2,14,1,1476996421768,"true",0,0,"far"
"6771-0",1,0,1,0,2,17,0,1476996484929,"true",0,1,"close"
"6771-0",0,1,0,0,1,16,0,1476996464638,"true",1,0,"split"
"6771-0",1,0,1,0,2,19,0,1476996502234,"true",0,1,"split"
"6771-0",0,1,0,0,1,18,0,1476996492017,"true",1,0,"far"
"6771-0",0,0,1,1,0,31,0,1476996638097,"true",0,1,"close"
"6771-0",0,1,0,0,1,30,0,1476996628055,"true",1,0,"far"
"6771-0",0,1,2,0,1,37,1,1476996747392,"true",0,0,"close"
"6771-0",1,0,0,0,2,36,0,1476996736949,"true",1,0,"close"
"6771-0",0,1,2,0,1,35,1,1476996712591,"true",0,0,"split"
"6771-0",1,0,2,0,2,34,1,1476996699808,"true",0,0,"far"
"6771-0",0,1,1,0,1,33,0,1476996676927,"true",0,1,"close"
"6771-0",0,1,2,0,1,32,1,1476996654427,"true",0,0,"close"
"6771-0",0,0,1,1,0,50,0,1476996906160,"true",0,1,"far"
