"gameid","sClicked_2","sClicked_1","lClickedIndex","sClicked_0","sClickedIndex","roundNum","lClicked_2","time","outcome","lClicked_0","lClicked_1","condition"
"6803-b",0,1,0,0,1,42,0,1476994149921,"true",1,0,"split"
"6803-b",0,1,2,0,1,48,1,1476994237141,"true",0,0,"close"
"6803-b",0,1,1,0,1,43,0,1476994172580,"true",0,1,"close"
"6803-b",0,0,1,1,0,49,0,1476994253821,"true",0,1,"close"
"6803-b",0,0,1,1,0,24,0,1476993768800,"true",0,1,"split"
"6803-b",0,1,0,0,1,25,0,1476993811878,"true",1,0,"close"
"6803-b",1,0,0,0,2,26,0,1476993841547,"false",1,0,"split"
"6803-b",1,0,0,0,2,27,0,1476993851040,"true",1,0,"split"
"6803-b",0,1,1,0,1,20,0,1476993705542,"true",0,1,"split"
"6803-b",1,0,2,0,2,21,1,1476993720275,"true",0,0,"far"
"6803-b",1,0,2,0,2,22,1,1476993747993,"true",0,0,"split"
"6803-b",1,0,2,0,2,23,1,1476993755813,"true",0,0,"far"
"6803-b",0,1,2,0,1,46,1,1476994215430,"true",0,0,"split"
"6803-b",0,0,0,1,0,47,0,1476994222976,"true",1,0,"far"
"6803-b",1,0,0,0,2,44,0,1476994192338,"true",1,0,"split"
"6803-b",0,1,1,0,1,45,0,1476994203328,"true",0,1,"far"
"6803-b",0,1,2,0,1,28,1,1476993875529,"false",0,0,"split"
"6803-b",0,0,2,1,0,29,1,1476993902250,"false",0,0,"close"
"6803-b",0,1,0,0,1,40,0,1476994056317,"true",1,0,"far"
"6803-b",1,0,0,0,2,41,0,1476994130068,"true",1,0,"close"
"6803-b",0,0,0,1,0,1,0,1476993380203,"true",1,0,"far"
"6803-b",1,0,0,0,2,3,0,1476993410153,"true",1,0,"split"
"6803-b",0,0,0,1,0,2,0,1476993393824,"true",1,0,"far"
"6803-b",1,0,1,0,2,5,0,1476993441749,"true",0,1,"far"
"6803-b",0,1,1,0,1,4,0,1476993429700,"true",0,1,"split"
"6803-b",0,1,0,0,1,7,0,1476993463361,"true",1,0,"far"
"6803-b",1,0,2,0,2,6,1,1476993453143,"true",0,0,"far"
"6803-b",0,1,2,0,1,9,1,1476993494268,"true",0,0,"close"
"6803-b",0,0,0,1,0,8,0,1476993474064,"true",1,0,"far"
"6803-b",0,0,1,1,0,39,0,1476994048442,"true",0,1,"far"
"6803-b",0,1,2,0,1,38,1,1476994015128,"true",0,0,"split"
"6803-b",0,1,1,0,1,11,0,1476993547515,"true",0,1,"close"
"6803-b",1,0,0,0,2,10,0,1476993533257,"true",1,0,"close"
"6803-b",1,0,1,0,2,13,0,1476993567012,"true",0,1,"far"
"6803-b",0,1,0,0,1,12,0,1476993557911,"false",1,0,"far"
"6803-b",0,0,1,1,0,15,0,1476993642769,"true",0,1,"split"
"6803-b",0,0,0,1,0,14,0,1476993609891,"true",1,0,"close"
"6803-b",0,1,1,0,1,17,0,1476993669277,"true",0,1,"far"
"6803-b",0,0,2,1,0,16,1,1476993660273,"false",0,0,"split"
"6803-b",0,1,0,0,1,19,0,1476993697950,"true",1,0,"close"
"6803-b",1,0,2,0,2,18,1,1476993686021,"true",0,0,"close"
"6803-b",1,0,2,0,2,31,1,1476993936523,"true",0,0,"close"
"6803-b",0,1,0,0,1,30,0,1476993921629,"true",1,0,"close"
"6803-b",1,0,0,0,2,37,0,1476994003060,"true",1,0,"close"
"6803-b",1,0,2,0,2,36,1,1476993992656,"true",0,0,"split"
"6803-b",1,0,1,0,2,35,0,1476993980241,"true",0,1,"far"
"6803-b",1,0,0,0,2,34,0,1476993970529,"true",1,0,"far"
"6803-b",0,1,1,0,1,33,0,1476993959008,"true",0,1,"close"
"6803-b",0,0,0,1,0,32,0,1476993947615,"true",1,0,"split"
"6803-b",0,0,0,1,0,50,0,1476994271356,"true",1,0,"split"
