"gameid","sClicked_2","sClicked_1","lClickedIndex","sClicked_0","sClickedIndex","roundNum","lClicked_2","time","outcome","lClicked_0","lClicked_1","condition"
"6819-e",0,1,2,0,1,42,1,1476992838724,"false",0,0,"split"
"6819-e",1,0,0,0,2,48,0,1476992902443,"true",1,0,"far"
"6819-e",0,1,1,0,1,43,0,1476992852677,"true",0,1,"split"
"6819-e",0,1,1,0,1,49,0,1476992916695,"true",0,1,"split"
"6819-e",0,0,0,1,0,24,0,1476992568448,"true",1,0,"close"
"6819-e",0,0,2,1,0,25,1,1476992586381,"true",0,0,"far"
"6819-e",0,0,1,1,0,26,0,1476992603961,"true",0,1,"close"
"6819-e",1,0,1,0,2,27,0,1476992614491,"true",0,1,"split"
"6819-e",0,0,2,1,0,20,1,1476992510762,"true",0,0,"split"
"6819-e",1,0,0,0,2,21,0,1476992533882,"true",1,0,"split"
"6819-e",1,0,1,0,2,22,0,1476992543045,"true",0,1,"far"
"6819-e",0,0,2,1,0,23,1,1476992551513,"true",0,0,"far"
"6819-e",1,0,0,0,2,46,0,1476992885938,"true",1,0,"far"
"6819-e",0,0,0,1,0,47,0,1476992894538,"true",1,0,"far"
"6819-e",0,1,2,0,1,44,1,1476992865477,"true",0,0,"split"
"6819-e",0,0,0,1,0,45,0,1476992877612,"true",1,0,"close"
"6819-e",0,1,2,0,1,28,1,1476992640842,"true",0,0,"far"
"6819-e",0,0,2,1,0,29,1,1476992667355,"true",0,0,"far"
"6819-e",1,0,1,0,2,40,0,1476992798826,"true",0,1,"close"
"6819-e",0,1,1,0,1,41,0,1476992819463,"true",0,1,"close"
"6819-e",0,1,0,0,1,1,0,1476992147110,"false",1,0,"split"
"6819-e",0,1,2,0,1,3,1,1476992228184,"true",0,0,"close"
"6819-e",1,0,1,0,2,2,0,1476992177704,"false",0,1,"close"
"6819-e",1,0,0,0,2,5,0,1476992273972,"true",1,0,"close"
"6819-e",0,0,2,1,0,4,1,1476992259724,"true",0,0,"split"
"6819-e",1,0,0,0,2,7,0,1476992298074,"true",1,0,"split"
"6819-e",0,1,1,0,1,6,0,1476992286722,"true",0,1,"split"
"6819-e",0,0,2,1,0,9,1,1476992316683,"true",0,0,"far"
"6819-e",0,1,1,0,1,8,0,1476992307617,"true",0,1,"far"
"6819-e",1,0,2,0,2,39,1,1476992788704,"true",0,0,"far"
"6819-e",0,1,0,0,1,38,0,1476992775866,"true",1,0,"close"
"6819-e",1,0,2,0,2,11,1,1476992386220,"false",0,0,"close"
"6819-e",0,0,1,1,0,10,0,1476992326868,"true",0,1,"split"
"6819-e",0,0,0,1,0,13,0,1476992413139,"true",1,0,"close"
"6819-e",1,0,2,0,2,12,1,1476992396561,"false",0,0,"close"
"6819-e",0,1,0,0,1,15,0,1476992429874,"true",1,0,"far"
"6819-e",0,0,0,1,0,14,0,1476992422189,"true",1,0,"split"
"6819-e",0,1,2,0,1,17,1,1476992477254,"true",0,0,"close"
"6819-e",1,0,2,0,2,16,1,1476992456119,"true",0,0,"far"
"6819-e",0,1,2,0,1,19,1,1476992503167,"true",0,0,"close"
"6819-e",0,0,0,1,0,18,0,1476992493695,"true",1,0,"split"
"6819-e",0,0,1,1,0,31,0,1476992695882,"true",0,1,"close"
"6819-e",0,1,2,0,1,30,1,1476992682295,"true",0,0,"close"
"6819-e",1,0,2,0,2,37,1,1476992763756,"true",0,0,"split"
"6819-e",1,0,0,0,2,36,0,1476992755498,"true",1,0,"split"
"6819-e",0,0,1,1,0,35,0,1476992744013,"true",0,1,"far"
"6819-e",0,1,0,0,1,34,0,1476992730235,"false",1,0,"far"
"6819-e",1,0,1,0,2,33,0,1476992715355,"true",0,1,"far"
"6819-e",0,1,2,0,1,32,1,1476992704880,"true",0,0,"close"
"6819-e",1,0,0,0,2,50,0,1476992930395,"true",1,0,"far"
