"gameid","sClicked_2","sClicked_1","lClickedIndex","sClicked_0","sClickedIndex","roundNum","lClicked_2","time","outcome","lClicked_0","lClicked_1","condition"
"6833-3",0,0,0,1,0,42,0,1476484397090,"true",1,0,"split"
"6833-3",1,0,1,0,2,48,0,1476484462088,"false",0,1,"close"
"6833-3",0,0,2,1,0,43,1,1476484406467,"true",0,0,"far"
"6833-3",0,0,1,1,0,49,0,1476484471622,"true",0,1,"far"
"6833-3",0,1,2,0,1,24,1,1476484209256,"true",0,0,"close"
"6833-3",0,1,0,0,1,25,0,1476484218168,"false",1,0,"close"
"6833-3",0,0,0,1,0,26,0,1476484226441,"true",1,0,"close"
"6833-3",1,0,0,0,2,27,0,1476484234992,"true",1,0,"far"
"6833-3",1,0,2,0,2,20,1,1476484170476,"false",0,0,"split"
"6833-3",1,0,0,0,2,21,0,1476484180244,"true",1,0,"close"
"6833-3",0,1,0,0,1,22,0,1476484187986,"true",1,0,"far"
"6833-3",0,1,0,0,1,23,0,1476484195316,"true",1,0,"far"
"6833-3",0,0,0,1,0,46,0,1476484434338,"true",1,0,"split"
"6833-3",0,0,1,1,0,47,0,1476484441728,"true",0,1,"far"
"6833-3",0,1,1,0,1,44,0,1476484413920,"true",0,1,"far"
"6833-3",1,0,1,0,2,45,0,1476484426498,"true",0,1,"split"
"6833-3",1,0,0,0,2,28,0,1476484241986,"false",1,0,"far"
"6833-3",0,1,2,0,1,29,1,1476484251136,"true",0,0,"split"
"6833-3",1,0,0,0,2,40,0,1476484378331,"true",1,0,"split"
"6833-3",0,0,0,1,0,41,0,1476484387005,"true",1,0,"far"
"6833-3",0,0,1,1,0,1,0,1476483871825,"false",0,1,"close"
"6833-3",0,1,0,0,1,3,0,1476483904436,"true",1,0,"split"
"6833-3",1,0,0,0,2,2,0,1476483886932,"true",1,0,"close"
"6833-3",0,0,2,1,0,5,1,1476483923523,"true",0,0,"far"
"6833-3",0,1,2,0,1,4,1,1476483914255,"true",0,0,"far"
"6833-3",1,0,0,0,2,7,0,1476483957346,"true",1,0,"split"
"6833-3",1,0,2,0,2,6,1,1476483940499,"true",0,0,"far"
"6833-3",1,0,2,0,2,9,1,1476483980019,"false",0,0,"split"
"6833-3",1,0,1,0,2,8,0,1476483969773,"true",0,1,"split"
"6833-3",0,0,0,1,0,39,0,1476484366397,"true",1,0,"close"
"6833-3",1,0,2,0,2,38,1,1476484352523,"true",0,0,"split"
"6833-3",0,1,1,0,1,11,0,1476484037902,"false",0,1,"close"
"6833-3",1,0,2,0,2,10,1,1476483988802,"true",0,0,"split"
"6833-3",1,0,2,0,2,13,1,1476484069288,"true",0,0,"split"
"6833-3",0,0,1,1,0,12,0,1476484052688,"false",0,1,"close"
"6833-3",0,1,0,0,1,15,0,1476484097699,"true",1,0,"far"
"6833-3",0,1,1,0,1,14,0,1476484087110,"true",0,1,"split"
"6833-3",1,0,0,0,2,17,0,1476484142493,"true",1,0,"split"
"6833-3",0,1,2,0,1,16,1,1476484134698,"true",0,0,"close"
"6833-3",0,1,2,0,1,19,1,1476484158245,"true",0,0,"close"
"6833-3",0,0,2,1,0,18,1,1476484151205,"true",0,0,"close"
"6833-3",0,0,2,1,0,31,1,1476484275119,"true",0,0,"far"
"6833-3",1,0,0,0,2,30,0,1476484266310,"false",1,0,"close"
"6833-3",1,0,1,0,2,37,0,1476484343339,"true",0,1,"far"
"6833-3",0,1,1,0,1,36,0,1476484332774,"false",0,1,"close"
"6833-3",0,1,2,0,1,35,1,1476484322772,"true",0,0,"close"
"6833-3",0,0,2,1,0,34,1,1476484311059,"true",0,0,"split"
"6833-3",1,0,1,0,2,33,0,1476484298276,"true",0,1,"split"
"6833-3",0,1,1,0,1,32,0,1476484289261,"true",0,1,"close"
"6833-3",0,0,2,1,0,50,1,1476484479193,"true",0,0,"far"
