"gameid","sClicked_2","sClicked_1","lClickedIndex","sClicked_0","sClickedIndex","roundNum","lClicked_2","time","outcome","lClicked_0","lClicked_1","condition"
"6837-4",0,1,1,0,1,42,0,1476992690377,"false",0,1,"close"
"6837-4",0,1,2,0,1,48,1,1476992748300,"false",0,0,"split"
"6837-4",0,1,1,0,1,43,0,1476992698398,"true",0,1,"far"
"6837-4",1,0,0,0,2,49,0,1476992755699,"true",1,0,"close"
"6837-4",0,1,2,0,1,24,1,1476992432930,"true",0,0,"split"
"6837-4",1,0,2,0,2,25,1,1476992441151,"true",0,0,"far"
"6837-4",0,1,0,0,1,26,0,1476992453965,"true",1,0,"split"
"6837-4",0,0,0,1,0,27,0,1476992480859,"true",1,0,"split"
"6837-4",1,0,0,0,2,20,0,1476992348278,"true",1,0,"close"
"6837-4",0,0,1,1,0,21,0,1476992369637,"false",0,1,"close"
"6837-4",0,1,0,0,1,22,0,1476992399528,"false",1,0,"close"
"6837-4",0,0,1,1,0,23,0,1476992412645,"true",0,1,"split"
"6837-4",0,1,2,0,1,46,1,1476992725532,"true",0,0,"close"
"6837-4",0,0,2,1,0,47,1,1476992733513,"true",0,0,"close"
"6837-4",0,1,2,0,1,44,1,1476992708795,"true",0,0,"far"
"6837-4",1,0,2,0,2,45,1,1476992715960,"true",0,0,"far"
"6837-4",1,0,2,0,2,28,1,1476992488293,"true",0,0,"far"
"6837-4",1,0,0,0,2,29,0,1476992499241,"true",1,0,"close"
"6837-4",0,0,2,1,0,40,1,1476992646902,"true",0,0,"split"
"6837-4",1,0,1,0,2,41,0,1476992673975,"true",0,1,"close"
"6837-4",0,0,2,1,0,1,1,1476992070166,"true",0,0,"far"
"6837-4",0,1,1,0,1,3,0,1476992097433,"true",0,1,"far"
"6837-4",0,0,1,1,0,2,0,1476992084267,"false",0,1,"close"
"6837-4",0,0,0,1,0,5,0,1476992135258,"false",1,0,"close"
"6837-4",1,0,0,0,2,4,0,1476992112999,"false",1,0,"far"
"6837-4",1,0,2,0,2,7,1,1476992163499,"true",0,0,"far"
"6837-4",0,0,1,1,0,6,0,1476992153116,"true",0,1,"close"
"6837-4",1,0,2,0,2,9,1,1476992190726,"true",0,0,"split"
"6837-4",1,0,0,0,2,8,0,1476992172632,"true",1,0,"split"
"6837-4",0,1,2,0,1,39,1,1476992637637,"true",0,0,"close"
"6837-4",1,0,0,0,2,38,0,1476992629576,"true",1,0,"far"
"6837-4",0,0,2,1,0,11,1,1476992229012,"true",0,0,"split"
"6837-4",1,0,0,0,2,10,0,1476992199965,"true",1,0,"split"
"6837-4",0,1,0,0,1,13,0,1476992258337,"true",1,0,"close"
"6837-4",0,0,1,1,0,12,0,1476992250119,"true",0,1,"far"
"6837-4",1,0,2,0,2,15,1,1476992283821,"true",0,0,"far"
"6837-4",0,0,0,1,0,14,0,1476992267795,"true",1,0,"split"
"6837-4",0,1,1,0,1,17,0,1476992309278,"true",0,1,"far"
"6837-4",0,0,0,1,0,16,0,1476992296340,"true",1,0,"far"
"6837-4",1,0,0,0,2,19,0,1476992334101,"true",1,0,"close"
"6837-4",0,1,0,0,1,18,0,1476992320488,"true",1,0,"split"
"6837-4",1,0,1,0,2,31,0,1476992538041,"true",0,1,"close"
"6837-4",1,0,0,0,2,30,0,1476992507689,"true",1,0,"far"
"6837-4",0,0,0,1,0,37,0,1476992622677,"true",1,0,"split"
"6837-4",1,0,0,0,2,36,0,1476992600331,"true",1,0,"close"
"6837-4",0,0,0,1,0,35,0,1476992577006,"true",1,0,"far"
"6837-4",0,0,0,1,0,34,0,1476992568806,"true",1,0,"far"
"6837-4",0,1,1,0,1,33,0,1476992554952,"true",0,1,"split"
"6837-4",0,1,2,0,1,32,1,1476992546551,"true",0,0,"split"
"6837-4",0,0,1,1,0,50,0,1476992767729,"true",0,1,"split"
