"gameid","sClicked_2","sClicked_1","lClickedIndex","sClicked_0","sClickedIndex","roundNum","lClicked_2","time","outcome","lClicked_0","lClicked_1","condition"
"6856-2",0,0,2,1,0,42,1,1476989802542,"true",0,0,"far"
"6856-2",0,0,0,1,0,48,0,1476989861831,"true",1,0,"far"
"6856-2",1,0,1,0,2,43,0,1476989809140,"true",0,1,"far"
"6856-2",1,0,2,0,2,49,1,1476989868193,"true",0,0,"far"
"6856-2",1,0,2,0,2,24,1,1476989556063,"true",0,0,"far"
"6856-2",1,0,0,0,2,25,0,1476989578083,"true",1,0,"close"
"6856-2",0,1,1,0,1,26,0,1476989595736,"true",0,1,"split"
"6856-2",1,0,0,0,2,27,0,1476989603844,"true",1,0,"far"
"6856-2",0,0,1,1,0,20,0,1476989516195,"true",0,1,"split"
"6856-2",0,1,0,0,1,21,0,1476989522735,"true",1,0,"far"
"6856-2",0,0,2,1,0,22,1,1476989539991,"true",0,0,"close"
"6856-2",0,1,1,0,1,23,0,1476989548755,"true",0,1,"split"
"6856-2",1,0,2,0,2,46,1,1476989846713,"true",0,0,"split"
"6856-2",1,0,0,0,2,47,0,1476989854993,"true",1,0,"split"
"6856-2",0,0,1,1,0,44,0,1476989820848,"true",0,1,"split"
"6856-2",0,0,0,1,0,45,0,1476989832848,"true",1,0,"split"
"6856-2",1,0,2,0,2,28,1,1476989612496,"true",0,0,"far"
"6856-2",0,0,0,1,0,29,0,1476989626916,"true",1,0,"split"
"6856-2",1,0,2,0,2,40,1,1476989782355,"true",0,0,"far"
"6856-2",0,1,1,0,1,41,0,1476989792972,"true",0,1,"split"
"6856-2",0,0,2,1,0,1,1,1476989066973,"false",0,0,"close"
"6856-2",0,0,0,1,0,3,0,1476989154062,"true",1,0,"far"
"6856-2",0,0,1,1,0,2,0,1476989145584,"true",0,1,"close"
"6856-2",0,1,1,0,1,5,0,1476989179029,"false",0,1,"split"
"6856-2",0,1,0,0,1,4,0,1476989160779,"true",1,0,"far"
"6856-2",1,0,0,0,2,7,0,1476989215385,"false",1,0,"split"
"6856-2",0,1,1,0,1,6,0,1476989187831,"true",0,1,"far"
"6856-2",0,0,2,1,0,9,1,1476989239610,"true",0,0,"close"
"6856-2",0,1,1,0,1,8,0,1476989223280,"true",0,1,"far"
"6856-2",0,1,1,0,1,39,0,1476989774315,"true",0,1,"split"
"6856-2",1,0,0,0,2,38,0,1476989763650,"false",1,0,"close"
"6856-2",1,0,1,0,2,11,0,1476989266492,"true",0,1,"close"
"6856-2",1,0,1,0,2,10,0,1476989250870,"true",0,1,"close"
"6856-2",0,0,0,1,0,13,0,1476989371216,"true",1,0,"far"
"6856-2",0,1,0,0,1,12,0,1476989363628,"true",1,0,"close"
"6856-2",0,1,0,0,1,15,0,1476989402897,"true",1,0,"split"
"6856-2",0,0,0,1,0,14,0,1476989393243,"true",1,0,"close"
"6856-2",0,0,1,1,0,17,0,1476989427619,"true",0,1,"close"
"6856-2",0,0,2,1,0,16,1,1476989409859,"true",0,0,"far"
"6856-2",0,0,1,1,0,19,0,1476989497140,"true",0,1,"close"
"6856-2",1,0,0,0,2,18,0,1476989475212,"true",1,0,"close"
"6856-2",0,0,0,1,0,31,0,1476989648054,"true",1,0,"close"
"6856-2",0,0,0,1,0,30,0,1476989639433,"true",1,0,"split"
"6856-2",1,0,0,0,2,37,0,1476989734609,"true",1,0,"close"
"6856-2",0,0,0,1,0,36,0,1476989708977,"true",1,0,"split"
"6856-2",0,0,0,1,0,35,0,1476989701526,"true",1,0,"close"
"6856-2",1,0,2,0,2,34,1,1476989690639,"true",0,0,"close"
"6856-2",1,0,0,0,2,33,0,1476989664371,"true",1,0,"far"
"6856-2",0,0,1,1,0,32,0,1476989654836,"true",0,1,"split"
"6856-2",1,0,2,0,2,50,1,1476989878641,"true",0,0,"far"
