"gameid","sClicked_2","sClicked_1","lClickedIndex","sClicked_0","sClickedIndex","roundNum","lClicked_2","time","outcome","lClicked_0","lClicked_1","condition"
"6860-8",0,1,0,0,1,42,0,1476996739767,"true",1,0,"far"
"6860-8",1,0,1,0,2,48,0,1476996805568,"true",0,1,"far"
"6860-8",0,1,0,0,1,43,0,1476996747769,"true",1,0,"far"
"6860-8",0,1,2,0,1,49,1,1476996813255,"true",0,0,"close"
"6860-8",1,0,2,0,2,24,1,1476996526605,"true",0,0,"close"
"6860-8",0,1,0,0,1,25,0,1476996532855,"true",1,0,"far"
"6860-8",0,1,0,0,1,26,0,1476996550734,"true",1,0,"close"
"6860-8",0,0,0,1,0,27,0,1476996560494,"true",1,0,"close"
"6860-8",0,1,1,0,1,20,0,1476996473505,"true",0,1,"far"
"6860-8",0,1,0,0,1,21,0,1476996495079,"true",1,0,"split"
"6860-8",1,0,1,0,2,22,0,1476996507674,"true",0,1,"split"
"6860-8",0,0,1,1,0,23,0,1476996516825,"true",0,1,"far"
"6860-8",0,0,0,1,0,46,0,1476996783329,"true",1,0,"split"
"6860-8",0,0,0,1,0,47,0,1476996793538,"true",1,0,"split"
"6860-8",0,1,2,0,1,44,1,1476996762800,"true",0,0,"split"
"6860-8",1,0,2,0,2,45,1,1476996773341,"true",0,0,"far"
"6860-8",0,0,2,1,0,28,1,1476996571675,"true",0,0,"close"
"6860-8",0,0,2,1,0,29,1,1476996585901,"false",0,0,"close"
"6860-8",1,0,2,0,2,40,1,1476996725183,"true",0,0,"far"
"6860-8",1,0,1,0,2,41,0,1476996732277,"true",0,1,"far"
"6860-8",0,0,2,1,0,1,1,1476996222802,"false",0,0,"split"
"6860-8",0,0,2,1,0,3,1,1476996242719,"true",0,0,"close"
"6860-8",0,0,2,1,0,2,1,1476996230197,"true",0,0,"split"
"6860-8",0,1,2,0,1,5,1,1476996268743,"false",0,0,"close"
"6860-8",0,1,0,0,1,4,0,1476996252936,"false",1,0,"far"
"6860-8",1,0,0,0,2,7,0,1476996298803,"true",1,0,"close"
"6860-8",1,0,2,0,2,6,1,1476996281068,"true",0,0,"far"
"6860-8",0,1,2,0,1,9,1,1476996325491,"true",0,0,"far"
"6860-8",0,1,2,0,1,8,1,1476996313692,"true",0,0,"split"
"6860-8",0,1,1,0,1,39,0,1476996715705,"true",0,1,"far"
"6860-8",0,1,1,0,1,38,0,1476996709126,"true",0,1,"split"
"6860-8",0,1,0,0,1,11,0,1476996344412,"true",1,0,"split"
"6860-8",0,0,1,1,0,10,0,1476996334633,"true",0,1,"close"
"6860-8",0,1,2,0,1,13,1,1476996379782,"false",0,0,"close"
"6860-8",0,1,2,0,1,12,1,1476996355985,"true",0,0,"split"
"6860-8",0,1,2,0,1,15,1,1476996404775,"true",0,0,"split"
"6860-8",0,0,0,1,0,14,0,1476996390057,"false",1,0,"split"
"6860-8",1,0,0,0,2,17,0,1476996431278,"true",1,0,"close"
"6860-8",0,1,0,0,1,16,0,1476996418335,"true",1,0,"close"
"6860-8",0,1,0,0,1,19,0,1476996461284,"true",1,0,"split"
"6860-8",1,0,1,0,2,18,0,1476996446153,"false",0,1,"close"
"6860-8",0,0,0,1,0,31,0,1476996616411,"false",1,0,"split"
"6860-8",0,0,2,1,0,30,1,1476996599402,"true",0,0,"far"
"6860-8",0,1,0,0,1,37,0,1476996702426,"false",1,0,"close"
"6860-8",1,0,2,0,2,36,1,1476996682662,"true",0,0,"far"
"6860-8",0,0,0,1,0,35,0,1476996673262,"true",1,0,"far"
"6860-8",0,1,2,0,1,34,1,1476996659086,"true",0,0,"close"
"6860-8",0,1,1,0,1,33,0,1476996642559,"true",0,1,"split"
"6860-8",1,0,0,0,2,32,0,1476996631105,"true",1,0,"split"
"6860-8",1,0,2,0,2,50,1,1476996827245,"true",0,0,"close"
