"gameid","sClicked_2","sClicked_1","lClickedIndex","sClicked_0","sClickedIndex","roundNum","lClicked_2","time","outcome","lClicked_0","lClicked_1","condition"
"6888-9",0,1,0,0,1,42,0,1459890007860,"true",1,0,"close"
"6888-9",0,1,2,0,1,43,1,1459890021209,"true",0,0,"split"
"6888-9",1,0,0,0,2,49,0,1459890188076,"true",1,0,"close"
"6888-9",0,1,0,0,1,24,0,1459889384260,"true",1,0,"split"
"6888-9",0,0,2,1,0,25,1,1459889438054,"true",0,0,"split"
"6888-9",0,1,2,0,1,26,1,1459889453541,"true",0,0,"far"
"6888-9",0,0,1,1,0,27,0,1459889471888,"true",0,1,"far"
"6888-9",0,1,0,0,1,20,0,1459889295279,"true",1,0,"split"
"6888-9",1,0,1,0,2,21,0,1459889305939,"true",0,1,"far"
"6888-9",0,1,0,0,1,22,0,1459889337204,"true",1,0,"close"
"6888-9",1,0,2,0,2,23,1,1459889360680,"true",0,0,"close"
"6888-9",0,0,1,1,0,46,0,1459890130756,"true",0,1,"close"
"6888-9",1,0,0,0,2,47,0,1459890140459,"true",1,0,"far"
"6888-9",0,0,1,1,0,44,0,1459890048024,"true",0,1,"close"
"6888-9",0,0,1,1,0,45,0,1459890075966,"true",0,1,"split"
"6888-9",0,0,1,1,0,28,0,1459889483783,"true",0,1,"far"
"6888-9",0,0,2,1,0,29,1,1459889492329,"true",0,0,"far"
"6888-9",1,0,0,0,2,40,0,1459889908131,"true",1,0,"split"
"6888-9",0,1,2,0,1,41,1,1459889935717,"true",0,0,"close"
"6888-9",0,0,2,1,0,1,1,1459888877681,"true",0,0,"split"
"6888-9",1,0,2,0,2,3,1,1459888924634,"true",0,0,"far"
"6888-9",1,0,0,0,2,2,0,1459888913538,"true",1,0,"far"
"6888-9",0,0,1,1,0,5,0,1459888948462,"true",0,1,"split"
"6888-9",1,0,1,0,2,4,0,1459888936808,"true",0,1,"far"
"6888-9",0,1,0,0,1,7,0,1459889054313,"true",1,0,"split"
"6888-9",0,0,1,1,0,6,0,1459889034891,"false",0,1,"close"
"6888-9",0,1,2,0,1,9,1,1459889082628,"true",0,0,"split"
"6888-9",0,0,1,1,0,8,0,1459889064675,"true",0,1,"far"
"6888-9",0,0,2,1,0,38,1,1459889840195,"true",0,0,"far"
"6888-9",1,0,0,0,2,11,0,1459889126876,"true",1,0,"split"
"6888-9",0,1,1,0,1,10,0,1459889099937,"true",0,1,"far"
"6888-9",0,1,0,0,1,13,0,1459889162917,"true",1,0,"split"
"6888-9",0,0,1,1,0,12,0,1459889141570,"true",0,1,"far"
"6888-9",1,0,2,0,2,15,1,1459889185223,"true",0,0,"far"
"6888-9",0,0,0,1,0,14,0,1459889173692,"true",1,0,"split"
"6888-9",0,1,0,0,1,17,0,1459889223876,"true",1,0,"close"
"6888-9",0,1,1,0,1,16,0,1459889194592,"true",0,1,"far"
"6888-9",0,1,0,0,1,19,0,1459889263174,"true",1,0,"far"
"6888-9",0,1,1,0,1,18,0,1459889249367,"true",0,1,"close"
"6888-9",0,1,0,0,1,31,0,1459889621501,"true",1,0,"split"
"6888-9",0,1,1,0,1,30,0,1459889598971,"true",0,1,"close"
"6888-9",0,1,0,0,1,37,0,1459889830150,"true",1,0,"split"
"6888-9",0,0,1,1,0,36,0,1459889810023,"true",0,1,"close"
"6888-9",0,0,0,1,0,34,0,1459889742671,"true",1,0,"close"
"6888-9",0,1,0,0,1,33,0,1459889719920,"true",1,0,"close"
"6888-9",0,0,1,1,0,48,0,1459890168253,"true",0,1,"split"
"6888-9",1,0,0,0,2,50,0,1459890203646,"true",1,0,"far"
