"gameid","sClicked_2","sClicked_1","lClickedIndex","sClicked_0","sClickedIndex","roundNum","lClicked_2","time","outcome","lClicked_0","lClicked_1","condition"
"6914-7",0,1,1,0,1,42,0,1459895830326,"true",0,1,"close"
"6914-7",0,0,2,1,0,48,1,1459895938765,"true",0,0,"far"
"6914-7",0,1,0,0,1,43,0,1459895850709,"true",1,0,"split"
"6914-7",1,0,2,0,2,49,1,1459895955469,"true",0,0,"split"
"6914-7",0,1,1,0,1,24,0,1459895309574,"true",0,1,"split"
"6914-7",1,0,0,0,2,25,0,1459895359186,"true",1,0,"close"
"6914-7",0,1,1,0,1,26,0,1459895389588,"true",0,1,"far"
"6914-7",1,0,1,0,2,27,0,1459895399401,"true",0,1,"split"
"6914-7",1,0,2,0,2,20,1,1459895091078,"true",0,0,"split"
"6914-7",0,0,0,1,0,21,0,1459895200109,"false",1,0,"close"
"6914-7",0,1,1,0,1,22,0,1459895223044,"true",0,1,"close"
"6914-7",0,1,0,0,1,23,0,1459895248377,"false",1,0,"split"
"6914-7",1,0,1,0,2,46,0,1459895912101,"true",0,1,"close"
"6914-7",1,0,0,0,2,47,0,1459895926716,"true",1,0,"far"
"6914-7",1,0,0,0,2,44,0,1459895871659,"true",1,0,"far"
"6914-7",0,0,1,1,0,45,0,1459895900596,"true",0,1,"close"
"6914-7",0,1,2,0,1,28,1,1459895411108,"true",0,0,"far"
"6914-7",0,0,1,1,0,29,0,1459895430105,"true",0,1,"split"
"6914-7",0,1,0,0,1,40,0,1459895714990,"true",1,0,"close"
"6914-7",0,0,0,1,0,41,0,1459895746282,"false",1,0,"split"
"6914-7",1,0,1,0,2,1,0,1459894316009,"true",0,1,"split"
"6914-7",0,0,1,1,0,3,0,1459894401720,"true",0,1,"split"
"6914-7",0,1,2,0,1,2,1,1459894355941,"true",0,0,"far"
"6914-7",0,0,0,1,0,5,0,1459894449436,"true",1,0,"far"
"6914-7",0,1,2,0,1,4,1,1459894421213,"true",0,0,"far"
"6914-7",0,1,0,0,1,7,0,1459894476158,"true",1,0,"far"
"6914-7",1,0,0,0,2,6,0,1459894465332,"true",1,0,"far"
"6914-7",0,1,2,0,1,9,1,1459894538061,"true",0,0,"split"
"6914-7",0,1,0,0,1,8,0,1459894490597,"true",1,0,"far"
"6914-7",1,0,1,0,2,39,0,1459895671157,"true",0,1,"close"
"6914-7",0,0,2,1,0,11,1,1459894595768,"true",0,0,"far"
"6914-7",1,0,2,0,2,10,1,1459894576284,"true",0,0,"close"
"6914-7",0,1,2,0,1,13,1,1459894693109,"true",0,0,"close"
"6914-7",0,1,2,0,1,38,1,1459895604021,"true",0,0,"far"
"6914-7",0,1,2,0,1,15,1,1459894805371,"true",0,0,"close"
"6914-7",0,0,2,1,0,14,1,1459894728041,"true",0,0,"split"
"6914-7",0,1,1,0,1,17,0,1459894875135,"true",0,1,"split"
"6914-7",0,1,0,0,1,16,0,1459894830504,"true",1,0,"close"
"6914-7",0,1,0,0,1,19,0,1459895026816,"true",1,0,"close"
"6914-7",0,1,0,0,1,18,0,1459894884558,"true",1,0,"far"
"6914-7",0,0,2,1,0,31,1,1459895486598,"true",0,0,"far"
"6914-7",0,1,0,0,1,30,0,1459895477370,"true",1,0,"close"
"6914-7",1,0,0,0,2,37,0,1459895592714,"false",1,0,"close"
"6914-7",0,1,2,0,1,36,1,1459895574483,"true",0,0,"close"
"6914-7",0,0,1,1,0,35,0,1459895543079,"true",0,1,"far"
"6914-7",1,0,1,0,2,34,0,1459895523323,"true",0,1,"far"
"6914-7",1,0,0,0,2,33,0,1459895514730,"true",1,0,"split"
"6914-7",1,0,1,0,2,32,0,1459895503330,"true",0,1,"close"
"6914-7",1,0,2,0,2,50,1,1459895970480,"true",0,0,"split"
