"gameid","sClicked_2","sClicked_1","lClickedIndex","sClicked_0","sClickedIndex","roundNum","lClicked_2","time","outcome","lClicked_0","lClicked_1","condition"
"6932-d",1,0,2,0,2,42,1,1476490383275,"true",0,0,"split"
"6932-d",0,1,0,0,1,48,0,1476490612933,"false",1,0,"close"
"6932-d",1,0,1,0,2,43,0,1476490422208,"true",0,1,"close"
"6932-d",0,1,2,0,1,49,1,1476490635048,"true",0,0,"far"
"6932-d",0,1,0,0,1,24,0,1476489907143,"true",1,0,"close"
"6932-d",0,1,0,0,1,25,0,1476489922637,"true",1,0,"split"
"6932-d",0,1,2,0,1,26,1,1476489939207,"true",0,0,"split"
"6932-d",1,0,1,0,2,27,0,1476489953007,"true",0,1,"far"
"6932-d",0,0,2,1,0,20,1,1476489793240,"true",0,0,"close"
"6932-d",0,1,2,0,1,21,1,1476489815030,"true",0,0,"split"
"6932-d",0,0,2,1,0,22,1,1476489834756,"true",0,0,"split"
"6932-d",0,1,2,0,1,23,1,1476489882084,"true",0,0,"split"
"6932-d",0,1,0,0,1,46,0,1476490523606,"true",1,0,"close"
"6932-d",0,0,2,1,0,47,1,1476490536829,"true",0,0,"far"
"6932-d",0,0,1,1,0,44,0,1476490479266,"true",0,1,"close"
"6932-d",1,0,1,0,2,45,0,1476490508956,"true",0,1,"close"
"6932-d",0,0,1,1,0,28,0,1476489973931,"false",0,1,"close"
"6932-d",0,0,0,1,0,29,0,1476489988802,"true",1,0,"close"
"6932-d",0,1,2,0,1,40,1,1476490332339,"true",0,0,"far"
"6932-d",1,0,1,0,2,41,0,1476490366079,"true",0,1,"split"
"6932-d",0,0,1,1,0,1,0,1476489414560,"true",0,1,"split"
"6932-d",1,0,0,0,2,3,0,1476489456525,"true",1,0,"far"
"6932-d",0,0,1,1,0,2,0,1476489431350,"true",0,1,"far"
"6932-d",0,0,2,1,0,5,1,1476489510880,"false",0,0,"close"
"6932-d",1,0,0,0,2,4,0,1476489471042,"true",1,0,"split"
"6932-d",0,0,0,1,0,7,0,1476489541587,"true",1,0,"far"
"6932-d",1,0,0,0,2,6,0,1476489526510,"true",1,0,"close"
"6932-d",1,0,1,0,2,9,0,1476489573344,"true",0,1,"far"
"6932-d",0,1,2,0,1,8,1,1476489558364,"true",0,0,"split"
"6932-d",0,1,0,0,1,39,0,1476490315921,"true",1,0,"far"
"6932-d",0,1,0,0,1,38,0,1476490303211,"true",1,0,"far"
"6932-d",1,0,2,0,2,11,1,1476489644554,"true",0,0,"close"
"6932-d",1,0,2,0,2,10,1,1476489626155,"true",0,0,"close"
"6932-d",0,0,1,1,0,13,0,1476489672513,"true",0,1,"far"
"6932-d",1,0,2,0,2,12,1,1476489662226,"true",0,0,"close"
"6932-d",0,0,0,1,0,15,0,1476489711662,"true",1,0,"split"
"6932-d",1,0,2,0,2,14,1,1476489692917,"true",0,0,"split"
"6932-d",0,0,2,1,0,17,1,1476489750638,"true",0,0,"close"
"6932-d",1,0,1,0,2,16,0,1476489726905,"true",0,1,"split"
"6932-d",1,0,1,0,2,19,0,1476489770478,"true",0,1,"far"
"6932-d",0,0,0,1,0,18,0,1476489760712,"true",1,0,"far"
"6932-d",0,0,0,1,0,31,0,1476490096684,"true",1,0,"close"
"6932-d",0,0,0,1,0,30,0,1476490012101,"true",1,0,"split"
"6932-d",0,1,0,0,1,37,0,1476490274451,"true",1,0,"far"
"6932-d",1,0,1,0,2,36,0,1476490263403,"true",0,1,"far"
"6932-d",0,0,0,1,0,35,0,1476490250915,"true",1,0,"split"
"6932-d",0,0,1,1,0,34,0,1476490228767,"true",0,1,"split"
"6932-d",0,0,1,1,0,33,0,1476490212886,"true",0,1,"close"
"6932-d",0,0,0,1,0,32,0,1476490120548,"true",1,0,"far"
"6932-d",1,0,0,0,2,50,0,1476490646984,"true",1,0,"split"
