"gameid","sClicked_2","sClicked_1","lClickedIndex","sClicked_0","sClickedIndex","roundNum","lClicked_2","time","outcome","lClicked_0","lClicked_1","condition"
"6969-5",1,0,0,0,2,42,0,1476467634141,"true",1,0,"far"
"6969-5",0,1,0,0,1,48,0,1476467711538,"true",1,0,"far"
"6969-5",0,1,1,0,1,43,0,1476467663676,"false",0,1,"close"
"6969-5",1,0,1,0,2,49,0,1476467718993,"true",0,1,"split"
"6969-5",1,0,2,0,2,24,1,1476467466726,"true",0,0,"far"
"6969-5",0,1,2,0,1,25,1,1476467475950,"true",0,0,"close"
"6969-5",0,0,0,1,0,26,0,1476467487160,"true",1,0,"split"
"6969-5",0,1,1,0,1,27,0,1476467504276,"true",0,1,"split"
"6969-5",1,0,0,0,2,20,0,1476467422249,"true",1,0,"far"
"6969-5",0,1,0,0,1,21,0,1476467432056,"true",1,0,"split"
"6969-5",0,0,1,1,0,22,0,1476467437794,"true",0,1,"far"
"6969-5",0,0,2,1,0,23,1,1476467460292,"true",0,0,"close"
"6969-5",0,1,0,0,1,46,0,1476467697790,"true",1,0,"far"
"6969-5",1,0,2,0,2,47,1,1476467705410,"true",0,0,"far"
"6969-5",0,0,2,1,0,44,1,1476467671404,"true",0,0,"split"
"6969-5",1,0,2,0,2,45,1,1476467677810,"true",0,0,"far"
"6969-5",1,0,1,0,2,28,0,1476467510210,"true",0,1,"close"
"6969-5",1,0,2,0,2,29,1,1476467518124,"true",0,0,"close"
"6969-5",1,0,1,0,2,40,0,1476467621923,"true",0,1,"close"
"6969-5",1,0,1,0,2,41,0,1476467628325,"true",0,1,"far"
"6969-5",0,1,1,0,1,1,0,1476467212924,"false",0,1,"close"
"6969-5",1,0,1,0,2,3,0,1476467231887,"true",0,1,"far"
"6969-5",1,0,2,0,2,2,1,1476467223502,"true",0,0,"close"
"6969-5",1,0,0,0,2,5,0,1476467249279,"true",1,0,"split"
"6969-5",1,0,1,0,2,4,0,1476467238422,"true",0,1,"far"
"6969-5",0,1,1,0,1,7,0,1476467264602,"true",0,1,"far"
"6969-5",0,1,0,0,1,6,0,1476467258465,"true",1,0,"split"
"6969-5",1,0,1,0,2,9,0,1476467297440,"true",0,1,"split"
"6969-5",1,0,1,0,2,8,0,1476467273083,"false",0,1,"close"
"6969-5",0,1,1,0,1,39,0,1476467614362,"true",0,1,"far"
"6969-5",0,1,1,0,1,38,0,1476467607722,"true",0,1,"split"
"6969-5",0,0,2,1,0,11,1,1476467313552,"true",0,0,"split"
"6969-5",0,1,2,0,1,10,1,1476467307276,"true",0,0,"split"
"6969-5",0,1,2,0,1,13,1,1476467347005,"true",0,0,"close"
"6969-5",0,1,1,0,1,12,0,1476467322690,"true",0,1,"close"
"6969-5",0,0,1,1,0,15,0,1476467361116,"true",0,1,"close"
"6969-5",1,0,0,0,2,14,0,1476467353205,"true",1,0,"far"
"6969-5",0,1,1,0,1,17,0,1476467378943,"true",0,1,"split"
"6969-5",1,0,1,0,2,16,0,1476467369994,"true",0,1,"close"
"6969-5",0,0,0,1,0,19,0,1476467405528,"true",1,0,"split"
"6969-5",0,0,0,1,0,18,0,1476467395581,"false",1,0,"close"
"6969-5",1,0,2,0,2,31,1,1476467537776,"true",0,0,"far"
"6969-5",0,1,2,0,1,30,1,1476467529935,"true",0,0,"close"
"6969-5",0,0,2,1,0,37,1,1476467599440,"true",0,0,"split"
"6969-5",1,0,0,0,2,36,0,1476467590737,"true",1,0,"split"
"6969-5",0,1,1,0,1,35,0,1476467579886,"false",0,1,"close"
"6969-5",0,0,1,1,0,34,0,1476467573029,"true",0,1,"far"
"6969-5",0,0,0,1,0,33,0,1476467565958,"true",1,0,"split"
"6969-5",0,1,1,0,1,32,0,1476467555981,"true",0,1,"close"
"6969-5",0,1,2,0,1,50,1,1476467725185,"true",0,0,"split"
