"gameid","sClicked_2","sClicked_1","lClickedIndex","sClicked_0","sClickedIndex","roundNum","lClicked_2","time","outcome","lClicked_0","lClicked_1","condition"
"6977-4",1,0,0,0,2,42,0,1476478335217,"true",1,0,"far"
"6977-4",1,0,1,0,2,48,0,1476478399827,"true",0,1,"close"
"6977-4",0,1,0,0,1,43,0,1476478344049,"true",1,0,"far"
"6977-4",0,1,0,0,1,49,0,1476478407522,"true",1,0,"far"
"6977-4",0,1,2,0,1,24,1,1476478146806,"true",0,0,"far"
"6977-4",1,0,1,0,2,25,0,1476478153846,"true",0,1,"far"
"6977-4",0,0,1,1,0,26,0,1476478164223,"true",0,1,"close"
"6977-4",0,0,0,1,0,27,0,1476478178934,"true",1,0,"close"
"6977-4",1,0,1,0,2,20,0,1476478106485,"true",0,1,"close"
"6977-4",1,0,0,0,2,21,0,1476478115030,"true",1,0,"split"
"6977-4",0,0,0,1,0,22,0,1476478131422,"true",1,0,"close"
"6977-4",0,1,0,0,1,23,0,1476478138509,"true",1,0,"far"
"6977-4",0,0,2,1,0,46,1,1476478372890,"true",0,0,"far"
"6977-4",0,1,0,0,1,47,0,1476478382869,"true",1,0,"split"
"6977-4",0,0,1,1,0,44,0,1476478352930,"false",0,1,"close"
"6977-4",0,0,0,1,0,45,0,1476478361890,"true",1,0,"far"
"6977-4",1,0,2,0,2,28,1,1476478190230,"true",0,0,"split"
"6977-4",0,1,2,0,1,29,1,1476478203343,"true",0,0,"close"
"6977-4",0,0,1,1,0,40,0,1476478317314,"true",0,1,"split"
"6977-4",0,0,2,1,0,41,1,1476478325929,"true",0,0,"close"
"6977-4",0,1,0,0,1,1,0,1476477908554,"true",1,0,"far"
"6977-4",1,0,1,0,2,3,0,1476477928458,"true",0,1,"far"
"6977-4",1,0,0,0,2,2,0,1476477921257,"true",1,0,"split"
"6977-4",1,0,0,0,2,5,0,1476477952618,"true",1,0,"split"
"6977-4",1,0,0,0,2,4,0,1476477935250,"true",1,0,"far"
"6977-4",0,0,0,1,0,7,0,1476477969779,"true",1,0,"far"
"6977-4",0,1,0,0,1,6,0,1476477961740,"true",1,0,"split"
"6977-4",0,0,1,1,0,9,0,1476477991203,"true",0,1,"close"
"6977-4",0,0,1,1,0,8,0,1476477979579,"false",0,1,"close"
"6977-4",0,1,1,0,1,39,0,1476478308169,"true",0,1,"split"
"6977-4",1,0,1,0,2,38,0,1476478299392,"true",0,1,"split"
"6977-4",0,1,0,0,1,11,0,1476478008931,"true",1,0,"split"
"6977-4",1,0,1,0,2,10,0,1476478000827,"true",0,1,"close"
"6977-4",1,0,1,0,2,13,0,1476478031699,"true",0,1,"split"
"6977-4",1,0,2,0,2,12,1,1476478024116,"true",0,0,"split"
"6977-4",0,0,1,1,0,15,0,1476478046756,"true",0,1,"far"
"6977-4",1,0,2,0,2,14,1,1476478039996,"true",0,0,"far"
"6977-4",0,0,0,1,0,17,0,1476478072732,"true",1,0,"split"
"6977-4",0,0,0,1,0,16,0,1476478062276,"true",1,0,"close"
"6977-4",0,1,0,0,1,19,0,1476478092621,"true",1,0,"far"
"6977-4",0,0,0,1,0,18,0,1476478084764,"false",1,0,"close"
"6977-4",1,0,2,0,2,31,1,1476478223319,"true",0,0,"split"
"6977-4",0,1,2,0,1,30,1,1476478214431,"true",0,0,"split"
"6977-4",0,1,1,0,1,37,0,1476478289225,"true",0,1,"close"
"6977-4",0,1,2,0,1,36,1,1476478275585,"true",0,0,"close"
"6977-4",0,1,2,0,1,35,1,1476478255768,"true",0,0,"close"
"6977-4",1,0,2,0,2,34,1,1476478247096,"true",0,0,"split"
"6977-4",0,0,1,1,0,33,0,1476478238864,"true",0,1,"far"
"6977-4",0,0,0,1,0,32,0,1476478230911,"true",1,0,"far"
"6977-4",0,0,1,1,0,50,0,1476478418285,"true",0,1,"close"
