"gameid","sClicked_2","sClicked_1","lClickedIndex","sClicked_0","sClickedIndex","roundNum","lClicked_2","time","outcome","lClicked_0","lClicked_1","condition"
"6983-1",1,0,0,0,2,42,0,1459883619767,"true",1,0,"split"
"6983-1",0,1,2,0,1,48,1,1459883715137,"true",0,0,"split"
"6983-1",0,0,0,1,0,43,0,1459883630071,"true",1,0,"close"
"6983-1",0,1,0,0,1,49,0,1459883731251,"true",1,0,"split"
"6983-1",1,0,0,0,2,24,0,1459883294844,"false",1,0,"close"
"6983-1",1,0,0,0,2,25,0,1459883308579,"true",1,0,"far"
"6983-1",1,0,2,0,2,26,1,1459883323812,"true",0,0,"close"
"6983-1",0,1,0,0,1,27,0,1459883340904,"true",1,0,"split"
"6983-1",1,0,2,0,2,20,1,1459883237960,"true",0,0,"far"
"6983-1",0,1,2,0,1,21,1,1459883250652,"true",0,0,"close"
"6983-1",0,1,0,0,1,22,0,1459883265204,"true",1,0,"split"
"6983-1",1,0,1,0,2,23,0,1459883275603,"true",0,1,"split"
"6983-1",0,0,2,1,0,46,1,1459883689464,"true",0,0,"close"
"6983-1",0,0,1,1,0,47,0,1459883701521,"true",0,1,"split"
"6983-1",0,1,0,0,1,44,0,1459883654215,"true",1,0,"split"
"6983-1",0,1,0,0,1,45,0,1459883667854,"false",1,0,"split"
"6983-1",1,0,1,0,2,28,0,1459883355171,"true",0,1,"far"
"6983-1",0,1,1,0,1,29,0,1459883382855,"true",0,1,"close"
"6983-1",0,1,0,0,1,40,0,1459883590365,"true",1,0,"split"
"6983-1",0,1,2,0,1,41,1,1459883607782,"true",0,0,"far"
"6983-1",0,0,1,1,0,1,0,1459882327596,"false",0,1,"close"
"6983-1",0,0,0,1,0,3,0,1459882721615,"false",1,0,"close"
"6983-1",0,0,0,1,0,2,0,1459882632029,"true",1,0,"close"
"6983-1",1,0,1,0,2,5,0,1459882854656,"true",0,1,"far"
"6983-1",1,0,2,0,2,4,1,1459882810543,"true",0,0,"close"
"6983-1",0,1,1,0,1,7,0,1459882938762,"true",0,1,"close"
"6983-1",0,0,1,1,0,6,0,1459882920544,"true",0,1,"far"
"6983-1",0,1,1,0,1,9,0,1459883016282,"false",0,1,"split"
"6983-1",1,0,0,0,2,8,0,1459882976245,"false",1,0,"close"
"6983-1",1,0,0,0,2,39,0,1459883566878,"true",1,0,"far"
"6983-1",0,0,0,1,0,38,0,1459883547083,"true",1,0,"far"
"6983-1",0,0,0,1,0,11,0,1459883061458,"false",1,0,"close"
"6983-1",0,1,0,0,1,10,0,1459883034292,"true",1,0,"split"
"6983-1",0,0,0,1,0,13,0,1459883099442,"true",1,0,"far"
"6983-1",0,0,1,1,0,12,0,1459883080858,"false",0,1,"close"
"6983-1",1,0,1,0,2,15,0,1459883149749,"true",0,1,"far"
"6983-1",1,0,2,0,2,14,1,1459883136206,"true",0,0,"far"
"6983-1",1,0,0,0,2,17,0,1459883183497,"true",1,0,"close"
"6983-1",1,0,0,0,2,16,0,1459883160364,"true",1,0,"far"
"6983-1",0,0,0,1,0,19,0,1459883208955,"true",1,0,"split"
"6983-1",1,0,2,0,2,18,1,1459883192779,"true",0,0,"far"
"6983-1",0,0,0,1,0,31,0,1459883407293,"true",1,0,"far"
"6983-1",0,1,2,0,1,30,1,1459883396725,"true",0,0,"close"
"6983-1",0,0,1,1,0,37,0,1459883530037,"true",0,1,"far"
"6983-1",1,0,1,0,2,36,0,1459883516413,"true",0,1,"close"
"6983-1",0,1,0,0,1,35,0,1459883502989,"false",1,0,"split"
"6983-1",1,0,2,0,2,34,1,1459883484346,"true",0,0,"split"
"6983-1",0,1,0,0,1,33,0,1459883465589,"true",1,0,"far"
"6983-1",0,0,2,1,0,32,1,1459883434590,"true",0,0,"split"
"6983-1",1,0,1,0,2,50,0,1459883741336,"true",0,1,"far"
