"gameid","sClicked_2","sClicked_1","lClickedIndex","sClicked_0","sClickedIndex","roundNum","lClicked_2","time","outcome","lClicked_0","lClicked_1","condition"
"6994-f",1,0,2,0,2,42,1,1476989452865,"false",0,0,"split"
"6994-f",0,1,0,0,1,48,0,1476989545977,"false",1,0,"split"
"6994-f",0,1,1,0,1,43,0,1476989480583,"true",0,1,"far"
"6994-f",1,0,1,0,2,49,0,1476989555472,"true",0,1,"far"
"6994-f",1,0,2,0,2,24,1,1476989144314,"true",0,0,"split"
"6994-f",1,0,1,0,2,25,0,1476989165303,"true",0,1,"close"
"6994-f",0,1,0,0,1,26,0,1476989173635,"true",1,0,"far"
"6994-f",0,0,0,1,0,27,0,1476989181485,"true",1,0,"far"
"6994-f",0,1,0,0,1,20,0,1476989079346,"true",1,0,"far"
"6994-f",0,1,2,0,1,21,1,1476989087184,"true",0,0,"split"
"6994-f",1,0,1,0,2,22,0,1476989104136,"true",0,1,"close"
"6994-f",1,0,2,0,2,23,1,1476989135823,"true",0,0,"close"
"6994-f",0,0,2,1,0,46,1,1476989525533,"true",0,0,"split"
"6994-f",0,1,2,0,1,47,1,1476989535262,"true",0,0,"far"
"6994-f",0,0,2,1,0,44,1,1476989505945,"true",0,0,"split"
"6994-f",0,1,2,0,1,45,1,1476989516751,"true",0,0,"split"
"6994-f",0,0,2,1,0,28,1,1476989193074,"true",0,0,"far"
"6994-f",0,0,1,1,0,29,0,1476989210842,"true",0,1,"far"
"6994-f",0,1,0,0,1,40,0,1476989419595,"true",1,0,"close"
"6994-f",1,0,0,0,2,41,0,1476989428905,"true",1,0,"close"
"6994-f",0,1,2,0,1,1,1,1476988691041,"true",0,0,"split"
"6994-f",1,0,1,0,2,3,0,1476988740590,"true",0,1,"close"
"6994-f",0,0,1,1,0,2,0,1476988703956,"true",0,1,"split"
"6994-f",0,1,1,0,1,5,0,1476988762379,"true",0,1,"far"
"6994-f",0,1,0,0,1,4,0,1476988754424,"true",1,0,"close"
"6994-f",1,0,1,0,2,7,0,1476988790385,"true",0,1,"far"
"6994-f",0,1,0,0,1,6,0,1476988775114,"true",1,0,"close"
"6994-f",0,1,2,0,1,9,1,1476988819799,"false",0,0,"close"
"6994-f",1,0,2,0,2,8,1,1476988801532,"true",0,0,"split"
"6994-f",1,0,0,0,2,39,0,1476989400855,"true",1,0,"split"
"6994-f",0,1,0,0,1,38,0,1476989381621,"true",1,0,"close"
"6994-f",0,0,1,1,0,11,0,1476988883519,"true",0,1,"far"
"6994-f",0,1,2,0,1,10,1,1476988875215,"true",0,0,"close"
"6994-f",0,0,2,1,0,13,1,1476988930945,"true",0,0,"far"
"6994-f",0,1,1,0,1,12,0,1476988921653,"false",0,1,"split"
"6994-f",1,0,1,0,2,15,0,1476988968636,"true",0,1,"split"
"6994-f",1,0,1,0,2,14,0,1476988957714,"true",0,1,"close"
"6994-f",0,0,1,1,0,17,0,1476989042208,"true",0,1,"split"
"6994-f",0,1,1,0,1,16,0,1476989025970,"false",0,1,"close"
"6994-f",1,0,0,0,2,19,0,1476989072359,"true",1,0,"far"
"6994-f",0,0,1,1,0,18,0,1476989057718,"true",0,1,"split"
"6994-f",0,0,2,1,0,31,1,1476989237215,"true",0,0,"far"
"6994-f",0,1,0,0,1,30,0,1476989229446,"true",1,0,"close"
"6994-f",1,0,0,0,2,37,0,1476989352188,"true",1,0,"close"
"6994-f",1,0,2,0,2,36,1,1476989316612,"true",0,0,"far"
"6994-f",0,1,0,0,1,35,0,1476989296657,"true",1,0,"far"
"6994-f",1,0,2,0,2,34,1,1476989287080,"true",0,0,"split"
"6994-f",1,0,1,0,2,33,0,1476989274109,"true",0,1,"split"
"6994-f",1,0,1,0,2,32,0,1476989260993,"true",0,1,"close"
"6994-f",1,0,0,0,2,50,0,1476989579891,"true",1,0,"close"
