"gameid","sClicked_2","sClicked_1","lClickedIndex","sClicked_0","sClickedIndex","roundNum","lClicked_2","time","outcome","lClicked_0","lClicked_1","condition"
"6995-a",0,1,2,0,1,42,1,1476999695644,"true",0,0,"split"
"6995-a",1,0,1,0,2,48,0,1476999813530,"true",0,1,"split"
"6995-a",0,1,0,0,1,43,0,1476999714267,"false",1,0,"split"
"6995-a",0,0,2,1,0,49,1,1476999844123,"true",0,0,"close"
"6995-a",0,0,1,1,0,24,0,1476999343329,"false",0,1,"split"
"6995-a",1,0,0,0,2,25,0,1476999375015,"false",1,0,"close"
"6995-a",0,0,2,1,0,26,1,1476999393733,"true",0,0,"close"
"6995-a",0,1,1,0,1,27,0,1476999404126,"true",0,1,"far"
"6995-a",0,1,2,0,1,20,1,1476999243670,"true",0,0,"close"
"6995-a",0,1,1,0,1,21,0,1476999262527,"true",0,1,"split"
"6995-a",0,0,1,1,0,22,0,1476999278071,"true",0,1,"split"
"6995-a",0,0,1,1,0,23,0,1476999315300,"false",0,1,"close"
"6995-a",1,0,0,0,2,46,0,1476999750809,"true",1,0,"far"
"6995-a",0,0,2,1,0,47,1,1476999797098,"true",0,0,"close"
"6995-a",0,1,0,0,1,44,0,1476999725035,"true",1,0,"far"
"6995-a",1,0,0,0,2,45,0,1476999738179,"true",1,0,"close"
"6995-a",0,1,2,0,1,28,1,1476999413221,"true",0,0,"far"
"6995-a",1,0,0,0,2,29,0,1476999426477,"true",1,0,"split"
"6995-a",1,0,0,0,2,40,0,1476999659771,"true",1,0,"close"
"6995-a",0,0,1,1,0,41,0,1476999672099,"true",0,1,"far"
"6995-a",0,1,1,0,1,1,0,1476998959100,"true",0,1,"far"
"6995-a",0,0,0,1,0,3,0,1476998986224,"true",1,0,"close"
"6995-a",0,0,2,1,0,2,1,1476998971816,"true",0,0,"close"
"6995-a",0,0,1,1,0,5,0,1476999026176,"true",0,1,"far"
"6995-a",1,0,1,0,2,4,0,1476999014408,"true",0,1,"close"
"6995-a",1,0,0,0,2,7,0,1476999051072,"true",1,0,"close"
"6995-a",1,0,1,0,2,6,0,1476999038447,"true",0,1,"split"
"6995-a",1,0,1,0,2,9,0,1476999070022,"true",0,1,"far"
"6995-a",0,1,1,0,1,8,0,1476999062119,"false",0,1,"far"
"6995-a",0,0,2,1,0,39,1,1476999627771,"true",0,0,"far"
"6995-a",0,1,1,0,1,38,0,1476999618003,"true",0,1,"close"
"6995-a",1,0,2,0,2,11,1,1476999113382,"true",0,0,"split"
"6995-a",0,0,0,1,0,10,0,1476999099118,"false",1,0,"split"
"6995-a",1,0,2,0,2,13,1,1476999151638,"true",0,0,"split"
"6995-a",0,0,2,1,0,12,1,1476999122336,"true",0,0,"far"
"6995-a",0,0,0,1,0,15,0,1476999177150,"true",1,0,"far"
"6995-a",0,1,2,0,1,14,1,1476999166262,"true",0,0,"far"
"6995-a",0,1,1,0,1,17,0,1476999202696,"true",0,1,"far"
"6995-a",0,1,2,0,1,16,1,1476999191062,"true",0,0,"far"
"6995-a",0,0,2,1,0,19,1,1476999231814,"true",0,0,"split"
"6995-a",0,0,1,1,0,18,0,1476999220192,"true",0,1,"split"
"6995-a",1,0,2,0,2,31,1,1476999464014,"true",0,0,"close"
"6995-a",1,0,0,0,2,30,0,1476999450981,"true",1,0,"close"
"6995-a",0,1,1,0,1,37,0,1476999597706,"true",0,1,"close"
"6995-a",1,0,0,0,2,36,0,1476999571008,"true",1,0,"split"
"6995-a",0,1,2,0,1,35,1,1476999557724,"true",0,0,"far"
"6995-a",1,0,2,0,2,34,1,1476999545996,"true",0,0,"split"
"6995-a",0,1,1,0,1,33,0,1476999515797,"true",0,1,"close"
"6995-a",0,0,1,1,0,32,0,1476999489424,"true",0,1,"split"
"6995-a",0,1,1,0,1,50,0,1476999856750,"true",0,1,"far"
