"gameid","sClicked_2","sClicked_1","lClickedIndex","sClicked_0","sClickedIndex","roundNum","lClicked_2","time","outcome","lClicked_0","lClicked_1","condition"
"7001-2",0,1,2,0,1,42,1,1476479353830,"true",0,0,"far"
"7001-2",0,1,0,0,1,48,0,1476479438847,"true",1,0,"close"
"7001-2",0,0,2,1,0,43,1,1476479367428,"false",0,0,"close"
"7001-2",1,0,2,0,2,49,1,1476479450112,"true",0,0,"close"
"7001-2",0,0,1,1,0,24,0,1476478959131,"true",0,1,"split"
"7001-2",1,0,1,0,2,25,0,1476478972407,"true",0,1,"close"
"7001-2",0,1,1,0,1,26,0,1476478996259,"true",0,1,"far"
"7001-2",0,1,2,0,1,27,1,1476479032745,"false",0,0,"close"
"7001-2",0,1,2,0,1,20,1,1476478878788,"true",0,0,"split"
"7001-2",1,0,0,0,2,21,0,1476478903200,"true",1,0,"split"
"7001-2",1,0,0,0,2,22,0,1476478910492,"true",1,0,"far"
"7001-2",0,1,0,0,1,23,0,1476478937782,"true",1,0,"close"
"7001-2",0,1,2,0,1,46,1,1476479397926,"true",0,0,"far"
"7001-2",0,1,0,0,1,47,0,1476479420924,"true",1,0,"close"
"7001-2",0,0,0,1,0,44,0,1476479379785,"true",1,0,"far"
"7001-2",1,0,1,0,2,45,0,1476479389359,"true",0,1,"far"
"7001-2",0,1,0,0,1,28,0,1476479042468,"true",1,0,"split"
"7001-2",0,1,1,0,1,29,0,1476479063209,"false",0,1,"close"
"7001-2",0,1,0,0,1,40,0,1476479306167,"true",1,0,"split"
"7001-2",0,0,1,1,0,41,0,1476479326403,"true",0,1,"far"
"7001-2",1,0,0,0,2,1,0,1476478588636,"false",1,0,"close"
"7001-2",1,0,1,0,2,3,0,1476478631168,"true",0,1,"close"
"7001-2",1,0,2,0,2,2,1,1476478598281,"true",0,0,"far"
"7001-2",0,0,2,1,0,5,1,1476478657075,"true",0,0,"far"
"7001-2",1,0,1,0,2,4,0,1476478640155,"true",0,1,"close"
"7001-2",0,1,2,0,1,7,1,1476478682830,"true",0,0,"split"
"7001-2",1,0,2,0,2,6,1,1476478673061,"true",0,0,"close"
"7001-2",1,0,2,0,2,9,1,1476478702752,"true",0,0,"close"
"7001-2",0,0,1,1,0,8,0,1476478689793,"true",0,1,"far"
"7001-2",1,0,1,0,2,39,0,1476479286014,"false",0,1,"split"
"7001-2",0,1,1,0,1,38,0,1476479261176,"true",0,1,"far"
"7001-2",0,0,2,1,0,11,1,1476478731153,"true",0,0,"far"
"7001-2",1,0,1,0,2,10,0,1476478713362,"true",0,1,"far"
"7001-2",0,0,1,1,0,13,0,1476478791828,"true",0,1,"split"
"7001-2",0,0,2,1,0,12,1,1476478763037,"true",0,0,"close"
"7001-2",0,1,0,0,1,15,0,1476478807711,"true",1,0,"split"
"7001-2",0,0,2,1,0,14,1,1476478798657,"true",0,0,"far"
"7001-2",1,0,1,0,2,17,0,1476478837070,"true",0,1,"split"
"7001-2",1,0,0,0,2,16,0,1476478827695,"true",1,0,"split"
"7001-2",0,1,2,0,1,19,1,1476478861795,"false",0,0,"close"
"7001-2",0,1,2,0,1,18,1,1476478845248,"true",0,0,"far"
"7001-2",1,0,2,0,2,31,1,1476479106739,"true",0,0,"split"
"7001-2",1,0,2,0,2,30,1,1476479079494,"false",0,0,"split"
"7001-2",1,0,2,0,2,37,1,1476479253108,"true",0,0,"far"
"7001-2",1,0,1,0,2,36,0,1476479246070,"true",0,1,"split"
"7001-2",0,0,0,1,0,35,0,1476479234998,"true",1,0,"close"
"7001-2",1,0,2,0,2,34,1,1476479189849,"true",0,0,"split"
"7001-2",0,0,0,1,0,33,0,1476479172628,"true",1,0,"split"
"7001-2",1,0,1,0,2,32,0,1476479129306,"true",0,1,"close"
"7001-2",1,0,2,0,2,50,1,1476479465628,"true",0,0,"far"
