"gameid","sClicked_2","sClicked_1","lClickedIndex","sClicked_0","sClickedIndex","roundNum","lClicked_2","time","outcome","lClicked_0","lClicked_1","condition"
"7007-b",1,0,2,0,2,42,1,1476993133359,"true",0,0,"far"
"7007-b",0,1,2,0,1,48,1,1476993252247,"true",0,0,"split"
"7007-b",0,0,1,1,0,43,0,1476993140863,"true",0,1,"far"
"7007-b",0,0,1,1,0,49,0,1476993266287,"true",0,1,"far"
"7007-b",1,0,1,0,2,24,0,1476992789398,"true",0,1,"split"
"7007-b",0,1,1,0,1,25,0,1476992796054,"true",0,1,"far"
"7007-b",1,0,1,0,2,26,0,1476992814894,"true",0,1,"close"
"7007-b",0,0,1,1,0,27,0,1476992823662,"true",0,1,"close"
"7007-b",1,0,0,0,2,20,0,1476992733295,"true",1,0,"far"
"7007-b",0,1,1,0,1,21,0,1476992741815,"true",0,1,"close"
"7007-b",0,0,2,1,0,22,1,1476992768318,"true",0,0,"close"
"7007-b",0,0,1,1,0,23,0,1476992782526,"true",0,1,"far"
"7007-b",1,0,2,0,2,46,1,1476993227207,"true",0,0,"far"
"7007-b",1,0,1,0,2,47,0,1476993244279,"true",0,1,"close"
"7007-b",0,0,1,1,0,44,0,1476993177784,"true",0,1,"split"
"7007-b",1,0,1,0,2,45,0,1476993217152,"false",0,1,"close"
"7007-b",1,0,2,0,2,28,1,1476992839518,"true",0,0,"close"
"7007-b",0,0,0,1,0,29,0,1476992847366,"true",1,0,"split"
"7007-b",0,0,0,1,0,40,0,1476993104790,"true",1,0,"split"
"7007-b",0,1,2,0,1,41,1,1476993120790,"true",0,0,"split"
"7007-b",1,0,0,0,2,1,0,1476992457279,"true",1,0,"close"
"7007-b",0,1,2,0,1,3,1,1476992478566,"true",0,0,"far"
"7007-b",0,0,0,1,0,2,0,1476992470310,"true",1,0,"close"
"7007-b",0,0,1,1,0,5,0,1476992510406,"true",0,1,"split"
"7007-b",1,0,1,0,2,4,0,1476992497757,"true",0,1,"split"
"7007-b",0,0,1,1,0,7,0,1476992528030,"true",0,1,"split"
"7007-b",1,0,1,0,2,6,0,1476992517541,"true",0,1,"far"
"7007-b",0,0,2,1,0,9,1,1476992557317,"true",0,0,"far"
"7007-b",1,0,2,0,2,8,1,1476992549005,"true",0,0,"close"
"7007-b",1,0,0,0,2,39,0,1476993086631,"true",1,0,"far"
"7007-b",0,1,1,0,1,38,0,1476993079375,"true",0,1,"split"
"7007-b",0,1,2,0,1,11,1,1476992576294,"true",0,0,"split"
"7007-b",0,1,0,0,1,10,0,1476992563869,"true",1,0,"far"
"7007-b",0,1,2,0,1,13,1,1476992631110,"true",0,0,"close"
"7007-b",0,0,2,1,0,12,1,1476992592981,"true",0,0,"close"
"7007-b",1,0,0,0,2,15,0,1476992675006,"true",1,0,"far"
"7007-b",0,0,2,1,0,14,1,1476992667566,"true",0,0,"close"
"7007-b",1,0,1,0,2,17,0,1476992711422,"true",0,1,"close"
"7007-b",1,0,2,0,2,16,1,1476992695230,"true",0,0,"split"
"7007-b",0,0,1,1,0,19,0,1476992725229,"true",0,1,"far"
"7007-b",1,0,2,0,2,18,1,1476992718862,"true",0,0,"split"
"7007-b",0,1,2,0,1,31,1,1476992928838,"true",0,0,"close"
"7007-b",1,0,0,0,2,30,0,1476992873710,"true",1,0,"far"
"7007-b",1,0,0,0,2,37,0,1476993040527,"true",1,0,"split"
"7007-b",1,0,2,0,2,36,1,1476993031287,"true",0,0,"split"
"7007-b",0,0,0,1,0,35,0,1476992994206,"true",1,0,"far"
"7007-b",0,0,2,1,0,34,1,1476992980439,"true",0,0,"close"
"7007-b",1,0,1,0,2,33,0,1476992957639,"true",0,1,"far"
"7007-b",0,1,1,0,1,32,0,1476992947422,"true",0,1,"split"
"7007-b",0,0,0,1,0,50,0,1476993289463,"true",1,0,"split"
