"gameid","sClicked_2","sClicked_1","lClickedIndex","sClicked_0","sClickedIndex","roundNum","lClicked_2","time","outcome","lClicked_0","lClicked_1","condition"
"7012-b",0,1,0,0,1,42,0,1476478186898,"true",1,0,"far"
"7012-b",0,0,1,1,0,48,0,1476478283915,"true",0,1,"split"
"7012-b",0,0,1,1,0,43,0,1476478196627,"true",0,1,"close"
"7012-b",0,0,2,1,0,49,1,1476478294755,"true",0,0,"split"
"7012-b",0,1,0,0,1,24,0,1476477937221,"false",1,0,"close"
"7012-b",0,1,0,0,1,25,0,1476477946035,"true",1,0,"split"
"7012-b",0,0,2,1,0,26,1,1476477970661,"true",0,0,"close"
"7012-b",1,0,1,0,2,27,0,1476477996285,"true",0,1,"close"
"7012-b",0,0,0,1,0,20,0,1476477871147,"false",1,0,"split"
"7012-b",1,0,2,0,2,21,1,1476477889845,"true",0,0,"split"
"7012-b",0,1,2,0,1,22,1,1476477897483,"true",0,0,"far"
"7012-b",0,0,0,1,0,23,0,1476477903939,"true",1,0,"far"
"7012-b",1,0,0,0,2,46,0,1476478247124,"true",1,0,"split"
"7012-b",1,0,1,0,2,47,0,1476478263012,"false",0,1,"split"
"7012-b",0,0,2,1,0,44,1,1476478205115,"true",0,0,"far"
"7012-b",0,0,2,1,0,45,1,1476478215330,"true",0,0,"close"
"7012-b",1,0,2,0,2,28,1,1476478004403,"true",0,0,"split"
"7012-b",0,0,2,1,0,29,1,1476478015019,"false",0,0,"close"
"7012-b",0,1,0,0,1,40,0,1476478170187,"true",1,0,"far"
"7012-b",1,0,2,0,2,41,1,1476478179323,"true",0,0,"close"
"7012-b",0,0,0,1,0,1,0,1476477593125,"true",1,0,"far"
"7012-b",0,0,1,1,0,3,0,1476477641733,"false",0,1,"split"
"7012-b",1,0,2,0,2,2,1,1476477614101,"true",0,0,"far"
"7012-b",1,0,1,0,2,5,0,1476477661532,"true",0,1,"far"
"7012-b",0,0,2,1,0,4,1,1476477651491,"true",0,0,"far"
"7012-b",1,0,1,0,2,7,0,1476477712987,"true",0,1,"far"
"7012-b",1,0,0,0,2,6,0,1476477696925,"true",1,0,"split"
"7012-b",0,0,0,1,0,9,0,1476477753436,"true",1,0,"close"
"7012-b",0,1,0,0,1,8,0,1476477739363,"true",1,0,"close"
"7012-b",0,0,0,1,0,39,0,1476478161931,"false",1,0,"close"
"7012-b",1,0,0,0,2,38,0,1476478149117,"true",1,0,"close"
"7012-b",1,0,1,0,2,11,0,1476477779347,"true",0,1,"far"
"7012-b",0,1,2,0,1,10,1,1476477771261,"true",0,0,"split"
"7012-b",1,0,2,0,2,13,1,1476477798867,"true",0,0,"close"
"7012-b",1,0,0,0,2,12,0,1476477789875,"true",1,0,"split"
"7012-b",0,0,2,1,0,15,1,1476477823131,"true",0,0,"close"
"7012-b",0,1,1,0,1,14,0,1476477813051,"false",0,1,"close"
"7012-b",0,1,2,0,1,17,1,1476477843220,"true",0,0,"far"
"7012-b",0,1,0,0,1,16,0,1476477835678,"true",1,0,"split"
"7012-b",0,0,1,1,0,19,0,1476477858579,"true",0,1,"close"
"7012-b",1,0,0,0,2,18,0,1476477849915,"true",1,0,"far"
"7012-b",1,0,0,0,2,31,0,1476478040163,"false",1,0,"split"
"7012-b",1,0,2,0,2,30,1,1476478025011,"true",0,0,"split"
"7012-b",1,0,1,0,2,37,0,1476478116324,"true",0,1,"far"
"7012-b",0,0,0,1,0,36,0,1476478102635,"true",1,0,"close"
"7012-b",1,0,0,0,2,35,0,1476478087499,"false",1,0,"far"
"7012-b",0,1,0,0,1,34,0,1476478079123,"true",1,0,"far"
"7012-b",0,1,1,0,1,33,0,1476478069483,"true",0,1,"far"
"7012-b",0,1,2,0,1,32,1,1476478062580,"true",0,0,"split"
"7012-b",0,0,2,1,0,50,1,1476478324211,"true",0,0,"close"
