"gameid","sClicked_2","sClicked_1","lClickedIndex","sClicked_0","sClickedIndex","roundNum","lClicked_2","time","outcome","lClicked_0","lClicked_1","condition"
"7018-f",0,1,0,0,1,42,0,1476992927405,"true",1,0,"split"
"7018-f",0,1,1,0,1,48,0,1476992993567,"true",0,1,"close"
"7018-f",1,0,2,0,2,43,1,1476992935191,"true",0,0,"far"
"7018-f",1,0,2,0,2,49,1,1476993000931,"true",0,0,"split"
"7018-f",0,1,2,0,1,24,1,1476992742437,"true",0,0,"far"
"7018-f",0,1,2,0,1,25,1,1476992748750,"true",0,0,"far"
"7018-f",0,1,1,0,1,26,0,1476992755726,"true",0,1,"far"
"7018-f",0,1,2,0,1,27,1,1476992775730,"false",0,0,"close"
"7018-f",1,0,2,0,2,20,1,1476992690991,"true",0,0,"close"
"7018-f",0,0,1,1,0,21,0,1476992697897,"true",0,1,"split"
"7018-f",0,0,2,1,0,22,1,1476992728739,"true",0,0,"split"
"7018-f",0,1,0,0,1,23,0,1476992735411,"true",1,0,"far"
"7018-f",0,1,1,0,1,46,0,1476992961371,"true",0,1,"far"
"7018-f",1,0,0,0,2,47,0,1476992967404,"true",1,0,"far"
"7018-f",0,1,1,0,1,44,0,1476992948978,"true",0,1,"close"
"7018-f",0,1,0,0,1,45,0,1476992955370,"true",1,0,"far"
"7018-f",0,1,0,0,1,28,0,1476992791572,"true",1,0,"far"
"7018-f",0,0,0,1,0,29,0,1476992798164,"true",1,0,"far"
"7018-f",0,1,2,0,1,40,1,1476992907573,"true",0,0,"split"
"7018-f",1,0,2,0,2,41,1,1476992918176,"true",0,0,"split"
"7018-f",1,0,1,0,2,1,0,1476992347521,"false",0,1,"close"
"7018-f",1,0,1,0,2,3,0,1476992440269,"true",0,1,"close"
"7018-f",1,0,1,0,2,2,0,1476992391216,"true",0,1,"split"
"7018-f",0,1,1,0,1,5,0,1476992465770,"true",0,1,"close"
"7018-f",0,0,2,1,0,4,1,1476992450175,"true",0,0,"split"
"7018-f",0,0,2,1,0,7,1,1476992496215,"true",0,0,"split"
"7018-f",0,1,0,0,1,6,0,1476992486682,"true",1,0,"close"
"7018-f",0,0,1,1,0,9,0,1476992511347,"true",0,1,"close"
"7018-f",0,0,2,1,0,8,1,1476992503837,"true",0,0,"far"
"7018-f",0,1,0,0,1,39,0,1476992897465,"true",1,0,"split"
"7018-f",1,0,2,0,2,38,1,1476992886718,"true",0,0,"far"
"7018-f",1,0,2,0,2,11,1,1476992530825,"true",0,0,"split"
"7018-f",0,1,1,0,1,10,0,1476992522555,"true",0,1,"split"
"7018-f",0,1,2,0,1,13,1,1476992591766,"true",0,0,"split"
"7018-f",1,0,1,0,2,12,0,1476992579129,"false",0,1,"close"
"7018-f",0,0,0,1,0,15,0,1476992619886,"false",1,0,"close"
"7018-f",1,0,2,0,2,14,1,1476992598922,"true",0,0,"split"
"7018-f",1,0,2,0,2,17,1,1476992635921,"true",0,0,"split"
"7018-f",0,1,1,0,1,16,0,1476992627016,"true",0,1,"split"
"7018-f",1,0,0,0,2,19,0,1476992652771,"true",1,0,"far"
"7018-f",0,0,0,1,0,18,0,1476992642609,"true",1,0,"close"
"7018-f",0,1,0,0,1,31,0,1476992815400,"true",1,0,"far"
"7018-f",0,0,1,1,0,30,0,1476992809664,"true",0,1,"split"
"7018-f",0,0,2,1,0,37,1,1476992880145,"true",0,0,"far"
"7018-f",0,0,1,1,0,36,0,1476992874074,"true",0,1,"close"
"7018-f",0,1,0,0,1,35,0,1476992864622,"true",1,0,"close"
"7018-f",1,0,2,0,2,34,1,1476992852777,"true",0,0,"far"
"7018-f",0,1,0,0,1,33,0,1476992844451,"true",1,0,"close"
"7018-f",0,1,1,0,1,32,0,1476992829033,"true",0,1,"close"
"7018-f",1,0,0,0,2,50,0,1476993009529,"true",1,0,"far"
