"gameid","sClicked_2","sClicked_1","lClickedIndex","sClicked_0","sClickedIndex","roundNum","lClicked_2","time","outcome","lClicked_0","lClicked_1","condition"
"7029-9",0,1,1,0,1,42,0,1476472511089,"true",0,1,"close"
"7029-9",0,1,2,0,1,48,1,1476472592168,"true",0,0,"close"
"7029-9",1,0,2,0,2,43,1,1476472520905,"true",0,0,"split"
"7029-9",0,1,0,0,1,49,0,1476472610176,"true",1,0,"far"
"7029-9",1,0,1,0,2,24,0,1476472169948,"true",0,1,"split"
"7029-9",1,0,2,0,2,25,1,1476472184036,"true",0,0,"close"
"7029-9",1,0,2,0,2,26,1,1476472200909,"true",0,0,"far"
"7029-9",0,1,2,0,1,27,1,1476472235835,"false",0,0,"close"
"7029-9",1,0,1,0,2,20,0,1476472095270,"true",0,1,"far"
"7029-9",1,0,0,0,2,21,0,1476472125261,"true",1,0,"close"
"7029-9",0,0,2,1,0,22,1,1476472139021,"true",0,0,"split"
"7029-9",1,0,0,0,2,23,0,1476472145892,"true",1,0,"far"
"7029-9",0,0,2,1,0,46,1,1476472569449,"true",0,0,"split"
"7029-9",1,0,0,0,2,47,0,1476472578879,"true",1,0,"far"
"7029-9",1,0,0,0,2,44,0,1476472543032,"true",1,0,"split"
"7029-9",0,0,1,1,0,45,0,1476472559025,"true",0,1,"close"
"7029-9",1,0,2,0,2,28,1,1476472246556,"true",0,0,"far"
"7029-9",0,1,2,0,1,29,1,1476472259683,"true",0,0,"far"
"7029-9",0,0,0,1,0,40,0,1476472460267,"true",1,0,"close"
"7029-9",0,0,2,1,0,41,1,1476472480777,"true",0,0,"split"
"7029-9",1,0,2,0,2,1,1,1476471771619,"true",0,0,"far"
"7029-9",1,0,1,0,2,3,0,1476471832208,"true",0,1,"far"
"7029-9",0,1,1,0,1,2,0,1476471780841,"true",0,1,"split"
"7029-9",0,1,1,0,1,5,0,1476471863921,"true",0,1,"split"
"7029-9",0,1,1,0,1,4,0,1476471843497,"true",0,1,"far"
"7029-9",0,0,1,1,0,7,0,1476471883865,"true",0,1,"far"
"7029-9",0,0,2,1,0,6,1,1476471872752,"true",0,0,"far"
"7029-9",0,0,2,1,0,9,1,1476471924863,"true",0,0,"close"
"7029-9",0,0,1,1,0,8,0,1476471893375,"true",0,1,"split"
"7029-9",1,0,0,0,2,39,0,1476472434801,"true",1,0,"split"
"7029-9",0,1,1,0,1,38,0,1476472424172,"true",0,1,"close"
"7029-9",0,0,0,1,0,11,0,1476471973814,"true",1,0,"close"
"7029-9",0,0,0,1,0,10,0,1476471958175,"true",1,0,"split"
"7029-9",0,0,1,1,0,13,0,1476472004973,"true",0,1,"split"
"7029-9",0,0,2,1,0,12,1,1476471992159,"true",0,0,"split"
"7029-9",0,0,1,1,0,15,0,1476472039598,"true",0,1,"close"
"7029-9",0,0,2,1,0,14,1,1476472019365,"true",0,0,"split"
"7029-9",0,1,0,0,1,17,0,1476472061581,"true",1,0,"close"
"7029-9",0,1,0,0,1,16,0,1476472048285,"true",1,0,"far"
"7029-9",0,0,2,1,0,19,1,1476472084884,"true",0,0,"close"
"7029-9",0,0,0,1,0,18,0,1476472069486,"true",1,0,"far"
"7029-9",0,0,0,1,0,31,0,1476472279740,"true",1,0,"split"
"7029-9",0,1,2,0,1,30,1,1476472266531,"true",0,0,"far"
"7029-9",0,0,1,1,0,37,0,1476472409249,"true",0,1,"far"
"7029-9",0,1,1,0,1,36,0,1476472399074,"true",0,1,"far"
"7029-9",0,0,2,1,0,35,1,1476472362978,"false",0,0,"split"
"7029-9",1,0,1,0,2,34,0,1476472341354,"true",0,1,"close"
"7029-9",1,0,2,0,2,33,1,1476472304179,"true",0,0,"close"
"7029-9",0,0,1,1,0,32,0,1476472292187,"true",0,1,"split"
"7029-9",0,1,1,0,1,50,0,1476472695373,"true",0,1,"close"
