"gameid","sClicked_2","sClicked_1","lClickedIndex","sClicked_0","sClickedIndex","roundNum","lClicked_2","time","outcome","lClicked_0","lClicked_1","condition"
"7040-8",0,0,1,1,0,42,0,1476990534817,"true",0,1,"close"
"7040-8",0,1,0,0,1,48,0,1476990615977,"true",1,0,"split"
"7040-8",1,0,1,0,2,43,0,1476990548666,"true",0,1,"far"
"7040-8",0,0,0,1,0,49,0,1476990629388,"true",1,0,"close"
"7040-8",0,1,0,0,1,24,0,1476990191526,"true",1,0,"close"
"7040-8",0,0,2,1,0,25,1,1476990209965,"true",0,0,"close"
"7040-8",0,0,2,1,0,26,1,1476990225725,"true",0,0,"split"
"7040-8",0,0,0,1,0,27,0,1476990237665,"true",1,0,"far"
"7040-8",1,0,0,0,2,20,0,1476990145219,"true",1,0,"far"
"7040-8",0,1,2,0,1,21,1,1476990153844,"true",0,0,"far"
"7040-8",0,0,0,1,0,22,0,1476990164150,"true",1,0,"split"
"7040-8",0,1,0,0,1,23,0,1476990172109,"true",1,0,"close"
"7040-8",0,0,0,1,0,46,0,1476990595552,"true",1,0,"far"
"7040-8",1,0,1,0,2,47,0,1476990604373,"true",0,1,"far"
"7040-8",1,0,2,0,2,44,1,1476990571027,"true",0,0,"split"
"7040-8",0,0,0,1,0,45,0,1476990585493,"true",1,0,"close"
"7040-8",0,0,1,1,0,28,0,1476990272105,"true",0,1,"close"
"7040-8",1,0,2,0,2,29,1,1476990283041,"true",0,0,"close"
"7040-8",0,0,0,1,0,40,0,1476990497606,"true",1,0,"far"
"7040-8",1,0,1,0,2,41,0,1476990517002,"true",0,1,"split"
"7040-8",0,1,2,0,1,1,1,1476989801391,"true",0,0,"far"
"7040-8",0,1,1,0,1,3,0,1476989817942,"true",0,1,"split"
"7040-8",0,1,1,0,1,2,0,1476989808006,"true",0,1,"far"
"7040-8",0,0,1,1,0,5,0,1476989842797,"true",0,1,"far"
"7040-8",1,0,0,0,2,4,0,1476989827722,"true",1,0,"split"
"7040-8",1,0,2,0,2,7,1,1476989889602,"true",0,0,"close"
"7040-8",1,0,2,0,2,6,1,1476989881017,"true",0,0,"close"
"7040-8",0,0,1,1,0,9,0,1476989981032,"true",0,1,"split"
"7040-8",0,1,1,0,1,8,0,1476989972073,"true",0,1,"close"
"7040-8",0,1,0,0,1,39,0,1476990490512,"true",1,0,"far"
"7040-8",0,0,2,1,0,38,1,1476990482943,"true",0,0,"close"
"7040-8",0,1,0,0,1,11,0,1476990016089,"true",1,0,"split"
"7040-8",1,0,1,0,2,10,0,1476989992583,"true",0,1,"close"
"7040-8",0,1,1,0,1,13,0,1476990046799,"true",0,1,"split"
"7040-8",0,1,1,0,1,12,0,1476990037209,"false",0,1,"close"
"7040-8",0,1,1,0,1,15,0,1476990060943,"true",0,1,"far"
"7040-8",0,1,1,0,1,14,0,1476990055408,"true",0,1,"close"
"7040-8",0,0,0,1,0,17,0,1476990113263,"true",1,0,"far"
"7040-8",0,0,2,1,0,16,1,1476990075230,"true",0,0,"far"
"7040-8",0,1,0,0,1,19,0,1476990138374,"false",1,0,"split"
"7040-8",0,1,0,0,1,18,0,1476990123630,"false",1,0,"split"
"7040-8",1,0,1,0,2,31,0,1476990299635,"true",0,1,"split"
"7040-8",1,0,2,0,2,30,1,1476990291185,"true",0,0,"far"
"7040-8",0,1,1,0,1,37,0,1476990473258,"true",0,1,"far"
"7040-8",0,0,1,1,0,36,0,1476990466207,"true",0,1,"split"
"7040-8",0,0,0,1,0,35,0,1476990415841,"true",1,0,"split"
"7040-8",1,0,0,0,2,34,0,1476990392346,"false",1,0,"close"
"7040-8",0,0,2,1,0,33,1,1476990345266,"true",0,0,"split"
"7040-8",0,0,1,1,0,32,0,1476990337651,"true",0,1,"close"
"7040-8",0,1,2,0,1,50,1,1476990641378,"true",0,0,"split"
