"gameid","sClicked_2","sClicked_1","lClickedIndex","sClicked_0","sClickedIndex","roundNum","lClicked_2","time","outcome","lClicked_0","lClicked_1","condition"
"7053-5",0,1,0,0,1,42,0,1476990705029,"true",1,0,"close"
"7053-5",0,0,1,1,0,48,0,1476990777237,"true",0,1,"close"
"7053-5",0,0,0,1,0,43,0,1476990711979,"true",1,0,"split"
"7053-5",1,0,1,0,2,49,0,1476990789717,"true",0,1,"split"
"7053-5",1,0,0,0,2,24,0,1476990396459,"true",1,0,"close"
"7053-5",0,1,1,0,1,25,0,1476990407199,"true",0,1,"split"
"7053-5",1,0,1,0,2,26,0,1476990421698,"true",0,1,"split"
"7053-5",0,0,0,1,0,27,0,1476990442373,"true",1,0,"close"
"7053-5",1,0,0,0,2,20,0,1476990333813,"true",1,0,"far"
"7053-5",1,0,1,0,2,21,0,1476990346093,"true",0,1,"split"
"7053-5",0,0,2,1,0,22,1,1476990354335,"true",0,0,"far"
"7053-5",1,0,2,0,2,23,1,1476990368581,"true",0,0,"split"
"7053-5",0,0,0,1,0,46,0,1476990753781,"true",1,0,"close"
"7053-5",1,0,2,0,2,47,1,1476990766366,"true",0,0,"split"
"7053-5",1,0,0,0,2,44,0,1476990718219,"true",1,0,"far"
"7053-5",1,0,2,0,2,45,1,1476990729749,"true",0,0,"close"
"7053-5",0,0,2,1,0,28,1,1476990528511,"true",0,0,"close"
"7053-5",0,1,0,0,1,29,0,1476990539250,"true",1,0,"close"
"7053-5",0,1,1,0,1,40,0,1476990669405,"true",0,1,"far"
"7053-5",0,1,1,0,1,41,0,1476990676859,"true",0,1,"close"
"7053-5",0,0,0,1,0,1,0,1476990087487,"true",1,0,"far"
"7053-5",0,1,2,0,1,3,1,1476990122490,"true",0,0,"split"
"7053-5",0,0,0,1,0,2,0,1476990097871,"true",1,0,"far"
"7053-5",0,0,2,1,0,5,1,1476990144376,"true",0,0,"close"
"7053-5",1,0,2,0,2,4,1,1476990130270,"true",0,0,"far"
"7053-5",0,1,0,0,1,7,0,1476990177026,"true",1,0,"split"
"7053-5",1,0,2,0,2,6,1,1476990158312,"true",0,0,"far"
"7053-5",0,0,1,1,0,9,0,1476990200386,"true",0,1,"split"
"7053-5",0,0,2,1,0,8,1,1476990185954,"true",0,0,"far"
"7053-5",0,0,1,1,0,39,0,1476990663253,"true",0,1,"far"
"7053-5",1,0,0,0,2,38,0,1476990657527,"true",1,0,"far"
"7053-5",1,0,0,0,2,11,0,1476990220418,"true",1,0,"far"
"7053-5",1,0,1,0,2,10,0,1476990211138,"true",0,1,"close"
"7053-5",0,0,2,1,0,13,1,1476990246587,"true",0,0,"split"
"7053-5",1,0,1,0,2,12,0,1476990239282,"true",0,1,"close"
"7053-5",1,0,1,0,2,15,0,1476990273378,"true",0,1,"split"
"7053-5",0,0,1,1,0,14,0,1476990262667,"true",0,1,"split"
"7053-5",1,0,0,0,2,17,0,1476990301554,"true",1,0,"split"
"7053-5",1,0,1,0,2,16,0,1476990289093,"true",0,1,"split"
"7053-5",0,0,0,1,0,19,0,1476990320789,"true",1,0,"far"
"7053-5",0,0,1,1,0,18,0,1476990311733,"true",0,1,"far"
"7053-5",1,0,2,0,2,31,1,1476990573026,"true",0,0,"far"
"7053-5",0,1,1,0,1,30,0,1476990559667,"true",0,1,"close"
"7053-5",0,0,2,1,0,37,1,1476990650699,"true",0,0,"close"
"7053-5",0,0,0,1,0,36,0,1476990640124,"true",1,0,"far"
"7053-5",0,0,0,1,0,35,0,1476990628757,"false",1,0,"close"
"7053-5",0,1,2,0,1,34,1,1476990608447,"true",0,0,"close"
"7053-5",0,0,1,1,0,33,0,1476990597554,"true",0,1,"close"
"7053-5",0,0,1,1,0,32,0,1476990582680,"true",0,1,"split"
"7053-5",1,0,0,0,2,50,0,1476990810767,"true",1,0,"split"
