"gameid","sClicked_2","sClicked_1","lClickedIndex","sClicked_0","sClickedIndex","roundNum","lClicked_2","time","outcome","lClicked_0","lClicked_1","condition"
"7095-8",0,0,1,1,0,42,0,1476495189593,"true",0,1,"split"
"7095-8",0,0,0,1,0,48,0,1476495296673,"true",1,0,"close"
"7095-8",0,0,1,1,0,43,0,1476495201323,"true",0,1,"split"
"7095-8",0,1,0,0,1,49,0,1476495320048,"true",1,0,"split"
"7095-8",0,1,0,0,1,24,0,1476494916206,"true",1,0,"close"
"7095-8",0,0,0,1,0,25,0,1476494938754,"false",1,0,"close"
"7095-8",0,0,0,1,0,26,0,1476494954191,"false",1,0,"close"
"7095-8",0,1,0,0,1,27,0,1476494965332,"true",1,0,"far"
"7095-8",0,1,2,0,1,20,1,1476494812258,"true",0,0,"split"
"7095-8",0,0,2,1,0,21,1,1476494849258,"true",0,0,"close"
"7095-8",0,1,2,0,1,22,1,1476494877682,"true",0,0,"split"
"7095-8",1,0,0,0,2,23,0,1476494901654,"true",1,0,"close"
"7095-8",1,0,2,0,2,46,1,1476495262393,"true",0,0,"split"
"7095-8",0,0,2,1,0,47,1,1476495276872,"true",0,0,"close"
"7095-8",0,1,1,0,1,44,0,1476495216651,"true",0,1,"split"
"7095-8",1,0,2,0,2,45,1,1476495240604,"true",0,0,"close"
"7095-8",1,0,0,0,2,28,0,1476494986018,"true",1,0,"split"
"7095-8",0,1,1,0,1,29,0,1476494998981,"true",0,1,"close"
"7095-8",0,1,2,0,1,40,1,1476495161355,"true",0,0,"far"
"7095-8",1,0,1,0,2,41,0,1476495174273,"true",0,1,"far"
"7095-8",1,0,0,0,2,1,0,1476494354199,"true",1,0,"far"
"7095-8",0,0,1,1,0,3,0,1476494453722,"true",0,1,"far"
"7095-8",1,0,0,0,2,2,0,1476494393820,"true",1,0,"close"
"7095-8",0,1,2,0,1,5,1,1476494493135,"true",0,0,"split"
"7095-8",0,0,0,1,0,4,0,1476494477761,"true",1,0,"split"
"7095-8",1,0,0,0,2,7,0,1476494567051,"true",1,0,"far"
"7095-8",0,0,1,1,0,6,0,1476494546934,"true",0,1,"far"
"7095-8",0,1,0,0,1,9,0,1476494604813,"true",1,0,"split"
"7095-8",1,0,1,0,2,8,0,1476494578428,"true",0,1,"far"
"7095-8",0,0,1,1,0,39,0,1476495149116,"true",0,1,"far"
"7095-8",0,1,1,0,1,38,0,1476495140502,"true",0,1,"close"
"7095-8",0,0,2,1,0,11,1,1476494648146,"true",0,0,"close"
"7095-8",1,0,0,0,2,10,0,1476494628810,"true",1,0,"close"
"7095-8",0,0,1,1,0,13,0,1476494681328,"true",0,1,"far"
"7095-8",0,1,0,0,1,12,0,1476494668254,"true",1,0,"split"
"7095-8",0,1,0,0,1,15,0,1476494728736,"false",1,0,"close"
"7095-8",1,0,0,0,2,14,0,1476494707357,"true",1,0,"split"
"7095-8",0,1,1,0,1,17,0,1476494762311,"true",0,1,"split"
"7095-8",0,0,2,1,0,16,1,1476494741820,"true",0,0,"far"
"7095-8",1,0,2,0,2,19,1,1476494797543,"true",0,0,"close"
"7095-8",1,0,1,0,2,18,0,1476494779099,"true",0,1,"split"
"7095-8",1,0,2,0,2,31,1,1476495041977,"true",0,0,"close"
"7095-8",1,0,1,0,2,30,0,1476495009844,"true",0,1,"far"
"7095-8",1,0,1,0,2,37,0,1476495123527,"true",0,1,"far"
"7095-8",0,0,1,1,0,36,0,1476495112140,"true",0,1,"far"
"7095-8",0,1,1,0,1,35,0,1476495098454,"true",0,1,"far"
"7095-8",0,1,2,0,1,34,1,1476495090319,"true",0,0,"split"
"7095-8",0,0,0,1,0,33,0,1476495069049,"true",1,0,"far"
"7095-8",0,0,2,1,0,32,1,1476495053867,"true",0,0,"far"
"7095-8",0,1,0,0,1,50,0,1476495338782,"true",1,0,"split"
