"gameid","sClicked_2","sClicked_1","lClickedIndex","sClicked_0","sClickedIndex","roundNum","lClicked_2","time","outcome","lClicked_0","lClicked_1","condition"
"7099-3",0,0,0,1,0,42,0,1476990114530,"true",1,0,"far"
"7099-3",1,0,1,0,2,48,0,1476990237051,"true",0,1,"split"
"7099-3",0,1,1,0,1,43,0,1476990133836,"true",0,1,"close"
"7099-3",0,1,2,0,1,49,1,1476990244835,"true",0,0,"far"
"7099-3",0,1,0,0,1,24,0,1476989835273,"true",1,0,"split"
"7099-3",0,1,2,0,1,25,1,1476989842743,"true",0,0,"far"
"7099-3",1,0,1,0,2,26,0,1476989854642,"true",0,1,"split"
"7099-3",0,1,2,0,1,27,1,1476989872754,"true",0,0,"close"
"7099-3",0,1,1,0,1,20,0,1476989789111,"true",0,1,"split"
"7099-3",0,0,0,1,0,21,0,1476989812365,"true",1,0,"split"
"7099-3",0,0,1,1,0,22,0,1476989820403,"true",0,1,"far"
"7099-3",0,0,2,1,0,23,1,1476989827317,"true",0,0,"far"
"7099-3",1,0,1,0,2,46,0,1476990214704,"true",0,1,"far"
"7099-3",0,1,2,0,1,47,1,1476990226371,"true",0,0,"close"
"7099-3",0,1,0,0,1,44,0,1476990143259,"true",1,0,"close"
"7099-3",1,0,2,0,2,45,1,1476990207547,"true",0,0,"close"
"7099-3",1,0,0,0,2,28,0,1476989919294,"true",1,0,"close"
"7099-3",0,0,0,1,0,29,0,1476989926323,"true",1,0,"far"
"7099-3",1,0,1,0,2,40,0,1476990090328,"true",0,1,"split"
"7099-3",0,1,2,0,1,41,1,1476990107601,"true",0,0,"close"
"7099-3",0,0,0,1,0,1,0,1476989508781,"true",1,0,"close"
"7099-3",0,1,0,0,1,3,0,1476989544870,"true",1,0,"split"
"7099-3",1,0,1,0,2,2,0,1476989537878,"true",0,1,"close"
"7099-3",1,0,0,0,2,5,0,1476989588369,"true",1,0,"close"
"7099-3",0,1,2,0,1,4,1,1476989552470,"true",0,0,"far"
"7099-3",0,0,2,1,0,7,1,1476989608515,"true",0,0,"split"
"7099-3",1,0,1,0,2,6,0,1476989597487,"true",0,1,"far"
"7099-3",1,0,0,0,2,9,0,1476989627927,"true",1,0,"split"
"7099-3",0,0,2,1,0,8,1,1476989617103,"true",0,0,"split"
"7099-3",1,0,1,0,2,39,0,1476990076863,"true",0,1,"close"
"7099-3",0,0,1,1,0,38,0,1476990057069,"true",0,1,"split"
"7099-3",0,0,1,1,0,11,0,1476989656253,"true",0,1,"far"
"7099-3",1,0,0,0,2,10,0,1476989645582,"true",1,0,"close"
"7099-3",0,1,2,0,1,13,1,1476989686913,"true",0,0,"close"
"7099-3",0,0,0,1,0,12,0,1476989666505,"true",1,0,"split"
"7099-3",0,0,0,1,0,15,0,1476989707064,"true",1,0,"split"
"7099-3",0,0,1,1,0,14,0,1476989693657,"true",0,1,"far"
"7099-3",1,0,2,0,2,17,1,1476989749428,"false",0,0,"close"
"7099-3",0,0,1,1,0,16,0,1476989717226,"true",0,1,"split"
"7099-3",0,1,1,0,1,19,0,1476989782003,"true",0,1,"far"
"7099-3",0,1,2,0,1,18,1,1476989770263,"true",0,0,"far"
"7099-3",0,0,0,1,0,31,0,1476989948681,"true",1,0,"far"
"7099-3",0,1,1,0,1,30,0,1476989942447,"true",0,1,"split"
"7099-3",0,1,2,0,1,37,1,1476990048113,"true",0,0,"close"
"7099-3",0,1,0,0,1,36,0,1476990004733,"true",1,0,"split"
"7099-3",0,1,2,0,1,35,1,1476989993588,"true",0,0,"close"
"7099-3",0,1,0,0,1,34,0,1476989968713,"true",1,0,"far"
"7099-3",0,1,1,0,1,33,0,1476989961437,"true",0,1,"far"
"7099-3",1,0,1,0,2,32,0,1476989955296,"true",0,1,"far"
"7099-3",1,0,0,0,2,50,0,1476990256454,"true",1,0,"close"
