"gameid","sClicked_2","sClicked_1","lClickedIndex","sClicked_0","sClickedIndex","roundNum","lClicked_2","time","outcome","lClicked_0","lClicked_1","condition"
"7112-9",0,1,2,0,1,42,1,1476990574013,"false",0,0,"close"
"7112-9",0,1,1,0,1,48,0,1476990682483,"true",0,1,"close"
"7112-9",0,0,0,1,0,43,0,1476990590307,"true",1,0,"close"
"7112-9",0,0,0,1,0,49,0,1476990697304,"true",1,0,"split"
"7112-9",1,0,1,0,2,24,0,1476990340953,"true",0,1,"far"
"7112-9",0,0,0,1,0,25,0,1476990351434,"true",1,0,"close"
"7112-9",0,1,2,0,1,26,1,1476990370873,"false",0,0,"split"
"7112-9",1,0,2,0,2,27,1,1476990388871,"true",0,0,"far"
"7112-9",0,1,0,0,1,20,0,1476990301272,"true",1,0,"close"
"7112-9",1,0,1,0,2,21,0,1476990313268,"true",0,1,"far"
"7112-9",0,0,0,1,0,22,0,1476990321096,"true",1,0,"split"
"7112-9",0,1,2,0,1,23,1,1476990330443,"true",0,0,"far"
"7112-9",0,1,1,0,1,46,0,1476990649203,"true",0,1,"close"
"7112-9",0,1,0,0,1,47,0,1476990668713,"true",1,0,"close"
"7112-9",0,0,0,1,0,44,0,1476990610059,"true",1,0,"close"
"7112-9",1,0,2,0,2,45,1,1476990627910,"true",0,0,"split"
"7112-9",0,0,1,1,0,28,0,1476990401300,"true",0,1,"far"
"7112-9",1,0,1,0,2,29,0,1476990409129,"true",0,1,"split"
"7112-9",0,0,1,1,0,40,0,1476990551553,"true",0,1,"far"
"7112-9",1,0,1,0,2,41,0,1476990559157,"true",0,1,"far"
"7112-9",1,0,1,0,2,1,0,1476989993363,"false",0,1,"close"
"7112-9",1,0,0,0,2,3,0,1476990035412,"true",1,0,"close"
"7112-9",0,0,0,1,0,2,0,1476990011562,"true",1,0,"far"
"7112-9",0,1,0,0,1,5,0,1476990071255,"true",1,0,"split"
"7112-9",0,0,0,1,0,4,0,1476990057161,"false",1,0,"split"
"7112-9",1,0,1,0,2,7,0,1476990101344,"true",0,1,"split"
"7112-9",0,0,1,1,0,6,0,1476990082550,"true",0,1,"close"
"7112-9",0,0,0,1,0,9,0,1476990141486,"true",1,0,"close"
"7112-9",0,0,0,1,0,8,0,1476990128603,"true",1,0,"split"
"7112-9",0,0,1,1,0,39,0,1476990542390,"true",0,1,"split"
"7112-9",0,0,0,1,0,38,0,1476990530489,"true",1,0,"far"
"7112-9",0,1,2,0,1,11,1,1476990171687,"true",0,0,"split"
"7112-9",0,0,1,1,0,10,0,1476990153960,"true",0,1,"far"
"7112-9",1,0,2,0,2,13,1,1476990194408,"true",0,0,"split"
"7112-9",0,0,0,1,0,12,0,1476990181983,"true",1,0,"close"
"7112-9",0,1,0,0,1,15,0,1476990219040,"true",1,0,"split"
"7112-9",0,1,1,0,1,14,0,1476990207397,"true",0,1,"far"
"7112-9",1,0,1,0,2,17,0,1476990261190,"true",0,1,"far"
"7112-9",0,1,1,0,1,16,0,1476990242619,"true",0,1,"split"
"7112-9",1,0,2,0,2,19,1,1476990286761,"true",0,0,"far"
"7112-9",1,0,1,0,2,18,0,1476990275108,"true",0,1,"far"
"7112-9",1,0,2,0,2,31,1,1476990433338,"false",0,0,"close"
"7112-9",0,0,0,1,0,30,0,1476990417431,"true",1,0,"far"
"7112-9",0,1,2,0,1,37,1,1476990519357,"true",0,0,"split"
"7112-9",1,0,1,0,2,36,0,1476990501135,"true",0,1,"close"
"7112-9",1,0,1,0,2,35,0,1476990484734,"true",0,1,"far"
"7112-9",0,0,1,1,0,34,0,1476990477165,"true",0,1,"far"
"7112-9",1,0,1,0,2,33,0,1476990465836,"true",0,1,"close"
"7112-9",1,0,2,0,2,32,1,1476990449684,"true",0,0,"split"
"7112-9",0,1,2,0,1,50,1,1476990723803,"false",0,0,"close"
