"gameid","sClicked_2","sClicked_1","lClickedIndex","sClicked_0","sClickedIndex","roundNum","lClicked_2","time","outcome","lClicked_0","lClicked_1","condition"
"7122-8",0,1,2,0,1,42,1,1476997315858,"true",0,0,"far"
"7122-8",0,1,1,0,1,48,0,1476997395855,"true",0,1,"far"
"7122-8",0,1,0,0,1,43,0,1476997330147,"true",1,0,"split"
"7122-8",1,0,2,0,2,49,1,1476997407978,"true",0,0,"split"
"7122-8",0,0,2,1,0,24,1,1476997138221,"true",0,0,"far"
"7122-8",0,0,1,1,0,25,0,1476997148205,"true",0,1,"close"
"7122-8",0,1,2,0,1,26,1,1476997161310,"true",0,0,"split"
"7122-8",0,0,2,1,0,27,1,1476997170965,"true",0,0,"far"
"7122-8",1,0,2,0,2,20,1,1476997076558,"true",0,0,"close"
"7122-8",0,0,1,1,0,21,0,1476997084896,"true",0,1,"far"
"7122-8",0,0,1,1,0,22,0,1476997097490,"true",0,1,"far"
"7122-8",1,0,1,0,2,23,0,1476997130065,"true",0,1,"close"
"7122-8",0,0,2,1,0,46,1,1476997375025,"true",0,0,"split"
"7122-8",1,0,0,0,2,47,0,1476997383911,"true",1,0,"close"
"7122-8",1,0,2,0,2,44,1,1476997356605,"true",0,0,"split"
"7122-8",1,0,0,0,2,45,0,1476997366227,"true",1,0,"close"
"7122-8",0,0,0,1,0,28,0,1476997179392,"true",1,0,"far"
"7122-8",0,0,2,1,0,29,1,1476997186711,"true",0,0,"close"
"7122-8",0,1,2,0,1,40,1,1476997295230,"true",0,0,"split"
"7122-8",1,0,1,0,2,41,0,1476997305940,"true",0,1,"close"
"7122-8",0,0,2,1,0,1,1,1476996772717,"true",0,0,"far"
"7122-8",0,0,0,1,0,3,0,1476996792415,"true",1,0,"split"
"7122-8",1,0,1,0,2,2,0,1476996784069,"true",0,1,"split"
"7122-8",1,0,0,0,2,5,0,1476996835471,"true",1,0,"close"
"7122-8",0,0,1,1,0,4,0,1476996800564,"true",0,1,"close"
"7122-8",1,0,1,0,2,7,0,1476996857594,"true",0,1,"close"
"7122-8",0,0,2,1,0,6,1,1476996846818,"true",0,0,"split"
"7122-8",0,0,0,1,0,9,0,1476996901234,"true",1,0,"close"
"7122-8",1,0,2,0,2,8,1,1476996868880,"false",0,0,"far"
"7122-8",0,1,1,0,1,39,0,1476997285828,"true",0,1,"split"
"7122-8",0,1,2,0,1,38,1,1476997277002,"true",0,0,"far"
"7122-8",0,0,1,1,0,11,0,1476996931627,"true",0,1,"split"
"7122-8",0,1,2,0,1,10,1,1476996908670,"true",0,0,"far"
"7122-8",0,0,0,1,0,13,0,1476996962879,"true",1,0,"split"
"7122-8",0,0,2,1,0,12,1,1476996950835,"true",0,0,"split"
"7122-8",1,0,0,0,2,15,0,1476996992190,"true",1,0,"split"
"7122-8",1,0,2,0,2,14,1,1476996972655,"true",0,0,"far"
"7122-8",0,0,1,1,0,17,0,1476997018762,"true",0,1,"close"
"7122-8",0,1,1,0,1,16,0,1476997001749,"true",0,1,"far"
"7122-8",0,0,2,1,0,19,1,1476997049794,"true",0,0,"far"
"7122-8",0,1,1,0,1,18,0,1476997040363,"true",0,1,"split"
"7122-8",0,0,1,1,0,31,0,1476997206081,"true",0,1,"split"
"7122-8",0,0,1,1,0,30,0,1476997199328,"true",0,1,"close"
"7122-8",0,0,1,1,0,37,0,1476997268262,"true",0,1,"close"
"7122-8",1,0,0,0,2,36,0,1476997259284,"true",1,0,"far"
"7122-8",1,0,0,0,2,35,0,1476997252335,"true",1,0,"far"
"7122-8",0,0,2,1,0,34,1,1476997243584,"true",0,0,"split"
"7122-8",0,0,2,1,0,33,1,1476997234724,"true",0,0,"far"
"7122-8",1,0,0,0,2,32,0,1476997226587,"true",1,0,"close"
"7122-8",0,1,2,0,1,50,1,1476997416860,"true",0,0,"close"
