"gameid","sClicked_2","sClicked_1","lClickedIndex","sClicked_0","sClickedIndex","roundNum","lClicked_2","time","outcome","lClicked_0","lClicked_1","condition"
"7131-3",0,0,1,1,0,42,0,1459879531620,"true",0,1,"split"
"7131-3",0,1,2,0,1,48,1,1459879580124,"true",0,0,"split"
"7131-3",1,0,2,0,2,43,1,1459879539806,"true",0,0,"close"
"7131-3",0,1,1,0,1,49,0,1459879588659,"true",0,1,"far"
"7131-3",0,0,1,1,0,24,0,1459879380197,"true",0,1,"close"
"7131-3",0,1,1,0,1,25,0,1459879388340,"false",0,1,"close"
"7131-3",1,0,2,0,2,26,1,1459879397005,"false",0,0,"split"
"7131-3",0,0,0,1,0,27,0,1459879404455,"true",1,0,"split"
"7131-3",1,0,1,0,2,20,0,1459879343184,"true",0,1,"far"
"7131-3",1,0,0,0,2,21,0,1459879352248,"false",1,0,"split"
"7131-3",0,1,0,0,1,22,0,1459879359797,"true",1,0,"split"
"7131-3",0,1,1,0,1,23,0,1459879370439,"true",0,1,"close"
"7131-3",0,0,1,1,0,46,0,1459879564383,"true",0,1,"close"
"7131-3",0,1,1,0,1,47,0,1459879571072,"true",0,1,"far"
"7131-3",0,0,2,1,0,44,1,1459879548838,"true",0,0,"close"
"7131-3",0,0,0,1,0,45,0,1459879556933,"true",1,0,"close"
"7131-3",0,0,1,1,0,28,0,1459879412793,"true",0,1,"split"
"7131-3",0,0,2,1,0,29,1,1459879419359,"true",0,0,"close"
"7131-3",1,0,0,0,2,40,0,1459879512333,"false",1,0,"close"
"7131-3",0,1,2,0,1,41,1,1459879523978,"false",0,0,"split"
"7131-3",0,0,0,1,0,1,0,1459879153777,"true",1,0,"far"
"7131-3",1,0,2,0,2,3,1,1459879177690,"false",0,0,"split"
"7131-3",1,0,1,0,2,2,0,1459879163945,"true",0,1,"split"
"7131-3",1,0,2,0,2,5,1,1459879196034,"true",0,0,"far"
"7131-3",1,0,2,0,2,4,1,1459879187378,"true",0,0,"close"
"7131-3",1,0,2,0,2,7,1,1459879215376,"true",0,0,"close"
"7131-3",0,0,1,1,0,6,0,1459879205011,"true",0,1,"far"
"7131-3",1,0,0,0,2,9,0,1459879241312,"true",1,0,"far"
"7131-3",1,0,2,0,2,8,1,1459879232551,"true",0,0,"split"
"7131-3",1,0,1,0,2,39,0,1459879504305,"false",0,1,"close"
"7131-3",0,0,1,1,0,38,0,1459879494215,"true",0,1,"split"
"7131-3",0,0,0,1,0,11,0,1459879260489,"true",1,0,"close"
"7131-3",0,0,1,1,0,10,0,1459879250977,"true",0,1,"far"
"7131-3",0,0,2,1,0,13,1,1459879282460,"true",0,0,"far"
"7131-3",0,0,2,1,0,12,1,1459879272090,"true",0,0,"close"
"7131-3",0,0,1,1,0,15,0,1459879299953,"false",0,1,"far"
"7131-3",1,0,0,0,2,14,0,1459879289673,"true",1,0,"far"
"7131-3",0,1,0,0,1,17,0,1459879320516,"true",1,0,"split"
"7131-3",0,1,0,0,1,16,0,1459879308180,"true",1,0,"split"
"7131-3",0,1,0,0,1,19,0,1459879336019,"true",1,0,"split"
"7131-3",1,0,1,0,2,18,0,1459879328088,"true",0,1,"far"
"7131-3",0,0,0,1,0,31,0,1459879440625,"true",1,0,"split"
"7131-3",0,1,0,0,1,30,0,1459879431381,"false",1,0,"close"
"7131-3",0,1,1,0,1,37,0,1459879487670,"true",0,1,"far"
"7131-3",1,0,2,0,2,36,1,1459879480654,"true",0,0,"far"
"7131-3",0,1,2,0,1,35,1,1459879473394,"false",0,0,"far"
"7131-3",0,0,1,1,0,34,0,1459879466628,"true",0,1,"close"
"7131-3",0,1,0,0,1,33,0,1459879458998,"true",1,0,"close"
"7131-3",0,0,0,1,0,32,0,1459879449234,"true",1,0,"far"
"7131-3",1,0,2,0,2,50,1,1459879596362,"true",0,0,"far"
