"gameid","sClicked_2","sClicked_1","lClickedIndex","sClicked_0","sClickedIndex","roundNum","lClicked_2","time","outcome","lClicked_0","lClicked_1","condition"
"7134-9",0,1,2,0,1,42,1,1476998746011,"true",0,0,"far"
"7134-9",0,1,1,0,1,48,0,1476998807567,"true",0,1,"split"
"7134-9",0,0,0,1,0,43,0,1476998759775,"true",1,0,"close"
"7134-9",0,0,0,1,0,49,0,1476998813622,"true",1,0,"far"
"7134-9",0,1,0,0,1,24,0,1476998445921,"false",1,0,"close"
"7134-9",1,0,1,0,2,25,0,1476998461280,"true",0,1,"close"
"7134-9",1,0,0,0,2,26,0,1476998479990,"true",1,0,"close"
"7134-9",0,0,0,1,0,27,0,1476998505811,"true",1,0,"close"
"7134-9",1,0,0,0,2,20,0,1476998398919,"true",1,0,"split"
"7134-9",0,0,0,1,0,21,0,1476998410730,"true",1,0,"far"
"7134-9",0,0,0,1,0,22,0,1476998420192,"false",1,0,"far"
"7134-9",1,0,0,0,2,23,0,1476998433525,"true",1,0,"close"
"7134-9",0,1,0,0,1,46,0,1476998789956,"true",1,0,"split"
"7134-9",1,0,1,0,2,47,0,1476998801216,"true",0,1,"split"
"7134-9",0,1,0,0,1,44,0,1476998774206,"true",1,0,"far"
"7134-9",1,0,1,0,2,45,0,1476998781276,"false",0,1,"close"
"7134-9",0,0,1,1,0,28,0,1476998542497,"true",0,1,"far"
"7134-9",1,0,2,0,2,29,1,1476998566974,"true",0,0,"split"
"7134-9",1,0,2,0,2,40,1,1476998731321,"true",0,0,"far"
"7134-9",0,0,0,1,0,41,0,1476998739301,"true",1,0,"close"
"7134-9",1,0,1,0,2,1,0,1476998093916,"true",0,1,"split"
"7134-9",1,0,1,0,2,3,0,1476998122818,"true",0,1,"close"
"7134-9",0,0,1,1,0,2,0,1476998106300,"true",0,1,"split"
"7134-9",1,0,1,0,2,5,0,1476998143430,"true",0,1,"close"
"7134-9",0,0,2,1,0,4,1,1476998129484,"true",0,0,"far"
"7134-9",1,0,0,0,2,7,0,1476998173959,"true",1,0,"close"
"7134-9",0,1,1,0,1,6,0,1476998153362,"true",0,1,"split"
"7134-9",0,0,2,1,0,9,1,1476998196466,"true",0,0,"close"
"7134-9",0,0,0,1,0,8,0,1476998181524,"true",1,0,"close"
"7134-9",0,0,0,1,0,39,0,1476998720345,"true",1,0,"far"
"7134-9",0,1,1,0,1,38,0,1476998706102,"false",0,1,"split"
"7134-9",0,0,1,1,0,11,0,1476998216700,"true",0,1,"far"
"7134-9",0,0,1,1,0,10,0,1476998206084,"true",0,1,"far"
"7134-9",0,1,0,0,1,13,0,1476998298870,"true",1,0,"split"
"7134-9",0,0,0,1,0,12,0,1476998269330,"false",1,0,"split"
"7134-9",1,0,0,0,2,15,0,1476998317066,"true",1,0,"split"
"7134-9",0,1,2,0,1,14,1,1476998307389,"true",0,0,"close"
"7134-9",0,0,1,1,0,17,0,1476998359677,"true",0,1,"split"
"7134-9",1,0,1,0,2,16,0,1476998331567,"true",0,1,"close"
"7134-9",0,0,2,1,0,19,1,1476998385619,"true",0,0,"far"
"7134-9",1,0,1,0,2,18,0,1476998371976,"true",0,1,"far"
"7134-9",0,1,2,0,1,31,1,1476998593216,"true",0,0,"far"
"7134-9",0,1,0,0,1,30,0,1476998583346,"true",1,0,"close"
"7134-9",0,0,0,1,0,37,0,1476998677910,"true",1,0,"split"
"7134-9",1,0,0,0,2,36,0,1476998665582,"true",1,0,"far"
"7134-9",1,0,2,0,2,35,1,1476998653535,"true",0,0,"close"
"7134-9",0,0,0,1,0,34,0,1476998639715,"true",1,0,"split"
"7134-9",0,0,2,1,0,33,1,1476998618408,"true",0,0,"split"
"7134-9",0,1,2,0,1,32,1,1476998608732,"true",0,0,"split"
"7134-9",1,0,2,0,2,50,1,1476998823247,"true",0,0,"far"
