"gameid","sClicked_2","sClicked_1","lClickedIndex","sClicked_0","sClickedIndex","roundNum","lClicked_2","time","outcome","lClicked_0","lClicked_1","condition"
"7158-d",1,0,0,0,2,42,0,1476496630717,"true",1,0,"close"
"7158-d",1,0,2,0,2,48,1,1476496698792,"true",0,0,"far"
"7158-d",0,1,2,0,1,43,1,1476496647139,"true",0,0,"split"
"7158-d",0,0,2,1,0,49,1,1476496720166,"true",0,0,"split"
"7158-d",0,1,0,0,1,24,0,1476496302828,"true",1,0,"close"
"7158-d",1,0,1,0,2,25,0,1476496324186,"true",0,1,"split"
"7158-d",1,0,1,0,2,26,0,1476496333531,"true",0,1,"far"
"7158-d",0,0,0,1,0,27,0,1476496356265,"true",1,0,"split"
"7158-d",0,0,2,1,0,20,1,1476496235076,"true",0,0,"far"
"7158-d",0,1,0,0,1,21,0,1476496259136,"true",1,0,"close"
"7158-d",0,1,2,0,1,22,1,1476496268292,"true",0,0,"split"
"7158-d",0,1,1,0,1,23,0,1476496289967,"true",0,1,"split"
"7158-d",0,0,2,1,0,46,1,1476496679920,"true",0,0,"split"
"7158-d",1,0,0,0,2,47,0,1476496691486,"true",1,0,"split"
"7158-d",0,1,1,0,1,44,0,1476496656012,"true",0,1,"close"
"7158-d",0,0,2,1,0,45,1,1476496668212,"true",0,0,"far"
"7158-d",0,1,2,0,1,28,1,1476496418723,"true",0,0,"split"
"7158-d",0,1,0,0,1,29,0,1476496426513,"true",1,0,"far"
"7158-d",0,1,2,0,1,40,1,1476496591012,"false",0,0,"split"
"7158-d",1,0,1,0,2,41,0,1476496604235,"true",0,1,"split"
"7158-d",0,1,2,0,1,1,1,1476495801224,"true",0,0,"close"
"7158-d",0,0,1,1,0,3,0,1476495851566,"true",0,1,"close"
"7158-d",0,1,0,0,1,2,0,1476495824065,"true",1,0,"close"
"7158-d",0,1,2,0,1,5,1,1476495890976,"true",0,0,"far"
"7158-d",0,0,0,1,0,4,0,1476495867978,"true",1,0,"split"
"7158-d",0,1,2,0,1,7,1,1476495946259,"true",0,0,"far"
"7158-d",1,0,2,0,2,6,1,1476495934756,"true",0,0,"close"
"7158-d",0,1,0,0,1,8,0,1476495974626,"true",1,0,"close"
"7158-d",0,1,1,0,1,39,0,1476496573918,"true",0,1,"close"
"7158-d",1,0,1,0,2,38,0,1476496559849,"true",0,1,"close"
"7158-d",1,0,2,0,2,11,1,1476496058007,"true",0,0,"split"
"7158-d",0,0,2,1,0,10,1,1476496035173,"true",0,0,"close"
"7158-d",1,0,0,0,2,13,0,1476496083638,"true",1,0,"split"
"7158-d",0,1,1,0,1,12,0,1476496068507,"true",0,1,"far"
"7158-d",0,0,2,1,0,15,1,1476496113573,"true",0,0,"far"
"7158-d",1,0,2,0,2,14,1,1476496093325,"true",0,0,"far"
"7158-d",0,1,2,0,1,17,1,1476496181653,"true",0,0,"far"
"7158-d",0,1,0,0,1,16,0,1476496154596,"true",1,0,"close"
"7158-d",0,0,2,1,0,19,1,1476496225708,"true",0,0,"far"
"7158-d",0,1,0,0,1,18,0,1476496193880,"true",1,0,"far"
"7158-d",1,0,2,0,2,31,1,1476496450852,"true",0,0,"close"
"7158-d",0,0,0,1,0,30,0,1476496433386,"true",1,0,"far"
"7158-d",0,1,0,0,1,37,0,1476496537410,"true",1,0,"close"
"7158-d",0,1,0,0,1,36,0,1476496514073,"true",1,0,"split"
"7158-d",0,1,1,0,1,35,0,1476496500655,"true",0,1,"far"
"7158-d",1,0,2,0,2,34,1,1476496493428,"true",0,0,"far"
"7158-d",0,0,0,1,0,33,0,1476496480811,"true",1,0,"close"
"7158-d",0,1,0,0,1,32,0,1476496459976,"true",1,0,"far"
"7158-d",1,0,1,0,2,50,0,1476496751221,"true",0,1,"split"
