"gameid","sClicked_2","sClicked_1","lClickedIndex","sClicked_0","sClickedIndex","roundNum","lClicked_2","time","outcome","lClicked_0","lClicked_1","condition"
"7174-e",0,1,1,0,1,42,0,1476482408571,"false",0,1,"split"
"7174-e",0,0,2,1,0,48,1,1476482530674,"true",0,0,"close"
"7174-e",0,0,0,1,0,43,0,1476482432299,"true",1,0,"close"
"7174-e",0,0,2,1,0,49,1,1476482544522,"true",0,0,"split"
"7174-e",1,0,2,0,2,24,1,1476482184930,"true",0,0,"split"
"7174-e",0,0,2,1,0,25,1,1476482203803,"false",0,0,"close"
"7174-e",0,1,2,0,1,26,1,1476482220122,"true",0,0,"far"
"7174-e",1,0,1,0,2,27,0,1476482231634,"true",0,1,"far"
"7174-e",1,0,0,0,2,20,0,1476482142380,"false",1,0,"close"
"7174-e",0,0,0,1,0,21,0,1476482153090,"true",1,0,"far"
"7174-e",1,0,1,0,2,22,0,1476482162283,"false",0,1,"close"
"7174-e",0,1,1,0,1,23,0,1476482173650,"true",0,1,"split"
"7174-e",1,0,2,0,2,46,1,1476482501595,"false",0,0,"close"
"7174-e",1,0,0,0,2,47,0,1476482517868,"true",1,0,"far"
"7174-e",0,0,2,1,0,44,1,1476482463995,"false",0,0,"close"
"7174-e",0,0,1,1,0,45,0,1476482479458,"true",0,1,"split"
"7174-e",0,1,0,0,1,28,0,1476482241890,"true",1,0,"far"
"7174-e",0,1,0,0,1,29,0,1476482251227,"true",1,0,"far"
"7174-e",0,1,1,0,1,40,0,1476482383556,"false",0,1,"close"
"7174-e",0,0,0,1,0,41,0,1476482394306,"true",1,0,"close"
"7174-e",0,0,1,1,0,1,0,1476481814635,"true",0,1,"split"
"7174-e",0,1,1,0,1,3,0,1476481844692,"true",0,1,"far"
"7174-e",0,0,2,1,0,2,1,1476481830619,"true",0,0,"far"
"7174-e",0,0,1,1,0,5,0,1476481866906,"true",0,1,"split"
"7174-e",0,1,2,0,1,4,1,1476481851925,"true",0,0,"far"
"7174-e",0,0,2,1,0,7,1,1476481911179,"false",0,0,"close"
"7174-e",1,0,0,0,2,6,0,1476481880386,"true",1,0,"split"
"7174-e",0,1,2,0,1,9,1,1476481943555,"true",0,0,"split"
"7174-e",0,1,0,0,1,8,0,1476481928243,"true",1,0,"split"
"7174-e",0,1,1,0,1,39,0,1476482371053,"true",0,1,"split"
"7174-e",0,1,0,0,1,38,0,1476482361250,"false",1,0,"close"
"7174-e",0,1,0,0,1,11,0,1476481985194,"false",1,0,"close"
"7174-e",1,0,2,0,2,10,1,1476481967020,"true",0,0,"split"
"7174-e",0,1,1,0,1,13,0,1476482001770,"true",0,1,"split"
"7174-e",1,0,2,0,2,12,1,1476481993683,"true",0,0,"far"
"7174-e",0,1,1,0,1,15,0,1476482037634,"true",0,1,"split"
"7174-e",0,1,1,0,1,14,0,1476482020268,"false",0,1,"split"
"7174-e",0,0,2,1,0,17,1,1476482063362,"true",0,0,"close"
"7174-e",0,1,2,0,1,16,1,1476482047890,"true",0,0,"split"
"7174-e",0,1,1,0,1,19,0,1476482100987,"false",0,1,"close"
"7174-e",1,0,2,0,2,18,1,1476482080738,"true",0,0,"far"
"7174-e",0,0,2,1,0,31,1,1476482267834,"true",0,0,"far"
"7174-e",0,0,2,1,0,30,1,1476482258634,"true",0,0,"far"
"7174-e",0,1,0,0,1,37,0,1476482347434,"true",1,0,"far"
"7174-e",1,0,1,0,2,36,0,1476482337298,"false",0,1,"split"
"7174-e",0,1,2,0,1,35,1,1476482324962,"true",0,0,"close"
"7174-e",1,0,2,0,2,34,1,1476482314754,"true",0,0,"far"
"7174-e",0,1,0,0,1,33,0,1476482304290,"true",1,0,"far"
"7174-e",0,1,1,0,1,32,0,1476482293187,"true",0,1,"close"
"7174-e",1,0,0,0,2,50,0,1476482556250,"true",1,0,"close"
