"gameid","sClicked_2","sClicked_1","lClickedIndex","sClicked_0","sClickedIndex","roundNum","lClicked_2","time","outcome","lClicked_0","lClicked_1","condition"
"7179-0",0,1,2,0,1,42,1,1459898012202,"true",0,0,"split"
"7179-0",1,0,1,0,2,48,0,1459898196330,"true",0,1,"close"
"7179-0",0,0,0,1,0,43,0,1459898048193,"true",1,0,"split"
"7179-0",0,0,0,1,0,49,0,1459898214927,"true",1,0,"split"
"7179-0",0,0,0,1,0,24,0,1459897608352,"true",1,0,"far"
"7179-0",0,0,0,1,0,25,0,1459897623274,"true",1,0,"split"
"7179-0",0,0,0,1,0,26,0,1459897655242,"true",1,0,"close"
"7179-0",1,0,1,0,2,27,0,1459897673579,"true",0,1,"close"
"7179-0",0,0,0,1,0,20,0,1459897512435,"true",1,0,"split"
"7179-0",0,1,0,0,1,21,0,1459897540405,"true",1,0,"split"
"7179-0",0,1,1,0,1,22,0,1459897571930,"true",0,1,"split"
"7179-0",0,1,1,0,1,23,0,1459897592524,"true",0,1,"far"
"7179-0",1,0,1,0,2,46,0,1459898161200,"true",0,1,"split"
"7179-0",1,0,1,0,2,47,0,1459898177075,"true",0,1,"far"
"7179-0",1,0,2,0,2,44,1,1459898060665,"true",0,0,"close"
"7179-0",0,0,2,1,0,45,1,1459898129006,"true",0,0,"close"
"7179-0",0,1,2,0,1,28,1,1459897695804,"true",0,0,"far"
"7179-0",1,0,1,0,2,29,0,1459897718550,"true",0,1,"split"
"7179-0",0,0,0,1,0,40,0,1459897986337,"true",1,0,"far"
"7179-0",1,0,0,0,2,41,0,1459897999246,"true",1,0,"split"
"7179-0",1,0,2,0,2,1,1,1459896837376,"true",0,0,"split"
"7179-0",0,0,1,1,0,3,0,1459897043248,"false",0,1,"far"
"7179-0",1,0,0,0,2,2,0,1459897014233,"true",1,0,"far"
"7179-0",1,0,0,0,2,5,0,1459897186363,"false",1,0,"close"
"7179-0",0,0,1,1,0,4,0,1459897113976,"false",0,1,"close"
"7179-0",1,0,1,0,2,7,0,1459897247079,"true",0,1,"far"
"7179-0",1,0,0,0,2,6,0,1459897219854,"true",1,0,"close"
"7179-0",1,0,1,0,2,9,0,1459897272162,"true",0,1,"far"
"7179-0",0,0,1,1,0,8,0,1459897260769,"true",0,1,"far"
"7179-0",0,0,0,1,0,39,0,1459897972455,"false",1,0,"split"
"7179-0",0,0,0,1,0,38,0,1459897954235,"true",1,0,"close"
"7179-0",0,0,0,1,0,11,0,1459897308117,"true",1,0,"close"
"7179-0",0,1,2,0,1,10,1,1459897289738,"true",0,0,"far"
"7179-0",0,1,0,0,1,13,0,1459897335075,"true",1,0,"split"
"7179-0",0,1,1,0,1,12,0,1459897322936,"false",0,1,"close"
"7179-0",0,1,0,0,1,15,0,1459897383701,"true",1,0,"far"
"7179-0",1,0,1,0,2,14,0,1459897367256,"true",0,1,"split"
"7179-0",0,1,1,0,1,17,0,1459897426817,"true",0,1,"far"
"7179-0",1,0,0,0,2,16,0,1459897400928,"true",1,0,"split"
"7179-0",0,0,0,1,0,19,0,1459897477215,"false",1,0,"close"
"7179-0",0,0,2,1,0,18,1,1459897456850,"false",0,0,"split"
"7179-0",0,0,1,1,0,31,0,1459897749637,"true",0,1,"close"
"7179-0",1,0,0,0,2,30,0,1459897735962,"false",1,0,"far"
"7179-0",0,1,1,0,1,37,0,1459897882618,"false",0,1,"close"
"7179-0",1,0,1,0,2,36,0,1459897854780,"true",0,1,"close"
"7179-0",1,0,2,0,2,35,1,1459897834701,"true",0,0,"far"
"7179-0",0,1,1,0,1,34,0,1459897818353,"true",0,1,"split"
"7179-0",0,1,2,0,1,33,1,1459897787541,"true",0,0,"close"
"7179-0",0,0,0,1,0,32,0,1459897763178,"false",1,0,"far"
"7179-0",1,0,0,0,2,50,0,1459898229479,"true",1,0,"close"
