"gameid","sClicked_2","sClicked_1","lClickedIndex","sClicked_0","sClickedIndex","roundNum","lClicked_2","time","outcome","lClicked_0","lClicked_1","condition"
"7182-5",0,0,1,1,0,42,0,1476496482278,"true",0,1,"far"
"7182-5",0,0,2,1,0,48,1,1476496547151,"false",0,0,"close"
"7182-5",1,0,1,0,2,43,0,1476496496435,"false",0,1,"close"
"7182-5",0,1,0,0,1,49,0,1476496555059,"true",1,0,"split"
"7182-5",0,0,2,1,0,24,1,1476496257255,"true",0,0,"far"
"7182-5",0,0,2,1,0,25,1,1476496267109,"true",0,0,"close"
"7182-5",0,1,0,0,1,26,0,1476496285420,"false",1,0,"close"
"7182-5",1,0,2,0,2,27,1,1476496293653,"true",0,0,"close"
"7182-5",1,0,1,0,2,20,0,1476496213524,"true",0,1,"far"
"7182-5",0,1,2,0,1,21,1,1476496232586,"true",0,0,"close"
"7182-5",1,0,0,0,2,22,0,1476496242334,"true",1,0,"close"
"7182-5",1,0,1,0,2,23,0,1476496249294,"true",0,1,"far"
"7182-5",1,0,1,0,2,46,0,1476496528079,"true",0,1,"close"
"7182-5",0,0,1,1,0,47,0,1476496534040,"true",0,1,"split"
"7182-5",1,0,2,0,2,44,1,1476496506816,"true",0,0,"split"
"7182-5",1,0,2,0,2,45,1,1476496514364,"false",0,0,"far"
"7182-5",0,0,2,1,0,28,1,1476496299944,"true",0,0,"split"
"7182-5",0,1,1,0,1,29,0,1476496313209,"true",0,1,"close"
"7182-5",0,1,2,0,1,40,1,1476496459115,"true",0,0,"far"
"7182-5",0,0,0,1,0,41,0,1476496473317,"true",1,0,"far"
"7182-5",1,0,2,0,2,1,1,1476496025667,"true",0,0,"far"
"7182-5",1,0,2,0,2,3,1,1476496050630,"true",0,0,"split"
"7182-5",1,0,2,0,2,2,1,1476496038131,"true",0,0,"split"
"7182-5",0,1,1,0,1,5,0,1476496072540,"true",0,1,"close"
"7182-5",0,0,1,1,0,4,0,1476496063448,"true",0,1,"split"
"7182-5",1,0,2,0,2,7,1,1476496100685,"true",0,0,"close"
"7182-5",0,1,2,0,1,6,1,1476496087546,"false",0,0,"split"
"7182-5",0,0,2,1,0,9,1,1476496116799,"true",0,0,"far"
"7182-5",0,1,2,0,1,8,1,1476496109596,"true",0,0,"close"
"7182-5",0,1,1,0,1,39,0,1476496441140,"true",0,1,"split"
"7182-5",0,0,2,1,0,38,1,1476496426740,"true",0,0,"split"
"7182-5",1,0,2,0,2,11,1,1476496135029,"true",0,0,"close"
"7182-5",0,1,0,0,1,10,0,1476496123313,"true",1,0,"far"
"7182-5",0,1,1,0,1,13,0,1476496158653,"true",0,1,"split"
"7182-5",0,0,0,1,0,12,0,1476496147230,"false",1,0,"close"
"7182-5",1,0,2,0,2,15,1,1476496172749,"true",0,0,"far"
"7182-5",0,0,2,1,0,14,1,1476496166080,"true",0,0,"split"
"7182-5",0,1,0,0,1,17,0,1476496188732,"true",1,0,"far"
"7182-5",0,0,0,1,0,16,0,1476496180298,"true",1,0,"far"
"7182-5",0,1,1,0,1,19,0,1476496204144,"true",0,1,"close"
"7182-5",0,0,1,1,0,18,0,1476496195249,"true",0,1,"split"
"7182-5",0,0,0,1,0,31,0,1476496340590,"false",1,0,"split"
"7182-5",0,1,2,0,1,30,1,1476496321836,"true",0,0,"far"
"7182-5",0,1,0,0,1,37,0,1476496411579,"true",1,0,"close"
"7182-5",0,1,1,0,1,36,0,1476496399320,"true",0,1,"split"
"7182-5",0,1,2,0,1,35,1,1476496390631,"true",0,0,"split"
"7182-5",1,0,0,0,2,34,0,1476496380833,"true",1,0,"split"
"7182-5",0,0,2,1,0,33,1,1476496366319,"true",0,0,"far"
"7182-5",0,0,2,1,0,32,1,1476496353486,"true",0,0,"close"
"7182-5",0,0,1,1,0,50,0,1476496562344,"true",0,1,"far"
