"gameid","sClicked_2","sClicked_1","lClickedIndex","sClicked_0","sClickedIndex","roundNum","lClicked_2","time","outcome","lClicked_0","lClicked_1","condition"
"7193-5",1,0,0,0,2,42,0,1476485590550,"false",1,0,"split"
"7193-5",0,1,1,0,1,48,0,1476485738987,"false",0,1,"far"
"7193-5",0,1,1,0,1,43,0,1476485608902,"true",0,1,"close"
"7193-5",0,0,2,1,0,49,1,1476485771408,"true",0,0,"split"
"7193-5",0,1,1,0,1,24,0,1476485245380,"true",0,1,"far"
"7193-5",0,1,0,0,1,25,0,1476485257906,"true",1,0,"far"
"7193-5",0,0,2,1,0,26,1,1476485268201,"true",0,0,"far"
"7193-5",0,0,0,1,0,27,0,1476485306002,"true",1,0,"close"
"7193-5",1,0,0,0,2,20,0,1476485202907,"true",1,0,"close"
"7193-5",0,0,0,1,0,21,0,1476485212779,"true",1,0,"split"
"7193-5",0,0,2,1,0,22,1,1476485220975,"true",0,0,"split"
"7193-5",0,1,2,0,1,23,1,1476485232938,"true",0,0,"far"
"7193-5",0,0,2,1,0,46,1,1476485671318,"true",0,0,"far"
"7193-5",0,0,1,1,0,47,0,1476485714322,"true",0,1,"close"
"7193-5",1,0,1,0,2,44,0,1476485634702,"false",0,1,"split"
"7193-5",0,1,0,0,1,45,0,1476485645088,"true",1,0,"close"
"7193-5",1,0,0,0,2,28,0,1476485319534,"true",1,0,"far"
"7193-5",0,1,2,0,1,29,1,1476485332909,"true",0,0,"split"
"7193-5",1,0,0,0,2,40,0,1476485563774,"false",1,0,"close"
"7193-5",0,1,1,0,1,41,0,1476485573538,"true",0,1,"far"
"7193-5",1,0,0,0,2,1,0,1476484787935,"true",1,0,"close"
"7193-5",1,0,2,0,2,3,1,1476484854984,"false",0,0,"split"
"7193-5",0,0,0,1,0,2,0,1476484838690,"true",1,0,"split"
"7193-5",0,1,1,0,1,5,0,1476484889310,"true",0,1,"far"
"7193-5",1,0,0,0,2,4,0,1476484878572,"true",1,0,"split"
"7193-5",0,0,0,1,0,7,0,1476484922022,"true",1,0,"far"
"7193-5",0,0,0,1,0,6,0,1476484909475,"true",1,0,"close"
"7193-5",0,1,0,0,1,9,0,1476485007008,"true",1,0,"close"
"7193-5",0,1,0,0,1,8,0,1476484945453,"true",1,0,"far"
"7193-5",1,0,1,0,2,39,0,1476485543014,"false",0,1,"split"
"7193-5",0,0,2,1,0,38,1,1476485518593,"true",0,0,"split"
"7193-5",0,0,0,1,0,11,0,1476485055453,"true",1,0,"split"
"7193-5",0,0,0,1,0,10,0,1476485043453,"true",1,0,"split"
"7193-5",0,0,1,1,0,13,0,1476485080037,"true",0,1,"far"
"7193-5",0,1,0,0,1,12,0,1476485069762,"true",1,0,"close"
"7193-5",0,1,1,0,1,15,0,1476485096765,"true",0,1,"far"
"7193-5",0,1,2,0,1,14,1,1476485089150,"true",0,0,"close"
"7193-5",1,0,0,0,2,17,0,1476485122806,"true",1,0,"close"
"7193-5",1,0,2,0,2,16,1,1476485105136,"true",0,0,"far"
"7193-5",1,0,1,0,2,19,0,1476485171265,"true",0,1,"far"
"7193-5",0,1,1,0,1,18,0,1476485148993,"true",0,1,"close"
"7193-5",0,1,1,0,1,31,0,1476485397034,"true",0,1,"split"
"7193-5",1,0,0,0,2,30,0,1476485369019,"true",1,0,"split"
"7193-5",1,0,2,0,2,37,1,1476485503577,"true",0,0,"close"
"7193-5",0,1,0,0,1,36,0,1476485472349,"false",1,0,"close"
"7193-5",0,1,1,0,1,35,0,1476485457953,"true",0,1,"close"
"7193-5",0,0,0,1,0,34,0,1476485442154,"true",1,0,"far"
"7193-5",1,0,2,0,2,33,1,1476485432513,"true",0,0,"split"
"7193-5",0,0,1,1,0,32,0,1476485407874,"true",0,1,"far"
"7193-5",1,0,0,0,2,50,0,1476485811915,"true",1,0,"close"
