"gameid","sClicked_2","sClicked_1","lClickedIndex","sClicked_0","sClickedIndex","roundNum","lClicked_2","time","outcome","lClicked_0","lClicked_1","condition"
"7201-5",0,1,1,0,1,42,0,1476992712291,"true",0,1,"split"
"7201-5",0,1,0,0,1,48,0,1476992820744,"true",1,0,"split"
"7201-5",0,0,0,1,0,43,0,1476992732624,"true",1,0,"close"
"7201-5",1,0,0,0,2,49,0,1476992833310,"true",1,0,"far"
"7201-5",0,0,1,1,0,24,0,1476992339413,"true",0,1,"close"
"7201-5",0,1,1,0,1,25,0,1476992355429,"true",0,1,"split"
"7201-5",0,0,0,1,0,26,0,1476992380484,"true",1,0,"split"
"7201-5",0,1,1,0,1,27,0,1476992391766,"true",0,1,"split"
"7201-5",1,0,1,0,2,20,0,1476992260195,"true",0,1,"far"
"7201-5",0,1,0,0,1,21,0,1476992279984,"true",1,0,"split"
"7201-5",0,1,2,0,1,22,1,1476992296024,"true",0,0,"split"
"7201-5",0,1,2,0,1,23,1,1476992311179,"true",0,0,"split"
"7201-5",1,0,2,0,2,46,1,1476992787238,"true",0,0,"close"
"7201-5",0,1,1,0,1,47,0,1476992799338,"true",0,1,"close"
"7201-5",1,0,2,0,2,44,1,1476992753713,"true",0,0,"close"
"7201-5",0,0,0,1,0,45,0,1476992779731,"true",1,0,"close"
"7201-5",0,1,1,0,1,28,0,1476992417493,"true",0,1,"close"
"7201-5",1,0,1,0,2,29,0,1476992431852,"true",0,1,"split"
"7201-5",1,0,1,0,2,40,0,1476992661635,"false",0,1,"close"
"7201-5",1,0,0,0,2,41,0,1476992697457,"true",1,0,"close"
"7201-5",0,1,2,0,1,1,1,1476991952067,"true",0,0,"close"
"7201-5",1,0,1,0,2,3,0,1476991979560,"true",0,1,"split"
"7201-5",0,0,2,1,0,2,1,1476991959824,"true",0,0,"split"
"7201-5",1,0,0,0,2,5,0,1476992007388,"true",1,0,"split"
"7201-5",1,0,0,0,2,4,0,1476991994411,"true",1,0,"far"
"7201-5",0,0,2,1,0,7,1,1476992047130,"true",0,0,"far"
"7201-5",1,0,2,0,2,6,1,1476992025685,"true",0,0,"close"
"7201-5",0,0,0,1,0,9,0,1476992063568,"true",1,0,"far"
"7201-5",1,0,0,0,2,8,0,1476992055864,"true",1,0,"far"
"7201-5",0,1,2,0,1,39,1,1476992640611,"true",0,0,"split"
"7201-5",0,0,2,1,0,38,1,1476992574821,"true",0,0,"far"
"7201-5",0,1,1,0,1,11,0,1476992084412,"true",0,1,"far"
"7201-5",0,1,2,0,1,10,1,1476992075874,"true",0,0,"close"
"7201-5",0,1,0,0,1,13,0,1476992127311,"true",1,0,"close"
"7201-5",0,1,2,0,1,12,1,1476992096162,"true",0,0,"far"
"7201-5",1,0,1,0,2,15,0,1476992158842,"true",0,1,"far"
"7201-5",0,0,2,1,0,14,1,1476992150568,"true",0,0,"split"
"7201-5",1,0,1,0,2,17,0,1476992228671,"true",0,1,"far"
"7201-5",0,0,1,1,0,16,0,1476992214366,"true",0,1,"close"
"7201-5",0,0,0,1,0,19,0,1476992253015,"true",1,0,"far"
"7201-5",0,0,0,1,0,18,0,1476992242115,"true",1,0,"split"
"7201-5",0,1,0,0,1,31,0,1476992452336,"true",1,0,"far"
"7201-5",0,0,0,1,0,30,0,1476992443188,"true",1,0,"far"
"7201-5",0,0,0,1,0,37,0,1476992557259,"true",1,0,"close"
"7201-5",0,0,0,1,0,36,0,1476992533563,"true",1,0,"far"
"7201-5",0,1,1,0,1,35,0,1476992516546,"false",0,1,"close"
"7201-5",0,0,0,1,0,34,0,1476992498385,"false",1,0,"close"
"7201-5",0,1,2,0,1,33,1,1476992472915,"true",0,0,"split"
"7201-5",1,0,2,0,2,32,1,1476992460438,"true",0,0,"far"
"7201-5",0,1,1,0,1,50,0,1476992843476,"true",0,1,"far"
