"gameid","sClicked_2","sClicked_1","lClickedIndex","sClicked_0","sClickedIndex","roundNum","lClicked_2","time","outcome","lClicked_0","lClicked_1","condition"
"7208-8",0,1,2,0,1,42,1,1476989751729,"true",0,0,"far"
"7208-8",0,0,1,1,0,48,0,1476989818618,"true",0,1,"split"
"7208-8",0,1,1,0,1,43,0,1476989759898,"true",0,1,"far"
"7208-8",0,1,0,0,1,49,0,1476989828237,"true",1,0,"close"
"7208-8",0,1,1,0,1,24,0,1476989545035,"true",0,1,"close"
"7208-8",0,1,0,0,1,25,0,1476989557063,"true",1,0,"close"
"7208-8",0,1,0,0,1,26,0,1476989566922,"true",1,0,"close"
"7208-8",0,0,1,1,0,27,0,1476989580772,"true",0,1,"close"
"7208-8",1,0,1,0,2,20,0,1476989501994,"true",0,1,"close"
"7208-8",1,0,0,0,2,21,0,1476989513668,"true",1,0,"split"
"7208-8",0,0,2,1,0,22,1,1476989527895,"true",0,0,"split"
"7208-8",1,0,2,0,2,23,1,1476989535098,"true",0,0,"far"
"7208-8",0,1,0,0,1,46,0,1476989796881,"true",1,0,"far"
"7208-8",0,0,1,1,0,47,0,1476989805015,"true",0,1,"split"
"7208-8",1,0,2,0,2,44,1,1476989774888,"true",0,0,"close"
"7208-8",1,0,2,0,2,45,1,1476989788682,"true",0,0,"close"
"7208-8",0,1,0,0,1,28,0,1476989589799,"true",1,0,"far"
"7208-8",0,1,0,0,1,29,0,1476989601505,"true",1,0,"close"
"7208-8",0,1,1,0,1,40,0,1476989731178,"true",0,1,"close"
"7208-8",0,0,2,1,0,41,1,1476989743786,"false",0,0,"close"
"7208-8",1,0,2,0,2,1,1,1476989265127,"true",0,0,"far"
"7208-8",0,0,0,1,0,3,0,1476989296500,"true",1,0,"split"
"7208-8",1,0,2,0,2,2,1,1476989286107,"true",0,0,"split"
"7208-8",0,1,1,0,1,5,0,1476989321060,"true",0,1,"split"
"7208-8",0,1,1,0,1,4,0,1476989313316,"true",0,1,"split"
"7208-8",0,1,0,0,1,7,0,1476989344452,"true",1,0,"split"
"7208-8",1,0,0,0,2,6,0,1476989332644,"true",1,0,"split"
"7208-8",1,0,1,0,2,9,0,1476989360891,"true",0,1,"split"
"7208-8",1,0,1,0,2,8,0,1476989352852,"true",0,1,"split"
"7208-8",0,1,2,0,1,39,1,1476989719197,"true",0,0,"far"
"7208-8",0,1,0,0,1,38,0,1476989710967,"true",1,0,"split"
"7208-8",0,1,2,0,1,11,1,1476989403743,"true",0,0,"split"
"7208-8",1,0,1,0,2,10,0,1476989370002,"true",0,1,"close"
"7208-8",1,0,2,0,2,13,1,1476989425092,"true",0,0,"split"
"7208-8",0,0,2,1,0,12,1,1476989416436,"true",0,0,"far"
"7208-8",0,1,2,0,1,15,1,1476989443572,"false",0,0,"far"
"7208-8",0,0,0,1,0,14,0,1476989433332,"true",1,0,"far"
"7208-8",1,0,1,0,2,17,0,1476989471035,"false",0,1,"close"
"7208-8",0,1,2,0,1,16,1,1476989454452,"true",0,0,"far"
"7208-8",0,1,2,0,1,19,1,1476989490254,"true",0,0,"close"
"7208-8",0,0,0,1,0,18,0,1476989478692,"true",1,0,"close"
"7208-8",1,0,2,0,2,31,1,1476989622238,"true",0,0,"far"
"7208-8",0,0,0,1,0,30,0,1476989608298,"true",1,0,"far"
"7208-8",1,0,2,0,2,37,1,1476989698330,"true",0,0,"far"
"7208-8",0,0,0,1,0,36,0,1476989688209,"true",1,0,"far"
"7208-8",0,0,1,1,0,35,0,1476989680612,"true",0,1,"split"
"7208-8",1,0,0,0,2,34,0,1476989666954,"true",1,0,"split"
"7208-8",1,0,1,0,2,33,0,1476989651396,"true",0,1,"close"
"7208-8",0,0,1,1,0,32,0,1476989632279,"true",0,1,"far"
"7208-8",0,1,2,0,1,50,1,1476989842708,"true",0,0,"close"
