"gameid","sClicked_2","sClicked_1","lClickedIndex","sClicked_0","sClickedIndex","roundNum","lClicked_2","time","outcome","lClicked_0","lClicked_1","condition"
"7209-c",1,0,2,0,2,43,1,1459892287552,"true",0,0,"far"
"7209-c",0,0,1,1,0,49,0,1459892529115,"true",0,1,"close"
"7209-c",0,0,2,1,0,24,1,1459891677688,"true",0,0,"split"
"7209-c",0,0,2,1,0,25,1,1459891702365,"true",0,0,"far"
"7209-c",0,0,0,1,0,26,0,1459891730153,"true",1,0,"far"
"7209-c",0,1,0,0,1,20,0,1459891546051,"true",1,0,"split"
"7209-c",1,0,2,0,2,21,1,1459891574969,"false",0,0,"far"
"7209-c",0,1,2,0,1,22,1,1459891601555,"true",0,0,"close"
"7209-c",1,0,1,0,2,23,0,1459891635225,"true",0,1,"split"
"7209-c",0,0,0,1,0,46,0,1459892387423,"false",1,0,"split"
"7209-c",0,1,0,0,1,44,0,1459892319689,"true",1,0,"close"
"7209-c",0,1,1,0,1,45,0,1459892342825,"true",0,1,"close"
"7209-c",0,0,1,1,0,29,0,1459891889864,"true",0,1,"far"
"7209-c",1,0,0,0,2,41,0,1459892237026,"true",1,0,"far"
"7209-c",1,0,1,0,2,1,0,1459890831643,"true",0,1,"far"
"7209-c",0,1,0,0,1,3,0,1459890885056,"true",1,0,"split"
"7209-c",1,0,2,0,2,2,1,1459890855227,"false",0,0,"split"
"7209-c",0,1,2,0,1,5,1,1459891009932,"true",0,0,"far"
"7209-c",1,0,0,0,2,7,0,1459891064660,"true",1,0,"split"
"7209-c",1,0,2,0,2,6,1,1459891038674,"true",0,0,"split"
"7209-c",0,0,1,1,0,9,0,1459891169830,"true",0,1,"split"
"7209-c",0,0,2,1,0,38,1,1459892115354,"true",0,0,"far"
"7209-c",0,1,1,0,1,11,0,1459891243798,"true",0,1,"far"
"7209-c",0,0,2,1,0,10,1,1459891194602,"true",0,0,"far"
"7209-c",0,0,2,1,0,39,1,1459892149789,"false",0,0,"close"
"7209-c",0,1,0,0,1,12,0,1459891275381,"false",1,0,"split"
"7209-c",0,1,0,0,1,15,0,1459891370139,"true",1,0,"far"
"7209-c",0,1,1,0,1,14,0,1459891348003,"true",0,1,"close"
"7209-c",1,0,0,0,2,17,0,1459891425309,"false",1,0,"far"
"7209-c",0,0,1,1,0,16,0,1459891397095,"true",0,1,"close"
"7209-c",1,0,1,0,2,19,0,1459891518363,"true",0,1,"far"
"7209-c",0,0,2,1,0,32,1,1459891972684,"true",0,0,"split"
"7209-c",1,0,0,0,2,31,0,1459891936344,"true",1,0,"close"
"7209-c",0,1,1,0,1,30,0,1459891905086,"false",0,1,"far"
"7209-c",0,1,1,0,1,37,0,1459892090334,"false",0,1,"close"
"7209-c",0,1,2,0,1,36,1,1459892061742,"true",0,0,"far"
"7209-c",0,0,0,1,0,35,0,1459892041054,"true",1,0,"split"
"7209-c",0,1,2,0,1,34,1,1459892017805,"true",0,0,"far"
"7209-c",0,0,0,1,0,33,0,1459891996549,"true",1,0,"split"
"7209-c",0,0,2,1,0,48,1,1459892473506,"true",0,0,"split"
"7209-c",0,0,2,1,0,50,1,1459892562524,"true",0,0,"close"
