"gameid","sClicked_2","sClicked_1","lClickedIndex","sClicked_0","sClickedIndex","roundNum","lClicked_2","time","outcome","lClicked_0","lClicked_1","condition"
"7224-2",0,0,2,1,0,42,1,1476992803251,"true",0,0,"split"
"7224-2",0,0,2,1,0,48,1,1476992899403,"true",0,0,"far"
"7224-2",0,1,2,0,1,43,1,1476992812250,"true",0,0,"close"
"7224-2",0,1,1,0,1,49,0,1476992925103,"true",0,1,"split"
"7224-2",0,0,2,1,0,24,1,1476992493133,"true",0,0,"split"
"7224-2",0,0,1,1,0,25,0,1476992507387,"true",0,1,"split"
"7224-2",0,0,1,1,0,26,0,1476992513784,"true",0,1,"far"
"7224-2",0,1,2,0,1,27,1,1476992523244,"true",0,0,"far"
"7224-2",1,0,2,0,2,20,1,1476992357227,"true",0,0,"split"
"7224-2",0,1,1,0,1,21,0,1476992443154,"false",0,1,"close"
"7224-2",0,1,0,0,1,22,0,1476992462445,"true",1,0,"close"
"7224-2",0,0,0,1,0,23,0,1476992484962,"true",1,0,"close"
"7224-2",1,0,2,0,2,46,1,1476992872993,"true",0,0,"close"
"7224-2",0,0,2,1,0,47,1,1476992892071,"true",0,0,"close"
"7224-2",0,0,2,1,0,44,1,1476992846681,"false",0,0,"close"
"7224-2",1,0,1,0,2,45,0,1476992857440,"true",0,1,"split"
"7224-2",1,0,0,0,2,28,0,1476992533826,"true",1,0,"split"
"7224-2",0,0,1,1,0,29,0,1476992563941,"true",0,1,"close"
"7224-2",0,1,0,0,1,40,0,1476992756472,"false",1,0,"far"
"7224-2",0,1,2,0,1,41,1,1476992786511,"true",0,0,"close"
"7224-2",1,0,1,0,2,1,0,1476991945773,"true",0,1,"split"
"7224-2",0,1,2,0,1,3,1,1476991993645,"true",0,0,"far"
"7224-2",1,0,2,0,2,2,1,1476991976115,"false",0,0,"close"
"7224-2",1,0,1,0,2,5,0,1476992043991,"true",0,1,"far"
"7224-2",1,0,1,0,2,4,0,1476992032286,"true",0,1,"split"
"7224-2",0,1,2,0,1,7,1,1476992090245,"true",0,0,"far"
"7224-2",1,0,1,0,2,6,0,1476992082345,"true",0,1,"close"
"7224-2",1,0,1,0,2,9,0,1476992151887,"true",0,1,"far"
"7224-2",1,0,2,0,2,8,1,1476992134696,"true",0,0,"close"
"7224-2",0,1,1,0,1,39,0,1476992746312,"true",0,1,"close"
"7224-2",0,1,1,0,1,38,0,1476992708813,"true",0,1,"close"
"7224-2",1,0,1,0,2,11,0,1476992225365,"false",0,1,"far"
"7224-2",0,0,2,1,0,10,1,1476992204416,"true",0,0,"split"
"7224-2",1,0,2,0,2,13,1,1476992274766,"true",0,0,"split"
"7224-2",1,0,2,0,2,12,1,1476992263846,"true",0,0,"far"
"7224-2",0,0,2,1,0,15,1,1476992297886,"true",0,0,"split"
"7224-2",0,1,2,0,1,14,1,1476992288465,"true",0,0,"split"
"7224-2",1,0,2,0,2,17,1,1476992320015,"true",0,0,"far"
"7224-2",0,0,2,1,0,16,1,1476992313007,"true",0,0,"split"
"7224-2",1,0,0,0,2,19,0,1476992339495,"true",1,0,"far"
"7224-2",1,0,0,0,2,18,0,1476992330645,"true",1,0,"split"
"7224-2",0,1,1,0,1,31,0,1476992584786,"false",0,1,"split"
"7224-2",1,0,2,0,2,30,1,1476992574934,"true",0,0,"far"
"7224-2",1,0,1,0,2,37,0,1476992676183,"true",0,1,"far"
"7224-2",1,0,1,0,2,36,0,1476992669266,"false",0,1,"split"
"7224-2",1,0,2,0,2,35,1,1476992644144,"true",0,0,"far"
"7224-2",1,0,1,0,2,34,0,1476992633385,"false",0,1,"close"
"7224-2",1,0,1,0,2,33,0,1476992614792,"false",0,1,"close"
"7224-2",0,1,0,0,1,32,0,1476992594973,"true",1,0,"far"
"7224-2",0,0,2,1,0,50,1,1476992977982,"false",0,0,"close"
