"gameid","sClicked_2","sClicked_1","lClickedIndex","sClicked_0","sClickedIndex","roundNum","lClicked_2","time","outcome","lClicked_0","lClicked_1","condition"
"7226-a",0,1,2,0,1,42,1,1476472961152,"true",0,0,"close"
"7226-a",0,0,1,1,0,48,0,1476473034980,"true",0,1,"close"
"7226-a",0,1,2,0,1,43,1,1476472971544,"true",0,0,"far"
"7226-a",1,0,2,0,2,49,1,1476473047434,"true",0,0,"split"
"7226-a",0,0,2,1,0,24,1,1476472718244,"true",0,0,"split"
"7226-a",1,0,1,0,2,25,0,1476472732507,"true",0,1,"close"
"7226-a",0,0,1,1,0,26,0,1476472739316,"true",0,1,"far"
"7226-a",1,0,2,0,2,27,1,1476472753628,"true",0,0,"close"
"7226-a",0,0,0,1,0,20,0,1476472666691,"true",1,0,"close"
"7226-a",1,0,1,0,2,21,0,1476472684044,"true",0,1,"close"
"7226-a",0,1,0,0,1,22,0,1476472692644,"true",1,0,"close"
"7226-a",1,0,2,0,2,23,1,1476472705563,"true",0,0,"close"
"7226-a",0,1,2,0,1,46,1,1476473007585,"true",0,0,"close"
"7226-a",0,0,2,1,0,47,1,1476473017369,"true",0,0,"far"
"7226-a",0,0,0,1,0,44,0,1476472992369,"true",1,0,"split"
"7226-a",0,1,1,0,1,45,0,1476472999592,"true",0,1,"far"
"7226-a",0,0,0,1,0,28,0,1476472761845,"true",1,0,"far"
"7226-a",0,1,2,0,1,29,1,1476472769716,"true",0,0,"split"
"7226-a",0,0,1,1,0,40,0,1476472927239,"true",0,1,"split"
"7226-a",0,0,2,1,0,41,1,1476472937383,"true",0,0,"far"
"7226-a",0,1,2,0,1,1,1,1476472312701,"true",0,0,"far"
"7226-a",0,0,1,1,0,3,0,1476472359518,"true",0,1,"split"
"7226-a",0,1,2,0,1,2,1,1476472325429,"true",0,0,"far"
"7226-a",0,0,0,1,0,5,0,1476472380081,"true",1,0,"far"
"7226-a",0,1,0,0,1,4,0,1476472372366,"true",1,0,"split"
"7226-a",1,0,2,0,2,7,1,1476472429759,"true",0,0,"close"
"7226-a",0,1,2,0,1,6,1,1476472386918,"true",0,0,"far"
"7226-a",1,0,2,0,2,9,1,1476472454167,"false",0,0,"split"
"7226-a",1,0,1,0,2,8,0,1476472439535,"true",0,1,"close"
"7226-a",0,1,2,0,1,39,1,1476472911271,"true",0,0,"split"
"7226-a",0,0,1,1,0,38,0,1476472899335,"true",0,1,"far"
"7226-a",1,0,2,0,2,11,1,1476472503984,"true",0,0,"split"
"7226-a",0,1,2,0,1,10,1,1476472472647,"true",0,0,"split"
"7226-a",0,1,1,0,1,13,0,1476472523600,"true",0,1,"split"
"7226-a",0,1,0,0,1,12,0,1476472515272,"true",1,0,"far"
"7226-a",1,0,1,0,2,15,0,1476472584658,"false",0,1,"close"
"7226-a",1,0,1,0,2,14,0,1476472533976,"true",0,1,"split"
"7226-a",1,0,0,0,2,17,0,1476472622586,"true",1,0,"far"
"7226-a",0,0,1,1,0,16,0,1476472615978,"true",0,1,"split"
"7226-a",0,1,2,0,1,19,1,1476472646850,"true",0,0,"far"
"7226-a",0,0,1,1,0,18,0,1476472639226,"true",0,1,"far"
"7226-a",1,0,0,0,2,31,0,1476472784685,"true",1,0,"far"
"7226-a",0,0,1,1,0,30,0,1476472777660,"true",0,1,"close"
"7226-a",0,1,0,0,1,37,0,1476472851038,"false",1,0,"close"
"7226-a",0,1,0,0,1,36,0,1476472835702,"true",1,0,"close"
"7226-a",0,1,0,0,1,35,0,1476472826405,"true",1,0,"far"
"7226-a",0,1,1,0,1,34,0,1476472816445,"true",0,1,"split"
"7226-a",0,1,1,0,1,33,0,1476472804709,"true",0,1,"close"
"7226-a",0,0,1,1,0,32,0,1476472791709,"true",0,1,"split"
"7226-a",1,0,2,0,2,50,1,1476473072962,"true",0,0,"split"
