"gameid","sClicked_2","sClicked_1","lClickedIndex","sClicked_0","sClickedIndex","roundNum","lClicked_2","time","outcome","lClicked_0","lClicked_1","condition"
"7241-4",1,0,0,0,2,42,0,1476488000237,"true",1,0,"close"
"7241-4",0,1,0,0,1,48,0,1476488089890,"true",1,0,"split"
"7241-4",0,0,2,1,0,43,1,1476488023855,"true",0,0,"close"
"7241-4",0,0,0,1,0,49,0,1476488097379,"true",1,0,"far"
"7241-4",0,0,0,1,0,24,0,1476487768911,"true",1,0,"close"
"7241-4",0,1,1,0,1,25,0,1476487782381,"true",0,1,"far"
"7241-4",0,0,0,1,0,26,0,1476487789672,"true",1,0,"far"
"7241-4",1,0,2,0,2,27,1,1476487809192,"true",0,0,"split"
"7241-4",0,0,0,1,0,20,0,1476487717290,"true",1,0,"split"
"7241-4",1,0,0,0,2,21,0,1476487731099,"true",1,0,"far"
"7241-4",0,0,0,1,0,22,0,1476487737619,"true",1,0,"far"
"7241-4",0,1,1,0,1,23,0,1476487745331,"true",0,1,"split"
"7241-4",0,0,2,1,0,46,1,1476488063531,"true",0,0,"close"
"7241-4",1,0,0,0,2,47,0,1476488079417,"true",1,0,"split"
"7241-4",1,0,0,0,2,44,0,1476488043776,"true",1,0,"split"
"7241-4",1,0,1,0,2,45,0,1476488052016,"true",0,1,"split"
"7241-4",0,1,1,0,1,28,0,1476487822959,"true",0,1,"far"
"7241-4",1,0,2,0,2,29,1,1476487854784,"true",0,0,"close"
"7241-4",0,0,2,1,0,40,1,1476487979053,"true",0,0,"far"
"7241-4",0,0,2,1,0,41,1,1476487988524,"true",0,0,"split"
"7241-4",0,1,0,0,1,1,0,1476487325147,"true",1,0,"far"
"7241-4",0,0,2,1,0,3,1,1476487359075,"true",0,0,"close"
"7241-4",0,1,0,0,1,2,0,1476487333138,"true",1,0,"close"
"7241-4",0,1,0,0,1,5,0,1476487391333,"true",1,0,"split"
"7241-4",1,0,2,0,2,4,1,1476487377556,"true",0,0,"close"
"7241-4",0,0,2,1,0,7,1,1476487431366,"true",0,0,"far"
"7241-4",0,0,2,1,0,6,1,1476487424319,"true",0,0,"close"
"7241-4",0,1,2,0,1,9,1,1476487459747,"true",0,0,"far"
"7241-4",0,0,1,1,0,8,0,1476487453608,"true",0,1,"close"
"7241-4",0,0,2,1,0,39,1,1476487972797,"true",0,0,"far"
"7241-4",0,0,2,1,0,38,1,1476487966445,"true",0,0,"far"
"7241-4",0,0,1,1,0,11,0,1476487490943,"false",0,1,"close"
"7241-4",0,1,0,0,1,10,0,1476487468023,"true",1,0,"far"
"7241-4",0,0,1,1,0,13,0,1476487518097,"true",0,1,"close"
"7241-4",0,0,2,1,0,12,1,1476487503489,"true",0,0,"far"
"7241-4",0,1,1,0,1,15,0,1476487636951,"true",0,1,"split"
"7241-4",1,0,0,0,2,14,0,1476487587989,"true",1,0,"split"
"7241-4",0,0,2,1,0,17,1,1476487660432,"true",0,0,"split"
"7241-4",0,1,0,0,1,16,0,1476487649119,"true",1,0,"close"
"7241-4",0,1,2,0,1,19,1,1476487697657,"true",0,0,"close"
"7241-4",1,0,0,0,2,18,0,1476487683666,"true",1,0,"close"
"7241-4",0,0,1,1,0,31,0,1476487887290,"true",0,1,"split"
"7241-4",1,0,0,0,2,30,0,1476487879931,"true",1,0,"split"
"7241-4",0,0,1,1,0,37,0,1476487960081,"true",0,1,"close"
"7241-4",0,0,1,1,0,36,0,1476487945350,"true",0,1,"split"
"7241-4",0,0,1,1,0,35,0,1476487929244,"true",0,1,"far"
"7241-4",1,0,2,0,2,34,1,1476487920546,"true",0,0,"far"
"7241-4",1,0,0,0,2,33,0,1476487913634,"true",1,0,"split"
"7241-4",0,1,2,0,1,32,1,1476487906278,"false",0,0,"split"
"7241-4",0,1,2,0,1,50,1,1476488103563,"true",0,0,"far"
