"gameid","sClicked_2","sClicked_1","lClickedIndex","sClicked_0","sClickedIndex","roundNum","lClicked_2","time","outcome","lClicked_0","lClicked_1","condition"
"7246-8",0,1,1,0,1,42,0,1476996461834,"true",0,1,"close"
"7246-8",0,0,1,1,0,48,0,1476996542161,"true",0,1,"split"
"7246-8",1,0,1,0,2,43,0,1476996473387,"false",0,1,"close"
"7246-8",1,0,2,0,2,49,1,1476996556707,"true",0,0,"close"
"7246-8",1,0,2,0,2,24,1,1476996180495,"true",0,0,"far"
"7246-8",0,1,0,0,1,25,0,1476996192536,"true",1,0,"split"
"7246-8",0,1,1,0,1,26,0,1476996205219,"false",0,1,"split"
"7246-8",1,0,2,0,2,27,1,1476996231796,"true",0,0,"close"
"7246-8",1,0,2,0,2,20,1,1476996117294,"true",0,0,"close"
"7246-8",0,1,0,0,1,21,0,1476996128857,"true",1,0,"close"
"7246-8",0,0,2,1,0,22,1,1476996138587,"true",0,0,"far"
"7246-8",0,1,1,0,1,23,0,1476996166014,"true",0,1,"close"
"7246-8",1,0,0,0,2,46,0,1476996519970,"false",1,0,"close"
"7246-8",1,0,1,0,2,47,0,1476996527756,"true",0,1,"split"
"7246-8",0,1,2,0,1,44,1,1476996482045,"true",0,0,"far"
"7246-8",0,0,1,1,0,45,0,1476996497403,"true",0,1,"close"
"7246-8",1,0,1,0,2,28,0,1476996255783,"false",0,1,"split"
"7246-8",0,0,1,1,0,29,0,1476996266565,"false",0,1,"split"
"7246-8",0,1,0,0,1,40,0,1476996441438,"true",1,0,"close"
"7246-8",1,0,2,0,2,41,1,1476996452841,"true",0,0,"split"
"7246-8",0,1,1,0,1,1,0,1476995887800,"true",0,1,"close"
"7246-8",0,0,2,1,0,3,1,1476995916543,"true",0,0,"far"
"7246-8",1,0,2,0,2,2,1,1476995903207,"true",0,0,"split"
"7246-8",0,0,1,1,0,5,0,1476995937679,"true",0,1,"far"
"7246-8",1,0,2,0,2,4,1,1476995927021,"false",0,0,"far"
"7246-8",0,1,1,0,1,7,0,1476995963495,"true",0,1,"close"
"7246-8",0,1,0,0,1,6,0,1476995944989,"true",1,0,"far"
"7246-8",0,0,0,1,0,9,0,1476995987995,"true",1,0,"close"
"7246-8",1,0,1,0,2,8,0,1476995972077,"true",0,1,"far"
"7246-8",0,1,0,0,1,39,0,1476996431261,"false",1,0,"close"
"7246-8",0,1,0,0,1,38,0,1476996413171,"true",1,0,"far"
"7246-8",0,1,1,0,1,11,0,1476996009102,"false",0,1,"split"
"7246-8",1,0,0,0,2,10,0,1476995998681,"true",1,0,"split"
"7246-8",0,1,1,0,1,13,0,1476996035300,"true",0,1,"far"
"7246-8",0,1,2,0,1,12,1,1476996024083,"true",0,0,"far"
"7246-8",1,0,2,0,2,15,1,1476996063257,"true",0,0,"split"
"7246-8",0,1,1,0,1,14,0,1476996046245,"true",0,1,"split"
"7246-8",1,0,2,0,2,17,1,1476996087773,"true",0,0,"far"
"7246-8",0,1,1,0,1,16,0,1476996077599,"true",0,1,"split"
"7246-8",0,0,2,1,0,19,1,1476996106392,"true",0,0,"split"
"7246-8",0,1,1,0,1,18,0,1476996096869,"true",0,1,"far"
"7246-8",1,0,1,0,2,31,0,1476996301971,"true",0,1,"close"
"7246-8",1,0,0,0,2,30,0,1476996281796,"true",1,0,"close"
"7246-8",0,0,2,1,0,37,1,1476996403312,"true",0,0,"far"
"7246-8",0,0,2,1,0,36,1,1476996392173,"true",0,0,"far"
"7246-8",1,0,0,0,2,35,0,1476996381259,"false",1,0,"close"
"7246-8",1,0,0,0,2,34,0,1476996358319,"true",1,0,"split"
"7246-8",1,0,2,0,2,33,1,1476996333612,"false",0,0,"split"
"7246-8",0,1,2,0,1,32,1,1476996318262,"true",0,0,"far"
"7246-8",0,0,2,1,0,50,1,1476996580070,"true",0,0,"split"
