"gameid","sClicked_2","sClicked_1","lClickedIndex","sClicked_0","sClickedIndex","roundNum","lClicked_2","time","outcome","lClicked_0","lClicked_1","condition"
"7251-8",0,0,1,1,0,42,0,1476997580912,"false",0,1,"split"
"7251-8",1,0,2,0,2,48,1,1476997639100,"true",0,0,"close"
"7251-8",1,0,0,0,2,43,0,1476997588299,"true",1,0,"split"
"7251-8",0,1,0,0,1,49,0,1476997645751,"true",1,0,"far"
"7251-8",0,1,2,0,1,24,1,1476997357773,"true",0,0,"close"
"7251-8",0,1,2,0,1,25,1,1476997369783,"true",0,0,"close"
"7251-8",0,1,1,0,1,26,0,1476997376138,"true",0,1,"far"
"7251-8",1,0,0,0,2,27,0,1476997399858,"true",1,0,"split"
"7251-8",0,0,0,1,0,20,0,1476997317195,"true",1,0,"split"
"7251-8",0,1,2,0,1,21,1,1476997325572,"true",0,0,"close"
"7251-8",0,0,1,1,0,22,0,1476997338577,"true",0,1,"close"
"7251-8",0,0,2,1,0,23,1,1476997350598,"true",0,0,"far"
"7251-8",1,0,0,0,2,46,0,1476997620260,"true",1,0,"far"
"7251-8",0,1,2,0,1,47,1,1476997631599,"true",0,0,"split"
"7251-8",0,1,1,0,1,44,0,1476997603258,"false",0,1,"close"
"7251-8",0,1,1,0,1,45,0,1476997613846,"true",0,1,"split"
"7251-8",0,1,1,0,1,28,0,1476997409280,"true",0,1,"far"
"7251-8",0,1,2,0,1,29,1,1476997419927,"true",0,0,"close"
"7251-8",0,0,1,1,0,40,0,1476997546148,"true",0,1,"close"
"7251-8",0,1,0,0,1,41,0,1476997563300,"true",1,0,"far"
"7251-8",0,0,2,1,0,1,1,1476997106630,"true",0,0,"split"
"7251-8",0,0,1,1,0,3,0,1476997140802,"true",0,1,"close"
"7251-8",0,0,0,1,0,2,0,1476997122181,"true",1,0,"close"
"7251-8",1,0,1,0,2,5,0,1476997160373,"true",0,1,"far"
"7251-8",0,1,2,0,1,4,1,1476997150011,"true",0,0,"close"
"7251-8",0,1,0,0,1,7,0,1476997187071,"true",1,0,"split"
"7251-8",1,0,2,0,2,6,1,1476997176919,"false",0,0,"split"
"7251-8",1,0,0,0,2,9,0,1476997201371,"true",1,0,"far"
"7251-8",1,0,2,0,2,8,1,1476997194456,"true",0,0,"split"
"7251-8",1,0,0,0,2,39,0,1476997532412,"true",1,0,"far"
"7251-8",1,0,2,0,2,38,1,1476997510203,"false",0,0,"close"
"7251-8",0,1,0,0,1,11,0,1476997216970,"true",1,0,"far"
"7251-8",0,1,1,0,1,10,0,1476997208193,"true",0,1,"split"
"7251-8",0,0,2,1,0,13,1,1476997245999,"true",0,0,"far"
"7251-8",1,0,1,0,2,12,0,1476997233686,"true",0,1,"split"
"7251-8",0,1,1,0,1,15,0,1476997263353,"true",0,1,"far"
"7251-8",0,0,0,1,0,14,0,1476997253681,"true",1,0,"far"
"7251-8",0,1,1,0,1,17,0,1476997282824,"true",0,1,"split"
"7251-8",1,0,1,0,2,16,0,1476997273541,"true",0,1,"close"
"7251-8",1,0,0,0,2,19,0,1476997306099,"true",1,0,"split"
"7251-8",1,0,0,0,2,18,0,1476997296083,"true",1,0,"far"
"7251-8",0,0,2,1,0,31,1,1476997438408,"true",0,0,"close"
"7251-8",0,1,1,0,1,30,0,1476997426342,"true",0,1,"far"
"7251-8",0,0,0,1,0,37,0,1476997493372,"true",1,0,"close"
"7251-8",1,0,2,0,2,36,1,1476997485072,"true",0,0,"close"
"7251-8",1,0,1,0,2,35,0,1476997476426,"true",0,1,"split"
"7251-8",1,0,0,0,2,34,0,1476997466307,"true",1,0,"split"
"7251-8",1,0,0,0,2,33,0,1476997454802,"true",1,0,"close"
"7251-8",1,0,1,0,2,32,0,1476997446553,"true",0,1,"far"
"7251-8",0,1,1,0,1,50,0,1476997665231,"false",0,1,"split"
