"gameid","sClicked_2","sClicked_1","lClickedIndex","sClicked_0","sClickedIndex","roundNum","lClicked_2","time","outcome","lClicked_0","lClicked_1","condition"
"7254-f",0,1,0,0,1,42,0,1476990822908,"true",1,0,"far"
"7254-f",1,0,2,0,2,48,1,1476990922663,"true",0,0,"close"
"7254-f",0,1,0,0,1,43,0,1476990837385,"true",1,0,"close"
"7254-f",0,0,1,1,0,49,0,1476990946266,"true",0,1,"close"
"7254-f",1,0,2,0,2,24,1,1476990595036,"true",0,0,"split"
"7254-f",0,0,1,1,0,25,0,1476990604917,"true",0,1,"far"
"7254-f",0,0,2,1,0,26,1,1476990623644,"false",0,0,"close"
"7254-f",1,0,1,0,2,27,0,1476990631350,"true",0,1,"far"
"7254-f",1,0,2,0,2,20,1,1476990549021,"true",0,0,"split"
"7254-f",0,0,0,1,0,21,0,1476990555112,"true",1,0,"far"
"7254-f",0,0,1,1,0,22,0,1476990571986,"true",0,1,"split"
"7254-f",0,0,0,1,0,23,0,1476990578226,"true",1,0,"far"
"7254-f",1,0,2,0,2,46,1,1476990865517,"true",0,0,"split"
"7254-f",0,1,0,0,1,47,0,1476990892711,"true",1,0,"far"
"7254-f",0,1,0,0,1,44,0,1476990848233,"true",1,0,"close"
"7254-f",0,0,1,1,0,45,0,1476990854581,"true",0,1,"far"
"7254-f",0,1,0,0,1,28,0,1476990652556,"true",1,0,"close"
"7254-f",0,0,2,1,0,29,1,1476990664352,"true",0,0,"split"
"7254-f",0,1,0,0,1,40,0,1476990809189,"true",1,0,"far"
"7254-f",0,1,2,0,1,41,1,1476990816391,"true",0,0,"far"
"7254-f",0,1,2,0,1,1,1,1476990315718,"true",0,0,"far"
"7254-f",0,0,2,1,0,3,1,1476990336184,"true",0,0,"far"
"7254-f",1,0,1,0,2,2,0,1476990329702,"true",0,1,"split"
"7254-f",1,0,1,0,2,5,0,1476990362266,"true",0,1,"close"
"7254-f",1,0,2,0,2,4,1,1476990350636,"false",0,0,"close"
"7254-f",0,1,2,0,1,7,1,1476990378358,"true",0,0,"far"
"7254-f",0,0,2,1,0,6,1,1476990371595,"true",0,0,"split"
"7254-f",1,0,1,0,2,9,0,1476990403628,"true",0,1,"close"
"7254-f",0,1,0,0,1,8,0,1476990385042,"true",1,0,"far"
"7254-f",0,1,2,0,1,39,1,1476990803324,"true",0,0,"split"
"7254-f",0,1,2,0,1,38,1,1476990789414,"true",0,0,"close"
"7254-f",0,1,2,0,1,11,1,1476990423706,"true",0,0,"far"
"7254-f",1,0,0,0,2,10,0,1476990416772,"true",1,0,"split"
"7254-f",0,0,2,1,0,13,1,1476990446873,"true",0,0,"split"
"7254-f",1,0,1,0,2,12,0,1476990435744,"true",0,1,"split"
"7254-f",0,1,1,0,1,15,0,1476990469279,"true",0,1,"close"
"7254-f",1,0,2,0,2,14,1,1476990459869,"true",0,0,"far"
"7254-f",0,1,0,0,1,17,0,1476990493471,"true",1,0,"split"
"7254-f",0,1,1,0,1,16,0,1476990484765,"true",0,1,"split"
"7254-f",1,0,0,0,2,19,0,1476990530789,"true",1,0,"close"
"7254-f",0,1,2,0,1,18,1,1476990499109,"true",0,0,"far"
"7254-f",1,0,2,0,2,31,1,1476990697182,"true",0,0,"split"
"7254-f",0,0,0,1,0,30,0,1476990688085,"true",1,0,"close"
"7254-f",1,0,0,0,2,37,0,1476990779592,"true",1,0,"split"
"7254-f",0,1,1,0,1,36,0,1476990765170,"true",0,1,"split"
"7254-f",0,1,0,0,1,35,0,1476990751566,"true",1,0,"close"
"7254-f",0,0,1,1,0,34,0,1476990730695,"true",0,1,"close"
"7254-f",0,1,0,0,1,33,0,1476990711634,"true",1,0,"far"
"7254-f",0,1,1,0,1,32,0,1476990705286,"true",0,1,"close"
"7254-f",1,0,2,0,2,50,1,1476990952437,"true",0,0,"close"
