"gameid","sClicked_2","sClicked_1","lClickedIndex","sClicked_0","sClickedIndex","roundNum","lClicked_2","time","outcome","lClicked_0","lClicked_1","condition"
"7254-e",1,0,1,0,2,42,0,1476993624496,"true",0,1,"split"
"7254-e",0,1,2,0,1,48,1,1476993697433,"true",0,0,"far"
"7254-e",0,1,1,0,1,43,0,1476993637623,"true",0,1,"close"
"7254-e",0,0,1,1,0,49,0,1476993710428,"true",0,1,"split"
"7254-e",1,0,1,0,2,24,0,1476993350271,"true",0,1,"split"
"7254-e",0,0,0,1,0,25,0,1476993372411,"false",1,0,"split"
"7254-e",0,0,0,1,0,26,0,1476993398521,"false",1,0,"split"
"7254-e",0,1,2,0,1,27,1,1476993416833,"true",0,0,"split"
"7254-e",1,0,2,0,2,20,1,1476993287688,"true",0,0,"split"
"7254-e",1,0,1,0,2,21,0,1476993299718,"true",0,1,"split"
"7254-e",0,1,1,0,1,22,0,1476993308467,"true",0,1,"close"
"7254-e",0,0,1,1,0,23,0,1476993320101,"true",0,1,"far"
"7254-e",0,0,2,1,0,46,1,1476993676007,"true",0,0,"close"
"7254-e",0,0,0,1,0,47,0,1476993686351,"true",1,0,"split"
"7254-e",1,0,1,0,2,44,0,1476993645666,"true",0,1,"far"
"7254-e",0,0,2,1,0,45,1,1476993664522,"false",0,0,"close"
"7254-e",0,1,0,0,1,28,0,1476993435276,"false",1,0,"close"
"7254-e",0,1,2,0,1,29,1,1476993447762,"true",0,0,"far"
"7254-e",0,0,0,1,0,40,0,1476993593548,"true",1,0,"far"
"7254-e",0,1,1,0,1,41,0,1476993605469,"false",0,1,"far"
"7254-e",1,0,0,0,2,1,0,1476992990915,"true",1,0,"far"
"7254-e",1,0,2,0,2,3,1,1476993027142,"true",0,0,"split"
"7254-e",1,0,2,0,2,2,1,1476993014016,"true",0,0,"close"
"7254-e",0,1,1,0,1,5,0,1476993064436,"false",0,1,"close"
"7254-e",0,1,0,0,1,4,0,1476993043131,"true",1,0,"close"
"7254-e",0,0,1,1,0,7,0,1476993098915,"false",0,1,"close"
"7254-e",0,0,1,1,0,6,0,1476993078574,"true",0,1,"far"
"7254-e",0,1,2,0,1,9,1,1476993124786,"false",0,0,"far"
"7254-e",1,0,2,0,2,8,1,1476993113968,"false",0,0,"close"
"7254-e",0,1,0,0,1,39,0,1476993583921,"true",1,0,"far"
"7254-e",0,1,2,0,1,38,1,1476993568627,"true",0,0,"far"
"7254-e",0,0,1,1,0,11,0,1476993147246,"true",0,1,"split"
"7254-e",0,0,0,1,0,10,0,1476993138546,"true",1,0,"close"
"7254-e",0,1,0,0,1,13,0,1476993188757,"true",1,0,"far"
"7254-e",1,0,0,0,2,12,0,1476993174876,"true",1,0,"split"
"7254-e",1,0,2,0,2,15,1,1476993224102,"true",0,0,"close"
"7254-e",0,0,2,1,0,14,1,1476993205226,"true",0,0,"split"
"7254-e",0,1,2,0,1,17,1,1476993249156,"false",0,0,"far"
"7254-e",0,0,2,1,0,16,1,1476993232747,"true",0,0,"close"
"7254-e",0,1,2,0,1,19,1,1476993272676,"true",0,0,"far"
"7254-e",0,0,2,1,0,18,1,1476993260468,"true",0,0,"close"
"7254-e",0,0,0,1,0,31,0,1476993478622,"true",1,0,"split"
"7254-e",1,0,1,0,2,30,0,1476993460429,"true",0,1,"close"
"7254-e",1,0,0,0,2,37,0,1476993560574,"true",1,0,"close"
"7254-e",0,1,1,0,1,36,0,1476993544387,"false",0,1,"close"
"7254-e",0,0,2,1,0,35,1,1476993528227,"true",0,0,"split"
"7254-e",0,0,1,1,0,34,0,1476993515506,"true",0,1,"split"
"7254-e",0,0,1,1,0,33,0,1476993502745,"true",0,1,"split"
"7254-e",0,1,0,0,1,32,0,1476993488822,"true",1,0,"far"
"7254-e",0,1,1,0,1,50,0,1476993721297,"true",0,1,"far"
