"gameid","sClicked_2","sClicked_1","lClickedIndex","sClicked_0","sClickedIndex","roundNum","lClicked_2","time","outcome","lClicked_0","lClicked_1","condition"
"7275-6",1,0,2,0,2,42,1,1476499917924,"true",0,0,"far"
"7275-6",1,0,1,0,2,48,0,1476500003788,"true",0,1,"split"
"7275-6",0,0,1,1,0,43,0,1476499928311,"true",0,1,"split"
"7275-6",0,0,1,1,0,49,0,1476500014041,"true",0,1,"split"
"7275-6",1,0,1,0,2,24,0,1476499639755,"false",0,1,"close"
"7275-6",0,1,0,0,1,25,0,1476499651134,"true",1,0,"far"
"7275-6",1,0,0,0,2,26,0,1476499664777,"true",1,0,"far"
"7275-6",0,1,1,0,1,27,0,1476499682329,"true",0,1,"close"
"7275-6",0,0,2,1,0,20,1,1476499557872,"true",0,0,"split"
"7275-6",1,0,0,0,2,21,0,1476499580091,"true",1,0,"split"
"7275-6",0,1,0,0,1,22,0,1476499607346,"true",1,0,"close"
"7275-6",0,0,0,1,0,23,0,1476499623696,"true",1,0,"split"
"7275-6",0,1,0,0,1,46,0,1476499962317,"true",1,0,"close"
"7275-6",0,1,0,0,1,47,0,1476499995482,"true",1,0,"split"
"7275-6",1,0,2,0,2,44,1,1476499936476,"true",0,0,"far"
"7275-6",0,0,2,1,0,45,1,1476499944312,"true",0,0,"far"
"7275-6",0,1,1,0,1,28,0,1476499709965,"false",0,1,"close"
"7275-6",1,0,0,0,2,29,0,1476499719818,"true",1,0,"far"
"7275-6",0,0,1,1,0,40,0,1476499890964,"false",0,1,"close"
"7275-6",0,1,2,0,1,41,1,1476499901434,"true",0,0,"split"
"7275-6",0,0,1,1,0,1,0,1476499170327,"true",0,1,"close"
"7275-6",0,1,0,0,1,3,0,1476499216859,"true",1,0,"far"
"7275-6",1,0,2,0,2,2,1,1476499203598,"true",0,0,"far"
"7275-6",1,0,1,0,2,5,0,1476499284561,"false",0,1,"close"
"7275-6",0,1,0,0,1,4,0,1476499235696,"true",1,0,"close"
"7275-6",0,1,0,0,1,7,0,1476499322824,"false",1,0,"split"
"7275-6",1,0,1,0,2,6,0,1476499299182,"true",0,1,"close"
"7275-6",1,0,2,0,2,9,1,1476499361303,"false",0,0,"close"
"7275-6",0,1,1,0,1,8,0,1476499336811,"true",0,1,"far"
"7275-6",1,0,0,0,2,39,0,1476499866467,"true",1,0,"far"
"7275-6",0,1,0,0,1,38,0,1476499851143,"false",1,0,"close"
"7275-6",0,0,0,1,0,11,0,1476499430736,"false",1,0,"split"
"7275-6",0,0,0,1,0,10,0,1476499384638,"true",1,0,"split"
"7275-6",1,0,2,0,2,13,1,1476499469079,"true",0,0,"far"
"7275-6",0,0,0,1,0,12,0,1476499444009,"true",1,0,"split"
"7275-6",0,1,0,0,1,15,0,1476499494516,"true",1,0,"split"
"7275-6",0,0,1,1,0,14,0,1476499485757,"true",0,1,"close"
"7275-6",1,0,2,0,2,17,1,1476499528130,"true",0,0,"split"
"7275-6",0,1,1,0,1,16,0,1476499520545,"true",0,1,"split"
"7275-6",0,1,0,0,1,19,0,1476499542697,"true",1,0,"far"
"7275-6",1,0,2,0,2,18,1,1476499535539,"true",0,0,"far"
"7275-6",1,0,1,0,2,31,0,1476499745832,"true",0,1,"close"
"7275-6",1,0,1,0,2,30,0,1476499731364,"true",0,1,"far"
"7275-6",0,1,1,0,1,37,0,1476499831305,"true",0,1,"close"
"7275-6",1,0,1,0,2,36,0,1476499812178,"false",0,1,"close"
"7275-6",0,1,2,0,1,35,1,1476499797353,"true",0,0,"split"
"7275-6",0,1,0,0,1,34,0,1476499781247,"true",1,0,"far"
"7275-6",0,0,0,1,0,33,0,1476499764174,"true",1,0,"far"
"7275-6",0,1,0,0,1,32,0,1476499755642,"true",1,0,"split"
"7275-6",0,1,0,0,1,50,0,1476500022097,"true",1,0,"far"
