"gameid","sClicked_2","sClicked_1","lClickedIndex","sClicked_0","sClickedIndex","roundNum","lClicked_2","time","outcome","lClicked_0","lClicked_1","condition"
"7277-5",0,1,2,0,1,42,1,1459893148445,"true",0,0,"split"
"7277-5",1,0,1,0,2,48,0,1459893241177,"true",0,1,"split"
"7277-5",0,0,0,1,0,43,0,1459893154492,"true",1,0,"far"
"7277-5",0,1,2,0,1,49,1,1459893247177,"true",0,0,"far"
"7277-5",0,1,2,0,1,24,1,1459892873906,"true",0,0,"close"
"7277-5",0,0,1,1,0,25,0,1459892882060,"true",0,1,"close"
"7277-5",0,1,0,0,1,26,0,1459892949575,"true",1,0,"close"
"7277-5",0,1,0,0,1,27,0,1459892995024,"true",1,0,"close"
"7277-5",1,0,1,0,2,20,0,1459892837206,"true",0,1,"far"
"7277-5",0,0,1,1,0,21,0,1459892846754,"true",0,1,"close"
"7277-5",0,0,2,1,0,22,1,1459892861003,"false",0,0,"close"
"7277-5",1,0,0,0,2,23,0,1459892867216,"true",1,0,"far"
"7277-5",0,1,1,0,1,46,0,1459893199167,"true",0,1,"far"
"7277-5",0,1,2,0,1,47,1,1459893232366,"true",0,0,"split"
"7277-5",1,0,0,0,2,44,0,1459893171531,"true",1,0,"close"
"7277-5",0,0,2,1,0,45,1,1459893192931,"true",0,0,"split"
"7277-5",0,1,2,0,1,28,1,1459893011689,"true",0,0,"split"
"7277-5",0,1,0,0,1,29,0,1459893021714,"true",1,0,"split"
"7277-5",0,1,2,0,1,40,1,1459893123518,"true",0,0,"far"
"7277-5",0,0,1,1,0,41,0,1459893129679,"true",0,1,"far"
"7277-5",0,1,0,0,1,1,0,1459892546019,"false",1,0,"close"
"7277-5",1,0,2,0,2,3,1,1459892577514,"true",0,0,"split"
"7277-5",1,0,0,0,2,2,0,1459892567076,"true",1,0,"split"
"7277-5",0,0,0,1,0,5,0,1459892620665,"true",1,0,"far"
"7277-5",1,0,2,0,2,4,1,1459892611302,"true",0,0,"split"
"7277-5",0,1,0,0,1,7,0,1459892640891,"false",1,0,"far"
"7277-5",1,0,1,0,2,6,0,1459892633595,"true",0,1,"close"
"7277-5",0,1,1,0,1,9,0,1459892699953,"true",0,1,"close"
"7277-5",0,0,2,1,0,8,1,1459892679119,"true",0,0,"split"
"7277-5",0,1,2,0,1,39,1,1459893116294,"true",0,0,"far"
"7277-5",1,0,2,0,2,38,1,1459893110224,"true",0,0,"close"
"7277-5",1,0,2,0,2,11,1,1459892718859,"true",0,0,"far"
"7277-5",1,0,0,0,2,10,0,1459892713079,"true",1,0,"split"
"7277-5",0,1,0,0,1,13,0,1459892763904,"true",1,0,"far"
"7277-5",1,0,0,0,2,12,0,1459892752231,"true",1,0,"close"
"7277-5",0,1,0,0,1,15,0,1459892787588,"true",1,0,"far"
"7277-5",1,0,1,0,2,14,0,1459892776582,"true",0,1,"close"
"7277-5",0,0,0,1,0,17,0,1459892811724,"true",1,0,"far"
"7277-5",0,1,2,0,1,16,1,1459892805960,"true",0,0,"split"
"7277-5",1,0,0,0,2,19,0,1459892830935,"false",1,0,"close"
"7277-5",1,0,0,0,2,18,0,1459892817708,"true",1,0,"far"
"7277-5",0,1,0,0,1,31,0,1459893041526,"true",1,0,"close"
"7277-5",0,1,0,0,1,30,0,1459893035648,"true",1,0,"close"
"7277-5",0,0,2,1,0,37,1,1459893096440,"true",0,0,"split"
"7277-5",1,0,2,0,2,36,1,1459893083368,"true",0,0,"split"
"7277-5",1,0,2,0,2,35,1,1459893075874,"true",0,0,"far"
"7277-5",0,1,0,0,1,34,0,1459893067376,"true",1,0,"far"
"7277-5",1,0,0,0,2,33,0,1459893057722,"true",1,0,"split"
"7277-5",0,0,2,1,0,32,1,1459893048888,"true",0,0,"split"
"7277-5",0,1,1,0,1,50,0,1459893262976,"true",0,1,"close"
