"gameid","sClicked_2","sClicked_1","lClickedIndex","sClicked_0","sClickedIndex","roundNum","lClicked_2","time","outcome","lClicked_0","lClicked_1","condition"
"7281-f",1,0,0,0,2,42,0,1476501847726,"true",1,0,"far"
"7281-f",0,1,0,0,1,48,0,1476501924600,"true",1,0,"close"
"7281-f",1,0,2,0,2,43,1,1476501857091,"true",0,0,"close"
"7281-f",0,0,1,1,0,49,0,1476501933411,"false",0,1,"split"
"7281-f",0,1,1,0,1,24,0,1476501664733,"false",0,1,"close"
"7281-f",0,0,2,1,0,25,1,1476501677142,"true",0,0,"split"
"7281-f",0,0,0,1,0,26,0,1476501685642,"true",1,0,"split"
"7281-f",0,0,1,1,0,27,0,1476501692211,"true",0,1,"split"
"7281-f",0,0,0,1,0,20,0,1476501615048,"true",1,0,"split"
"7281-f",1,0,0,0,2,21,0,1476501624433,"true",1,0,"split"
"7281-f",0,1,1,0,1,22,0,1476501639917,"false",0,1,"close"
"7281-f",0,0,0,1,0,23,0,1476501652522,"true",1,0,"far"
"7281-f",0,1,0,0,1,46,0,1476501892130,"true",1,0,"close"
"7281-f",0,0,0,1,0,47,0,1476501905527,"true",1,0,"split"
"7281-f",0,0,1,1,0,44,0,1476501870331,"false",0,1,"close"
"7281-f",0,0,2,1,0,45,1,1476501879516,"true",0,0,"far"
"7281-f",0,1,0,0,1,28,0,1476501699615,"true",1,0,"far"
"7281-f",1,0,0,0,2,29,0,1476501706526,"true",1,0,"far"
"7281-f",1,0,0,0,2,40,0,1476501829194,"true",1,0,"split"
"7281-f",0,1,0,0,1,41,0,1476501839767,"true",1,0,"close"
"7281-f",0,0,0,1,0,1,0,1476501412030,"true",1,0,"far"
"7281-f",1,0,0,0,2,3,0,1476501440948,"true",1,0,"far"
"7281-f",0,0,2,1,0,2,1,1476501431925,"false",0,0,"close"
"7281-f",0,1,1,0,1,5,0,1476501478750,"true",0,1,"close"
"7281-f",0,1,0,0,1,4,0,1476501460638,"true",1,0,"close"
"7281-f",0,1,0,0,1,7,0,1476501496264,"true",1,0,"close"
"7281-f",1,0,1,0,2,6,0,1476501487725,"true",0,1,"split"
"7281-f",0,0,1,1,0,9,0,1476501517404,"true",0,1,"split"
"7281-f",0,1,0,0,1,8,0,1476501505589,"true",1,0,"far"
"7281-f",0,1,0,0,1,39,0,1476501819697,"true",1,0,"far"
"7281-f",0,1,1,0,1,38,0,1476501812064,"true",0,1,"split"
"7281-f",0,1,2,0,1,11,1,1476501533776,"true",0,0,"far"
"7281-f",0,1,0,0,1,10,0,1476501525889,"true",1,0,"far"
"7281-f",0,0,2,1,0,13,1,1476501549800,"true",0,0,"close"
"7281-f",0,1,1,0,1,12,0,1476501540912,"true",0,1,"split"
"7281-f",0,0,2,1,0,15,1,1476501567658,"true",0,0,"split"
"7281-f",0,0,1,1,0,14,0,1476501558787,"true",0,1,"close"
"7281-f",0,0,1,1,0,17,0,1476501582230,"true",0,1,"far"
"7281-f",1,0,0,0,2,16,0,1476501575991,"true",1,0,"far"
"7281-f",0,1,0,0,1,19,0,1476501602318,"true",1,0,"close"
"7281-f",1,0,0,0,2,18,0,1476501590535,"true",1,0,"split"
"7281-f",1,0,2,0,2,31,1,1476501739729,"true",0,0,"close"
"7281-f",1,0,0,0,2,30,0,1476501721170,"true",1,0,"split"
"7281-f",0,1,2,0,1,37,1,1476501803104,"true",0,0,"close"
"7281-f",0,1,0,0,1,36,0,1476501792302,"true",1,0,"far"
"7281-f",0,0,2,1,0,35,1,1476501784570,"true",0,0,"far"
"7281-f",0,1,0,0,1,34,0,1476501774565,"true",1,0,"far"
"7281-f",0,0,0,1,0,33,0,1476501767353,"true",1,0,"split"
"7281-f",1,0,0,0,2,32,0,1476501752475,"false",1,0,"close"
"7281-f",0,0,1,1,0,50,0,1476501941760,"true",0,1,"far"
