"gameid","sClicked_2","sClicked_1","lClickedIndex","sClicked_0","sClickedIndex","roundNum","lClicked_2","time","outcome","lClicked_0","lClicked_1","condition"
"7286-3",0,1,1,0,1,42,0,1476993012204,"true",0,1,"far"
"7286-3",0,1,0,0,1,48,0,1476993128527,"true",1,0,"split"
"7286-3",0,0,1,1,0,43,0,1476993051110,"true",0,1,"far"
"7286-3",0,1,1,0,1,49,0,1476993138467,"true",0,1,"far"
"7286-3",1,0,2,0,2,24,1,1476992598926,"true",0,0,"split"
"7286-3",0,1,0,0,1,25,0,1476992625196,"true",1,0,"far"
"7286-3",1,0,2,0,2,26,1,1476992646874,"true",0,0,"split"
"7286-3",0,0,1,1,0,27,0,1476992686834,"false",0,1,"split"
"7286-3",0,0,1,1,0,20,0,1476992468044,"true",0,1,"far"
"7286-3",0,1,0,0,1,21,0,1476992500799,"true",1,0,"split"
"7286-3",0,1,0,0,1,22,0,1476992571511,"false",1,0,"close"
"7286-3",0,0,2,1,0,23,1,1476992581404,"true",0,0,"far"
"7286-3",0,1,1,0,1,46,0,1476993104015,"true",0,1,"far"
"7286-3",0,1,0,0,1,47,0,1476993114072,"true",1,0,"split"
"7286-3",0,1,1,0,1,44,0,1476993061893,"true",0,1,"close"
"7286-3",0,1,0,0,1,45,0,1476993081063,"true",1,0,"split"
"7286-3",1,0,2,0,2,28,1,1476992735908,"true",0,0,"close"
"7286-3",0,0,0,1,0,29,0,1476992745707,"true",1,0,"split"
"7286-3",1,0,1,0,2,40,0,1476992983843,"true",0,1,"close"
"7286-3",0,1,0,0,1,41,0,1476993000610,"true",1,0,"split"
"7286-3",0,1,0,0,1,1,0,1476991937334,"true",1,0,"close"
"7286-3",0,1,2,0,1,3,1,1476992118892,"true",0,0,"split"
"7286-3",0,0,2,1,0,2,1,1476992072582,"true",0,0,"close"
"7286-3",0,0,0,1,0,5,0,1476992185732,"true",1,0,"split"
"7286-3",1,0,0,0,2,4,0,1476992152079,"false",1,0,"close"
"7286-3",0,0,0,1,0,7,0,1476992215996,"true",1,0,"close"
"7286-3",0,0,0,1,0,6,0,1476992196724,"true",1,0,"far"
"7286-3",1,0,2,0,2,9,1,1476992254909,"false",0,0,"split"
"7286-3",0,0,0,1,0,8,0,1476992232362,"true",1,0,"split"
"7286-3",0,0,1,1,0,39,0,1476992953533,"true",0,1,"close"
"7286-3",1,0,0,0,2,38,0,1476992944287,"true",1,0,"close"
"7286-3",1,0,2,0,2,11,1,1476992293736,"true",0,0,"far"
"7286-3",0,1,2,0,1,10,1,1476992281735,"true",0,0,"close"
"7286-3",1,0,2,0,2,13,1,1476992337441,"true",0,0,"far"
"7286-3",0,1,2,0,1,12,1,1476992319520,"true",0,0,"split"
"7286-3",0,1,2,0,1,15,1,1476992380550,"true",0,0,"far"
"7286-3",0,1,1,0,1,14,0,1476992366912,"true",0,1,"close"
"7286-3",0,0,2,1,0,17,1,1476992407393,"true",0,0,"far"
"7286-3",1,0,1,0,2,16,0,1476992396919,"true",0,1,"close"
"7286-3",0,0,0,1,0,19,0,1476992442851,"true",1,0,"far"
"7286-3",1,0,0,0,2,18,0,1476992432259,"true",1,0,"close"
"7286-3",0,1,1,0,1,31,0,1476992769510,"true",0,1,"split"
"7286-3",0,1,2,0,1,30,1,1476992760344,"true",0,0,"far"
"7286-3",1,0,2,0,2,37,1,1476992870217,"true",0,0,"close"
"7286-3",0,0,2,1,0,36,1,1476992863169,"true",0,0,"split"
"7286-3",1,0,0,0,2,35,0,1476992850318,"true",1,0,"far"
"7286-3",0,0,2,1,0,34,1,1476992824791,"true",0,0,"far"
"7286-3",1,0,1,0,2,33,0,1476992817643,"true",0,1,"close"
"7286-3",0,1,2,0,1,32,1,1476992792833,"true",0,0,"far"
"7286-3",1,0,1,0,2,50,0,1476993157982,"true",0,1,"split"
