"gameid","sClicked_2","sClicked_1","lClickedIndex","sClicked_0","sClickedIndex","roundNum","lClicked_2","time","outcome","lClicked_0","lClicked_1","condition"
"7286-9",0,0,1,1,0,42,0,1476988867909,"true",0,1,"far"
"7286-9",0,0,2,1,0,48,1,1476988971945,"true",0,0,"split"
"7286-9",0,1,1,0,1,43,0,1476988876476,"true",0,1,"split"
"7286-9",1,0,1,0,2,49,0,1476988978975,"true",0,1,"far"
"7286-9",0,0,1,1,0,24,0,1476988538832,"false",0,1,"close"
"7286-9",1,0,0,0,2,25,0,1476988549372,"false",1,0,"close"
"7286-9",0,0,1,1,0,26,0,1476988557223,"true",0,1,"far"
"7286-9",1,0,0,0,2,27,0,1476988631538,"false",1,0,"close"
"7286-9",1,0,2,0,2,20,1,1476988472121,"false",0,0,"close"
"7286-9",0,1,0,0,1,21,0,1476988483503,"true",1,0,"split"
"7286-9",1,0,0,0,2,22,0,1476988493189,"true",1,0,"split"
"7286-9",0,0,2,1,0,23,1,1476988521801,"true",0,0,"close"
"7286-9",0,0,0,1,0,46,0,1476988945475,"true",1,0,"close"
"7286-9",0,0,0,1,0,47,0,1476988956559,"true",1,0,"far"
"7286-9",0,0,1,1,0,44,0,1476988912762,"true",0,1,"far"
"7286-9",0,0,1,1,0,45,0,1476988938819,"false",0,1,"close"
"7286-9",0,1,2,0,1,28,1,1476988641178,"true",0,0,"close"
"7286-9",1,0,2,0,2,29,1,1476988650540,"true",0,0,"split"
"7286-9",1,0,2,0,2,40,1,1476988810092,"true",0,0,"far"
"7286-9",0,1,2,0,1,41,1,1476988848870,"true",0,0,"far"
"7286-9",0,0,1,1,0,1,0,1476988205836,"true",0,1,"close"
"7286-9",0,1,1,0,1,3,0,1476988229036,"true",0,1,"close"
"7286-9",1,0,2,0,2,2,1,1476988220472,"false",0,0,"close"
"7286-9",0,0,0,1,0,5,0,1476988252927,"false",1,0,"split"
"7286-9",1,0,1,0,2,4,0,1476988243759,"true",0,1,"split"
"7286-9",1,0,1,0,2,7,0,1476988308973,"true",0,1,"split"
"7286-9",1,0,2,0,2,6,1,1476988267644,"true",0,0,"split"
"7286-9",1,0,1,0,2,9,0,1476988337435,"true",0,1,"close"
"7286-9",0,1,1,0,1,8,0,1476988317664,"true",0,1,"split"
"7286-9",1,0,2,0,2,39,1,1476988798337,"true",0,0,"split"
"7286-9",0,1,2,0,1,38,1,1476988780860,"true",0,0,"far"
"7286-9",0,1,2,0,1,11,1,1476988350826,"true",0,0,"split"
"7286-9",1,0,0,0,2,10,0,1476988343833,"true",1,0,"far"
"7286-9",1,0,0,0,2,13,0,1476988367544,"true",1,0,"far"
"7286-9",0,1,0,0,1,12,0,1476988360568,"true",1,0,"split"
"7286-9",1,0,2,0,2,15,1,1476988383043,"true",0,0,"split"
"7286-9",0,1,2,0,1,14,1,1476988375011,"true",0,0,"far"
"7286-9",0,0,0,1,0,17,0,1476988411869,"false",1,0,"close"
"7286-9",0,1,0,0,1,16,0,1476988398146,"false",1,0,"far"
"7286-9",0,0,0,1,0,19,0,1476988445049,"true",1,0,"close"
"7286-9",0,1,0,0,1,18,0,1476988432306,"false",1,0,"close"
"7286-9",0,0,2,1,0,31,1,1476988672850,"true",0,0,"close"
"7286-9",0,0,0,1,0,30,0,1476988661241,"true",1,0,"far"
"7286-9",1,0,1,0,2,37,0,1476988770742,"true",0,1,"split"
"7286-9",0,1,1,0,1,36,0,1476988753032,"true",0,1,"far"
"7286-9",1,0,1,0,2,35,0,1476988745856,"true",0,1,"far"
"7286-9",0,0,2,1,0,34,1,1476988704479,"false",0,0,"far"
"7286-9",0,0,0,1,0,33,0,1476988695574,"false",1,0,"close"
"7286-9",0,1,2,0,1,32,1,1476988686236,"false",0,0,"split"
"7286-9",0,1,0,0,1,50,0,1476988988991,"false",1,0,"split"
