"gameid","sClicked_2","sClicked_1","lClickedIndex","sClicked_0","sClickedIndex","roundNum","lClicked_2","time","outcome","lClicked_0","lClicked_1","condition"
"7311-f",0,1,0,0,1,42,0,1476491740294,"true",1,0,"split"
"7311-f",1,0,1,0,2,43,0,1476491754838,"true",0,1,"far"
"7311-f",1,0,0,0,2,49,0,1476491821184,"true",1,0,"far"
"7311-f",0,1,0,0,1,24,0,1476491444872,"true",1,0,"far"
"7311-f",0,0,1,1,0,25,0,1476491452345,"true",0,1,"far"
"7311-f",1,0,2,0,2,26,1,1476491485898,"true",0,0,"close"
"7311-f",0,1,1,0,1,27,0,1476491510741,"true",0,1,"close"
"7311-f",0,0,0,1,0,20,0,1476491396230,"false",1,0,"split"
"7311-f",0,0,0,1,0,21,0,1476491407331,"true",1,0,"split"
"7311-f",0,1,1,0,1,22,0,1476491430384,"true",0,1,"close"
"7311-f",1,0,2,0,2,23,1,1476491437503,"true",0,0,"far"
"7311-f",0,1,1,0,1,46,0,1476491794878,"true",0,1,"split"
"7311-f",0,0,2,1,0,47,1,1476491806791,"true",0,0,"far"
"7311-f",0,1,0,0,1,44,0,1476491765542,"true",1,0,"far"
"7311-f",0,0,2,1,0,45,1,1476491779086,"false",0,0,"close"
"7311-f",0,1,0,0,1,28,0,1476491526226,"true",1,0,"split"
"7311-f",1,0,0,0,2,29,0,1476491542126,"true",1,0,"close"
"7311-f",1,0,1,0,2,40,0,1476491699892,"true",0,1,"far"
"7311-f",0,0,2,1,0,41,1,1476491714582,"true",0,0,"split"
"7311-f",0,0,2,1,0,1,1,1476491078586,"true",0,0,"split"
"7311-f",1,0,0,0,2,3,0,1476491133019,"true",1,0,"close"
"7311-f",1,0,2,0,2,2,1,1476491106696,"true",0,0,"close"
"7311-f",0,1,1,0,1,5,0,1476491160623,"true",0,1,"close"
"7311-f",1,0,1,0,2,4,0,1476491147513,"true",0,1,"close"
"7311-f",0,0,0,1,0,7,0,1476491186875,"true",1,0,"far"
"7311-f",1,0,2,0,2,6,1,1476491178714,"true",0,0,"close"
"7311-f",0,0,1,1,0,9,0,1476491228443,"true",0,1,"close"
"7311-f",1,0,1,0,2,8,0,1476491217987,"true",0,1,"close"
"7311-f",1,0,0,0,2,39,0,1476491683038,"true",1,0,"far"
"7311-f",0,1,1,0,1,38,0,1476491675036,"true",0,1,"split"
"7311-f",1,0,2,0,2,11,1,1476491258756,"true",0,0,"split"
"7311-f",0,0,2,1,0,10,1,1476491240180,"true",0,0,"far"
"7311-f",1,0,1,0,2,13,0,1476491297597,"true",0,1,"close"
"7311-f",0,1,2,0,1,12,1,1476491271276,"true",0,0,"split"
"7311-f",0,1,0,0,1,15,0,1476491338062,"true",1,0,"close"
"7311-f",0,1,1,0,1,14,0,1476491323133,"true",0,1,"close"
"7311-f",0,1,0,0,1,17,0,1476491356253,"true",1,0,"split"
"7311-f",0,1,0,0,1,16,0,1476491344726,"true",1,0,"far"
"7311-f",0,0,1,1,0,19,0,1476491385719,"true",0,1,"split"
"7311-f",0,1,2,0,1,18,1,1476491370463,"true",0,0,"split"
"7311-f",0,1,1,0,1,31,0,1476491558842,"true",0,1,"far"
"7311-f",0,1,1,0,1,30,0,1476491551394,"true",0,1,"split"
"7311-f",0,0,1,1,0,37,0,1476491647900,"true",0,1,"close"
"7311-f",1,0,0,0,2,36,0,1476491632556,"true",1,0,"far"
"7311-f",0,1,1,0,1,35,0,1476491624171,"true",0,1,"far"
"7311-f",0,1,2,0,1,34,1,1476491616147,"true",0,0,"far"
"7311-f",0,0,1,1,0,33,0,1476491607275,"true",0,1,"split"
"7311-f",0,1,2,0,1,48,1,1476491813984,"true",0,0,"split"
"7311-f",0,1,0,0,1,50,0,1476491838856,"true",1,0,"split"
