"gameid","sClicked_2","sClicked_1","lClickedIndex","sClicked_0","sClickedIndex","roundNum","lClicked_2","time","outcome","lClicked_0","lClicked_1","condition"
"7314-4",1,0,2,0,2,42,1,1459886744813,"true",0,0,"far"
"7314-4",1,0,2,0,2,48,1,1459886848393,"true",0,0,"far"
"7314-4",1,0,0,0,2,43,0,1459886770176,"true",1,0,"far"
"7314-4",1,0,0,0,2,49,0,1459886866366,"true",1,0,"close"
"7314-4",1,0,0,0,2,24,0,1459886437590,"true",1,0,"split"
"7314-4",0,1,1,0,1,25,0,1459886463355,"true",0,1,"far"
"7314-4",0,0,1,1,0,26,0,1459886475900,"true",0,1,"split"
"7314-4",1,0,0,0,2,27,0,1459886482413,"true",1,0,"far"
"7314-4",0,0,2,1,0,20,1,1459886381398,"true",0,0,"far"
"7314-4",0,0,1,1,0,21,0,1459886397145,"true",0,1,"split"
"7314-4",0,1,2,0,1,22,1,1459886408665,"true",0,0,"far"
"7314-4",0,0,2,1,0,23,1,1459886417250,"true",0,0,"far"
"7314-4",1,0,1,0,2,46,0,1459886820631,"true",0,1,"split"
"7314-4",0,1,1,0,1,47,0,1459886833626,"true",0,1,"far"
"7314-4",0,1,0,0,1,44,0,1459886780433,"true",1,0,"far"
"7314-4",1,0,2,0,2,45,1,1459886810190,"false",0,0,"close"
"7314-4",1,0,1,0,2,28,0,1459886493430,"true",0,1,"close"
"7314-4",0,1,2,0,1,29,1,1459886503640,"true",0,0,"far"
"7314-4",0,1,0,0,1,40,0,1459886724825,"true",1,0,"far"
"7314-4",0,0,0,1,0,41,0,1459886733738,"true",1,0,"split"
"7314-4",0,0,1,1,0,1,0,1459886046658,"true",0,1,"far"
"7314-4",0,1,1,0,1,3,0,1459886092613,"true",0,1,"close"
"7314-4",1,0,1,0,2,2,0,1459886070267,"true",0,1,"split"
"7314-4",0,1,1,0,1,5,0,1459886133365,"true",0,1,"split"
"7314-4",0,0,0,1,0,4,0,1459886123295,"true",1,0,"close"
"7314-4",0,0,0,1,0,7,0,1459886161332,"false",1,0,"close"
"7314-4",1,0,1,0,2,6,0,1459886142308,"true",0,1,"far"
"7314-4",0,1,2,0,1,9,1,1459886186590,"true",0,0,"split"
"7314-4",1,0,0,0,2,8,0,1459886174993,"true",1,0,"split"
"7314-4",0,0,2,1,0,39,1,1459886714703,"true",0,0,"split"
"7314-4",0,1,0,0,1,38,0,1459886683508,"true",1,0,"close"
"7314-4",1,0,0,0,2,11,0,1459886209565,"true",1,0,"far"
"7314-4",1,0,1,0,2,10,0,1459886194763,"true",0,1,"close"
"7314-4",1,0,2,0,2,13,1,1459886237528,"true",0,0,"split"
"7314-4",0,0,0,1,0,12,0,1459886225440,"true",1,0,"far"
"7314-4",0,1,2,0,1,15,1,1459886298130,"false",0,0,"close"
"7314-4",0,0,0,1,0,14,0,1459886246658,"true",1,0,"split"
"7314-4",1,0,0,0,2,17,0,1459886339063,"true",1,0,"close"
"7314-4",0,0,0,1,0,16,0,1459886316413,"true",1,0,"close"
"7314-4",0,1,2,0,1,19,1,1459886374405,"true",0,0,"close"
"7314-4",1,0,1,0,2,18,0,1459886358035,"true",0,1,"far"
"7314-4",1,0,1,0,2,31,0,1459886539100,"true",0,1,"split"
"7314-4",0,0,1,1,0,30,0,1459886519588,"true",0,1,"split"
"7314-4",0,1,1,0,1,37,0,1459886672600,"true",0,1,"split"
"7314-4",1,0,2,0,2,36,1,1459886649893,"true",0,0,"close"
"7314-4",0,1,1,0,1,35,0,1459886633770,"true",0,1,"close"
"7314-4",1,0,0,0,2,34,0,1459886599638,"true",1,0,"close"
"7314-4",0,0,0,1,0,33,0,1459886567738,"true",1,0,"close"
"7314-4",1,0,2,0,2,32,1,1459886551954,"true",0,0,"split"
"7314-4",1,0,2,0,2,50,1,1459886889186,"true",0,0,"close"
