"gameid","sClicked_2","sClicked_1","lClickedIndex","sClicked_0","sClickedIndex","roundNum","lClicked_2","time","outcome","lClicked_0","lClicked_1","condition"
"7328-c",0,0,2,1,0,42,1,1476991205499,"true",0,0,"split"
"7328-c",0,1,2,0,1,48,1,1476991336467,"true",0,0,"far"
"7328-c",0,1,1,0,1,43,0,1476991231942,"true",0,1,"far"
"7328-c",1,0,0,0,2,49,0,1476991346283,"true",1,0,"far"
"7328-c",0,1,2,0,1,24,1,1476990606419,"true",0,0,"far"
"7328-c",0,0,1,1,0,25,0,1476990618661,"true",0,1,"far"
"7328-c",0,0,2,1,0,26,1,1476990630892,"false",0,0,"far"
"7328-c",0,0,1,1,0,27,0,1476990666462,"true",0,1,"split"
"7328-c",0,1,1,0,1,20,0,1476990563741,"true",0,1,"split"
"7328-c",0,1,2,0,1,21,1,1476990573484,"true",0,0,"far"
"7328-c",0,1,2,0,1,22,1,1476990582996,"true",0,0,"far"
"7328-c",0,1,1,0,1,23,0,1476990597136,"true",0,1,"split"
"7328-c",0,0,2,1,0,46,1,1476991313041,"true",0,0,"split"
"7328-c",0,1,1,0,1,47,0,1476991326917,"true",0,1,"split"
"7328-c",1,0,0,0,2,44,0,1476991265280,"true",1,0,"far"
"7328-c",1,0,1,0,2,45,0,1476991283163,"true",0,1,"close"
"7328-c",1,0,1,0,2,28,0,1476990681750,"true",0,1,"far"
"7328-c",0,1,1,0,1,29,0,1476990708092,"true",0,1,"close"
"7328-c",0,0,1,1,0,40,0,1476991038626,"true",0,1,"close"
"7328-c",0,0,1,1,0,41,0,1476991154469,"true",0,1,"close"
"7328-c",0,0,0,1,0,1,0,1476989983035,"true",1,0,"close"
"7328-c",0,1,1,0,1,3,0,1476990042476,"true",0,1,"close"
"7328-c",0,0,0,1,0,2,0,1476990022285,"false",1,0,"close"
"7328-c",0,0,0,1,0,5,0,1476990116663,"true",1,0,"split"
"7328-c",1,0,0,0,2,4,0,1476990094478,"true",1,0,"close"
"7328-c",1,0,0,0,2,7,0,1476990212133,"true",1,0,"close"
"7328-c",0,0,0,1,0,6,0,1476990155039,"true",1,0,"close"
"7328-c",1,0,1,0,2,9,0,1476990241009,"true",0,1,"far"
"7328-c",0,0,1,1,0,8,0,1476990227589,"true",0,1,"split"
"7328-c",1,0,2,0,2,38,1,1476990975767,"true",0,0,"split"
"7328-c",0,1,1,0,1,11,0,1476990302897,"true",0,1,"split"
"7328-c",1,0,2,0,2,39,1,1476991019323,"true",0,0,"close"
"7328-c",1,0,0,0,2,12,0,1476990315633,"true",1,0,"split"
"7328-c",0,0,0,1,0,15,0,1476990443181,"true",1,0,"split"
"7328-c",0,0,1,1,0,14,0,1476990392378,"true",0,1,"close"
"7328-c",0,0,0,1,0,17,0,1476990481740,"true",1,0,"split"
"7328-c",1,0,0,0,2,16,0,1476990459182,"true",1,0,"far"
"7328-c",0,0,0,1,0,19,0,1476990536740,"true",1,0,"far"
"7328-c",0,1,2,0,1,18,1,1476990525429,"true",0,0,"close"
"7328-c",0,1,2,0,1,31,1,1476990740320,"true",0,0,"far"
"7328-c",0,0,2,1,0,30,1,1476990730287,"true",0,0,"far"
"7328-c",1,0,2,0,2,37,1,1476990936187,"true",0,0,"split"
"7328-c",0,0,1,1,0,36,0,1476990903009,"true",0,1,"split"
"7328-c",0,0,1,1,0,35,0,1476990875516,"true",0,1,"split"
"7328-c",1,0,0,0,2,34,0,1476990841005,"true",1,0,"close"
"7328-c",0,0,0,1,0,33,0,1476990794995,"true",1,0,"close"
"7328-c",0,0,0,1,0,32,0,1476990751590,"true",1,0,"far"
"7328-c",1,0,2,0,2,50,1,1476991364928,"true",0,0,"split"
