"gameid","sClicked_2","sClicked_1","lClickedIndex","sClicked_0","sClickedIndex","roundNum","lClicked_2","time","outcome","lClicked_0","lClicked_1","condition"
"7334-e",1,0,0,0,2,42,0,1476472683829,"true",1,0,"close"
"7334-e",1,0,1,0,2,48,0,1476472756113,"true",0,1,"split"
"7334-e",1,0,0,0,2,43,0,1476472709045,"true",1,0,"close"
"7334-e",1,0,1,0,2,49,0,1476472763149,"true",0,1,"far"
"7334-e",1,0,1,0,2,24,0,1476472485777,"true",0,1,"far"
"7334-e",1,0,0,0,2,25,0,1476472501598,"false",1,0,"split"
"7334-e",0,0,2,1,0,26,1,1476472508398,"true",0,0,"far"
"7334-e",1,0,1,0,2,27,0,1476472516340,"true",0,1,"far"
"7334-e",1,0,0,0,2,20,0,1476472436507,"true",1,0,"far"
"7334-e",0,1,0,0,1,21,0,1476472454221,"true",1,0,"close"
"7334-e",1,0,0,0,2,22,0,1476472469996,"true",1,0,"close"
"7334-e",0,0,2,1,0,23,1,1476472478759,"true",0,0,"far"
"7334-e",1,0,1,0,2,46,0,1476472739929,"true",0,1,"far"
"7334-e",0,1,1,0,1,47,0,1476472747290,"true",0,1,"close"
"7334-e",1,0,0,0,2,44,0,1476472715928,"true",1,0,"far"
"7334-e",0,1,2,0,1,45,1,1476472731927,"true",0,0,"close"
"7334-e",0,1,2,0,1,28,1,1476472528536,"false",0,0,"split"
"7334-e",0,0,0,1,0,29,0,1476472538276,"true",1,0,"split"
"7334-e",1,0,0,0,2,40,0,1476472658772,"true",1,0,"split"
"7334-e",1,0,1,0,2,41,0,1476472671286,"true",0,1,"close"
"7334-e",0,0,1,1,0,1,0,1476472257143,"false",0,1,"close"
"7334-e",1,0,1,0,2,3,0,1476472271006,"true",0,1,"far"
"7334-e",0,1,0,0,1,2,0,1476472264501,"true",1,0,"far"
"7334-e",0,1,2,0,1,5,1,1476472287166,"false",0,0,"far"
"7334-e",0,0,1,1,0,4,0,1476472280061,"true",0,1,"split"
"7334-e",1,0,0,0,2,7,0,1476472304145,"true",1,0,"close"
"7334-e",1,0,1,0,2,6,0,1476472296666,"true",0,1,"split"
"7334-e",0,1,1,0,1,9,0,1476472329366,"true",0,1,"close"
"7334-e",0,0,1,1,0,8,0,1476472311136,"true",0,1,"far"
"7334-e",0,0,0,1,0,39,0,1476472651566,"true",1,0,"split"
"7334-e",1,0,2,0,2,38,1,1476472644077,"true",0,0,"split"
"7334-e",0,0,2,1,0,11,1,1476472344078,"true",0,0,"far"
"7334-e",0,0,0,1,0,10,0,1476472337169,"true",1,0,"split"
"7334-e",0,1,1,0,1,13,0,1476472357605,"true",0,1,"far"
"7334-e",1,0,1,0,2,12,0,1476472350430,"true",0,1,"split"
"7334-e",1,0,0,0,2,15,0,1476472389819,"true",1,0,"split"
"7334-e",0,1,0,0,1,14,0,1476472369885,"true",1,0,"close"
"7334-e",0,1,2,0,1,17,1,1476472410943,"true",0,0,"split"
"7334-e",0,0,2,1,0,16,1,1476472401678,"true",0,0,"split"
"7334-e",1,0,2,0,2,19,1,1476472429494,"true",0,0,"far"
"7334-e",1,0,2,0,2,18,1,1476472418619,"true",0,0,"close"
"7334-e",0,0,1,1,0,31,0,1476472558916,"true",0,1,"close"
"7334-e",0,0,2,1,0,30,1,1476472545572,"true",0,0,"close"
"7334-e",0,1,0,0,1,37,0,1476472631366,"true",1,0,"close"
"7334-e",1,0,2,0,2,36,1,1476472617080,"true",0,0,"far"
"7334-e",1,0,2,0,2,35,1,1476472602660,"true",0,0,"split"
"7334-e",0,0,0,1,0,34,0,1476472591196,"true",1,0,"close"
"7334-e",0,1,1,0,1,33,0,1476472574720,"true",0,1,"split"
"7334-e",1,0,2,0,2,32,1,1476472566279,"true",0,0,"far"
"7334-e",0,1,0,0,1,50,0,1476472770616,"true",1,0,"split"
