"gameid","sClicked_2","sClicked_1","lClickedIndex","sClicked_0","sClickedIndex","roundNum","lClicked_2","time","outcome","lClicked_0","lClicked_1","condition"
"7344-b",1,0,2,0,2,42,1,1476992130018,"true",0,0,"far"
"7344-b",1,0,0,0,2,48,0,1476992195421,"true",1,0,"close"
"7344-b",1,0,0,0,2,43,0,1476992147091,"true",1,0,"split"
"7344-b",0,1,0,0,1,49,0,1476992201332,"true",1,0,"far"
"7344-b",0,1,0,0,1,24,0,1476991905453,"true",1,0,"split"
"7344-b",0,0,0,1,0,25,0,1476991918355,"false",1,0,"split"
"7344-b",0,0,0,1,0,26,0,1476991932531,"true",1,0,"close"
"7344-b",1,0,1,0,2,27,0,1476991948181,"false",0,1,"close"
"7344-b",0,1,1,0,1,20,0,1476991844285,"true",0,1,"close"
"7344-b",0,0,0,1,0,21,0,1476991862475,"true",1,0,"close"
"7344-b",1,0,2,0,2,22,1,1476991871235,"true",0,0,"far"
"7344-b",0,0,1,1,0,23,0,1476991894453,"true",0,1,"close"
"7344-b",0,1,0,0,1,46,0,1476992183069,"true",1,0,"split"
"7344-b",0,1,0,0,1,47,0,1476992189335,"true",1,0,"far"
"7344-b",0,0,0,1,0,44,0,1476992167776,"true",1,0,"split"
"7344-b",0,0,0,1,0,45,0,1476992175051,"true",1,0,"close"
"7344-b",0,0,2,1,0,28,1,1476991960612,"true",0,0,"split"
"7344-b",1,0,0,0,2,29,0,1476991969430,"true",1,0,"far"
"7344-b",0,1,1,0,1,40,0,1476992106115,"false",0,1,"close"
"7344-b",0,0,2,1,0,41,1,1476992122467,"true",0,0,"split"
"7344-b",1,0,1,0,2,1,0,1476991577327,"true",0,1,"split"
"7344-b",0,0,0,1,0,3,0,1476991604875,"true",1,0,"close"
"7344-b",0,0,1,1,0,2,0,1476991591778,"true",0,1,"close"
"7344-b",0,0,1,1,0,5,0,1476991634116,"true",0,1,"split"
"7344-b",1,0,0,0,2,4,0,1476991624221,"false",1,0,"split"
"7344-b",0,1,0,0,1,7,0,1476991669732,"true",1,0,"close"
"7344-b",1,0,0,0,2,6,0,1476991657398,"true",1,0,"close"
"7344-b",0,0,0,1,0,9,0,1476991698427,"true",1,0,"far"
"7344-b",0,1,0,0,1,8,0,1476991680234,"true",1,0,"split"
"7344-b",1,0,0,0,2,39,0,1476992097732,"true",1,0,"far"
"7344-b",1,0,1,0,2,38,0,1476992086230,"true",0,1,"far"
"7344-b",0,0,0,1,0,11,0,1476991717899,"true",1,0,"split"
"7344-b",0,1,1,0,1,10,0,1476991706067,"true",0,1,"far"
"7344-b",0,0,1,1,0,13,0,1476991744260,"true",0,1,"split"
"7344-b",1,0,1,0,2,12,0,1476991726884,"true",0,1,"far"
"7344-b",0,0,1,1,0,15,0,1476991772818,"true",0,1,"far"
"7344-b",0,1,2,0,1,14,1,1476991756459,"true",0,0,"split"
"7344-b",1,0,1,0,2,17,0,1476991792675,"true",0,1,"far"
"7344-b",1,0,2,0,2,16,1,1476991783453,"true",0,0,"far"
"7344-b",1,0,1,0,2,19,0,1476991832876,"true",0,1,"far"
"7344-b",1,0,1,0,2,18,0,1476991823923,"true",0,1,"close"
"7344-b",0,1,0,0,1,31,0,1476992000780,"true",1,0,"close"
"7344-b",0,1,1,0,1,30,0,1476991985643,"true",0,1,"split"
"7344-b",0,0,1,1,0,37,0,1476992076333,"true",0,1,"close"
"7344-b",0,1,2,0,1,36,1,1476992064909,"true",0,0,"split"
"7344-b",1,0,2,0,2,35,1,1476992054347,"true",0,0,"far"
"7344-b",0,0,2,1,0,34,1,1476992046732,"true",0,0,"close"
"7344-b",0,0,1,1,0,33,0,1476992026053,"true",0,1,"split"
"7344-b",0,1,1,0,1,32,0,1476992009203,"true",0,1,"far"
"7344-b",1,0,1,0,2,50,0,1476992211211,"true",0,1,"close"
