"gameid","sClicked_2","sClicked_1","lClickedIndex","sClicked_0","sClickedIndex","roundNum","lClicked_2","time","outcome","lClicked_0","lClicked_1","condition"
"7383-6",1,0,2,0,2,43,1,1476993795971,"true",0,0,"close"
"7383-6",0,0,0,1,0,49,0,1476994007721,"true",1,0,"split"
"7383-6",1,0,0,0,2,24,0,1476993123360,"true",1,0,"close"
"7383-6",1,0,1,0,2,26,0,1476993285465,"true",0,1,"close"
"7383-6",1,0,2,0,2,27,1,1476993309574,"true",0,0,"far"
"7383-6",0,0,2,1,0,20,1,1476992971059,"true",0,0,"far"
"7383-6",0,1,0,0,1,21,0,1476992995581,"true",1,0,"split"
"7383-6",0,0,0,1,0,22,0,1476993030221,"true",1,0,"split"
"7383-6",0,1,0,0,1,23,0,1476993069260,"true",1,0,"split"
"7383-6",0,0,1,1,0,46,0,1476993909299,"true",0,1,"close"
"7383-6",0,0,0,1,0,47,0,1476993937856,"true",1,0,"close"
"7383-6",1,0,2,0,2,44,1,1476993826704,"true",0,0,"split"
"7383-6",0,0,1,1,0,48,0,1476993966960,"true",0,1,"close"
"7383-6",1,0,1,0,2,28,0,1476993373238,"true",0,1,"split"
"7383-6",1,0,1,0,2,29,0,1476993401440,"true",0,1,"split"
"7383-6",0,1,1,0,1,40,0,1476993674231,"false",0,1,"close"
"7383-6",0,1,0,0,1,41,0,1476993691040,"false",1,0,"split"
"7383-6",0,0,2,1,0,1,1,1476992154089,"true",0,0,"far"
"7383-6",1,0,1,0,2,3,0,1476992221763,"true",0,1,"close"
"7383-6",0,1,1,0,1,2,0,1476992179452,"true",0,1,"split"
"7383-6",1,0,0,0,2,4,0,1476992230486,"true",1,0,"far"
"7383-6",0,0,1,1,0,6,0,1476992334655,"true",0,1,"split"
"7383-6",0,1,2,0,1,9,1,1476992591664,"true",0,0,"close"
"7383-6",1,0,1,0,2,39,0,1476993618992,"true",0,1,"split"
"7383-6",0,0,2,1,0,38,1,1476993574291,"true",0,0,"close"
"7383-6",0,1,2,0,1,11,1,1476992619145,"true",0,0,"far"
"7383-6",0,0,2,1,0,10,1,1476992606307,"true",0,0,"far"
"7383-6",1,0,1,0,2,13,0,1476992692678,"true",0,1,"close"
"7383-6",1,0,0,0,2,12,0,1476992634979,"true",1,0,"far"
"7383-6",1,0,2,0,2,15,1,1476992757843,"true",0,0,"split"
"7383-6",1,0,1,0,2,14,0,1476992713232,"true",0,1,"far"
"7383-6",0,0,2,1,0,17,1,1476992853127,"true",0,0,"split"
"7383-6",1,0,2,0,2,16,1,1476992792243,"true",0,0,"far"
"7383-6",0,1,0,0,1,19,0,1476992941571,"true",1,0,"split"
"7383-6",0,0,2,1,0,18,1,1476992885916,"true",0,0,"far"
"7383-6",1,0,1,0,2,31,0,1476993434484,"true",0,1,"far"
"7383-6",0,0,2,1,0,30,1,1476993420105,"true",0,0,"split"
"7383-6",0,0,2,1,0,37,1,1476993559372,"true",0,0,"far"
"7383-6",1,0,2,0,2,36,1,1476993546451,"true",0,0,"far"
"7383-6",0,0,2,1,0,35,1,1476993502061,"true",0,0,"close"
"7383-6",0,1,0,0,1,34,0,1476993483556,"true",1,0,"far"
"7383-6",1,0,0,0,2,33,0,1476993469997,"true",1,0,"far"
"7383-6",0,1,0,0,1,32,0,1476993448848,"true",1,0,"far"
"7383-6",0,1,0,0,1,50,0,1476994026707,"true",1,0,"split"
