"gameid","sClicked_2","sClicked_1","lClickedIndex","sClicked_0","sClickedIndex","roundNum","lClicked_2","time","outcome","lClicked_0","lClicked_1","condition"
"7396-e",0,1,2,0,1,42,1,1476468843886,"true",0,0,"far"
"7396-e",1,0,0,0,2,48,0,1476468906706,"true",1,0,"close"
"7396-e",0,1,2,0,1,43,1,1476468853246,"true",0,0,"close"
"7396-e",0,1,1,0,1,49,0,1476468914046,"true",0,1,"far"
"7396-e",0,0,2,1,0,24,1,1476468614020,"false",0,0,"split"
"7396-e",0,1,1,0,1,25,0,1476468628270,"true",0,1,"far"
"7396-e",0,0,1,1,0,26,0,1476468646615,"true",0,1,"split"
"7396-e",0,1,2,0,1,27,1,1476468658384,"true",0,0,"split"
"7396-e",0,0,0,1,0,20,0,1476468519890,"true",1,0,"split"
"7396-e",0,1,2,0,1,21,1,1476468534342,"false",0,0,"close"
"7396-e",1,0,1,0,2,22,0,1476468582198,"true",0,1,"split"
"7396-e",1,0,0,0,2,23,0,1476468591910,"true",1,0,"split"
"7396-e",0,0,0,1,0,46,0,1476468880875,"true",1,0,"split"
"7396-e",0,1,1,0,1,47,0,1476468891869,"true",0,1,"close"
"7396-e",0,1,1,0,1,44,0,1476468862148,"true",0,1,"far"
"7396-e",0,0,2,1,0,45,1,1476468871750,"true",0,0,"split"
"7396-e",0,0,1,1,0,28,0,1476468680208,"true",0,1,"split"
"7396-e",1,0,2,0,2,29,1,1476468699926,"true",0,0,"close"
"7396-e",1,0,1,0,2,40,0,1476468808368,"true",0,1,"close"
"7396-e",0,0,0,1,0,41,0,1476468830491,"false",1,0,"close"
"7396-e",0,1,0,0,1,1,0,1476468201358,"true",1,0,"split"
"7396-e",1,0,1,0,2,3,0,1476468227264,"true",0,1,"split"
"7396-e",1,0,0,0,2,2,0,1476468213938,"true",1,0,"far"
"7396-e",1,0,0,0,2,5,0,1476468254580,"true",1,0,"far"
"7396-e",0,1,2,0,1,4,1,1476468239854,"true",0,0,"far"
"7396-e",1,0,1,0,2,7,0,1476468305144,"true",0,1,"split"
"7396-e",0,1,2,0,1,6,1,1476468285374,"true",0,0,"close"
"7396-e",0,1,2,0,1,9,1,1476468341554,"true",0,0,"far"
"7396-e",1,0,1,0,2,8,0,1476468327944,"true",0,1,"close"
"7396-e",0,1,2,0,1,39,1,1476468798208,"true",0,0,"split"
"7396-e",1,0,1,0,2,38,0,1476468787535,"true",0,1,"split"
"7396-e",1,0,1,0,2,11,0,1476468374930,"true",0,1,"split"
"7396-e",0,1,2,0,1,10,1,1476468354894,"true",0,0,"split"
"7396-e",0,0,0,1,0,13,0,1476468402174,"true",1,0,"far"
"7396-e",0,0,1,1,0,12,0,1476468394740,"true",0,1,"close"
"7396-e",0,0,0,1,0,15,0,1476468437894,"true",1,0,"close"
"7396-e",0,1,1,0,1,14,0,1476468415819,"false",0,1,"close"
"7396-e",1,0,1,0,2,17,0,1476468467714,"true",0,1,"close"
"7396-e",0,1,1,0,1,16,0,1476468448807,"true",0,1,"close"
"7396-e",1,0,2,0,2,19,1,1476468500986,"true",0,0,"split"
"7396-e",1,0,2,0,2,18,1,1476468489185,"true",0,0,"close"
"7396-e",1,0,2,0,2,31,1,1476468718015,"true",0,0,"far"
"7396-e",1,0,0,0,2,30,0,1476468710478,"true",1,0,"far"
"7396-e",0,0,2,1,0,37,1,1476468772041,"true",0,0,"close"
"7396-e",0,0,0,1,0,36,0,1476468757006,"true",1,0,"far"
"7396-e",0,1,2,0,1,35,1,1476468749738,"true",0,0,"far"
"7396-e",0,0,0,1,0,34,0,1476468741687,"true",1,0,"far"
"7396-e",1,0,1,0,2,33,0,1476468732715,"true",0,1,"far"
"7396-e",0,1,2,0,1,32,1,1476468725355,"true",0,0,"far"
"7396-e",0,1,1,0,1,50,0,1476468929572,"true",0,1,"close"
