"gameid","sClicked_2","sClicked_1","lClickedIndex","sClicked_0","sClickedIndex","roundNum","lClicked_2","time","outcome","lClicked_0","lClicked_1","condition"
"7405-4",1,0,0,0,2,42,0,1476995520180,"true",1,0,"far"
"7405-4",0,0,1,1,0,48,0,1476995618211,"true",0,1,"split"
"7405-4",1,0,2,0,2,43,1,1476995535524,"true",0,0,"far"
"7405-4",0,1,2,0,1,49,1,1476995642672,"true",0,0,"split"
"7405-4",0,0,1,1,0,24,0,1476995285672,"true",0,1,"far"
"7405-4",0,1,1,0,1,25,0,1476995292211,"true",0,1,"far"
"7405-4",0,1,0,0,1,26,0,1476995302058,"true",1,0,"split"
"7405-4",1,0,2,0,2,27,1,1476995312710,"false",0,0,"close"
"7405-4",0,1,0,0,1,20,0,1476995253851,"true",1,0,"split"
"7405-4",1,0,2,0,2,21,1,1476995262941,"true",0,0,"close"
"7405-4",0,0,0,1,0,22,0,1476995270611,"true",1,0,"close"
"7405-4",0,0,2,1,0,23,1,1476995279629,"true",0,0,"far"
"7405-4",0,1,2,0,1,46,1,1476995573751,"true",0,0,"far"
"7405-4",0,0,0,1,0,47,0,1476995581921,"true",1,0,"far"
"7405-4",0,1,0,0,1,44,0,1476995546267,"true",1,0,"far"
"7405-4",0,0,2,1,0,45,1,1476995567311,"true",0,0,"close"
"7405-4",1,0,2,0,2,28,1,1476995331932,"true",0,0,"split"
"7405-4",0,0,1,1,0,29,0,1476995344050,"true",0,1,"far"
"7405-4",0,0,0,1,0,40,0,1476995499691,"true",1,0,"close"
"7405-4",1,0,2,0,2,41,1,1476995510550,"true",0,0,"split"
"7405-4",1,0,2,0,2,1,1,1476995026833,"true",0,0,"split"
"7405-4",0,1,1,0,1,3,0,1476995052297,"true",0,1,"split"
"7405-4",0,0,2,1,0,2,1,1476995042721,"true",0,0,"close"
"7405-4",0,0,1,1,0,5,0,1476995065961,"true",0,1,"far"
"7405-4",0,1,1,0,1,4,0,1476995059631,"true",0,1,"close"
"7405-4",1,0,2,0,2,7,1,1476995110863,"false",0,0,"close"
"7405-4",0,0,1,1,0,6,0,1476995088295,"true",0,1,"split"
"7405-4",1,0,0,0,2,9,0,1476995122570,"true",1,0,"far"
"7405-4",1,0,1,0,2,8,0,1476995116725,"true",0,1,"far"
"7405-4",0,0,2,1,0,39,1,1476995489202,"true",0,0,"close"
"7405-4",0,0,0,1,0,38,0,1476995475752,"true",1,0,"split"
"7405-4",0,0,2,1,0,11,1,1476995163750,"true",0,0,"close"
"7405-4",0,1,1,0,1,10,0,1476995142976,"true",0,1,"close"
"7405-4",0,0,1,1,0,13,0,1476995180002,"true",0,1,"split"
"7405-4",0,0,0,1,0,12,0,1476995169991,"true",1,0,"far"
"7405-4",0,1,0,0,1,15,0,1476995196831,"true",1,0,"close"
"7405-4",0,0,2,1,0,14,1,1476995188538,"true",0,0,"far"
"7405-4",0,1,2,0,1,17,1,1476995215021,"true",0,0,"close"
"7405-4",0,0,2,1,0,16,1,1476995206311,"true",0,0,"split"
"7405-4",0,1,2,0,1,19,1,1476995245507,"true",0,0,"far"
"7405-4",0,0,1,1,0,18,0,1476995232559,"false",0,1,"split"
"7405-4",0,1,0,0,1,31,0,1476995374721,"true",1,0,"far"
"7405-4",1,0,0,0,2,30,0,1476995356417,"true",1,0,"split"
"7405-4",0,0,0,1,0,37,0,1476995461038,"true",1,0,"split"
"7405-4",1,0,1,0,2,36,0,1476995454462,"true",0,1,"split"
"7405-4",0,1,0,0,1,35,0,1476995446922,"true",1,0,"split"
"7405-4",1,0,1,0,2,34,0,1476995439186,"false",0,1,"close"
"7405-4",0,0,0,1,0,33,0,1476995418311,"true",1,0,"far"
"7405-4",1,0,2,0,2,32,1,1476995408845,"true",0,0,"close"
"7405-4",1,0,0,0,2,50,0,1476995675630,"true",1,0,"close"
