"gameid","sClicked_2","sClicked_1","lClickedIndex","sClicked_0","sClickedIndex","roundNum","lClicked_2","time","outcome","lClicked_0","lClicked_1","condition"
"7412-4",0,0,2,1,0,42,1,1476991161910,"true",0,0,"far"
"7412-4",0,1,1,0,1,48,0,1476991266883,"true",0,1,"split"
"7412-4",0,1,0,0,1,43,0,1476991171729,"true",1,0,"split"
"7412-4",0,0,1,1,0,49,0,1476991277457,"true",0,1,"close"
"7412-4",1,0,1,0,2,24,0,1476990820028,"true",0,1,"far"
"7412-4",0,0,2,1,0,25,1,1476990834083,"true",0,0,"close"
"7412-4",0,0,1,1,0,26,0,1476990860329,"true",0,1,"split"
"7412-4",1,0,2,0,2,27,1,1476990875102,"true",0,0,"far"
"7412-4",0,0,0,1,0,20,0,1476990766914,"true",1,0,"far"
"7412-4",0,1,2,0,1,21,1,1476990775602,"true",0,0,"split"
"7412-4",0,1,1,0,1,22,0,1476990802493,"true",0,1,"close"
"7412-4",0,0,1,1,0,23,0,1476990812870,"true",0,1,"far"
"7412-4",0,0,2,1,0,46,1,1476991224957,"true",0,0,"close"
"7412-4",1,0,0,0,2,47,0,1476991242013,"true",1,0,"close"
"7412-4",0,0,1,1,0,44,0,1476991179778,"true",0,1,"split"
"7412-4",0,1,2,0,1,45,1,1476991187025,"true",0,0,"far"
"7412-4",0,1,1,0,1,28,0,1476990902964,"false",0,1,"close"
"7412-4",0,0,1,1,0,29,0,1476990923678,"true",0,1,"far"
"7412-4",0,1,1,0,1,40,0,1476991141678,"true",0,1,"split"
"7412-4",0,1,1,0,1,41,0,1476991151804,"true",0,1,"split"
"7412-4",1,0,0,0,2,1,0,1476990486652,"true",1,0,"close"
"7412-4",1,0,0,0,2,3,0,1476990518765,"true",1,0,"split"
"7412-4",0,0,1,1,0,2,0,1476990500794,"true",0,1,"split"
"7412-4",0,1,2,0,1,5,1,1476990542887,"true",0,0,"close"
"7412-4",0,0,2,1,0,4,1,1476990533511,"true",0,0,"split"
"7412-4",0,0,0,1,0,7,0,1476990572671,"true",1,0,"split"
"7412-4",1,0,2,0,2,6,1,1476990555207,"true",0,0,"far"
"7412-4",0,0,2,1,0,9,1,1476990592006,"true",0,0,"far"
"7412-4",1,0,2,0,2,8,1,1476990582426,"true",0,0,"split"
"7412-4",1,0,1,0,2,39,0,1476991126158,"true",0,1,"close"
"7412-4",0,1,2,0,1,38,1,1476991085035,"true",0,0,"close"
"7412-4",1,0,0,0,2,11,0,1476990626434,"true",1,0,"split"
"7412-4",1,0,2,0,2,10,1,1476990600803,"true",0,0,"far"
"7412-4",0,0,0,1,0,13,0,1476990685162,"true",1,0,"far"
"7412-4",0,1,1,0,1,12,0,1476990667928,"true",0,1,"close"
"7412-4",0,1,1,0,1,15,0,1476990715967,"true",0,1,"split"
"7412-4",0,1,2,0,1,14,1,1476990701465,"true",0,0,"close"
"7412-4",0,0,0,1,0,17,0,1476990734957,"true",1,0,"far"
"7412-4",0,0,1,1,0,16,0,1476990727052,"true",0,1,"far"
"7412-4",0,1,1,0,1,19,0,1476990756530,"true",0,1,"far"
"7412-4",0,1,0,0,1,18,0,1476990749089,"true",1,0,"far"
"7412-4",0,0,1,1,0,31,0,1476990942798,"true",0,1,"split"
"7412-4",0,1,0,0,1,30,0,1476990933579,"true",1,0,"far"
"7412-4",0,0,2,1,0,37,1,1476991070011,"true",0,0,"split"
"7412-4",0,1,2,0,1,36,1,1476991054309,"true",0,0,"close"
"7412-4",1,0,1,0,2,35,0,1476991033107,"true",0,1,"split"
"7412-4",1,0,1,0,2,34,0,1476991023757,"true",0,1,"close"
"7412-4",0,1,0,0,1,33,0,1476991009080,"true",1,0,"close"
"7412-4",0,1,2,0,1,32,1,1476990980012,"true",0,0,"close"
"7412-4",0,1,2,0,1,50,1,1476991299298,"true",0,0,"far"
