"gameid","sClicked_2","sClicked_1","lClickedIndex","sClicked_0","sClickedIndex","roundNum","lClicked_2","time","outcome","lClicked_0","lClicked_1","condition"
"7417-5",0,0,1,1,0,42,0,1476990184340,"true",0,1,"split"
"7417-5",0,1,2,0,1,48,1,1476990261487,"true",0,0,"split"
"7417-5",0,0,0,1,0,43,0,1476990193812,"true",1,0,"close"
"7417-5",0,1,2,0,1,49,1,1476990281463,"true",0,0,"close"
"7417-5",1,0,0,0,2,24,0,1476989963092,"true",1,0,"close"
"7417-5",0,0,0,1,0,25,0,1476989979882,"false",1,0,"split"
"7417-5",1,0,0,0,2,26,0,1476989991418,"true",1,0,"split"
"7417-5",1,0,1,0,2,27,0,1476990000898,"true",0,1,"split"
"7417-5",0,0,1,1,0,20,0,1476989913293,"true",0,1,"far"
"7417-5",0,0,1,1,0,21,0,1476989920653,"true",0,1,"split"
"7417-5",0,1,1,0,1,22,0,1476989927787,"true",0,1,"far"
"7417-5",1,0,0,0,2,23,0,1476989953869,"true",1,0,"split"
"7417-5",0,0,2,1,0,46,1,1476990228043,"true",0,0,"far"
"7417-5",1,0,0,0,2,47,0,1476990247987,"true",1,0,"close"
"7417-5",0,0,2,1,0,44,1,1476990213407,"true",0,0,"far"
"7417-5",0,0,2,1,0,45,1,1476990220437,"true",0,0,"close"
"7417-5",0,1,1,0,1,28,0,1476990015180,"true",0,1,"far"
"7417-5",0,0,1,1,0,29,0,1476990025339,"true",0,1,"split"
"7417-5",0,0,0,1,0,40,0,1476990156750,"true",1,0,"close"
"7417-5",0,1,1,0,1,41,0,1476990165024,"true",0,1,"far"
"7417-5",1,0,0,0,2,1,0,1476989654238,"true",1,0,"split"
"7417-5",0,1,2,0,1,3,1,1476989680930,"true",0,0,"far"
"7417-5",1,0,1,0,2,2,0,1476989668594,"true",0,1,"far"
"7417-5",1,0,1,0,2,5,0,1476989705317,"true",0,1,"far"
"7417-5",1,0,2,0,2,4,1,1476989693399,"false",0,0,"close"
"7417-5",1,0,2,0,2,7,1,1476989726457,"true",0,0,"split"
"7417-5",1,0,1,0,2,6,0,1476989716733,"true",0,1,"far"
"7417-5",0,0,2,1,0,9,1,1476989754826,"true",0,0,"split"
"7417-5",0,0,1,1,0,8,0,1476989738721,"true",0,1,"close"
"7417-5",1,0,1,0,2,39,0,1476990147222,"true",0,1,"far"
"7417-5",0,1,1,0,1,38,0,1476990137936,"true",0,1,"split"
"7417-5",1,0,2,0,2,11,1,1476989794178,"false",0,0,"split"
"7417-5",0,0,0,1,0,10,0,1476989770629,"true",1,0,"close"
"7417-5",1,0,0,0,2,13,0,1476989820256,"false",1,0,"close"
"7417-5",0,1,0,0,1,12,0,1476989803026,"true",1,0,"close"
"7417-5",0,0,1,1,0,15,0,1476989834317,"true",0,1,"far"
"7417-5",0,1,0,0,1,14,0,1476989826914,"true",1,0,"far"
"7417-5",1,0,1,0,2,17,0,1476989856890,"true",0,1,"split"
"7417-5",0,0,0,1,0,16,0,1476989843502,"true",1,0,"split"
"7417-5",0,0,0,1,0,19,0,1476989903071,"true",1,0,"close"
"7417-5",0,1,2,0,1,18,1,1476989874880,"true",0,0,"close"
"7417-5",0,1,0,0,1,31,0,1476990054727,"true",1,0,"split"
"7417-5",0,0,2,1,0,30,1,1476990046647,"true",0,0,"close"
"7417-5",1,0,1,0,2,37,0,1476990128797,"true",0,1,"far"
"7417-5",0,0,0,1,0,36,0,1476990113139,"true",1,0,"far"
"7417-5",1,0,0,0,2,35,0,1476990104022,"true",1,0,"far"
"7417-5",0,1,1,0,1,34,0,1476990091739,"true",0,1,"close"
"7417-5",0,0,2,1,0,33,1,1476990077489,"true",0,0,"split"
"7417-5",0,1,2,0,1,32,1,1476990067068,"true",0,0,"close"
"7417-5",0,0,2,1,0,50,1,1476990292446,"true",0,0,"far"
