"gameid","sClicked_2","sClicked_1","lClickedIndex","sClicked_0","sClickedIndex","roundNum","lClicked_2","time","outcome","lClicked_0","lClicked_1","condition"
"7435-7",0,0,0,1,0,42,0,1476500902677,"true",1,0,"split"
"7435-7",1,0,0,0,2,48,0,1476500985349,"true",1,0,"close"
"7435-7",0,1,1,0,1,43,0,1476500916153,"true",0,1,"close"
"7435-7",0,1,0,0,1,49,0,1476500993384,"true",1,0,"close"
"7435-7",0,0,0,1,0,24,0,1476500628236,"true",1,0,"close"
"7435-7",0,0,0,1,0,25,0,1476500638799,"true",1,0,"close"
"7435-7",0,0,1,1,0,26,0,1476500659577,"true",0,1,"split"
"7435-7",0,0,2,1,0,27,1,1476500675055,"true",0,0,"far"
"7435-7",1,0,0,0,2,20,0,1476500552511,"true",1,0,"split"
"7435-7",0,0,2,1,0,21,1,1476500565859,"true",0,0,"far"
"7435-7",0,0,1,1,0,22,0,1476500585349,"true",0,1,"split"
"7435-7",0,1,1,0,1,23,0,1476500594645,"true",0,1,"far"
"7435-7",0,0,2,1,0,46,1,1476500965461,"true",0,0,"close"
"7435-7",0,1,0,0,1,47,0,1476500973446,"true",1,0,"far"
"7435-7",0,0,2,1,0,44,1,1476500929852,"true",0,0,"split"
"7435-7",1,0,1,0,2,45,0,1476500939621,"false",0,1,"far"
"7435-7",1,0,2,0,2,28,1,1476500692780,"true",0,0,"close"
"7435-7",0,0,2,1,0,29,1,1476500721039,"true",0,0,"split"
"7435-7",1,0,1,0,2,40,0,1476500861887,"true",0,1,"far"
"7435-7",0,1,1,0,1,41,0,1476500888969,"true",0,1,"close"
"7435-7",0,0,1,1,0,1,0,1476500253733,"false",0,1,"close"
"7435-7",0,1,2,0,1,3,1,1476500278917,"true",0,0,"split"
"7435-7",0,0,0,1,0,2,0,1476500268706,"true",1,0,"close"
"7435-7",0,1,0,0,1,5,0,1476500308879,"true",1,0,"close"
"7435-7",1,0,0,0,2,4,0,1476500289842,"true",1,0,"close"
"7435-7",0,0,0,1,0,7,0,1476500358930,"true",1,0,"far"
"7435-7",0,0,2,1,0,6,1,1476500322485,"true",0,0,"split"
"7435-7",1,0,1,0,2,9,0,1476500393778,"true",0,1,"close"
"7435-7",0,0,2,1,0,8,1,1476500377221,"true",0,0,"close"
"7435-7",0,1,2,0,1,39,1,1476500851023,"true",0,0,"far"
"7435-7",0,0,1,1,0,38,0,1476500835625,"true",0,1,"split"
"7435-7",0,0,2,1,0,11,1,1476500414773,"true",0,0,"far"
"7435-7",1,0,1,0,2,10,0,1476500402994,"true",0,1,"split"
"7435-7",1,0,1,0,2,13,0,1476500440582,"true",0,1,"close"
"7435-7",1,0,2,0,2,12,1,1476500429292,"true",0,0,"close"
"7435-7",0,1,0,0,1,15,0,1476500462751,"true",1,0,"far"
"7435-7",1,0,1,0,2,14,0,1476500453379,"true",0,1,"far"
"7435-7",0,1,2,0,1,17,1,1476500501576,"true",0,0,"split"
"7435-7",1,0,0,0,2,16,0,1476500477075,"true",1,0,"split"
"7435-7",0,1,2,0,1,19,1,1476500537106,"true",0,0,"close"
"7435-7",0,0,0,1,0,18,0,1476500518863,"true",1,0,"split"
"7435-7",0,0,0,1,0,31,0,1476500745922,"true",1,0,"far"
"7435-7",0,1,2,0,1,30,1,1476500737144,"true",0,0,"split"
"7435-7",0,0,0,1,0,37,0,1476500825586,"true",1,0,"far"
"7435-7",0,1,1,0,1,36,0,1476500803560,"true",0,1,"split"
"7435-7",0,0,1,1,0,35,0,1476500788975,"true",0,1,"split"
"7435-7",0,0,1,1,0,34,0,1476500780038,"false",0,1,"split"
"7435-7",0,0,2,1,0,33,1,1476500766002,"true",0,0,"far"
"7435-7",0,0,0,1,0,32,0,1476500756668,"true",1,0,"far"
"7435-7",0,1,0,0,1,50,0,1476501004869,"true",1,0,"far"
