"gameid","sClicked_2","sClicked_1","lClickedIndex","sClicked_0","sClickedIndex","roundNum","lClicked_2","time","outcome","lClicked_0","lClicked_1","condition"
"7449-9",0,1,0,0,1,42,0,1476486242194,"true",1,0,"far"
"7449-9",1,0,1,0,2,48,0,1476486334752,"true",0,1,"close"
"7449-9",1,0,0,0,2,43,0,1476486254392,"true",1,0,"close"
"7449-9",1,0,2,0,2,49,1,1476486349866,"true",0,0,"split"
"7449-9",1,0,0,0,2,24,0,1476486014984,"true",1,0,"split"
"7449-9",0,0,0,1,0,25,0,1476486032664,"true",1,0,"close"
"7449-9",1,0,1,0,2,26,0,1476486058800,"true",0,1,"close"
"7449-9",0,0,1,1,0,27,0,1476486077409,"false",0,1,"close"
"7449-9",1,0,1,0,2,20,0,1476485964608,"true",0,1,"split"
"7449-9",0,0,0,1,0,21,0,1476485971440,"true",1,0,"far"
"7449-9",0,1,1,0,1,22,0,1476485977937,"true",0,1,"far"
"7449-9",0,0,2,1,0,23,1,1476486003432,"false",0,0,"close"
"7449-9",0,0,0,1,0,46,0,1476486298914,"true",1,0,"split"
"7449-9",1,0,0,0,2,47,0,1476486318859,"true",1,0,"close"
"7449-9",1,0,1,0,2,44,0,1476486273618,"false",0,1,"far"
"7449-9",0,1,0,0,1,45,0,1476486282552,"true",1,0,"split"
"7449-9",1,0,0,0,2,28,0,1476486091057,"true",1,0,"split"
"7449-9",0,0,2,1,0,29,1,1476486105299,"true",0,0,"split"
"7449-9",0,0,1,1,0,40,0,1476486228245,"true",0,1,"far"
"7449-9",0,0,1,1,0,41,0,1476486234893,"true",0,1,"close"
"7449-9",0,1,1,0,1,1,0,1476485772765,"true",0,1,"far"
"7449-9",0,0,2,1,0,3,1,1476485794968,"true",0,0,"close"
"7449-9",0,0,0,1,0,2,0,1476485784113,"true",1,0,"far"
"7449-9",0,1,1,0,1,5,0,1476485809992,"true",0,1,"far"
"7449-9",1,0,2,0,2,4,1,1476485802614,"true",0,0,"split"
"7449-9",1,0,2,0,2,7,1,1476485832735,"true",0,0,"split"
"7449-9",1,0,0,0,2,6,0,1476485824039,"true",1,0,"split"
"7449-9",0,1,2,0,1,9,1,1476485854039,"true",0,0,"split"
"7449-9",1,0,1,0,2,8,0,1476485842663,"false",0,1,"close"
"7449-9",0,0,1,1,0,39,0,1476486218684,"false",0,1,"close"
"7449-9",1,0,0,0,2,38,0,1476486207647,"false",1,0,"close"
"7449-9",1,0,2,0,2,11,1,1476485873855,"true",0,0,"far"
"7449-9",0,0,0,1,0,10,0,1476485864809,"true",1,0,"far"
"7449-9",0,0,2,1,0,13,1,1476485892983,"true",0,0,"far"
"7449-9",0,0,0,1,0,12,0,1476485883247,"true",1,0,"close"
"7449-9",0,0,0,1,0,15,0,1476485911271,"true",1,0,"split"
"7449-9",0,0,0,1,0,14,0,1476485901872,"true",1,0,"split"
"7449-9",0,0,0,1,0,17,0,1476485937736,"false",1,0,"split"
"7449-9",0,0,2,1,0,16,1,1476485921431,"true",0,0,"close"
"7449-9",0,0,0,1,0,19,0,1476485956445,"true",1,0,"close"
"7449-9",0,1,1,0,1,18,0,1476485948843,"true",0,1,"split"
"7449-9",0,0,2,1,0,31,1,1476486137243,"true",0,0,"close"
"7449-9",0,0,0,1,0,30,0,1476486126035,"true",1,0,"far"
"7449-9",0,1,1,0,1,37,0,1476486188826,"true",0,1,"far"
"7449-9",1,0,1,0,2,36,0,1476486180475,"true",0,1,"far"
"7449-9",1,0,2,0,2,35,1,1476486173712,"true",0,0,"split"
"7449-9",0,1,1,0,1,34,0,1476486163321,"false",0,1,"close"
"7449-9",0,1,0,0,1,33,0,1476486151993,"true",1,0,"far"
"7449-9",1,0,0,0,2,32,0,1476486144441,"true",1,0,"far"
"7449-9",0,0,2,1,0,50,1,1476486357841,"true",0,0,"far"
