"gameid","sClicked_2","sClicked_1","lClickedIndex","sClicked_0","sClickedIndex","roundNum","lClicked_2","time","outcome","lClicked_0","lClicked_1","condition"
"7455-a",1,0,0,0,2,42,0,1476995053685,"true",1,0,"split"
"7455-a",1,0,0,0,2,48,0,1476995102013,"true",1,0,"far"
"7455-a",0,0,2,1,0,43,1,1476995061918,"true",0,0,"close"
"7455-a",0,0,2,1,0,49,1,1476995109897,"true",0,0,"split"
"7455-a",0,1,2,0,1,24,1,1476994909008,"false",0,0,"split"
"7455-a",0,1,1,0,1,25,0,1476994916097,"true",0,1,"split"
"7455-a",0,1,0,0,1,26,0,1476994922644,"true",1,0,"far"
"7455-a",0,1,1,0,1,27,0,1476994929445,"true",0,1,"close"
"7455-a",0,1,1,0,1,20,0,1476994873971,"true",0,1,"split"
"7455-a",0,0,0,1,0,21,0,1476994882696,"true",1,0,"split"
"7455-a",0,1,1,0,1,22,0,1476994891092,"true",0,1,"close"
"7455-a",1,0,2,0,2,23,1,1476994899813,"true",0,0,"far"
"7455-a",1,0,1,0,2,46,0,1476995086819,"false",0,1,"split"
"7455-a",0,1,1,0,1,47,0,1476995095008,"true",0,1,"split"
"7455-a",0,1,0,0,1,44,0,1476995070758,"false",1,0,"split"
"7455-a",0,1,0,0,1,45,0,1476995077321,"true",1,0,"far"
"7455-a",0,0,0,1,0,28,0,1476994941783,"true",1,0,"close"
"7455-a",0,1,0,0,1,29,0,1476994951674,"true",1,0,"split"
"7455-a",0,0,0,1,0,40,0,1476995038183,"true",1,0,"close"
"7455-a",1,0,1,0,2,41,0,1476995044918,"true",0,1,"close"
"7455-a",1,0,0,0,2,1,0,1476994676956,"true",1,0,"close"
"7455-a",0,1,0,0,1,3,0,1476994706365,"true",1,0,"far"
"7455-a",0,1,0,0,1,2,0,1476994696768,"true",1,0,"close"
"7455-a",0,1,0,0,1,5,0,1476994736385,"true",1,0,"split"
"7455-a",1,0,0,0,2,4,0,1476994725347,"false",1,0,"split"
"7455-a",1,0,1,0,2,7,0,1476994753220,"true",0,1,"split"
"7455-a",0,1,2,0,1,6,1,1476994743984,"true",0,0,"far"
"7455-a",1,0,2,0,2,9,1,1476994768458,"true",0,0,"far"
"7455-a",0,0,1,1,0,8,0,1476994760022,"true",0,1,"far"
"7455-a",0,0,1,1,0,39,0,1476995029478,"true",0,1,"far"
"7455-a",1,0,1,0,2,38,0,1476995022569,"true",0,1,"close"
"7455-a",0,0,0,1,0,11,0,1476994787381,"true",1,0,"far"
"7455-a",0,1,1,0,1,10,0,1476994779382,"true",0,1,"far"
"7455-a",1,0,2,0,2,13,1,1476994807658,"false",0,0,"close"
"7455-a",0,0,1,1,0,12,0,1476994794393,"true",0,1,"far"
"7455-a",0,1,0,0,1,15,0,1476994829883,"true",1,0,"close"
"7455-a",1,0,2,0,2,14,1,1476994815234,"true",0,0,"far"
"7455-a",0,1,0,0,1,17,0,1476994850849,"true",1,0,"close"
"7455-a",1,0,2,0,2,16,1,1476994839378,"true",0,0,"close"
"7455-a",1,0,2,0,2,19,1,1476994867184,"true",0,0,"far"
"7455-a",1,0,1,0,2,18,0,1476994860741,"true",0,1,"split"
"7455-a",0,0,2,1,0,31,1,1476994967388,"true",0,0,"far"
"7455-a",1,0,2,0,2,30,1,1476994960294,"true",0,0,"close"
"7455-a",1,0,0,0,2,37,0,1476995013578,"true",1,0,"close"
"7455-a",0,1,2,0,1,36,1,1476995006725,"true",0,0,"close"
"7455-a",1,0,1,0,2,35,0,1476994999607,"true",0,1,"close"
"7455-a",0,0,0,1,0,34,0,1476994989810,"true",1,0,"far"
"7455-a",0,1,1,0,1,33,0,1476994983429,"true",0,1,"split"
"7455-a",0,0,0,1,0,32,0,1476994976526,"false",1,0,"split"
"7455-a",1,0,2,0,2,50,1,1476995118237,"true",0,0,"split"
