"gameid","sClicked_2","sClicked_1","lClickedIndex","sClicked_0","sClickedIndex","roundNum","lClicked_2","time","outcome","lClicked_0","lClicked_1","condition"
"7469-3",0,0,0,1,0,42,0,1459894015857,"true",1,0,"far"
"7469-3",1,0,0,0,2,48,0,1459894170088,"true",1,0,"far"
"7469-3",0,1,0,0,1,43,0,1459894031833,"true",1,0,"split"
"7469-3",1,0,1,0,2,49,0,1459894193635,"true",0,1,"split"
"7469-3",1,0,0,0,2,24,0,1459893307735,"true",1,0,"split"
"7469-3",0,0,0,1,0,25,0,1459893342491,"true",1,0,"close"
"7469-3",0,1,1,0,1,26,0,1459893371929,"true",0,1,"split"
"7469-3",1,0,1,0,2,27,0,1459893432058,"true",0,1,"close"
"7469-3",0,0,1,1,0,20,0,1459893203434,"true",0,1,"split"
"7469-3",1,0,0,0,2,21,0,1459893223489,"true",1,0,"close"
"7469-3",0,1,2,0,1,22,1,1459893252578,"true",0,0,"close"
"7469-3",1,0,0,0,2,23,0,1459893280107,"true",1,0,"close"
"7469-3",1,0,2,0,2,46,1,1459894118023,"true",0,0,"close"
"7469-3",0,0,0,1,0,47,0,1459894145033,"true",1,0,"far"
"7469-3",0,1,2,0,1,44,1,1459894044848,"true",0,0,"far"
"7469-3",0,0,0,1,0,45,0,1459894079454,"true",1,0,"close"
"7469-3",1,0,2,0,2,28,1,1459893467752,"true",0,0,"split"
"7469-3",0,1,0,0,1,29,0,1459893491069,"true",1,0,"close"
"7469-3",0,0,1,1,0,40,0,1459893972134,"false",0,1,"split"
"7469-3",1,0,2,0,2,41,1,1459894006006,"true",0,0,"split"
"7469-3",0,0,1,1,0,1,0,1459892862647,"true",0,1,"far"
"7469-3",1,0,0,0,2,3,0,1459892881877,"true",1,0,"far"
"7469-3",1,0,2,0,2,2,1,1459892872814,"true",0,0,"far"
"7469-3",0,1,0,0,1,5,0,1459892920007,"true",1,0,"close"
"7469-3",1,0,2,0,2,4,1,1459892902498,"true",0,0,"far"
"7469-3",0,0,1,1,0,7,0,1459892946022,"true",0,1,"close"
"7469-3",0,0,2,1,0,6,1,1459892931254,"true",0,0,"split"
"7469-3",1,0,0,0,2,9,0,1459892969892,"true",1,0,"close"
"7469-3",0,1,0,0,1,8,0,1459892957084,"true",1,0,"split"
"7469-3",0,0,1,1,0,39,0,1459893958762,"true",0,1,"far"
"7469-3",1,0,2,0,2,38,1,1459893899302,"true",0,0,"close"
"7469-3",0,0,2,1,0,11,1,1459893041498,"false",0,0,"split"
"7469-3",1,0,0,0,2,10,0,1459892979044,"true",1,0,"split"
"7469-3",1,0,2,0,2,13,1,1459893066735,"true",0,0,"close"
"7469-3",0,0,1,1,0,12,0,1459893050892,"true",0,1,"far"
"7469-3",0,1,0,0,1,15,0,1459893090128,"true",1,0,"split"
"7469-3",1,0,2,0,2,14,1,1459893081185,"true",0,0,"split"
"7469-3",1,0,0,0,2,17,0,1459893136166,"true",1,0,"far"
"7469-3",0,0,1,1,0,16,0,1459893099758,"true",0,1,"far"
"7469-3",0,1,1,0,1,19,0,1459893180776,"true",0,1,"far"
"7469-3",0,1,0,0,1,18,0,1459893171626,"false",1,0,"close"
"7469-3",0,1,2,0,1,31,1,1459893623035,"true",0,0,"close"
"7469-3",1,0,1,0,2,30,0,1459893511349,"false",0,1,"split"
"7469-3",1,0,1,0,2,37,0,1459893863065,"true",0,1,"split"
"7469-3",0,1,1,0,1,36,0,1459893849581,"true",0,1,"far"
"7469-3",0,1,0,0,1,35,0,1459893838916,"true",1,0,"close"
"7469-3",0,0,1,1,0,34,0,1459893765494,"true",0,1,"close"
"7469-3",1,0,2,0,2,33,1,1459893741850,"false",0,0,"far"
"7469-3",1,0,1,0,2,32,0,1459893682116,"true",0,1,"split"
"7469-3",1,0,2,0,2,50,1,1459894247675,"true",0,0,"far"
