"gameid","sClicked_2","sClicked_1","lClickedIndex","sClicked_0","sClickedIndex","roundNum","lClicked_2","time","outcome","lClicked_0","lClicked_1","condition"
"7473-b",0,0,2,1,0,42,1,1476494117947,"true",0,0,"split"
"7473-b",0,0,0,1,0,48,0,1476494202691,"true",1,0,"far"
"7473-b",0,1,2,0,1,43,1,1476494143962,"false",0,0,"close"
"7473-b",0,1,2,0,1,49,1,1476494227937,"true",0,0,"split"
"7473-b",0,1,0,0,1,24,0,1476493805469,"false",1,0,"close"
"7473-b",0,0,2,1,0,25,1,1476493819875,"true",0,0,"split"
"7473-b",1,0,1,0,2,26,0,1476493833891,"true",0,1,"far"
"7473-b",0,0,1,1,0,27,0,1476493844884,"true",0,1,"close"
"7473-b",0,0,2,1,0,20,1,1476493754115,"true",0,0,"split"
"7473-b",0,1,2,0,1,21,1,1476493765613,"true",0,0,"close"
"7473-b",0,0,2,1,0,22,1,1476493782909,"true",0,0,"close"
"7473-b",1,0,0,0,2,23,0,1476493790094,"true",1,0,"far"
"7473-b",0,0,2,1,0,46,1,1476494180778,"true",0,0,"far"
"7473-b",0,0,0,1,0,47,0,1476494190001,"true",1,0,"far"
"7473-b",1,0,2,0,2,44,1,1476494163643,"true",0,0,"split"
"7473-b",0,1,2,0,1,45,1,1476494173755,"true",0,0,"close"
"7473-b",1,0,1,0,2,28,0,1476493855486,"true",0,1,"split"
"7473-b",0,1,2,0,1,29,1,1476493863603,"true",0,0,"split"
"7473-b",1,0,1,0,2,40,0,1476494082723,"true",0,1,"close"
"7473-b",0,1,2,0,1,41,1,1476494100738,"true",0,0,"close"
"7473-b",0,1,1,0,1,1,0,1476493438527,"true",0,1,"close"
"7473-b",0,1,0,0,1,3,0,1476493459078,"true",1,0,"close"
"7473-b",0,1,1,0,1,2,0,1476493445446,"true",0,1,"far"
"7473-b",0,0,2,1,0,5,1,1476493486702,"true",0,0,"close"
"7473-b",0,0,0,1,0,4,0,1476493470918,"true",1,0,"split"
"7473-b",1,0,1,0,2,7,0,1476493501293,"true",0,1,"far"
"7473-b",1,0,0,0,2,6,0,1476493494117,"true",1,0,"far"
"7473-b",0,0,1,1,0,9,0,1476493528366,"true",0,1,"close"
"7473-b",0,0,0,1,0,8,0,1476493514082,"true",1,0,"split"
"7473-b",1,0,2,0,2,39,1,1476494040099,"true",0,0,"far"
"7473-b",0,1,0,0,1,38,0,1476494028980,"true",1,0,"far"
"7473-b",0,1,2,0,1,11,1,1476493554588,"true",0,0,"close"
"7473-b",1,0,0,0,2,10,0,1476493546879,"true",1,0,"close"
"7473-b",0,0,1,1,0,13,0,1476493589285,"true",0,1,"split"
"7473-b",0,0,1,1,0,12,0,1476493564379,"true",0,1,"split"
"7473-b",0,1,2,0,1,15,1,1476493648484,"true",0,0,"far"
"7473-b",0,1,1,0,1,14,0,1476493631085,"true",0,1,"close"
"7473-b",0,0,0,1,0,17,0,1476493699372,"true",1,0,"split"
"7473-b",1,0,0,0,2,16,0,1476493658091,"true",1,0,"close"
"7473-b",0,1,1,0,1,19,0,1476493725748,"true",0,1,"far"
"7473-b",0,0,2,1,0,18,1,1476493714782,"true",0,0,"split"
"7473-b",1,0,0,0,2,31,0,1476493900643,"true",1,0,"far"
"7473-b",0,0,2,1,0,30,1,1476493878483,"true",0,0,"split"
"7473-b",0,0,0,1,0,37,0,1476494006866,"true",1,0,"far"
"7473-b",0,0,1,1,0,36,0,1476493988796,"true",0,1,"far"
"7473-b",0,1,1,0,1,35,0,1476493976906,"true",0,1,"split"
"7473-b",0,1,0,0,1,34,0,1476493953476,"true",1,0,"split"
"7473-b",0,0,0,1,0,33,0,1476493937774,"true",1,0,"far"
"7473-b",1,0,0,0,2,32,0,1476493916517,"true",1,0,"close"
"7473-b",0,1,0,0,1,50,0,1476494238898,"true",1,0,"far"
