"gameid","sClicked_2","sClicked_1","lClickedIndex","sClicked_0","sClickedIndex","roundNum","lClicked_2","time","outcome","lClicked_0","lClicked_1","condition"
"7480-8",0,1,2,0,1,42,1,1476994165145,"true",0,0,"close"
"7480-8",0,0,1,1,0,48,0,1476994406284,"false",0,1,"split"
"7480-8",0,1,2,0,1,43,1,1476994186820,"true",0,0,"split"
"7480-8",0,1,2,0,1,49,1,1476994426362,"true",0,0,"close"
"7480-8",1,0,1,0,2,24,0,1476993619883,"true",0,1,"far"
"7480-8",1,0,0,0,2,25,0,1476993634618,"true",1,0,"far"
"7480-8",0,0,2,1,0,26,1,1476993653458,"true",0,0,"split"
"7480-8",0,0,0,1,0,27,0,1476993666828,"true",1,0,"far"
"7480-8",0,1,2,0,1,20,1,1476993552929,"true",0,0,"split"
"7480-8",0,0,1,1,0,21,0,1476993574594,"true",0,1,"split"
"7480-8",0,1,1,0,1,22,0,1476993600536,"true",0,1,"split"
"7480-8",0,1,1,0,1,23,0,1476993609867,"true",0,1,"far"
"7480-8",0,1,2,0,1,46,1,1476994291010,"true",0,0,"close"
"7480-8",0,0,0,1,0,47,0,1476994328375,"true",1,0,"close"
"7480-8",0,0,2,1,0,44,1,1476994211320,"true",0,0,"close"
"7480-8",0,1,1,0,1,45,0,1476994270240,"true",0,1,"close"
"7480-8",1,0,2,0,2,28,1,1476993761895,"true",0,0,"split"
"7480-8",1,0,1,0,2,29,0,1476993831884,"true",0,1,"split"
"7480-8",1,0,2,0,2,40,1,1476994117355,"true",0,0,"split"
"7480-8",0,0,0,1,0,41,0,1476994125483,"true",1,0,"far"
"7480-8",0,1,2,0,1,1,1,1476993039161,"true",0,0,"far"
"7480-8",1,0,2,0,2,3,1,1476993162520,"true",0,0,"close"
"7480-8",1,0,0,0,2,2,0,1476993047700,"true",1,0,"split"
"7480-8",1,0,1,0,2,5,0,1476993189060,"true",0,1,"close"
"7480-8",0,1,2,0,1,4,1,1476993178450,"false",0,0,"split"
"7480-8",0,0,1,1,0,7,0,1476993207136,"true",0,1,"split"
"7480-8",0,0,1,1,0,6,0,1476993196326,"true",0,1,"far"
"7480-8",0,1,1,0,1,9,0,1476993232341,"true",0,1,"far"
"7480-8",0,1,2,0,1,8,1,1476993220472,"true",0,0,"split"
"7480-8",0,1,2,0,1,39,1,1476994077240,"true",0,0,"close"
"7480-8",0,0,0,1,0,38,0,1476994057704,"true",1,0,"far"
"7480-8",0,1,2,0,1,11,1,1476993276728,"false",0,0,"far"
"7480-8",0,1,0,0,1,10,0,1476993258016,"false",1,0,"split"
"7480-8",0,1,0,0,1,13,0,1476993342172,"true",1,0,"close"
"7480-8",1,0,1,0,2,12,0,1476993284180,"true",0,1,"close"
"7480-8",1,0,2,0,2,15,1,1476993380870,"true",0,0,"far"
"7480-8",1,0,0,0,2,14,0,1476993366720,"true",1,0,"split"
"7480-8",0,0,2,1,0,17,1,1476993441430,"true",0,0,"far"
"7480-8",1,0,2,0,2,16,1,1476993433243,"true",0,0,"close"
"7480-8",0,0,0,1,0,19,0,1476993534623,"true",1,0,"close"
"7480-8",0,1,2,0,1,18,1,1476993502661,"true",0,0,"close"
"7480-8",0,0,0,1,0,31,0,1476993879718,"true",1,0,"far"
"7480-8",0,1,2,0,1,30,1,1476993871685,"true",0,0,"split"
"7480-8",0,0,0,1,0,37,0,1476994050854,"true",1,0,"close"
"7480-8",0,1,2,0,1,36,1,1476993959252,"true",0,0,"far"
"7480-8",0,0,0,1,0,35,0,1476993951749,"true",1,0,"far"
"7480-8",1,0,1,0,2,34,0,1476993944026,"true",0,1,"far"
"7480-8",1,0,1,0,2,33,0,1476993935195,"true",0,1,"far"
"7480-8",1,0,0,0,2,32,0,1476993914858,"false",1,0,"split"
"7480-8",1,0,0,0,2,50,0,1476994478156,"true",1,0,"close"
