"gameid","sClicked_2","sClicked_1","lClickedIndex","sClicked_0","sClickedIndex","roundNum","lClicked_2","time","outcome","lClicked_0","lClicked_1","condition"
"7486-a",1,0,1,0,2,42,0,1476493910042,"true",0,1,"close"
"7486-a",1,0,0,0,2,48,0,1476493973839,"true",1,0,"far"
"7486-a",0,0,2,1,0,43,1,1476493933097,"true",0,0,"close"
"7486-a",0,0,1,1,0,49,0,1476493984755,"true",0,1,"far"
"7486-a",0,1,2,0,1,24,1,1476493689043,"true",0,0,"close"
"7486-a",0,1,2,0,1,25,1,1476493699804,"true",0,0,"far"
"7486-a",0,0,1,1,0,26,0,1476493718847,"true",0,1,"close"
"7486-a",0,1,0,0,1,27,0,1476493741869,"true",1,0,"split"
"7486-a",0,1,0,0,1,20,0,1476493629770,"true",1,0,"split"
"7486-a",0,1,0,0,1,21,0,1476493646240,"true",1,0,"close"
"7486-a",0,1,0,0,1,22,0,1476493658803,"true",1,0,"split"
"7486-a",0,0,2,1,0,23,1,1476493666020,"true",0,0,"far"
"7486-a",1,0,1,0,2,46,0,1476493959248,"true",0,1,"split"
"7486-a",1,0,2,0,2,47,1,1476493965920,"true",0,0,"far"
"7486-a",0,0,2,1,0,44,1,1476493942039,"true",0,0,"split"
"7486-a",0,1,0,0,1,45,0,1476493951696,"true",1,0,"close"
"7486-a",1,0,0,0,2,28,0,1476493756221,"true",1,0,"split"
"7486-a",1,0,1,0,2,29,0,1476493766912,"true",0,1,"close"
"7486-a",0,0,0,1,0,40,0,1476493885558,"true",1,0,"split"
"7486-a",0,1,1,0,1,41,0,1476493894677,"true",0,1,"split"
"7486-a",1,0,2,0,2,1,1,1476493343809,"true",0,0,"close"
"7486-a",1,0,1,0,2,3,0,1476493363250,"true",0,1,"far"
"7486-a",0,0,0,1,0,2,0,1476493352851,"true",1,0,"far"
"7486-a",0,0,1,1,0,5,0,1476493393008,"true",0,1,"split"
"7486-a",1,0,1,0,2,4,0,1476493382865,"true",0,1,"close"
"7486-a",0,1,0,0,1,7,0,1476493423651,"false",1,0,"close"
"7486-a",0,1,0,0,1,6,0,1476493407018,"true",1,0,"far"
"7486-a",0,1,1,0,1,9,0,1476493439984,"true",0,1,"far"
"7486-a",0,1,1,0,1,8,0,1476493431322,"true",0,1,"split"
"7486-a",1,0,0,0,2,39,0,1476493856393,"true",1,0,"far"
"7486-a",0,0,2,1,0,38,1,1476493847026,"true",0,0,"split"
"7486-a",0,1,2,0,1,11,1,1476493482253,"true",0,0,"split"
"7486-a",0,1,1,0,1,10,0,1476493446793,"true",0,1,"close"
"7486-a",0,1,0,0,1,13,0,1476493532650,"true",1,0,"far"
"7486-a",1,0,0,0,2,12,0,1476493523501,"true",1,0,"close"
"7486-a",1,0,0,0,2,15,0,1476493564112,"true",1,0,"far"
"7486-a",0,1,2,0,1,14,1,1476493557053,"true",0,0,"close"
"7486-a",0,1,0,0,1,17,0,1476493593801,"true",1,0,"close"
"7486-a",1,0,1,0,2,16,0,1476493583228,"true",0,1,"split"
"7486-a",1,0,0,0,2,19,0,1476493612177,"true",1,0,"far"
"7486-a",0,1,0,0,1,18,0,1476493605214,"false",1,0,"close"
"7486-a",0,1,1,0,1,31,0,1476493778906,"true",0,1,"far"
"7486-a",0,0,1,1,0,30,0,1476493772965,"true",0,1,"split"
"7486-a",1,0,0,0,2,37,0,1476493834848,"true",1,0,"far"
"7486-a",1,0,0,0,2,36,0,1476493824460,"true",1,0,"close"
"7486-a",0,1,2,0,1,35,1,1476493815312,"true",0,0,"split"
"7486-a",1,0,1,0,2,34,0,1476493804883,"true",0,1,"far"
"7486-a",0,0,1,1,0,33,0,1476493798390,"true",0,1,"close"
"7486-a",0,1,2,0,1,32,1,1476493785680,"true",0,0,"far"
"7486-a",1,0,1,0,2,50,0,1476493992201,"true",0,1,"split"
