"gameid","sClicked_2","sClicked_1","lClickedIndex","sClicked_0","sClickedIndex","roundNum","lClicked_2","time","outcome","lClicked_0","lClicked_1","condition"
"7488-3",0,1,2,0,1,42,1,1476995524665,"true",0,0,"far"
"7488-3",0,1,0,0,1,48,0,1476995592822,"true",1,0,"split"
"7488-3",0,1,0,0,1,43,0,1476995536984,"true",1,0,"split"
"7488-3",0,0,0,1,0,49,0,1476995604102,"true",1,0,"split"
"7488-3",0,0,2,1,0,24,1,1476995242083,"true",0,0,"close"
"7488-3",0,1,0,0,1,25,0,1476995274589,"true",1,0,"close"
"7488-3",0,0,1,1,0,26,0,1476995297224,"true",0,1,"split"
"7488-3",0,1,2,0,1,27,1,1476995330791,"false",0,0,"close"
"7488-3",1,0,0,0,2,20,0,1476995200068,"true",1,0,"split"
"7488-3",0,1,1,0,1,21,0,1476995208182,"true",0,1,"far"
"7488-3",0,0,0,1,0,22,0,1476995222831,"true",1,0,"close"
"7488-3",0,1,2,0,1,23,1,1476995231259,"true",0,0,"close"
"7488-3",1,0,2,0,2,46,1,1476995573817,"true",0,0,"split"
"7488-3",1,0,0,0,2,47,0,1476995583765,"true",1,0,"split"
"7488-3",0,0,2,1,0,44,1,1476995545416,"true",0,0,"far"
"7488-3",0,1,0,0,1,45,0,1476995559855,"true",1,0,"close"
"7488-3",0,1,2,0,1,28,1,1476995339838,"true",0,0,"far"
"7488-3",1,0,0,0,2,29,0,1476995349543,"true",1,0,"far"
"7488-3",0,0,1,1,0,40,0,1476995494150,"true",0,1,"far"
"7488-3",0,0,0,1,0,41,0,1476995516212,"true",1,0,"close"
"7488-3",0,0,2,1,0,1,1,1476994948916,"false",0,0,"split"
"7488-3",0,1,1,0,1,3,0,1476994969847,"true",0,1,"close"
"7488-3",1,0,0,0,2,2,0,1476994956867,"true",1,0,"far"
"7488-3",0,1,1,0,1,5,0,1476995001329,"true",0,1,"close"
"7488-3",0,0,2,1,0,4,1,1476994979171,"true",0,0,"close"
"7488-3",0,1,1,0,1,7,0,1476995035926,"true",0,1,"far"
"7488-3",0,1,0,0,1,6,0,1476995011303,"true",1,0,"far"
"7488-3",0,1,0,0,1,9,0,1476995056344,"true",1,0,"far"
"7488-3",1,0,1,0,2,8,0,1476995046462,"true",0,1,"split"
"7488-3",1,0,1,0,2,39,0,1476995483132,"true",0,1,"close"
"7488-3",0,0,0,1,0,38,0,1476995474223,"true",1,0,"close"
"7488-3",1,0,2,0,2,11,1,1476995074121,"true",0,0,"split"
"7488-3",0,0,2,1,0,10,1,1476995063983,"true",0,0,"far"
"7488-3",1,0,1,0,2,13,0,1476995107257,"true",0,1,"far"
"7488-3",0,1,0,0,1,12,0,1476995083664,"true",1,0,"split"
"7488-3",1,0,1,0,2,15,0,1476995121558,"true",0,1,"split"
"7488-3",0,1,0,0,1,14,0,1476995114548,"true",1,0,"far"
"7488-3",0,1,1,0,1,17,0,1476995150608,"true",0,1,"split"
"7488-3",0,0,0,1,0,16,0,1476995134045,"true",1,0,"close"
"7488-3",0,0,1,1,0,19,0,1476995190990,"true",0,1,"split"
"7488-3",0,0,1,1,0,18,0,1476995172409,"true",0,1,"split"
"7488-3",0,0,0,1,0,31,0,1476995381669,"true",1,0,"far"
"7488-3",0,1,2,0,1,30,1,1476995373073,"false",0,0,"split"
"7488-3",0,1,1,0,1,37,0,1476995461781,"true",0,1,"far"
"7488-3",0,0,2,1,0,36,1,1476995452104,"true",0,0,"close"
"7488-3",0,0,0,1,0,35,0,1476995438434,"true",1,0,"close"
"7488-3",0,0,1,1,0,34,0,1476995408569,"false",0,1,"close"
"7488-3",0,0,1,1,0,33,0,1476995397367,"true",0,1,"far"
"7488-3",0,0,2,1,0,32,1,1476995389431,"true",0,0,"split"
"7488-3",0,0,1,1,0,50,0,1476995627215,"true",0,1,"close"
