"gameid","sClicked_2","sClicked_1","lClickedIndex","sClicked_0","sClickedIndex","roundNum","lClicked_2","time","outcome","lClicked_0","lClicked_1","condition"
"7501-8",0,1,0,0,1,42,0,1476995000885,"true",1,0,"split"
"7501-8",0,1,2,0,1,48,1,1476995064115,"true",0,0,"close"
"7501-8",0,1,1,0,1,43,0,1476995010948,"true",0,1,"split"
"7501-8",0,0,0,1,0,49,0,1476995074819,"true",1,0,"close"
"7501-8",0,1,1,0,1,24,0,1476994814080,"true",0,1,"close"
"7501-8",1,0,1,0,2,25,0,1476994820896,"true",0,1,"far"
"7501-8",1,0,2,0,2,26,1,1476994828877,"true",0,0,"split"
"7501-8",1,0,2,0,2,27,1,1476994840173,"true",0,0,"split"
"7501-8",0,1,0,0,1,20,0,1476994766019,"true",1,0,"far"
"7501-8",0,1,0,0,1,21,0,1476994773429,"true",1,0,"far"
"7501-8",1,0,1,0,2,22,0,1476994792477,"true",0,1,"split"
"7501-8",0,0,0,1,0,23,0,1476994803069,"true",1,0,"far"
"7501-8",0,0,2,1,0,46,1,1476995043693,"true",0,0,"close"
"7501-8",0,0,2,1,0,47,1,1476995053119,"true",0,0,"far"
"7501-8",0,1,1,0,1,44,0,1476995024042,"true",0,1,"close"
"7501-8",0,1,2,0,1,45,1,1476995031402,"true",0,0,"far"
"7501-8",0,1,1,0,1,28,0,1476994851317,"false",0,1,"split"
"7501-8",1,0,1,0,2,29,0,1476994860191,"true",0,1,"far"
"7501-8",0,1,1,0,1,40,0,1476994967318,"true",0,1,"split"
"7501-8",1,0,2,0,2,41,1,1476994980594,"true",0,0,"close"
"7501-8",1,0,0,0,2,1,0,1476994552179,"false",1,0,"far"
"7501-8",0,0,0,1,0,3,0,1476994566813,"true",1,0,"far"
"7501-8",0,1,0,0,1,2,0,1476994560056,"true",1,0,"far"
"7501-8",0,0,1,1,0,5,0,1476994592943,"true",0,1,"close"
"7501-8",0,0,0,1,0,4,0,1476994581018,"true",1,0,"close"
"7501-8",1,0,0,0,2,7,0,1476994613477,"true",1,0,"split"
"7501-8",1,0,0,0,2,6,0,1476994603385,"true",1,0,"split"
"7501-8",0,1,0,0,1,9,0,1476994635906,"true",1,0,"close"
"7501-8",1,0,1,0,2,8,0,1476994626311,"true",0,1,"close"
"7501-8",0,0,0,1,0,39,0,1476994960747,"true",1,0,"far"
"7501-8",0,1,0,0,1,38,0,1476994950922,"true",1,0,"far"
"7501-8",0,0,1,1,0,11,0,1476994663506,"true",0,1,"split"
"7501-8",1,0,2,0,2,10,1,1476994649889,"true",0,0,"close"
"7501-8",0,0,0,1,0,13,0,1476994686082,"true",1,0,"split"
"7501-8",0,0,0,1,0,12,0,1476994676066,"true",1,0,"close"
"7501-8",0,1,0,0,1,15,0,1476994704343,"true",1,0,"far"
"7501-8",0,0,1,1,0,14,0,1476994695998,"true",0,1,"split"
"7501-8",0,0,0,1,0,17,0,1476994725296,"true",1,0,"close"
"7501-8",0,1,0,0,1,16,0,1476994713586,"true",1,0,"far"
"7501-8",0,0,0,1,0,19,0,1476994759250,"true",1,0,"split"
"7501-8",0,1,2,0,1,18,1,1476994742320,"true",0,0,"close"
"7501-8",0,1,1,0,1,31,0,1476994885423,"true",0,1,"split"
"7501-8",0,1,1,0,1,30,0,1476994871345,"true",0,1,"close"
"7501-8",0,0,0,1,0,37,0,1476994944116,"true",1,0,"split"
"7501-8",0,1,0,0,1,36,0,1476994935353,"true",1,0,"split"
"7501-8",0,0,0,1,0,35,0,1476994925960,"true",1,0,"split"
"7501-8",0,1,2,0,1,34,1,1476994913022,"true",0,0,"far"
"7501-8",0,0,2,1,0,33,1,1476994904193,"true",0,0,"far"
"7501-8",1,0,0,0,2,32,0,1476994894468,"true",1,0,"far"
"7501-8",1,0,2,0,2,50,1,1476995086521,"true",0,0,"close"
