"gameid","sClicked_2","sClicked_1","lClickedIndex","sClicked_0","sClickedIndex","roundNum","lClicked_2","time","outcome","lClicked_0","lClicked_1","condition"
"7502-4",1,0,1,0,2,42,0,1476994220722,"true",0,1,"split"
"7502-4",0,1,1,0,1,43,0,1476994250164,"true",0,1,"split"
"7502-4",0,1,2,0,1,49,1,1476994469478,"true",0,0,"split"
"7502-4",0,1,2,0,1,24,1,1476993278038,"true",0,0,"split"
"7502-4",0,1,0,0,1,25,0,1476993303536,"true",1,0,"far"
"7502-4",0,1,1,0,1,26,0,1476993430617,"false",0,1,"close"
"7502-4",0,1,1,0,1,27,0,1476993444244,"true",0,1,"split"
"7502-4",0,0,1,1,0,20,0,1476993045742,"true",0,1,"split"
"7502-4",0,1,1,0,1,21,0,1476993095808,"false",0,1,"split"
"7502-4",1,0,2,0,2,22,1,1476993124582,"true",0,0,"far"
"7502-4",1,0,0,0,2,23,0,1476993209784,"false",1,0,"split"
"7502-4",0,1,1,0,1,46,0,1476994361673,"true",0,1,"close"
"7502-4",1,0,1,0,2,47,0,1476994401890,"false",0,1,"split"
"7502-4",1,0,1,0,2,44,0,1476994299193,"true",0,1,"close"
"7502-4",0,0,0,1,0,45,0,1476994338130,"true",1,0,"far"
"7502-4",0,1,0,0,1,28,0,1476993461727,"true",1,0,"far"
"7502-4",0,1,1,0,1,29,0,1476993550968,"true",0,1,"close"
"7502-4",0,1,0,0,1,40,0,1476994152808,"true",1,0,"far"
"7502-4",0,0,0,1,0,41,0,1476994185547,"true",1,0,"close"
"7502-4",0,0,0,1,0,1,0,1476992376542,"true",1,0,"close"
"7502-4",0,1,2,0,1,3,1,1476992408567,"true",0,0,"split"
"7502-4",0,0,1,1,0,2,0,1476992395195,"true",0,1,"far"
"7502-4",0,0,0,1,0,5,0,1476992460823,"true",1,0,"far"
"7502-4",1,0,2,0,2,4,1,1476992442331,"false",0,0,"close"
"7502-4",1,0,2,0,2,6,1,1476992499728,"true",0,0,"close"
"7502-4",1,0,1,0,2,9,0,1476992613231,"true",0,1,"split"
"7502-4",0,1,2,0,1,8,1,1476992568408,"true",0,0,"far"
"7502-4",0,0,2,1,0,39,1,1476994138152,"true",0,0,"split"
"7502-4",0,1,0,0,1,38,0,1476994093091,"true",1,0,"close"
"7502-4",0,1,2,0,1,15,1,1476992837048,"true",0,0,"far"
"7502-4",1,0,0,0,2,48,0,1476994438414,"true",1,0,"close"
"7502-4",0,0,2,1,0,17,1,1476992892414,"true",0,0,"close"
"7502-4",1,0,1,0,2,16,0,1476992854264,"true",0,1,"far"
"7502-4",1,0,0,0,2,19,0,1476992976030,"true",1,0,"far"
"7502-4",1,0,2,0,2,32,1,1476993697277,"true",0,0,"far"
"7502-4",1,0,0,0,2,31,0,1476993629960,"true",1,0,"far"
"7502-4",1,0,2,0,2,30,1,1476993596037,"false",0,0,"far"
"7502-4",0,0,1,1,0,37,0,1476994060667,"true",0,1,"split"
"7502-4",0,0,0,1,0,36,0,1476993959386,"true",1,0,"close"
"7502-4",1,0,0,0,2,35,0,1476993924652,"true",1,0,"split"
"7502-4",0,1,0,0,1,34,0,1476993836584,"true",1,0,"split"
"7502-4",1,0,2,0,2,33,1,1476993802673,"true",0,0,"close"
"7502-4",1,0,2,0,2,50,1,1476994509014,"false",0,0,"close"
