"gameid","sClicked_2","sClicked_1","lClickedIndex","sClicked_0","sClickedIndex","roundNum","lClicked_2","time","outcome","lClicked_0","lClicked_1","condition"
"7504-d",0,0,2,1,0,42,1,1476988861223,"true",0,0,"close"
"7504-d",1,0,0,0,2,48,0,1476988940577,"true",1,0,"far"
"7504-d",1,0,2,0,2,43,1,1476988884081,"true",0,0,"close"
"7504-d",1,0,1,0,2,49,0,1476988953367,"true",0,1,"close"
"7504-d",0,1,0,0,1,24,0,1476988526361,"true",1,0,"far"
"7504-d",1,0,1,0,2,25,0,1476988542031,"true",0,1,"split"
"7504-d",0,0,0,1,0,20,0,1476988481593,"true",1,0,"split"
"7504-d",0,0,1,1,0,21,0,1476988489443,"true",0,1,"far"
"7504-d",0,0,1,1,0,22,0,1476988497566,"true",0,1,"far"
"7504-d",1,0,1,0,2,23,0,1476988513742,"true",0,1,"close"
"7504-d",0,1,0,0,1,46,0,1476988914666,"true",1,0,"split"
"7504-d",0,1,0,0,1,47,0,1476988927216,"true",1,0,"close"
"7504-d",0,0,2,1,0,44,1,1476988893491,"true",0,0,"far"
"7504-d",0,1,1,0,1,45,0,1476988906685,"true",0,1,"far"
"7504-d",1,0,2,0,2,28,1,1476988632028,"true",0,0,"split"
"7504-d",0,1,2,0,1,29,1,1476988651213,"true",0,0,"split"
"7504-d",0,0,2,1,0,40,1,1476988834682,"true",0,0,"split"
"7504-d",1,0,1,0,2,41,0,1476988844709,"true",0,1,"split"
"7504-d",1,0,1,0,2,3,0,1476988241534,"true",0,1,"split"
"7504-d",0,0,0,1,0,2,0,1476988218058,"true",1,0,"close"
"7504-d",1,0,0,0,2,5,0,1476988264864,"true",1,0,"close"
"7504-d",0,1,1,0,1,4,0,1476988251711,"true",0,1,"far"
"7504-d",0,1,1,0,1,7,0,1476988320728,"true",0,1,"close"
"7504-d",1,0,2,0,2,6,1,1476988309367,"true",0,0,"far"
"7504-d",1,0,0,0,2,9,0,1476988353370,"true",1,0,"close"
"7504-d",1,0,2,0,2,8,1,1476988331290,"true",0,0,"far"
"7504-d",1,0,0,0,2,39,0,1476988822566,"true",1,0,"far"
"7504-d",0,0,1,1,0,38,0,1476988808356,"true",0,1,"split"
"7504-d",0,1,0,0,1,11,0,1476988372499,"true",1,0,"close"
"7504-d",1,0,0,0,2,10,0,1476988364317,"true",1,0,"close"
"7504-d",1,0,2,0,2,13,1,1476988403569,"true",0,0,"far"
"7504-d",0,1,1,0,1,12,0,1476988386350,"true",0,1,"split"
"7504-d",0,0,0,1,0,15,0,1476988439957,"true",1,0,"close"
"7504-d",0,1,2,0,1,14,1,1476988418113,"true",0,0,"far"
"7504-d",1,0,1,0,2,17,0,1476988457955,"true",0,1,"far"
"7504-d",1,0,0,0,2,16,0,1476988449566,"true",1,0,"far"
"7504-d",0,0,2,1,0,19,1,1476988474308,"true",0,0,"far"
"7504-d",0,0,1,1,0,18,0,1476988465692,"true",0,1,"close"
"7504-d",0,0,2,1,0,31,1,1476988678366,"true",0,0,"far"
"7504-d",0,0,1,1,0,30,0,1476988668328,"true",0,1,"split"
"7504-d",1,0,0,0,2,37,0,1476988795782,"true",1,0,"close"
"7504-d",0,1,2,0,1,36,1,1476988775682,"true",0,0,"split"
"7504-d",1,0,2,0,2,35,1,1476988760403,"true",0,0,"split"
"7504-d",0,1,0,0,1,34,0,1476988749724,"false",1,0,"close"
"7504-d",0,1,0,0,1,33,0,1476988704733,"true",1,0,"split"
"7504-d",0,1,0,0,1,32,0,1476988696083,"true",1,0,"split"
"7504-d",0,0,2,1,0,50,1,1476988960780,"true",0,0,"far"
