"gameid","sClicked_2","sClicked_1","lClickedIndex","sClicked_0","sClickedIndex","roundNum","lClicked_2","time","outcome","lClicked_0","lClicked_1","condition"
"7528-f",0,0,1,1,0,42,0,1476992505000,"true",0,1,"split"
"7528-f",1,0,1,0,2,48,0,1476992548674,"true",0,1,"split"
"7528-f",0,0,1,1,0,43,0,1476992512019,"true",0,1,"split"
"7528-f",0,0,2,1,0,49,1,1476992555999,"true",0,0,"split"
"7528-f",1,0,2,0,2,24,1,1476992327008,"true",0,0,"split"
"7528-f",1,0,1,0,2,25,0,1476992334438,"true",0,1,"close"
"7528-f",1,0,2,0,2,26,1,1476992341640,"true",0,0,"far"
"7528-f",1,0,2,0,2,27,1,1476992352588,"true",0,0,"close"
"7528-f",0,1,2,0,1,20,1,1476992283228,"true",0,0,"close"
"7528-f",0,0,1,1,0,21,0,1476992301406,"true",0,1,"close"
"7528-f",1,0,2,0,2,22,1,1476992309338,"true",0,0,"far"
"7528-f",1,0,1,0,2,23,0,1476992317758,"true",0,1,"far"
"7528-f",0,1,0,0,1,46,0,1476992536440,"true",1,0,"split"
"7528-f",0,0,1,1,0,47,0,1476992542379,"true",0,1,"far"
"7528-f",0,0,2,1,0,44,1,1476992519339,"true",0,0,"far"
"7528-f",1,0,1,0,2,45,0,1476992530505,"true",0,1,"close"
"7528-f",1,0,1,0,2,28,0,1476992359421,"true",0,1,"far"
"7528-f",0,0,0,1,0,29,0,1476992365908,"true",1,0,"far"
"7528-f",0,1,1,0,1,40,0,1476992479026,"true",0,1,"close"
"7528-f",0,0,1,1,0,41,0,1476992494006,"true",0,1,"close"
"7528-f",1,0,0,0,2,1,0,1476992048037,"true",1,0,"far"
"7528-f",0,1,1,0,1,3,0,1476992070878,"true",0,1,"close"
"7528-f",0,1,2,0,1,2,1,1476992059147,"true",0,0,"split"
"7528-f",0,1,1,0,1,5,0,1476992095047,"false",0,1,"close"
"7528-f",0,0,1,1,0,4,0,1476992083138,"false",0,1,"close"
"7528-f",1,0,0,0,2,7,0,1476992110947,"true",1,0,"far"
"7528-f",0,1,1,0,1,6,0,1476992102607,"true",0,1,"split"
"7528-f",0,1,1,0,1,9,0,1476992139747,"true",0,1,"far"
"7528-f",0,1,0,0,1,8,0,1476992127167,"true",1,0,"close"
"7528-f",1,0,1,0,2,39,0,1476992468396,"true",0,1,"far"
"7528-f",0,1,2,0,1,38,1,1476992459934,"true",0,0,"close"
"7528-f",0,1,1,0,1,11,0,1476992164568,"true",0,1,"split"
"7528-f",1,0,0,0,2,10,0,1476992156839,"true",1,0,"close"
"7528-f",1,0,2,0,2,13,1,1476992191901,"true",0,0,"split"
"7528-f",0,0,0,1,0,12,0,1476992175853,"true",1,0,"split"
"7528-f",0,0,0,1,0,15,0,1476992217772,"false",1,0,"split"
"7528-f",0,0,1,1,0,14,0,1476992202828,"true",0,1,"split"
"7528-f",0,0,0,1,0,17,0,1476992255168,"true",1,0,"close"
"7528-f",0,0,1,1,0,16,0,1476992224518,"true",0,1,"far"
"7528-f",1,0,0,0,2,19,0,1476992272627,"true",1,0,"split"
"7528-f",0,0,1,1,0,18,0,1476992264238,"true",0,1,"close"
"7528-f",0,1,2,0,1,31,1,1476992397478,"true",0,0,"far"
"7528-f",1,0,1,0,2,30,0,1476992388751,"true",0,1,"split"
"7528-f",1,0,2,0,2,37,1,1476992447249,"true",0,0,"far"
"7528-f",1,0,0,0,2,36,0,1476992440479,"true",1,0,"far"
"7528-f",0,1,1,0,1,35,0,1476992434309,"true",0,1,"far"
"7528-f",1,0,2,0,2,34,1,1476992427729,"true",0,0,"split"
"7528-f",1,0,1,0,2,33,0,1476992419169,"true",0,1,"far"
"7528-f",0,1,1,0,1,32,0,1476992411007,"true",0,1,"close"
"7528-f",0,0,1,1,0,50,0,1476992562969,"false",0,1,"close"
