"gameid","sClicked_2","sClicked_1","lClickedIndex","sClicked_0","sClickedIndex","roundNum","lClicked_2","time","outcome","lClicked_0","lClicked_1","condition"
"7555-2",1,0,2,0,2,42,1,1459880366471,"true",0,0,"close"
"7555-2",0,0,1,1,0,48,0,1459880428520,"true",0,1,"close"
"7555-2",1,0,2,0,2,43,1,1459880378927,"true",0,0,"close"
"7555-2",0,0,1,1,0,49,0,1459880441308,"true",0,1,"close"
"7555-2",0,1,2,0,1,24,1,1459880169940,"true",0,0,"split"
"7555-2",0,1,0,0,1,25,0,1459880180572,"false",1,0,"split"
"7555-2",0,1,1,0,1,26,0,1459880189381,"false",0,1,"close"
"7555-2",0,1,2,0,1,27,1,1459880209226,"true",0,0,"split"
"7555-2",1,0,2,0,2,20,1,1459880134415,"false",0,0,"close"
"7555-2",0,0,0,1,0,21,0,1459880142611,"true",1,0,"split"
"7555-2",0,1,1,0,1,22,0,1459880150782,"true",0,1,"far"
"7555-2",0,1,1,0,1,23,0,1459880161631,"true",0,1,"close"
"7555-2",0,0,0,1,0,46,0,1459880412940,"true",1,0,"far"
"7555-2",0,1,0,0,1,47,0,1459880420439,"false",1,0,"far"
"7555-2",1,0,1,0,2,44,0,1459880399656,"true",0,1,"close"
"7555-2",0,0,2,1,0,45,1,1459880406325,"true",0,0,"split"
"7555-2",0,0,0,1,0,28,0,1459880215637,"true",1,0,"split"
"7555-2",0,1,0,0,1,29,0,1459880222762,"true",1,0,"far"
"7555-2",0,0,2,1,0,40,1,1459880340962,"true",0,0,"far"
"7555-2",1,0,2,0,2,41,1,1459880351663,"false",0,0,"close"
"7555-2",0,1,1,0,1,1,0,1459879943947,"true",0,1,"far"
"7555-2",1,0,2,0,2,3,1,1459879965411,"true",0,0,"split"
"7555-2",0,1,1,0,1,2,0,1459879956049,"true",0,1,"close"
"7555-2",0,0,1,1,0,5,0,1459879981413,"true",0,1,"split"
"7555-2",1,0,1,0,2,4,0,1459879972572,"true",0,1,"far"
"7555-2",0,0,0,1,0,7,0,1459880016868,"true",1,0,"close"
"7555-2",0,1,1,0,1,6,0,1459879998776,"false",0,1,"close"
"7555-2",1,0,0,0,2,9,0,1459880047398,"false",1,0,"split"
"7555-2",0,0,1,1,0,8,0,1459880037877,"true",0,1,"split"
"7555-2",1,0,1,0,2,39,0,1459880329166,"true",0,1,"far"
"7555-2",0,1,0,0,1,38,0,1459880322953,"true",1,0,"close"
"7555-2",0,0,2,1,0,11,1,1459880064129,"false",0,0,"close"
"7555-2",0,0,2,1,0,10,1,1459880053723,"true",0,0,"far"
"7555-2",0,1,1,0,1,13,0,1459880080561,"true",0,1,"far"
"7555-2",0,0,0,1,0,12,0,1459880071660,"true",1,0,"far"
"7555-2",1,0,2,0,2,15,1,1459880095017,"true",0,0,"far"
"7555-2",0,0,1,1,0,14,0,1459880088236,"true",0,1,"split"
"7555-2",1,0,0,0,2,17,0,1459880109200,"true",1,0,"split"
"7555-2",1,0,0,0,2,16,0,1459880101596,"true",1,0,"far"
"7555-2",0,1,1,0,1,19,0,1459880124362,"true",0,1,"close"
"7555-2",0,1,1,0,1,18,0,1459880116220,"true",0,1,"far"
"7555-2",0,0,0,1,0,31,0,1459880244097,"false",1,0,"split"
"7555-2",0,0,1,1,0,30,0,1459880232194,"false",0,1,"split"
"7555-2",0,0,0,1,0,37,0,1459880303620,"false",1,0,"close"
"7555-2",0,1,1,0,1,36,0,1459880294323,"true",0,1,"split"
"7555-2",1,0,0,0,2,35,0,1459880279842,"true",1,0,"far"
"7555-2",1,0,0,0,2,34,0,1459880273398,"true",1,0,"split"
"7555-2",1,0,2,0,2,33,1,1459880264806,"true",0,0,"far"
"7555-2",0,1,1,0,1,32,0,1459880256307,"true",0,1,"close"
"7555-2",0,0,1,1,0,50,0,1459880454292,"true",0,1,"split"
