"gameid","sClicked_2","sClicked_1","lClickedIndex","sClicked_0","sClickedIndex","roundNum","lClicked_2","time","outcome","lClicked_0","lClicked_1","condition"
"7564-3",1,0,2,0,2,42,1,1476490581760,"true",0,0,"close"
"7564-3",1,0,2,0,2,48,1,1476490644830,"true",0,0,"far"
"7564-3",0,1,1,0,1,43,0,1476490590085,"false",0,1,"split"
"7564-3",0,1,1,0,1,49,0,1476490651710,"true",0,1,"split"
"7564-3",1,0,2,0,2,24,1,1476490307713,"true",0,0,"close"
"7564-3",0,1,0,0,1,25,0,1476490326581,"true",1,0,"split"
"7564-3",0,0,2,1,0,26,1,1476490340694,"true",0,0,"far"
"7564-3",1,0,1,0,2,27,0,1476490369715,"true",0,1,"split"
"7564-3",0,1,0,0,1,20,0,1476490251297,"true",1,0,"close"
"7564-3",0,0,1,1,0,21,0,1476490275412,"true",0,1,"close"
"7564-3",1,0,2,0,2,22,1,1476490285979,"true",0,0,"far"
"7564-3",1,0,0,0,2,23,0,1476490293528,"true",1,0,"far"
"7564-3",0,0,1,1,0,46,0,1476490626085,"true",0,1,"split"
"7564-3",0,0,2,1,0,47,1,1476490635039,"true",0,0,"far"
"7564-3",1,0,2,0,2,44,1,1476490600633,"true",0,0,"split"
"7564-3",0,0,1,1,0,45,0,1476490615415,"true",0,1,"far"
"7564-3",1,0,1,0,2,28,0,1476490384779,"true",0,1,"close"
"7564-3",0,1,2,0,1,29,1,1476490402835,"true",0,0,"split"
"7564-3",0,0,2,1,0,40,1,1476490565083,"true",0,0,"split"
"7564-3",0,0,1,1,0,41,0,1476490573014,"true",0,1,"split"
"7564-3",0,1,0,0,1,1,0,1476489928455,"true",1,0,"close"
"7564-3",0,1,0,0,1,3,0,1476489958722,"true",1,0,"close"
"7564-3",0,0,2,1,0,2,1,1476489941091,"true",0,0,"far"
"7564-3",0,0,2,1,0,5,1,1476489990585,"true",0,0,"far"
"7564-3",0,1,2,0,1,4,1,1476489976257,"true",0,0,"far"
"7564-3",1,0,2,0,2,7,1,1476490043051,"false",0,0,"close"
"7564-3",0,1,1,0,1,6,0,1476490006309,"true",0,1,"close"
"7564-3",1,0,1,0,2,9,0,1476490069523,"true",0,1,"far"
"7564-3",1,0,2,0,2,8,1,1476490059130,"true",0,0,"split"
"7564-3",0,0,0,1,0,39,0,1476490554033,"true",1,0,"close"
"7564-3",1,0,2,0,2,38,1,1476490545228,"true",0,0,"close"
"7564-3",1,0,1,0,2,11,0,1476490100163,"true",0,1,"split"
"7564-3",0,0,1,1,0,10,0,1476490086040,"true",0,1,"close"
"7564-3",0,1,1,0,1,13,0,1476490159965,"true",0,1,"far"
"7564-3",0,1,0,0,1,12,0,1476490124063,"true",1,0,"close"
"7564-3",0,0,0,1,0,15,0,1476490179879,"true",1,0,"far"
"7564-3",0,0,2,1,0,14,1,1476490169934,"true",0,0,"far"
"7564-3",0,1,1,0,1,17,0,1476490205129,"true",0,1,"far"
"7564-3",1,0,1,0,2,16,0,1476490194728,"true",0,1,"split"
"7564-3",0,0,1,1,0,19,0,1476490236745,"false",0,1,"close"
"7564-3",0,0,0,1,0,18,0,1476490218871,"true",1,0,"split"
"7564-3",0,1,1,0,1,31,0,1476490425405,"true",0,1,"split"
"7564-3",1,0,1,0,2,30,0,1476490415641,"true",0,1,"close"
"7564-3",0,1,2,0,1,37,1,1476490527585,"true",0,0,"split"
"7564-3",0,0,0,1,0,36,0,1476490504942,"true",1,0,"split"
"7564-3",1,0,0,0,2,35,0,1476490488315,"true",1,0,"close"
"7564-3",1,0,1,0,2,34,0,1476490466990,"true",0,1,"far"
"7564-3",0,0,0,1,0,33,0,1476490456819,"true",1,0,"far"
"7564-3",0,0,1,1,0,32,0,1476490442135,"true",0,1,"close"
"7564-3",1,0,0,0,2,50,0,1476490665185,"true",1,0,"far"
