"gameid","sClicked_2","sClicked_1","lClickedIndex","sClicked_0","sClickedIndex","roundNum","lClicked_2","time","outcome","lClicked_0","lClicked_1","condition"
"7584-c",0,1,2,0,1,42,1,1459884803737,"true",0,0,"close"
"7584-c",0,1,1,0,1,48,0,1459885016604,"true",0,1,"close"
"7584-c",1,0,2,0,2,43,1,1459884818412,"true",0,0,"far"
"7584-c",1,0,0,0,2,24,0,1459884419192,"true",1,0,"close"
"7584-c",1,0,1,0,2,25,0,1459884433523,"true",0,1,"far"
"7584-c",0,1,1,0,1,26,0,1459884443547,"true",0,1,"split"
"7584-c",1,0,1,0,2,27,0,1459884500470,"false",0,1,"split"
"7584-c",0,1,0,0,1,20,0,1459884328179,"true",1,0,"close"
"7584-c",1,0,2,0,2,21,1,1459884339089,"true",0,0,"close"
"7584-c",0,1,2,0,1,22,1,1459884377812,"false",0,0,"close"
"7584-c",1,0,1,0,2,23,0,1459884409390,"true",0,1,"split"
"7584-c",1,0,1,0,2,46,0,1459884973684,"false",0,1,"split"
"7584-c",1,0,0,0,2,47,0,1459884987149,"true",1,0,"far"
"7584-c",0,1,1,0,1,44,0,1459884841165,"true",0,1,"split"
"7584-c",0,0,1,1,0,45,0,1459884867336,"true",0,1,"far"
"7584-c",1,0,2,0,2,28,1,1459884511790,"true",0,0,"far"
"7584-c",0,1,2,0,1,29,1,1459884526956,"true",0,0,"close"
"7584-c",0,0,2,1,0,40,1,1459884725394,"true",0,0,"close"
"7584-c",0,1,2,0,1,41,1,1459884740217,"true",0,0,"split"
"7584-c",1,0,1,0,2,1,0,1459883911289,"false",0,1,"close"
"7584-c",0,0,1,1,0,3,0,1459883936039,"true",0,1,"split"
"7584-c",0,0,0,1,0,2,0,1459883924299,"true",1,0,"far"
"7584-c",0,1,0,0,1,5,0,1459883957876,"true",1,0,"far"
"7584-c",0,1,1,0,1,4,0,1459883946360,"true",0,1,"split"
"7584-c",0,0,1,1,0,7,0,1459884001888,"false",0,1,"split"
"7584-c",0,0,2,1,0,6,1,1459883981722,"true",0,0,"split"
"7584-c",0,0,0,1,0,9,0,1459884034240,"true",1,0,"far"
"7584-c",0,1,0,0,1,8,0,1459884021788,"true",1,0,"split"
"7584-c",1,0,2,0,2,39,1,1459884713846,"true",0,0,"split"
"7584-c",0,0,2,1,0,38,1,1459884703744,"false",0,0,"close"
"7584-c",0,0,2,1,0,11,1,1459884062257,"true",0,0,"far"
"7584-c",0,0,2,1,0,10,1,1459884047916,"true",0,0,"far"
"7584-c",1,0,2,0,2,13,1,1459884110465,"true",0,0,"close"
"7584-c",0,0,2,1,0,12,1,1459884071996,"true",0,0,"far"
"7584-c",0,0,0,1,0,15,0,1459884143267,"false",1,0,"split"
"7584-c",0,0,1,1,0,14,0,1459884126647,"true",0,1,"close"
"7584-c",0,0,0,1,0,17,0,1459884208227,"true",1,0,"close"
"7584-c",1,0,1,0,2,16,0,1459884180489,"true",0,1,"close"
"7584-c",0,1,1,0,1,19,0,1459884266721,"true",0,1,"close"
"7584-c",0,0,2,1,0,18,1,1459884218114,"true",0,0,"far"
"7584-c",1,0,0,0,2,31,0,1459884575204,"true",1,0,"far"
"7584-c",0,0,2,1,0,30,1,1459884559271,"true",0,0,"split"
"7584-c",0,0,1,1,0,37,0,1459884653100,"true",0,1,"far"
"7584-c",0,0,2,1,0,36,1,1459884645012,"true",0,0,"far"
"7584-c",0,0,2,1,0,35,1,1459884637287,"true",0,0,"close"
"7584-c",0,1,0,0,1,34,0,1459884624220,"false",1,0,"split"
"7584-c",0,0,1,1,0,33,0,1459884610183,"true",0,1,"far"
"7584-c",0,1,0,0,1,32,0,1459884598142,"true",1,0,"split"
"7584-c",0,1,1,0,1,50,0,1459885095028,"true",0,1,"split"
