"gameid","sClicked_2","sClicked_1","lClickedIndex","sClicked_0","sClickedIndex","roundNum","lClicked_2","time","outcome","lClicked_0","lClicked_1","condition"
"7601-b",1,0,2,0,2,42,1,1459892950280,"true",0,0,"close"
"7601-b",0,1,1,0,1,48,0,1459892993029,"true",0,1,"far"
"7601-b",0,1,2,0,1,43,1,1459892958039,"true",0,0,"far"
"7601-b",0,0,0,1,0,49,0,1459892998839,"true",1,0,"far"
"7601-b",0,1,0,0,1,24,0,1459892774195,"true",1,0,"close"
"7601-b",0,0,1,1,0,25,0,1459892786003,"true",0,1,"split"
"7601-b",0,1,1,0,1,26,0,1459892796028,"true",0,1,"close"
"7601-b",0,0,0,1,0,27,0,1459892807516,"true",1,0,"split"
"7601-b",0,0,1,1,0,20,0,1459892726848,"true",0,1,"split"
"7601-b",1,0,1,0,2,21,0,1459892749078,"true",0,1,"split"
"7601-b",1,0,2,0,2,22,1,1459892756894,"true",0,0,"far"
"7601-b",1,0,0,0,2,23,0,1459892765484,"true",1,0,"split"
"7601-b",0,0,1,1,0,46,0,1459892977969,"true",0,1,"close"
"7601-b",1,0,2,0,2,47,1,1459892987484,"true",0,0,"split"
"7601-b",0,1,1,0,1,44,0,1459892964710,"true",0,1,"far"
"7601-b",0,1,0,0,1,45,0,1459892971126,"true",1,0,"split"
"7601-b",0,1,1,0,1,28,0,1459892814247,"true",0,1,"far"
"7601-b",0,1,0,0,1,29,0,1459892820221,"true",1,0,"far"
"7601-b",1,0,0,0,2,40,0,1459892936258,"true",1,0,"close"
"7601-b",0,1,2,0,1,41,1,1459892942492,"true",0,0,"far"
"7601-b",0,0,2,1,0,1,1,1459892444894,"true",0,0,"far"
"7601-b",1,0,1,0,2,3,0,1459892472224,"true",0,1,"close"
"7601-b",1,0,0,0,2,2,0,1459892457655,"true",1,0,"close"
"7601-b",1,0,2,0,2,5,1,1459892497281,"true",0,0,"close"
"7601-b",0,0,2,1,0,4,1,1459892488172,"true",0,0,"close"
"7601-b",0,0,1,1,0,7,0,1459892509308,"true",0,1,"far"
"7601-b",1,0,2,0,2,6,1,1459892503376,"true",0,0,"split"
"7601-b",0,0,1,1,0,9,0,1459892543220,"true",0,1,"split"
"7601-b",1,0,2,0,2,8,1,1459892530901,"true",0,0,"close"
"7601-b",0,0,2,1,0,39,1,1459892919097,"true",0,0,"far"
"7601-b",1,0,2,0,2,38,1,1459892911868,"true",0,0,"far"
"7601-b",1,0,1,0,2,11,0,1459892564890,"false",0,1,"close"
"7601-b",0,0,1,1,0,10,0,1459892548732,"true",0,1,"far"
"7601-b",0,0,0,1,0,13,0,1459892614944,"true",1,0,"close"
"7601-b",1,0,1,0,2,12,0,1459892576528,"true",0,1,"split"
"7601-b",1,0,0,0,2,15,0,1459892633282,"false",1,0,"split"
"7601-b",0,1,0,0,1,14,0,1459892622312,"true",1,0,"close"
"7601-b",0,1,1,0,1,17,0,1459892680682,"false",0,1,"split"
"7601-b",0,0,1,1,0,16,0,1459892640889,"true",0,1,"far"
"7601-b",0,1,1,0,1,19,0,1459892702510,"true",0,1,"split"
"7601-b",0,0,1,1,0,18,0,1459892690893,"true",0,1,"close"
"7601-b",0,1,1,0,1,31,0,1459892839179,"true",0,1,"close"
"7601-b",0,0,0,1,0,30,0,1459892831741,"true",1,0,"split"
"7601-b",1,0,0,0,2,37,0,1459892902612,"true",1,0,"split"
"7601-b",1,0,2,0,2,36,1,1459892890606,"true",0,0,"far"
"7601-b",0,1,1,0,1,35,0,1459892884394,"true",0,1,"far"
"7601-b",0,1,2,0,1,34,1,1459892876899,"true",0,0,"close"
"7601-b",1,0,0,0,2,33,0,1459892855263,"true",1,0,"close"
"7601-b",1,0,1,0,2,32,0,1459892845798,"true",0,1,"far"
"7601-b",1,0,0,0,2,50,0,1459893012178,"true",1,0,"split"
