"gameid","sClicked_2","sClicked_1","lClickedIndex","sClicked_0","sClickedIndex","roundNum","lClicked_2","time","outcome","lClicked_0","lClicked_1","condition"
"7607-b",0,0,2,1,0,42,1,1476992612149,"true",0,0,"split"
"7607-b",1,0,2,0,2,48,1,1476992687608,"true",0,0,"close"
"7607-b",0,1,2,0,1,43,1,1476992635822,"true",0,0,"split"
"7607-b",0,0,2,1,0,49,1,1476992693772,"true",0,0,"far"
"7607-b",1,0,2,0,2,24,1,1476992368098,"true",0,0,"close"
"7607-b",0,0,0,1,0,25,0,1476992375164,"true",1,0,"split"
"7607-b",0,1,0,0,1,26,0,1476992392491,"true",1,0,"close"
"7607-b",0,0,0,1,0,27,0,1476992399489,"true",1,0,"far"
"7607-b",0,1,2,0,1,20,1,1476992310586,"true",0,0,"split"
"7607-b",0,0,1,1,0,21,0,1476992339896,"true",0,1,"close"
"7607-b",0,1,1,0,1,22,0,1476992348888,"true",0,1,"close"
"7607-b",1,0,0,0,2,23,0,1476992360962,"true",1,0,"far"
"7607-b",0,0,0,1,0,46,0,1476992665725,"true",1,0,"split"
"7607-b",1,0,1,0,2,47,0,1476992676426,"true",0,1,"split"
"7607-b",0,1,2,0,1,44,1,1476992648373,"true",0,0,"close"
"7607-b",0,0,1,1,0,45,0,1476992655312,"true",0,1,"far"
"7607-b",1,0,0,0,2,28,0,1476992406189,"true",1,0,"far"
"7607-b",0,0,2,1,0,29,1,1476992421588,"true",0,0,"split"
"7607-b",1,0,1,0,2,40,0,1476992579436,"true",0,1,"split"
"7607-b",0,1,0,0,1,41,0,1476992588344,"true",1,0,"far"
"7607-b",0,1,0,0,1,1,0,1476991988833,"true",1,0,"close"
"7607-b",1,0,1,0,2,3,0,1476992076881,"false",0,1,"split"
"7607-b",0,0,1,1,0,2,0,1476992003192,"true",0,1,"close"
"7607-b",0,1,0,0,1,5,0,1476992107895,"false",1,0,"split"
"7607-b",0,0,0,1,0,4,0,1476992087538,"true",1,0,"split"
"7607-b",0,0,2,1,0,7,1,1476992142708,"true",0,0,"close"
"7607-b",1,0,0,0,2,6,0,1476992135091,"true",1,0,"close"
"7607-b",1,0,2,0,2,9,1,1476992163893,"true",0,0,"far"
"7607-b",0,1,2,0,1,8,1,1476992156714,"true",0,0,"close"
"7607-b",0,1,2,0,1,39,1,1476992558037,"true",0,0,"split"
"7607-b",0,1,1,0,1,38,0,1476992545788,"true",0,1,"close"
"7607-b",0,1,1,0,1,11,0,1476992188932,"true",0,1,"far"
"7607-b",0,0,0,1,0,10,0,1476992179755,"true",1,0,"split"
"7607-b",1,0,1,0,2,13,0,1476992218411,"true",0,1,"split"
"7607-b",0,0,1,1,0,12,0,1476992195383,"true",0,1,"far"
"7607-b",0,1,2,0,1,15,1,1476992242645,"true",0,0,"close"
"7607-b",0,1,1,0,1,14,0,1476992236195,"true",0,1,"close"
"7607-b",1,0,0,0,2,17,0,1476992267576,"true",1,0,"far"
"7607-b",1,0,0,0,2,16,0,1476992256490,"false",1,0,"split"
"7607-b",0,1,0,0,1,19,0,1476992285702,"true",1,0,"far"
"7607-b",0,0,2,1,0,18,1,1476992274910,"true",0,0,"far"
"7607-b",0,0,0,1,0,31,0,1476992447383,"true",1,0,"close"
"7607-b",1,0,1,0,2,30,0,1476992431212,"true",0,1,"split"
"7607-b",0,0,1,1,0,37,0,1476992536960,"true",0,1,"far"
"7607-b",0,0,1,1,0,36,0,1476992525657,"true",0,1,"far"
"7607-b",0,1,2,0,1,35,1,1476992514862,"true",0,0,"split"
"7607-b",1,0,0,0,2,34,0,1476992504896,"true",1,0,"far"
"7607-b",1,0,2,0,2,33,1,1476992496241,"true",0,0,"close"
"7607-b",0,1,1,0,1,32,0,1476992459309,"true",0,1,"close"
"7607-b",1,0,1,0,2,50,0,1476992706695,"true",0,1,"far"
