"gameid","sClicked_2","sClicked_1","lClickedIndex","sClicked_0","sClickedIndex","roundNum","lClicked_2","time","outcome","lClicked_0","lClicked_1","condition"
"7611-1",0,1,0,0,1,42,0,1476493236936,"true",1,0,"split"
"7611-1",0,1,0,0,1,48,0,1476493326691,"true",1,0,"far"
"7611-1",0,0,2,1,0,43,1,1476493250728,"true",0,0,"split"
"7611-1",1,0,1,0,2,49,0,1476493335576,"true",0,1,"split"
"7611-1",0,0,1,1,0,24,0,1476493024474,"true",0,1,"close"
"7611-1",0,1,0,0,1,25,0,1476493031465,"true",1,0,"far"
"7611-1",0,0,2,1,0,26,1,1476493038553,"true",0,0,"far"
"7611-1",0,0,2,1,0,27,1,1476493056816,"true",0,0,"close"
"7611-1",0,0,2,1,0,20,1,1476492981051,"true",0,0,"split"
"7611-1",1,0,2,0,2,21,1,1476492991575,"true",0,0,"close"
"7611-1",0,0,0,1,0,22,0,1476493000274,"true",1,0,"close"
"7611-1",0,0,2,1,0,23,1,1476493016992,"true",0,0,"split"
"7611-1",1,0,0,0,2,46,0,1476493302966,"true",1,0,"close"
"7611-1",1,0,2,0,2,47,1,1476493311065,"true",0,0,"far"
"7611-1",0,1,1,0,1,44,0,1476493258745,"true",0,1,"far"
"7611-1",0,0,0,1,0,45,0,1476493276736,"true",1,0,"split"
"7611-1",0,0,2,1,0,28,1,1476493069792,"true",0,0,"close"
"7611-1",1,0,2,0,2,29,1,1476493080090,"true",0,0,"far"
"7611-1",1,0,2,0,2,40,1,1476493220105,"true",0,0,"split"
"7611-1",0,0,0,1,0,41,0,1476493226856,"true",1,0,"far"
"7611-1",0,0,0,1,0,1,0,1476492791894,"true",1,0,"far"
"7611-1",0,1,2,0,1,3,1,1476492811577,"true",0,0,"split"
"7611-1",1,0,0,0,2,2,0,1476492801383,"false",1,0,"split"
"7611-1",0,1,0,0,1,5,0,1476492826409,"true",1,0,"far"
"7611-1",1,0,1,0,2,4,0,1476492819560,"true",0,1,"close"
"7611-1",0,0,1,1,0,7,0,1476492845496,"true",0,1,"split"
"7611-1",0,1,1,0,1,6,0,1476492833238,"true",0,1,"close"
"7611-1",0,1,0,0,1,9,0,1476492861616,"true",1,0,"split"
"7611-1",1,0,2,0,2,8,1,1476492853255,"true",0,0,"far"
"7611-1",0,1,0,0,1,39,0,1476493205040,"true",1,0,"far"
"7611-1",1,0,0,0,2,38,0,1476493197842,"true",1,0,"far"
"7611-1",0,0,1,1,0,11,0,1476492881249,"true",0,1,"far"
"7611-1",0,1,2,0,1,10,1,1476492873615,"false",0,0,"far"
"7611-1",0,0,2,1,0,13,1,1476492902943,"true",0,0,"split"
"7611-1",1,0,2,0,2,12,1,1476492892632,"true",0,0,"split"
"7611-1",1,0,0,0,2,15,0,1476492932578,"false",1,0,"close"
"7611-1",0,0,2,1,0,14,1,1476492912383,"true",0,0,"far"
"7611-1",0,0,0,1,0,17,0,1476492954110,"true",1,0,"split"
"7611-1",1,0,1,0,2,16,0,1476492941953,"true",0,1,"close"
"7611-1",0,1,0,0,1,19,0,1476492972648,"true",1,0,"split"
"7611-1",1,0,1,0,2,18,0,1476492964091,"false",0,1,"close"
"7611-1",1,0,2,0,2,31,1,1476493114482,"true",0,0,"split"
"7611-1",1,0,0,0,2,30,0,1476493105195,"true",1,0,"close"
"7611-1",1,0,0,0,2,37,0,1476493186723,"false",1,0,"split"
"7611-1",0,0,2,1,0,36,1,1476493178688,"true",0,0,"close"
"7611-1",1,0,1,0,2,35,0,1476493164743,"true",0,1,"far"
"7611-1",0,0,1,1,0,34,0,1476493154082,"true",0,1,"close"
"7611-1",1,0,2,0,2,33,1,1476493143281,"true",0,0,"close"
"7611-1",1,0,1,0,2,32,0,1476493123675,"true",0,1,"close"
"7611-1",1,0,2,0,2,50,1,1476493348152,"true",0,0,"close"
