"gameid","sClicked_2","sClicked_1","lClickedIndex","sClicked_0","sClickedIndex","roundNum","lClicked_2","time","outcome","lClicked_0","lClicked_1","condition"
"7614-6",0,0,1,1,0,42,0,1459889988028,"true",0,1,"close"
"7614-6",1,0,2,0,2,48,1,1459890090693,"true",0,0,"far"
"7614-6",0,0,0,1,0,43,0,1459890010244,"true",1,0,"close"
"7614-6",0,1,0,0,1,49,0,1459890114862,"true",1,0,"far"
"7614-6",0,0,0,1,0,24,0,1459889609797,"true",1,0,"split"
"7614-6",0,0,0,1,0,25,0,1459889623959,"true",1,0,"far"
"7614-6",0,0,2,1,0,26,1,1459889651752,"false",0,0,"close"
"7614-6",0,1,0,0,1,27,0,1459889672273,"true",1,0,"split"
"7614-6",0,0,1,1,0,20,0,1459889541930,"true",0,1,"split"
"7614-6",0,1,2,0,1,21,1,1459889560340,"true",0,0,"far"
"7614-6",0,0,2,1,0,22,1,1459889576669,"true",0,0,"far"
"7614-6",0,0,1,1,0,23,0,1459889592020,"true",0,1,"split"
"7614-6",0,1,0,0,1,46,0,1459890056885,"true",1,0,"split"
"7614-6",0,0,1,1,0,47,0,1459890072815,"true",0,1,"close"
"7614-6",0,0,1,1,0,44,0,1459890026938,"false",0,1,"far"
"7614-6",0,0,2,1,0,45,1,1459890037810,"true",0,0,"split"
"7614-6",0,1,0,0,1,28,0,1459889685719,"true",1,0,"close"
"7614-6",1,0,2,0,2,29,1,1459889707167,"false",0,0,"close"
"7614-6",0,0,1,1,0,40,0,1459889946608,"true",0,1,"far"
"7614-6",0,0,1,1,0,41,0,1459889967634,"true",0,1,"far"
"7614-6",0,1,2,0,1,1,1,1459889036700,"true",0,0,"split"
"7614-6",0,1,1,0,1,3,0,1459889085163,"false",0,1,"close"
"7614-6",1,0,1,0,2,2,0,1459889064237,"false",0,1,"close"
"7614-6",1,0,0,0,2,5,0,1459889132492,"true",1,0,"split"
"7614-6",0,0,1,1,0,4,0,1459889100302,"true",0,1,"far"
"7614-6",1,0,0,0,2,7,0,1459889184295,"true",1,0,"far"
"7614-6",0,1,0,0,1,6,0,1459889156105,"true",1,0,"close"
"7614-6",1,0,2,0,2,9,1,1459889234570,"true",0,0,"split"
"7614-6",0,0,0,1,0,8,0,1459889213274,"true",1,0,"far"
"7614-6",1,0,2,0,2,39,1,1459889928504,"true",0,0,"close"
"7614-6",0,0,0,1,0,38,0,1459889909264,"true",1,0,"close"
"7614-6",0,0,2,1,0,11,1,1459889298364,"true",0,0,"split"
"7614-6",0,1,0,0,1,10,0,1459889271078,"false",1,0,"split"
"7614-6",0,1,1,0,1,13,0,1459889381798,"true",0,1,"close"
"7614-6",0,0,1,1,0,12,0,1459889360630,"true",0,1,"split"
"7614-6",0,1,0,0,1,15,0,1459889417136,"true",1,0,"split"
"7614-6",1,0,1,0,2,14,0,1459889402247,"true",0,1,"split"
"7614-6",1,0,0,0,2,17,0,1459889484739,"true",1,0,"far"
"7614-6",0,0,2,1,0,16,1,1459889469121,"true",0,0,"split"
"7614-6",1,0,0,0,2,19,0,1459889517508,"false",1,0,"close"
"7614-6",0,1,2,0,1,18,1,1459889497724,"true",0,0,"split"
"7614-6",0,1,1,0,1,31,0,1459889755815,"true",0,1,"close"
"7614-6",0,1,1,0,1,30,0,1459889728530,"false",0,1,"far"
"7614-6",1,0,1,0,2,37,0,1459889887711,"true",0,1,"close"
"7614-6",1,0,1,0,2,36,0,1459889868622,"true",0,1,"far"
"7614-6",0,1,2,0,1,35,1,1459889843436,"true",0,0,"far"
"7614-6",1,0,2,0,2,34,1,1459889814059,"true",0,0,"close"
"7614-6",1,0,1,0,2,33,0,1459889801965,"true",0,1,"close"
"7614-6",0,1,2,0,1,32,1,1459889772517,"true",0,0,"far"
"7614-6",0,1,1,0,1,50,0,1459890137703,"true",0,1,"far"
