"gameid","sClicked_2","sClicked_1","lClickedIndex","sClicked_0","sClickedIndex","roundNum","lClicked_2","time","outcome","lClicked_0","lClicked_1","condition"
"7636-7",0,0,1,1,0,42,0,1476990263345,"true",0,1,"close"
"7636-7",0,1,1,0,1,48,0,1476990341774,"true",0,1,"far"
"7636-7",0,1,0,0,1,43,0,1476990273474,"true",1,0,"split"
"7636-7",0,0,0,1,0,49,0,1476990353943,"true",1,0,"split"
"7636-7",1,0,0,0,2,24,0,1476989976124,"false",1,0,"split"
"7636-7",0,0,2,1,0,25,1,1476989992196,"true",0,0,"close"
"7636-7",0,0,1,1,0,26,0,1476990029598,"true",0,1,"close"
"7636-7",0,0,0,1,0,27,0,1476990041033,"true",1,0,"far"
"7636-7",1,0,2,0,2,20,1,1476989905594,"true",0,0,"far"
"7636-7",0,0,2,1,0,21,1,1476989921217,"true",0,0,"split"
"7636-7",0,0,0,1,0,22,0,1476989935505,"true",1,0,"split"
"7636-7",0,0,1,1,0,23,0,1476989954306,"true",0,1,"close"
"7636-7",0,0,1,1,0,46,0,1476990315403,"true",0,1,"close"
"7636-7",0,0,0,1,0,47,0,1476990325405,"true",1,0,"split"
"7636-7",0,0,1,1,0,44,0,1476990283070,"true",0,1,"far"
"7636-7",0,0,2,1,0,45,1,1476990297777,"true",0,0,"close"
"7636-7",1,0,0,0,2,28,0,1476990050984,"true",1,0,"far"
"7636-7",1,0,1,0,2,29,0,1476990062827,"true",0,1,"split"
"7636-7",0,0,1,1,0,40,0,1476990228635,"false",0,1,"close"
"7636-7",1,0,2,0,2,41,1,1476990243013,"true",0,0,"split"
"7636-7",0,1,1,0,1,1,0,1476989610640,"true",0,1,"close"
"7636-7",1,0,1,0,2,3,0,1476989635760,"true",0,1,"split"
"7636-7",1,0,1,0,2,2,0,1476989626059,"false",0,1,"close"
"7636-7",1,0,2,0,2,5,1,1476989658395,"false",0,0,"split"
"7636-7",0,0,2,1,0,4,1,1476989646541,"true",0,0,"close"
"7636-7",0,1,2,0,1,7,1,1476989690462,"true",0,0,"close"
"7636-7",1,0,1,0,2,6,0,1476989673823,"true",0,1,"split"
"7636-7",0,1,2,0,1,9,1,1476989710651,"true",0,0,"split"
"7636-7",0,1,0,0,1,8,0,1476989699579,"true",1,0,"far"
"7636-7",1,0,0,0,2,39,0,1476990215819,"true",1,0,"split"
"7636-7",0,1,0,0,1,38,0,1476990203132,"false",1,0,"split"
"7636-7",0,0,2,1,0,11,1,1476989753175,"true",0,0,"close"
"7636-7",1,0,0,0,2,10,0,1476989729347,"true",1,0,"far"
"7636-7",0,0,0,1,0,13,0,1476989776104,"true",1,0,"far"
"7636-7",1,0,2,0,2,12,1,1476989765375,"true",0,0,"far"
"7636-7",1,0,1,0,2,15,0,1476989807041,"true",0,1,"far"
"7636-7",0,0,2,1,0,14,1,1476989792985,"true",0,0,"split"
"7636-7",1,0,2,0,2,17,1,1476989849434,"true",0,0,"far"
"7636-7",0,0,0,1,0,16,0,1476989829752,"false",1,0,"close"
"7636-7",0,0,0,1,0,19,0,1476989894954,"true",1,0,"far"
"7636-7",0,1,0,0,1,18,0,1476989888324,"true",1,0,"far"
"7636-7",1,0,2,0,2,31,1,1476990091773,"false",0,0,"split"
"7636-7",1,0,1,0,2,30,0,1476990082133,"true",0,1,"far"
"7636-7",0,1,0,0,1,37,0,1476990191651,"true",1,0,"far"
"7636-7",0,1,1,0,1,36,0,1476990181468,"true",0,1,"close"
"7636-7",0,0,1,1,0,35,0,1476990164758,"true",0,1,"close"
"7636-7",1,0,2,0,2,34,1,1476990135271,"false",0,0,"close"
"7636-7",0,0,2,1,0,33,1,1476990116186,"true",0,0,"far"
"7636-7",1,0,0,0,2,32,0,1476990104267,"true",1,0,"far"
"7636-7",0,1,1,0,1,50,0,1476990400831,"true",0,1,"close"
