"gameid","sClicked_2","sClicked_1","lClickedIndex","sClicked_0","sClickedIndex","roundNum","lClicked_2","time","outcome","lClicked_0","lClicked_1","condition"
"7653-9",0,1,1,0,1,42,0,1476993318810,"true",0,1,"split"
"7653-9",1,0,2,0,2,48,1,1476993380995,"true",0,0,"far"
"7653-9",0,0,0,1,0,43,0,1476993327199,"true",1,0,"split"
"7653-9",1,0,0,0,2,49,0,1476993388787,"true",1,0,"far"
"7653-9",0,1,2,0,1,24,1,1476993067551,"true",0,0,"split"
"7653-9",0,0,2,1,0,25,1,1476993079295,"true",0,0,"far"
"7653-9",0,0,2,1,0,26,1,1476993089426,"true",0,0,"split"
"7653-9",1,0,2,0,2,27,1,1476993097330,"true",0,0,"far"
"7653-9",0,1,2,0,1,20,1,1476992999351,"true",0,0,"close"
"7653-9",1,0,2,0,2,21,1,1476993011063,"true",0,0,"split"
"7653-9",0,0,0,1,0,22,0,1476993025840,"true",1,0,"split"
"7653-9",0,1,1,0,1,23,0,1476993055982,"true",0,1,"close"
"7653-9",0,0,1,1,0,46,0,1476993367331,"true",0,1,"far"
"7653-9",1,0,1,0,2,47,0,1476993373803,"true",0,1,"far"
"7653-9",0,1,1,0,1,44,0,1476993347538,"true",0,1,"close"
"7653-9",1,0,1,0,2,45,0,1476993356898,"true",0,1,"far"
"7653-9",0,1,2,0,1,28,1,1476993141278,"true",0,0,"split"
"7653-9",0,0,1,1,0,29,0,1476993160885,"true",0,1,"split"
"7653-9",0,1,1,0,1,40,0,1476993295915,"true",0,1,"close"
"7653-9",0,0,1,1,0,41,0,1476993308725,"true",0,1,"close"
"7653-9",1,0,1,0,2,1,0,1476992639449,"true",0,1,"split"
"7653-9",1,0,0,0,2,3,0,1476992690590,"true",1,0,"split"
"7653-9",0,1,1,0,1,5,0,1476992731518,"true",0,1,"split"
"7653-9",1,0,1,0,2,4,0,1476992706649,"true",0,1,"split"
"7653-9",0,1,2,0,1,7,1,1476992761433,"true",0,0,"far"
"7653-9",1,0,1,0,2,6,0,1476992750535,"true",0,1,"close"
"7653-9",0,0,1,1,0,9,0,1476992825728,"true",0,1,"close"
"7653-9",0,0,2,1,0,8,1,1476992787529,"true",0,0,"split"
"7653-9",1,0,0,0,2,39,0,1476993287100,"true",1,0,"far"
"7653-9",0,0,2,1,0,38,1,1476993279625,"true",0,0,"close"
"7653-9",0,1,1,0,1,11,0,1476992866801,"true",0,1,"close"
"7653-9",1,0,0,0,2,10,0,1476992844629,"true",1,0,"far"
"7653-9",0,0,1,1,0,13,0,1476992900450,"true",0,1,"far"
"7653-9",1,0,0,0,2,12,0,1476992882447,"true",1,0,"far"
"7653-9",0,1,0,0,1,15,0,1476992930919,"true",1,0,"close"
"7653-9",0,0,0,1,0,14,0,1476992921137,"true",1,0,"split"
"7653-9",0,0,0,1,0,17,0,1476992966439,"true",1,0,"close"
"7653-9",1,0,1,0,2,16,0,1476992950423,"true",0,1,"close"
"7653-9",0,0,1,1,0,19,0,1476992981975,"true",0,1,"close"
"7653-9",0,1,2,0,1,18,1,1476992974400,"true",0,0,"far"
"7653-9",0,0,0,1,0,31,0,1476993176651,"true",1,0,"far"
"7653-9",1,0,0,0,2,30,0,1476993169846,"true",1,0,"far"
"7653-9",1,0,2,0,2,37,1,1476993265285,"true",0,0,"close"
"7653-9",0,1,0,0,1,36,0,1476993249044,"true",1,0,"far"
"7653-9",0,1,0,0,1,35,0,1476993241862,"true",1,0,"split"
"7653-9",0,0,2,1,0,34,1,1476993229301,"true",0,0,"close"
"7653-9",1,0,2,0,2,33,1,1476993213805,"true",0,0,"close"
"7653-9",1,0,0,0,2,32,0,1476993189569,"true",1,0,"split"
"7653-9",0,1,2,0,1,50,1,1476993397794,"true",0,0,"far"
