"gameid","sClicked_2","sClicked_1","lClickedIndex","sClicked_0","sClickedIndex","roundNum","lClicked_2","time","outcome","lClicked_0","lClicked_1","condition"
"7658-c",1,0,2,0,2,42,1,1476480031242,"true",0,0,"split"
"7658-c",0,1,0,0,1,48,0,1476480124632,"true",1,0,"split"
"7658-c",0,0,0,1,0,43,0,1476480047243,"true",1,0,"split"
"7658-c",1,0,2,0,2,49,1,1476480152482,"true",0,0,"far"
"7658-c",0,0,1,1,0,24,0,1476479676483,"true",0,1,"split"
"7658-c",0,0,0,1,0,25,0,1476479740900,"false",1,0,"close"
"7658-c",0,1,0,0,1,26,0,1476479761363,"false",1,0,"close"
"7658-c",0,0,1,1,0,27,0,1476479769842,"true",0,1,"split"
"7658-c",0,1,1,0,1,20,0,1476479613516,"true",0,1,"far"
"7658-c",1,0,0,0,2,21,0,1476479632561,"true",1,0,"split"
"7658-c",1,0,1,0,2,22,0,1476479659325,"true",0,1,"split"
"7658-c",1,0,0,0,2,23,0,1476479668400,"true",1,0,"split"
"7658-c",0,1,0,0,1,46,0,1476480072602,"true",1,0,"far"
"7658-c",0,0,0,1,0,47,0,1476480098672,"true",1,0,"close"
"7658-c",0,1,0,0,1,44,0,1476480056528,"true",1,0,"far"
"7658-c",0,0,2,1,0,45,1,1476480064652,"true",0,0,"far"
"7658-c",1,0,2,0,2,28,1,1476479778093,"true",0,0,"split"
"7658-c",0,0,2,1,0,29,1,1476479785682,"true",0,0,"split"
"7658-c",1,0,0,0,2,40,0,1476479967720,"true",1,0,"far"
"7658-c",1,0,0,0,2,41,0,1476479979844,"true",1,0,"far"
"7658-c",0,0,1,1,0,1,0,1476479230673,"true",0,1,"close"
"7658-c",0,0,2,1,0,3,1,1476479264161,"true",0,0,"far"
"7658-c",0,0,0,1,0,2,0,1476479238424,"true",1,0,"far"
"7658-c",1,0,0,0,2,5,0,1476479315678,"true",1,0,"close"
"7658-c",1,0,2,0,2,4,1,1476479275595,"true",0,0,"far"
"7658-c",1,0,0,0,2,7,0,1476479372320,"true",1,0,"split"
"7658-c",1,0,0,0,2,6,0,1476479349953,"true",1,0,"close"
"7658-c",1,0,2,0,2,9,1,1476479420423,"true",0,0,"close"
"7658-c",0,1,0,0,1,8,0,1476479396115,"true",1,0,"close"
"7658-c",0,1,1,0,1,39,0,1476479957924,"true",0,1,"far"
"7658-c",1,0,0,0,2,38,0,1476479925932,"true",1,0,"split"
"7658-c",0,1,1,0,1,11,0,1476479450271,"true",0,1,"far"
"7658-c",1,0,2,0,2,10,1,1476479442154,"true",0,0,"close"
"7658-c",1,0,0,0,2,13,0,1476479508791,"true",1,0,"close"
"7658-c",0,0,0,1,0,12,0,1476479470798,"true",1,0,"split"
"7658-c",1,0,0,0,2,15,0,1476479554597,"false",1,0,"split"
"7658-c",1,0,1,0,2,14,0,1476479515396,"true",0,1,"far"
"7658-c",0,1,0,0,1,17,0,1476479574991,"true",1,0,"far"
"7658-c",0,0,1,1,0,16,0,1476479567083,"true",0,1,"close"
"7658-c",1,0,0,0,2,19,0,1476479595108,"true",1,0,"far"
"7658-c",0,1,2,0,1,18,1,1476479585273,"true",0,0,"split"
"7658-c",1,0,0,0,2,31,0,1476479807625,"true",1,0,"close"
"7658-c",0,1,2,0,1,30,1,1476479793804,"true",0,0,"split"
"7658-c",1,0,2,0,2,37,1,1476479897876,"true",0,0,"far"
"7658-c",0,0,1,1,0,36,0,1476479882242,"true",0,1,"close"
"7658-c",0,1,0,0,1,35,0,1476479861370,"true",1,0,"far"
"7658-c",0,0,0,1,0,34,0,1476479849418,"true",1,0,"split"
"7658-c",1,0,0,0,2,33,0,1476479842084,"true",1,0,"close"
"7658-c",0,1,1,0,1,32,0,1476479825324,"false",0,1,"close"
"7658-c",0,1,2,0,1,50,1,1476480166443,"true",0,0,"close"
