"gameid","sClicked_2","sClicked_1","lClickedIndex","sClicked_0","sClickedIndex","roundNum","lClicked_2","time","outcome","lClicked_0","lClicked_1","condition"
"7675-4",1,0,1,0,2,42,0,1476993056511,"true",0,1,"split"
"7675-4",0,1,0,0,1,48,0,1476993123322,"true",1,0,"split"
"7675-4",0,0,0,1,0,43,0,1476993063775,"true",1,0,"far"
"7675-4",1,0,0,0,2,49,0,1476993132172,"true",1,0,"far"
"7675-4",0,1,2,0,1,24,1,1476992822088,"false",0,0,"far"
"7675-4",0,1,2,0,1,25,1,1476992838187,"false",0,0,"close"
"7675-4",0,0,2,1,0,26,1,1476992843865,"true",0,0,"far"
"7675-4",1,0,2,0,2,27,1,1476992858495,"true",0,0,"close"
"7675-4",0,0,2,1,0,20,1,1476992783555,"true",0,0,"split"
"7675-4",0,0,2,1,0,21,1,1476992789986,"true",0,0,"far"
"7675-4",0,0,0,1,0,22,0,1476992803787,"true",1,0,"split"
"7675-4",0,1,2,0,1,23,1,1476992813627,"true",0,0,"far"
"7675-4",0,1,1,0,1,46,0,1476993098071,"true",0,1,"split"
"7675-4",1,0,2,0,2,47,1,1476993116080,"true",0,0,"close"
"7675-4",1,0,0,0,2,44,0,1476993069800,"true",1,0,"far"
"7675-4",0,0,2,1,0,45,1,1476993087231,"false",0,0,"close"
"7675-4",1,0,1,0,2,28,0,1476992866975,"true",0,1,"far"
"7675-4",0,1,1,0,1,29,0,1476992874297,"true",0,1,"far"
"7675-4",0,1,2,0,1,40,1,1476993032621,"true",0,0,"split"
"7675-4",0,1,0,0,1,41,0,1476993045557,"true",1,0,"split"
"7675-4",0,1,2,0,1,1,1,1476992520221,"true",0,0,"far"
"7675-4",0,0,0,1,0,3,0,1476992541092,"true",1,0,"far"
"7675-4",0,0,2,1,0,2,1,1476992532973,"true",0,0,"split"
"7675-4",0,1,0,0,1,5,0,1476992566363,"true",1,0,"split"
"7675-4",0,0,2,1,0,4,1,1476992555849,"false",0,0,"close"
"7675-4",0,1,1,0,1,7,0,1476992587504,"true",0,1,"close"
"7675-4",1,0,0,0,2,6,0,1476992573553,"true",1,0,"far"
"7675-4",0,0,0,1,0,9,0,1476992609199,"true",1,0,"split"
"7675-4",0,0,0,1,0,8,0,1476992601184,"true",1,0,"close"
"7675-4",0,0,0,1,0,39,0,1476993019597,"true",1,0,"split"
"7675-4",0,1,0,0,1,38,0,1476993003620,"true",1,0,"close"
"7675-4",0,1,2,0,1,11,1,1476992634057,"false",0,0,"split"
"7675-4",1,0,2,0,2,10,1,1476992618054,"true",0,0,"far"
"7675-4",0,1,2,0,1,13,1,1476992669117,"true",0,0,"close"
"7675-4",0,0,0,1,0,12,0,1476992657404,"true",1,0,"close"
"7675-4",0,1,1,0,1,15,0,1476992708915,"true",0,1,"split"
"7675-4",0,0,1,1,0,14,0,1476992684897,"true",0,1,"close"
"7675-4",0,1,0,0,1,17,0,1476992739386,"true",1,0,"split"
"7675-4",0,0,1,1,0,16,0,1476992728912,"false",0,1,"close"
"7675-4",0,1,0,0,1,19,0,1476992775635,"true",1,0,"split"
"7675-4",0,1,0,0,1,18,0,1476992767432,"true",1,0,"close"
"7675-4",0,0,2,1,0,31,1,1476992898347,"true",0,0,"split"
"7675-4",1,0,2,0,2,30,1,1476992884778,"false",0,0,"far"
"7675-4",1,0,0,0,2,37,0,1476992989910,"true",1,0,"far"
"7675-4",1,0,1,0,2,36,0,1476992983249,"true",0,1,"close"
"7675-4",0,0,1,1,0,35,0,1476992970825,"true",0,1,"split"
"7675-4",0,1,0,0,1,34,0,1476992959999,"true",1,0,"close"
"7675-4",0,0,0,1,0,33,0,1476992946573,"true",1,0,"far"
"7675-4",1,0,1,0,2,32,0,1476992938343,"true",0,1,"close"
"7675-4",0,1,1,0,1,50,0,1476993145822,"true",0,1,"close"
