"gameid","sClicked_2","sClicked_1","lClickedIndex","sClicked_0","sClickedIndex","roundNum","lClicked_2","time","outcome","lClicked_0","lClicked_1","condition"
"7690-c",0,1,2,0,1,42,1,1476993646297,"true",0,0,"far"
"7690-c",1,0,2,0,2,48,1,1476993716615,"true",0,0,"close"
"7690-c",0,1,1,0,1,43,0,1476993659108,"true",0,1,"split"
"7690-c",0,1,0,0,1,49,0,1476993726617,"true",1,0,"split"
"7690-c",1,0,0,0,2,24,0,1476993397757,"true",1,0,"far"
"7690-c",0,1,0,0,1,25,0,1476993404594,"true",1,0,"far"
"7690-c",0,1,2,0,1,26,1,1476993420989,"true",0,0,"far"
"7690-c",0,0,2,1,0,27,1,1476993448025,"true",0,0,"far"
"7690-c",1,0,1,0,2,20,0,1476993352879,"false",0,1,"split"
"7690-c",0,0,2,1,0,21,1,1476993361498,"true",0,0,"far"
"7690-c",0,0,2,1,0,22,1,1476993369177,"true",0,0,"close"
"7690-c",0,1,2,0,1,23,1,1476993391308,"false",0,0,"close"
"7690-c",0,1,0,0,1,46,0,1476993686054,"true",1,0,"far"
"7690-c",0,0,2,1,0,47,1,1476993696050,"true",0,0,"far"
"7690-c",0,0,2,1,0,44,1,1476993666927,"true",0,0,"split"
"7690-c",0,1,1,0,1,45,0,1476993677476,"true",0,1,"split"
"7690-c",0,0,1,1,0,28,0,1476993457398,"true",0,1,"split"
"7690-c",0,0,2,1,0,29,1,1476993473777,"true",0,0,"close"
"7690-c",0,1,1,0,1,40,0,1476993622567,"true",0,1,"split"
"7690-c",0,1,2,0,1,41,1,1476993634433,"true",0,0,"close"
"7690-c",0,1,0,0,1,1,0,1476993074179,"true",1,0,"far"
"7690-c",0,1,1,0,1,3,0,1476993091554,"true",0,1,"far"
"7690-c",1,0,0,0,2,2,0,1476993084291,"false",1,0,"close"
"7690-c",0,0,0,1,0,5,0,1476993122028,"true",1,0,"split"
"7690-c",0,0,0,1,0,4,0,1476993110978,"true",1,0,"close"
"7690-c",1,0,1,0,2,7,0,1476993157358,"true",0,1,"close"
"7690-c",0,1,1,0,1,6,0,1476993147441,"true",0,1,"split"
"7690-c",0,1,2,0,1,9,1,1476993188601,"true",0,0,"far"
"7690-c",0,1,1,0,1,8,0,1476993182508,"false",0,1,"close"
"7690-c",0,1,1,0,1,39,0,1476993612834,"true",0,1,"close"
"7690-c",1,0,1,0,2,38,0,1476993581341,"true",0,1,"close"
"7690-c",0,0,0,1,0,11,0,1476993220409,"true",1,0,"close"
"7690-c",0,0,1,1,0,10,0,1476993207488,"true",0,1,"split"
"7690-c",0,0,0,1,0,13,0,1476993244565,"true",1,0,"close"
"7690-c",1,0,1,0,2,12,0,1476993237703,"true",0,1,"split"
"7690-c",0,0,0,1,0,15,0,1476993272749,"true",1,0,"close"
"7690-c",0,1,1,0,1,14,0,1476993252344,"true",0,1,"far"
"7690-c",0,0,2,1,0,17,1,1476993314547,"true",0,0,"close"
"7690-c",0,1,0,0,1,16,0,1476993306318,"false",1,0,"split"
"7690-c",0,1,2,0,1,19,1,1476993335210,"true",0,0,"far"
"7690-c",1,0,1,0,2,18,0,1476993328484,"true",0,1,"split"
"7690-c",1,0,2,0,2,31,1,1476993493650,"true",0,0,"far"
"7690-c",1,0,0,0,2,30,0,1476993486911,"false",1,0,"split"
"7690-c",0,1,1,0,1,37,0,1476993569842,"true",0,1,"close"
"7690-c",0,0,1,1,0,36,0,1476993558872,"true",0,1,"far"
"7690-c",0,1,2,0,1,35,1,1476993551516,"false",0,0,"close"
"7690-c",1,0,0,0,2,34,0,1476993531112,"true",1,0,"far"
"7690-c",1,0,1,0,2,33,0,1476993523743,"true",0,1,"split"
"7690-c",1,0,0,0,2,32,0,1476993500580,"false",1,0,"far"
"7690-c",0,0,2,1,0,50,1,1476993735955,"true",0,0,"split"
