"gameid","sClicked_2","sClicked_1","lClickedIndex","sClicked_0","sClickedIndex","roundNum","lClicked_2","time","outcome","lClicked_0","lClicked_1","condition"
"7705-9",0,1,2,0,1,42,1,1476468081017,"true",0,0,"split"
"7705-9",1,0,0,0,2,48,0,1476468154505,"true",1,0,"close"
"7705-9",0,1,2,0,1,43,1,1476468090408,"true",0,0,"far"
"7705-9",0,1,1,0,1,49,0,1476468161428,"true",0,1,"far"
"7705-9",1,0,1,0,2,24,0,1476467891464,"true",0,1,"far"
"7705-9",0,0,1,1,0,25,0,1476467901135,"true",0,1,"split"
"7705-9",1,0,2,0,2,26,1,1476467911163,"true",0,0,"far"
"7705-9",1,0,1,0,2,27,0,1476467919993,"true",0,1,"close"
"7705-9",0,1,0,0,1,20,0,1476467856112,"false",1,0,"close"
"7705-9",0,1,0,0,1,21,0,1476467863152,"true",1,0,"close"
"7705-9",0,0,1,1,0,22,0,1476467872140,"true",0,1,"close"
"7705-9",0,0,2,1,0,23,1,1476467882166,"true",0,0,"split"
"7705-9",1,0,2,0,2,46,1,1476468133049,"true",0,0,"far"
"7705-9",1,0,0,0,2,47,0,1476468145873,"true",1,0,"split"
"7705-9",0,0,0,1,0,44,0,1476468103925,"true",1,0,"far"
"7705-9",0,1,0,0,1,45,0,1476468116606,"true",1,0,"split"
"7705-9",1,0,0,0,2,28,0,1476467926804,"true",1,0,"far"
"7705-9",0,1,0,0,1,29,0,1476467940770,"true",1,0,"close"
"7705-9",1,0,0,0,2,40,0,1476468057658,"true",1,0,"split"
"7705-9",0,0,0,1,0,41,0,1476468071778,"true",1,0,"close"
"7705-9",0,0,0,1,0,1,0,1476467613466,"true",1,0,"far"
"7705-9",0,1,1,0,1,3,0,1476467645485,"true",0,1,"close"
"7705-9",0,1,0,0,1,2,0,1476467628514,"true",1,0,"close"
"7705-9",1,0,2,0,2,5,1,1476467680332,"true",0,0,"far"
"7705-9",1,0,1,0,2,4,0,1476467661385,"true",0,1,"split"
"7705-9",0,0,0,1,0,7,0,1476467704946,"true",1,0,"far"
"7705-9",1,0,2,0,2,6,1,1476467697150,"true",0,0,"split"
"7705-9",0,0,1,1,0,9,0,1476467728872,"true",0,1,"split"
"7705-9",1,0,2,0,2,8,1,1476467715073,"true",0,0,"split"
"7705-9",1,0,1,0,2,39,0,1476468046203,"true",0,1,"close"
"7705-9",1,0,0,0,2,38,0,1476468035632,"true",1,0,"split"
"7705-9",0,0,1,1,0,11,0,1476467748640,"true",0,1,"split"
"7705-9",0,1,2,0,1,10,1,1476467736307,"true",0,0,"far"
"7705-9",0,1,1,0,1,13,0,1476467763412,"true",0,1,"split"
"7705-9",1,0,0,0,2,12,0,1476467755897,"true",1,0,"far"
"7705-9",0,0,1,1,0,15,0,1476467788448,"true",0,1,"far"
"7705-9",1,0,2,0,2,14,1,1476467781218,"false",0,0,"close"
"7705-9",0,0,1,1,0,17,0,1476467815620,"true",0,1,"split"
"7705-9",0,0,0,1,0,16,0,1476467805619,"true",1,0,"close"
"7705-9",0,1,0,0,1,19,0,1476467841453,"true",1,0,"close"
"7705-9",0,1,1,0,1,18,0,1476467822345,"true",0,1,"split"
"7705-9",1,0,2,0,2,31,1,1476467959934,"false",0,0,"close"
"7705-9",0,0,0,1,0,30,0,1476467947913,"true",1,0,"far"
"7705-9",0,0,1,1,0,37,0,1476468023233,"true",0,1,"far"
"7705-9",0,0,1,1,0,36,0,1476468016029,"true",0,1,"close"
"7705-9",0,0,0,1,0,35,0,1476467992538,"true",1,0,"close"
"7705-9",0,0,2,1,0,34,1,1476467984171,"true",0,0,"close"
"7705-9",0,1,1,0,1,33,0,1476467975664,"true",0,1,"split"
"7705-9",0,0,1,1,0,32,0,1476467969654,"true",0,1,"split"
"7705-9",1,0,1,0,2,50,0,1476468167645,"true",0,1,"far"
