"gameid","sClicked_2","sClicked_1","lClickedIndex","sClicked_0","sClickedIndex","roundNum","lClicked_2","time","outcome","lClicked_0","lClicked_1","condition"
"7708-f",1,0,1,0,2,42,0,1476490250794,"true",0,1,"far"
"7708-f",0,1,0,0,1,48,0,1476490394182,"true",1,0,"far"
"7708-f",0,0,1,1,0,43,0,1476490276105,"true",0,1,"close"
"7708-f",1,0,2,0,2,49,1,1476490416396,"true",0,0,"split"
"7708-f",1,0,0,0,2,24,0,1476489811201,"false",1,0,"close"
"7708-f",0,1,0,0,1,25,0,1476489840220,"false",1,0,"close"
"7708-f",0,1,1,0,1,26,0,1476489858193,"true",0,1,"split"
"7708-f",0,0,2,1,0,27,1,1476489868967,"true",0,0,"far"
"7708-f",1,0,0,0,2,20,0,1476489725491,"true",1,0,"far"
"7708-f",0,1,1,0,1,21,0,1476489735856,"true",0,1,"far"
"7708-f",0,1,0,0,1,22,0,1476489775792,"true",1,0,"close"
"7708-f",1,0,2,0,2,23,1,1476489790094,"true",0,0,"close"
"7708-f",1,0,0,0,2,46,0,1476490322430,"true",1,0,"far"
"7708-f",1,0,2,0,2,47,1,1476490386244,"true",0,0,"split"
"7708-f",1,0,1,0,2,44,0,1476490284944,"true",0,1,"far"
"7708-f",1,0,2,0,2,45,1,1476490303651,"true",0,0,"close"
"7708-f",0,0,0,1,0,28,0,1476489913064,"true",1,0,"split"
"7708-f",1,0,0,0,2,29,0,1476489948759,"true",1,0,"split"
"7708-f",0,0,2,1,0,40,1,1476490189288,"true",0,0,"far"
"7708-f",0,1,0,0,1,41,0,1476490215635,"true",1,0,"close"
"7708-f",0,1,0,0,1,1,0,1476489209366,"true",1,0,"split"
"7708-f",0,0,2,1,0,3,1,1476489266738,"true",0,0,"split"
"7708-f",0,0,0,1,0,2,0,1476489226692,"true",1,0,"split"
"7708-f",1,0,0,0,2,5,0,1476489325242,"true",1,0,"far"
"7708-f",0,1,0,0,1,4,0,1476489308844,"true",1,0,"close"
"7708-f",0,0,0,1,0,6,0,1476489368146,"true",1,0,"split"
"7708-f",1,0,2,0,2,9,1,1476489498520,"true",0,0,"close"
"7708-f",0,1,0,0,1,8,0,1476489464031,"true",1,0,"close"
"7708-f",1,0,1,0,2,39,0,1476490165187,"true",0,1,"split"
"7708-f",0,0,0,1,0,38,0,1476490149247,"true",1,0,"close"
"7708-f",0,1,0,0,1,11,0,1476489537239,"true",1,0,"far"
"7708-f",1,0,0,0,2,10,0,1476489517814,"false",1,0,"split"
"7708-f",1,0,0,0,2,13,0,1476489573813,"true",1,0,"close"
"7708-f",0,1,2,0,1,12,1,1476489554006,"true",0,0,"close"
"7708-f",0,0,2,1,0,15,1,1476489634157,"true",0,0,"split"
"7708-f",1,0,0,0,2,14,0,1476489617773,"true",1,0,"close"
"7708-f",0,0,0,1,0,17,0,1476489657395,"false",1,0,"split"
"7708-f",0,1,1,0,1,16,0,1476489644531,"true",0,1,"far"
"7708-f",0,0,0,1,0,19,0,1476489716081,"false",1,0,"far"
"7708-f",1,0,1,0,2,18,0,1476489703391,"true",0,1,"close"
"7708-f",0,0,2,1,0,31,1,1476490019514,"false",0,0,"split"
"7708-f",0,0,2,1,0,30,1,1476489975221,"true",0,0,"split"
"7708-f",0,1,2,0,1,37,1,1476490121711,"false",0,0,"close"
"7708-f",1,0,2,0,2,36,1,1476490103410,"false",0,0,"close"
"7708-f",0,0,2,1,0,35,1,1476490066018,"true",0,0,"far"
"7708-f",0,1,1,0,1,34,0,1476490057355,"true",0,1,"far"
"7708-f",1,0,0,0,2,33,0,1476490049016,"true",1,0,"far"
"7708-f",0,0,2,1,0,32,1,1476490038699,"true",0,0,"far"
"7708-f",1,0,0,0,2,50,0,1476490437083,"true",1,0,"split"
