"gameid","sClicked_2","sClicked_1","lClickedIndex","sClicked_0","sClickedIndex","roundNum","lClicked_2","time","outcome","lClicked_0","lClicked_1","condition"
"7710-a",0,0,2,1,0,42,1,1476494085053,"true",0,0,"split"
"7710-a",0,0,0,1,0,48,0,1476494147778,"false",1,0,"close"
"7710-a",0,0,2,1,0,43,1,1476494093521,"true",0,0,"close"
"7710-a",1,0,1,0,2,49,0,1476494155293,"true",0,1,"far"
"7710-a",0,0,0,1,0,24,0,1476493848720,"true",1,0,"close"
"7710-a",0,0,1,1,0,25,0,1476493868833,"true",0,1,"close"
"7710-a",0,1,1,0,1,26,0,1476493884830,"true",0,1,"split"
"7710-a",1,0,2,0,2,27,1,1476493898636,"true",0,0,"split"
"7710-a",0,0,0,1,0,20,0,1476493796118,"true",1,0,"split"
"7710-a",0,0,0,1,0,21,0,1476493807624,"true",1,0,"close"
"7710-a",1,0,2,0,2,22,1,1476493823994,"true",0,0,"close"
"7710-a",0,1,2,0,1,23,1,1476493831514,"true",0,0,"split"
"7710-a",0,1,1,0,1,46,0,1476494125484,"true",0,1,"split"
"7710-a",1,0,1,0,2,47,0,1476494132828,"true",0,1,"far"
"7710-a",0,1,1,0,1,44,0,1476494105651,"true",0,1,"close"
"7710-a",0,1,0,0,1,45,0,1476494115637,"true",1,0,"close"
"7710-a",0,1,2,0,1,28,1,1476493922765,"true",0,0,"far"
"7710-a",0,0,0,1,0,29,0,1476493936805,"true",1,0,"far"
"7710-a",0,1,1,0,1,40,0,1476494064487,"true",0,1,"split"
"7710-a",0,0,2,1,0,41,1,1476494072279,"true",0,0,"close"
"7710-a",0,0,0,1,0,1,0,1476493448780,"true",1,0,"split"
"7710-a",1,0,1,0,2,3,0,1476493491147,"false",0,1,"split"
"7710-a",0,1,0,0,1,2,0,1476493478080,"true",1,0,"close"
"7710-a",0,1,2,0,1,5,1,1476493522999,"true",0,0,"far"
"7710-a",0,1,1,0,1,4,0,1476493511658,"true",0,1,"far"
"7710-a",0,1,2,0,1,7,1,1476493570189,"true",0,0,"far"
"7710-a",1,0,0,0,2,6,0,1476493552330,"true",1,0,"close"
"7710-a",0,0,1,1,0,9,0,1476493599269,"true",0,1,"split"
"7710-a",1,0,1,0,2,8,0,1476493581585,"true",0,1,"split"
"7710-a",1,0,0,0,2,39,0,1476494052280,"true",1,0,"far"
"7710-a",1,0,0,0,2,38,0,1476494040293,"true",1,0,"far"
"7710-a",1,0,2,0,2,11,1,1476493619466,"true",0,0,"split"
"7710-a",0,1,1,0,1,10,0,1476493608378,"true",0,1,"far"
"7710-a",0,1,2,0,1,13,1,1476493652239,"true",0,0,"split"
"7710-a",1,0,2,0,2,12,1,1476493628624,"true",0,0,"far"
"7710-a",0,0,1,1,0,15,0,1476493682244,"true",0,1,"close"
"7710-a",1,0,2,0,2,14,1,1476493661114,"true",0,0,"split"
"7710-a",1,0,0,0,2,17,0,1476493732420,"false",1,0,"close"
"7710-a",0,0,1,1,0,16,0,1476493690585,"true",0,1,"far"
"7710-a",0,1,2,0,1,19,1,1476493787165,"true",0,0,"close"
"7710-a",0,1,1,0,1,18,0,1476493763045,"true",0,1,"close"
"7710-a",1,0,1,0,2,31,0,1476493955763,"true",0,1,"split"
"7710-a",0,0,1,1,0,30,0,1476493944765,"true",0,1,"split"
"7710-a",0,1,0,0,1,37,0,1476494032883,"true",1,0,"close"
"7710-a",0,1,1,0,1,36,0,1476494019649,"true",0,1,"far"
"7710-a",1,0,2,0,2,35,1,1476494013389,"true",0,0,"split"
"7710-a",0,0,2,1,0,34,1,1476494005031,"true",0,0,"far"
"7710-a",0,0,0,1,0,33,0,1476493990655,"false",1,0,"close"
"7710-a",0,0,0,1,0,32,0,1476493964708,"true",1,0,"far"
"7710-a",0,0,1,1,0,50,0,1476494174933,"true",0,1,"far"
