"gameid","sClicked_2","sClicked_1","lClickedIndex","sClicked_0","sClickedIndex","roundNum","lClicked_2","time","outcome","lClicked_0","lClicked_1","condition"
"7724-9",0,1,1,0,1,42,0,1476994659299,"true",0,1,"close"
"7724-9",0,0,0,1,0,48,0,1476994753742,"true",1,0,"far"
"7724-9",0,1,0,0,1,43,0,1476994676395,"true",1,0,"split"
"7724-9",0,0,0,1,0,49,0,1476994764100,"true",1,0,"split"
"7724-9",1,0,1,0,2,24,0,1476994356012,"true",0,1,"split"
"7724-9",0,0,1,1,0,25,0,1476994363650,"true",0,1,"far"
"7724-9",1,0,1,0,2,26,0,1476994382227,"true",0,1,"close"
"7724-9",1,0,1,0,2,27,0,1476994408490,"false",0,1,"close"
"7724-9",0,0,2,1,0,20,1,1476994286635,"true",0,0,"split"
"7724-9",0,0,2,1,0,21,1,1476994303290,"true",0,0,"close"
"7724-9",0,1,0,0,1,22,0,1476994310627,"true",1,0,"close"
"7724-9",1,0,2,0,2,23,1,1476994331635,"true",0,0,"close"
"7724-9",1,0,0,0,2,46,0,1476994739619,"true",1,0,"close"
"7724-9",1,0,2,0,2,47,1,1476994747955,"true",0,0,"far"
"7724-9",0,0,2,1,0,44,1,1476994683755,"true",0,0,"far"
"7724-9",0,0,0,1,0,45,0,1476994719843,"false",1,0,"split"
"7724-9",0,1,2,0,1,28,1,1476994417834,"true",0,0,"far"
"7724-9",1,0,1,0,2,29,0,1476994426802,"true",0,1,"far"
"7724-9",0,0,1,1,0,40,0,1476994599307,"false",0,1,"split"
"7724-9",1,0,2,0,2,41,1,1476994618052,"true",0,0,"far"
"7724-9",1,0,1,0,2,1,0,1476993891709,"true",0,1,"far"
"7724-9",0,0,0,1,0,3,0,1476994044172,"true",1,0,"far"
"7724-9",0,1,2,0,1,2,1,1476993957814,"true",0,0,"close"
"7724-9",0,1,0,0,1,5,0,1476994062922,"true",1,0,"far"
"7724-9",0,0,1,1,0,4,0,1476994056658,"true",0,1,"far"
"7724-9",0,1,2,0,1,7,1,1476994091594,"true",0,0,"close"
"7724-9",0,1,0,0,1,6,0,1476994078882,"true",1,0,"split"
"7724-9",0,1,1,0,1,9,0,1476994107634,"true",0,1,"far"
"7724-9",1,0,2,0,2,8,1,1476994101594,"true",0,0,"close"
"7724-9",0,1,0,0,1,39,0,1476994586587,"false",1,0,"split"
"7724-9",0,0,0,1,0,38,0,1476994578995,"true",1,0,"far"
"7724-9",0,1,1,0,1,11,0,1476994137666,"true",0,1,"close"
"7724-9",0,0,2,1,0,10,1,1476994121890,"true",0,0,"split"
"7724-9",1,0,0,0,2,13,0,1476994173314,"true",1,0,"split"
"7724-9",1,0,1,0,2,12,0,1476994160194,"false",0,1,"split"
"7724-9",0,1,0,0,1,15,0,1476994209066,"true",1,0,"split"
"7724-9",0,0,1,1,0,14,0,1476994197130,"true",0,1,"split"
"7724-9",1,0,2,0,2,17,1,1476994233842,"true",0,0,"close"
"7724-9",1,0,1,0,2,16,0,1476994219570,"true",0,1,"close"
"7724-9",0,0,0,1,0,19,0,1476994266211,"false",1,0,"close"
"7724-9",0,1,0,0,1,18,0,1476994252058,"true",1,0,"split"
"7724-9",0,1,1,0,1,31,0,1476994470242,"true",0,1,"split"
"7724-9",1,0,0,0,2,30,0,1476994451326,"true",1,0,"close"
"7724-9",1,0,2,0,2,37,1,1476994572019,"true",0,0,"close"
"7724-9",0,0,1,1,0,36,0,1476994551643,"true",0,1,"split"
"7724-9",0,0,0,1,0,35,0,1476994534722,"true",1,0,"split"
"7724-9",1,0,2,0,2,34,1,1476994521707,"true",0,0,"far"
"7724-9",0,0,1,1,0,33,0,1476994503355,"false",0,1,"close"
"7724-9",0,0,2,1,0,32,1,1476994477211,"true",0,0,"far"
"7724-9",0,1,1,0,1,50,0,1476994772732,"true",0,1,"far"
