"gameid","sClicked_2","sClicked_1","lClickedIndex","sClicked_0","sClickedIndex","roundNum","lClicked_2","time","outcome","lClicked_0","lClicked_1","condition"
"7727-b",1,0,0,0,2,42,0,1476494236905,"true",1,0,"split"
"7727-b",0,1,1,0,1,48,0,1476494391859,"true",0,1,"split"
"7727-b",0,1,2,0,1,43,1,1476494249908,"true",0,0,"split"
"7727-b",0,0,0,1,0,49,0,1476494415490,"true",1,0,"far"
"7727-b",1,0,0,0,2,24,0,1476493989557,"true",1,0,"far"
"7727-b",0,1,2,0,1,25,1,1476493998871,"true",0,0,"far"
"7727-b",0,0,2,1,0,26,1,1476494013784,"true",0,0,"far"
"7727-b",0,1,1,0,1,27,0,1476494023794,"true",0,1,"close"
"7727-b",0,1,2,0,1,20,1,1476493927224,"true",0,0,"split"
"7727-b",1,0,1,0,2,21,0,1476493944563,"true",0,1,"split"
"7727-b",1,0,0,0,2,22,0,1476493969904,"true",1,0,"far"
"7727-b",0,1,1,0,1,23,0,1476493981222,"true",0,1,"far"
"7727-b",0,0,1,1,0,46,0,1476494310403,"false",0,1,"close"
"7727-b",1,0,1,0,2,47,0,1476494369898,"true",0,1,"close"
"7727-b",0,0,1,1,0,44,0,1476494270039,"true",0,1,"far"
"7727-b",0,1,2,0,1,45,1,1476494296127,"true",0,0,"split"
"7727-b",1,0,1,0,2,28,0,1476494035743,"true",0,1,"close"
"7727-b",0,0,0,1,0,29,0,1476494053479,"true",1,0,"far"
"7727-b",0,1,2,0,1,40,1,1476494211866,"true",0,0,"close"
"7727-b",0,1,0,0,1,41,0,1476494225433,"true",1,0,"split"
"7727-b",0,1,0,0,1,1,0,1476493402510,"true",1,0,"split"
"7727-b",0,1,2,0,1,3,1,1476493509207,"true",0,0,"close"
"7727-b",0,0,1,1,0,2,0,1476493485651,"false",0,1,"far"
"7727-b",1,0,0,0,2,5,0,1476493566043,"false",1,0,"far"
"7727-b",0,1,2,0,1,4,1,1476493548515,"true",0,0,"close"
"7727-b",0,1,1,0,1,7,0,1476493632335,"true",0,1,"split"
"7727-b",0,0,1,1,0,6,0,1476493606477,"true",0,1,"close"
"7727-b",0,0,2,1,0,9,1,1476493669602,"true",0,0,"far"
"7727-b",1,0,0,0,2,8,0,1476493651570,"true",1,0,"close"
"7727-b",0,0,0,1,0,39,0,1476494201695,"true",1,0,"split"
"7727-b",0,0,1,1,0,38,0,1476494193938,"true",0,1,"far"
"7727-b",0,0,2,1,0,11,1,1476493698378,"true",0,0,"close"
"7727-b",0,0,1,1,0,10,0,1476493683602,"true",0,1,"split"
"7727-b",0,1,0,0,1,13,0,1476493797704,"true",1,0,"split"
"7727-b",0,1,1,0,1,12,0,1476493722400,"false",0,1,"split"
"7727-b",1,0,0,0,2,15,0,1476493828223,"true",1,0,"close"
"7727-b",1,0,2,0,2,14,1,1476493811906,"true",0,0,"far"
"7727-b",1,0,0,0,2,17,0,1476493856254,"true",1,0,"close"
"7727-b",0,0,2,1,0,16,1,1476493840017,"true",0,0,"split"
"7727-b",0,0,1,1,0,19,0,1476493883952,"true",0,1,"far"
"7727-b",0,1,1,0,1,18,0,1476493875527,"true",0,1,"close"
"7727-b",0,1,1,0,1,31,0,1476494068144,"true",0,1,"close"
"7727-b",1,0,2,0,2,30,1,1476494061521,"true",0,0,"far"
"7727-b",1,0,1,0,2,37,0,1476494184365,"true",0,1,"split"
"7727-b",0,1,0,0,1,36,0,1476494156199,"true",1,0,"close"
"7727-b",0,0,0,1,0,35,0,1476494139757,"true",1,0,"split"
"7727-b",1,0,2,0,2,34,1,1476494120936,"true",0,0,"close"
"7727-b",0,1,0,0,1,33,0,1476494096448,"true",1,0,"split"
"7727-b",0,1,2,0,1,32,1,1476494081475,"true",0,0,"far"
"7727-b",0,0,1,1,0,50,0,1476494436060,"true",0,1,"far"
