"gameid","sClicked_2","sClicked_1","lClickedIndex","sClicked_0","sClickedIndex","roundNum","lClicked_2","time","outcome","lClicked_0","lClicked_1","condition"
"7735-2",0,1,1,0,1,42,0,1476989720623,"true",0,1,"close"
"7735-2",1,0,2,0,2,48,1,1476989769695,"true",0,0,"far"
"7735-2",0,1,2,0,1,43,1,1476989726472,"true",0,0,"far"
"7735-2",0,0,1,1,0,49,0,1476989777560,"true",0,1,"close"
"7735-2",0,0,1,1,0,24,0,1476989588940,"true",0,1,"split"
"7735-2",1,0,2,0,2,25,1,1476989599357,"true",0,0,"far"
"7735-2",0,1,2,0,1,26,1,1476989605650,"true",0,0,"far"
"7735-2",1,0,1,0,2,27,0,1476989611526,"true",0,1,"far"
"7735-2",0,1,0,0,1,20,0,1476989561660,"true",1,0,"split"
"7735-2",0,1,1,0,1,21,0,1476989567124,"true",0,1,"far"
"7735-2",0,1,0,0,1,22,0,1476989572823,"true",1,0,"split"
"7735-2",0,0,1,1,0,23,0,1476989580771,"true",0,1,"split"
"7735-2",1,0,1,0,2,46,0,1476989750120,"true",0,1,"close"
"7735-2",0,1,0,0,1,47,0,1476989763525,"true",1,0,"split"
"7735-2",1,0,0,0,2,44,0,1476989732431,"true",1,0,"far"
"7735-2",0,1,1,0,1,45,0,1476989738440,"true",0,1,"far"
"7735-2",1,0,2,0,2,28,1,1476989617412,"true",0,0,"close"
"7735-2",0,0,2,1,0,29,1,1476989623404,"true",0,0,"far"
"7735-2",0,1,0,0,1,40,0,1476989707161,"true",1,0,"split"
"7735-2",0,0,1,1,0,41,0,1476989714936,"true",0,1,"split"
"7735-2",1,0,1,0,2,1,0,1476989370512,"true",0,1,"close"
"7735-2",0,1,2,0,1,3,1,1476989407274,"true",0,0,"close"
"7735-2",0,0,2,1,0,2,1,1476989381787,"false",0,0,"close"
"7735-2",0,1,2,0,1,5,1,1476989430391,"true",0,0,"split"
"7735-2",0,0,2,1,0,4,1,1476989423123,"true",0,0,"split"
"7735-2",0,0,0,1,0,7,0,1476989455974,"true",1,0,"far"
"7735-2",0,1,1,0,1,6,0,1476989449849,"true",0,1,"close"
"7735-2",0,1,2,0,1,9,1,1476989483815,"true",0,0,"split"
"7735-2",0,0,2,1,0,8,1,1476989475962,"true",0,0,"split"
"7735-2",1,0,0,0,2,39,0,1476989701372,"true",1,0,"close"
"7735-2",0,1,1,0,1,38,0,1476989692750,"true",0,1,"close"
"7735-2",1,0,2,0,2,11,1,1476989496121,"true",0,0,"split"
"7735-2",0,0,0,1,0,10,0,1476989490136,"true",1,0,"far"
"7735-2",0,1,1,0,1,13,0,1476989513735,"true",0,1,"close"
"7735-2",0,0,0,1,0,12,0,1476989503419,"true",1,0,"far"
"7735-2",1,0,1,0,2,15,0,1476989528443,"true",0,1,"close"
"7735-2",0,1,1,0,1,14,0,1476989519269,"true",0,1,"far"
"7735-2",0,1,1,0,1,17,0,1476989540461,"true",0,1,"far"
"7735-2",0,1,2,0,1,16,1,1476989534916,"true",0,0,"split"
"7735-2",0,0,0,1,0,19,0,1476989555887,"true",1,0,"far"
"7735-2",1,0,2,0,2,18,1,1476989549861,"false",0,0,"close"
"7735-2",0,1,0,0,1,31,0,1476989638702,"true",1,0,"close"
"7735-2",0,0,2,1,0,30,1,1476989630491,"true",0,0,"split"
"7735-2",0,1,1,0,1,37,0,1476989681031,"true",0,1,"split"
"7735-2",1,0,1,0,2,36,0,1476989673874,"true",0,1,"far"
"7735-2",0,0,1,1,0,35,0,1476989668344,"true",0,1,"split"
"7735-2",0,1,2,0,1,34,1,1476989659823,"true",0,0,"close"
"7735-2",0,1,2,0,1,33,1,1476989652218,"true",0,0,"close"
"7735-2",0,1,2,0,1,32,1,1476989645293,"true",0,0,"far"
"7735-2",0,1,2,0,1,50,1,1476989783873,"true",0,0,"split"
