"gameid","sClicked_2","sClicked_1","lClickedIndex","sClicked_0","sClickedIndex","roundNum","lClicked_2","time","outcome","lClicked_0","lClicked_1","condition"
"7736-e",0,0,2,1,0,42,1,1476994946516,"true",0,0,"far"
"7736-e",0,1,2,0,1,48,1,1476995021512,"true",0,0,"split"
"7736-e",0,0,1,1,0,43,0,1476994960539,"false",0,1,"split"
"7736-e",0,0,2,1,0,49,1,1476995028992,"true",0,0,"far"
"7736-e",1,0,1,0,2,24,0,1476994749108,"true",0,1,"close"
"7736-e",0,0,1,1,0,25,0,1476994755964,"true",0,1,"split"
"7736-e",1,0,1,0,2,26,0,1476994769620,"false",0,1,"close"
"7736-e",1,0,1,0,2,27,0,1476994775835,"true",0,1,"far"
"7736-e",0,1,0,0,1,20,0,1476994695322,"true",1,0,"far"
"7736-e",1,0,2,0,2,21,1,1476994716687,"true",0,0,"close"
"7736-e",0,0,0,1,0,22,0,1476994723783,"true",1,0,"close"
"7736-e",0,1,0,0,1,23,0,1476994729766,"true",1,0,"far"
"7736-e",1,0,0,0,2,46,0,1476994988201,"true",1,0,"split"
"7736-e",1,0,2,0,2,47,1,1476994995377,"true",0,0,"far"
"7736-e",0,0,2,1,0,44,1,1476994967145,"true",0,0,"split"
"7736-e",1,0,0,0,2,45,0,1476994977154,"true",1,0,"split"
"7736-e",0,0,1,1,0,28,0,1476994786578,"true",0,1,"close"
"7736-e",1,0,1,0,2,29,0,1476994793810,"true",0,1,"far"
"7736-e",0,1,1,0,1,40,0,1476994928812,"true",0,1,"split"
"7736-e",1,0,0,0,2,41,0,1476994937139,"true",1,0,"split"
"7736-e",0,0,0,1,0,1,0,1476994480029,"true",1,0,"far"
"7736-e",1,0,2,0,2,3,1,1476994500776,"true",0,0,"far"
"7736-e",1,0,1,0,2,2,0,1476994488033,"true",0,1,"close"
"7736-e",0,0,2,1,0,5,1,1476994519632,"true",0,0,"split"
"7736-e",1,0,0,0,2,4,0,1476994510775,"true",1,0,"far"
"7736-e",0,1,1,0,1,7,0,1476994537478,"true",0,1,"split"
"7736-e",1,0,2,0,2,6,1,1476994529358,"true",0,0,"close"
"7736-e",0,0,2,1,0,9,1,1476994558485,"true",0,0,"far"
"7736-e",0,0,1,1,0,8,0,1476994551189,"true",0,1,"split"
"7736-e",0,0,0,1,0,39,0,1476994921396,"true",1,0,"far"
"7736-e",1,0,2,0,2,38,1,1476994913893,"true",0,0,"close"
"7736-e",1,0,0,0,2,11,0,1476994576388,"true",1,0,"split"
"7736-e",0,0,0,1,0,10,0,1476994565741,"true",1,0,"far"
"7736-e",0,1,0,0,1,13,0,1476994613330,"true",1,0,"close"
"7736-e",0,0,0,1,0,12,0,1476994587337,"true",1,0,"far"
"7736-e",0,0,2,1,0,15,1,1476994628042,"true",0,0,"split"
"7736-e",0,0,2,1,0,14,1,1476994621210,"true",0,0,"split"
"7736-e",1,0,2,0,2,17,1,1476994648921,"true",0,0,"close"
"7736-e",1,0,1,0,2,16,0,1476994639145,"true",0,1,"close"
"7736-e",0,1,2,0,1,19,1,1476994688960,"true",0,0,"far"
"7736-e",1,0,1,0,2,18,0,1476994681544,"true",0,1,"close"
"7736-e",0,1,1,0,1,31,0,1476994820961,"true",0,1,"close"
"7736-e",0,0,1,1,0,30,0,1476994802698,"true",0,1,"split"
"7736-e",0,1,1,0,1,37,0,1476994904141,"true",0,1,"close"
"7736-e",0,1,0,0,1,36,0,1476994896270,"true",1,0,"close"
"7736-e",0,1,1,0,1,35,0,1476994880135,"true",0,1,"close"
"7736-e",0,0,2,1,0,34,1,1476994861264,"true",0,0,"split"
"7736-e",0,0,0,1,0,33,0,1476994848616,"true",1,0,"close"
"7736-e",0,0,1,1,0,32,0,1476994829968,"true",0,1,"split"
"7736-e",0,1,1,0,1,50,0,1476995036151,"true",0,1,"far"
