"gameid","sClicked_2","sClicked_1","lClickedIndex","sClicked_0","sClickedIndex","roundNum","lClicked_2","time","outcome","lClicked_0","lClicked_1","condition"
"7753-a",1,0,0,0,2,42,0,1476991748604,"true",1,0,"close"
"7753-a",1,0,2,0,2,48,1,1476991868362,"true",0,0,"split"
"7753-a",1,0,0,0,2,43,0,1476991756019,"true",1,0,"close"
"7753-a",1,0,0,0,2,49,0,1476991876611,"true",1,0,"close"
"7753-a",0,1,1,0,1,24,0,1476991263119,"true",0,1,"far"
"7753-a",0,0,0,1,0,26,0,1476991340740,"true",1,0,"close"
"7753-a",0,0,0,1,0,27,0,1476991353605,"true",1,0,"close"
"7753-a",1,0,1,0,2,20,0,1476991195264,"true",0,1,"far"
"7753-a",1,0,2,0,2,21,1,1476991209298,"true",0,0,"far"
"7753-a",1,0,1,0,2,22,0,1476991243087,"true",0,1,"split"
"7753-a",1,0,2,0,2,23,1,1476991255633,"true",0,0,"split"
"7753-a",0,0,1,1,0,46,0,1476991836437,"true",0,1,"split"
"7753-a",0,0,2,1,0,47,1,1476991843801,"true",0,0,"far"
"7753-a",0,1,2,0,1,44,1,1476991791168,"true",0,0,"split"
"7753-a",0,1,1,0,1,45,0,1476991828237,"true",0,1,"split"
"7753-a",1,0,0,0,2,28,0,1476991362405,"true",1,0,"far"
"7753-a",1,0,2,0,2,29,1,1476991447706,"true",0,0,"split"
"7753-a",1,0,2,0,2,40,1,1476991688108,"true",0,0,"close"
"7753-a",0,1,0,0,1,41,0,1476991695882,"true",1,0,"far"
"7753-a",1,0,1,0,2,1,0,1476990801206,"true",0,1,"far"
"7753-a",0,1,0,0,1,3,0,1476990834136,"true",1,0,"far"
"7753-a",1,0,2,0,2,2,1,1476990815735,"true",0,0,"split"
"7753-a",1,0,2,0,2,5,1,1476990959843,"true",0,0,"close"
"7753-a",1,0,0,0,2,4,0,1476990869051,"true",1,0,"close"
"7753-a",1,0,2,0,2,7,1,1476990979398,"true",0,0,"far"
"7753-a",0,0,0,1,0,6,0,1476990969834,"true",1,0,"far"
"7753-a",0,0,0,1,0,9,0,1476991028261,"true",1,0,"far"
"7753-a",0,1,2,0,1,8,1,1476991020526,"true",0,0,"close"
"7753-a",1,0,1,0,2,38,0,1476991625121,"true",0,1,"far"
"7753-a",1,0,0,0,2,11,0,1476991072567,"true",1,0,"close"
"7753-a",1,0,0,0,2,10,0,1476991051661,"true",1,0,"close"
"7753-a",0,0,0,1,0,13,0,1476991099868,"true",1,0,"far"
"7753-a",0,1,0,0,1,12,0,1476991092273,"true",1,0,"close"
"7753-a",0,1,1,0,1,15,0,1476991116837,"true",0,1,"far"
"7753-a",0,1,0,0,1,14,0,1476991108853,"true",1,0,"split"
"7753-a",0,1,2,0,1,17,1,1476991140461,"true",0,0,"split"
"7753-a",0,0,0,1,0,16,0,1476991130463,"true",1,0,"split"
"7753-a",1,0,0,0,2,19,0,1476991185936,"true",1,0,"split"
"7753-a",1,0,0,0,2,18,0,1476991164477,"true",1,0,"split"
"7753-a",0,1,0,0,1,31,0,1476991475221,"true",1,0,"close"
"7753-a",0,0,0,1,0,30,0,1476991460701,"true",1,0,"far"
"7753-a",0,1,1,0,1,37,0,1476991615254,"true",0,1,"far"
"7753-a",1,0,2,0,2,36,1,1476991608045,"true",0,0,"split"
"7753-a",1,0,2,0,2,35,1,1476991590287,"true",0,0,"split"
"7753-a",1,0,1,0,2,34,0,1476991503225,"true",0,1,"split"
"7753-a",0,0,2,1,0,33,1,1476991490295,"true",0,0,"close"
"7753-a",0,0,1,1,0,32,0,1476991481389,"true",0,1,"far"
"7753-a",1,0,0,0,2,50,0,1476991902327,"true",1,0,"close"
