"gameid","sClicked_2","sClicked_1","lClickedIndex","sClicked_0","sClickedIndex","roundNum","lClicked_2","time","outcome","lClicked_0","lClicked_1","condition"
"7757-1",0,1,2,0,1,42,1,1476472735964,"true",0,0,"far"
"7757-1",0,0,2,1,0,48,1,1476472856518,"true",0,0,"split"
"7757-1",0,0,0,1,0,43,0,1476472754037,"true",1,0,"split"
"7757-1",1,0,2,0,2,49,1,1476472877171,"true",0,0,"split"
"7757-1",0,1,2,0,1,24,1,1476472254602,"true",0,0,"split"
"7757-1",0,0,1,1,0,25,0,1476472293525,"true",0,1,"close"
"7757-1",0,1,2,0,1,26,1,1476472313251,"true",0,0,"split"
"7757-1",1,0,1,0,2,27,0,1476472361376,"true",0,1,"close"
"7757-1",0,1,2,0,1,20,1,1476472152287,"true",0,0,"close"
"7757-1",0,0,1,1,0,21,0,1476472164267,"true",0,1,"split"
"7757-1",1,0,1,0,2,22,0,1476472185706,"true",0,1,"far"
"7757-1",0,1,1,0,1,23,0,1476472219574,"true",0,1,"far"
"7757-1",0,0,2,1,0,46,1,1476472799136,"true",0,0,"close"
"7757-1",0,1,2,0,1,47,1,1476472836401,"true",0,0,"close"
"7757-1",1,0,1,0,2,44,0,1476472765891,"true",0,1,"close"
"7757-1",0,1,0,0,1,45,0,1476472785659,"true",1,0,"close"
"7757-1",1,0,0,0,2,28,0,1476472380725,"true",1,0,"close"
"7757-1",0,0,2,1,0,29,1,1476472423844,"false",0,0,"close"
"7757-1",0,1,2,0,1,40,1,1476472701102,"true",0,0,"close"
"7757-1",1,0,1,0,2,41,0,1476472722621,"true",0,1,"far"
"7757-1",0,0,2,1,0,1,1,1476471638946,"true",0,0,"close"
"7757-1",1,0,2,0,2,3,1,1476471690416,"true",0,0,"far"
"7757-1",0,0,0,1,0,2,0,1476471670073,"true",1,0,"close"
"7757-1",0,1,1,0,1,5,0,1476471759765,"true",0,1,"close"
"7757-1",1,0,0,0,2,4,0,1476471720940,"true",1,0,"split"
"7757-1",1,0,0,0,2,7,0,1476471835612,"true",1,0,"close"
"7757-1",0,1,2,0,1,6,1,1476471807224,"false",0,0,"split"
"7757-1",0,0,1,1,0,9,0,1476471894050,"false",0,1,"far"
"7757-1",0,1,2,0,1,8,1,1476471860063,"true",0,0,"far"
"7757-1",0,1,0,0,1,39,0,1476472678887,"true",1,0,"far"
"7757-1",0,1,0,0,1,38,0,1476472644563,"false",1,0,"close"
"7757-1",1,0,1,0,2,11,0,1476471945259,"true",0,1,"close"
"7757-1",1,0,0,0,2,10,0,1476471920826,"true",1,0,"far"
"7757-1",1,0,1,0,2,13,0,1476472031180,"true",0,1,"split"
"7757-1",0,0,1,1,0,12,0,1476472008822,"true",0,1,"split"
"7757-1",1,0,1,0,2,15,0,1476472061986,"true",0,1,"split"
"7757-1",0,0,0,1,0,14,0,1476472048982,"true",1,0,"far"
"7757-1",0,1,0,0,1,17,0,1476472102023,"true",1,0,"far"
"7757-1",1,0,1,0,2,16,0,1476472075002,"true",0,1,"far"
"7757-1",0,0,1,1,0,19,0,1476472131631,"true",0,1,"far"
"7757-1",0,1,0,0,1,18,0,1476472121281,"true",1,0,"far"
"7757-1",0,0,2,1,0,31,1,1476472483695,"false",0,0,"close"
"7757-1",0,0,0,1,0,30,0,1476472448864,"true",1,0,"far"
"7757-1",0,1,1,0,1,37,0,1476472626882,"false",0,1,"split"
"7757-1",0,1,0,0,1,36,0,1476472609809,"true",1,0,"split"
"7757-1",1,0,1,0,2,35,0,1476472585788,"true",0,1,"far"
"7757-1",0,1,2,0,1,34,1,1476472556406,"true",0,0,"split"
"7757-1",1,0,1,0,2,33,0,1476472532074,"true",0,1,"split"
"7757-1",0,1,1,0,1,32,0,1476472510852,"true",0,1,"split"
"7757-1",0,1,2,0,1,50,1,1476472894401,"true",0,0,"far"
