"gameid","sClicked_2","sClicked_1","lClickedIndex","sClicked_0","sClickedIndex","roundNum","lClicked_2","time","outcome","lClicked_0","lClicked_1","condition"
"7758-a",1,0,2,0,2,42,1,1476480207742,"true",0,0,"far"
"7758-a",0,0,2,1,0,48,1,1476480291211,"true",0,0,"split"
"7758-a",0,1,0,0,1,43,0,1476480213896,"true",1,0,"split"
"7758-a",0,0,1,1,0,49,0,1476480299283,"true",0,1,"far"
"7758-a",0,0,1,1,0,24,0,1476479963797,"true",0,1,"far"
"7758-a",0,1,2,0,1,25,1,1476479976231,"true",0,0,"split"
"7758-a",0,0,0,1,0,26,0,1476479995895,"true",1,0,"close"
"7758-a",0,0,0,1,0,27,0,1476480019536,"true",1,0,"close"
"7758-a",1,0,2,0,2,20,1,1476479907130,"true",0,0,"split"
"7758-a",0,1,0,0,1,21,0,1476479914880,"false",1,0,"split"
"7758-a",1,0,1,0,2,22,0,1476479949595,"true",0,1,"split"
"7758-a",0,0,0,1,0,23,0,1476479956317,"true",1,0,"split"
"7758-a",1,0,2,0,2,46,1,1476480265572,"false",0,0,"split"
"7758-a",0,0,0,1,0,47,0,1476480278260,"true",1,0,"split"
"7758-a",0,1,1,0,1,44,0,1476480223980,"false",0,1,"far"
"7758-a",1,0,0,0,2,45,0,1476480250334,"true",1,0,"close"
"7758-a",0,1,0,0,1,28,0,1476480027267,"true",1,0,"close"
"7758-a",1,0,1,0,2,29,0,1476480037219,"true",0,1,"far"
"7758-a",0,1,2,0,1,40,1,1476480169091,"true",0,0,"far"
"7758-a",1,0,0,0,2,41,0,1476480200100,"true",1,0,"split"
"7758-a",0,0,0,1,0,1,0,1476479550700,"true",1,0,"far"
"7758-a",0,1,0,0,1,3,0,1476479583412,"true",1,0,"close"
"7758-a",1,0,1,0,2,2,0,1476479562984,"true",0,1,"close"
"7758-a",0,1,0,0,1,5,0,1476479604976,"true",1,0,"far"
"7758-a",1,0,2,0,2,4,1,1476479594390,"false",0,0,"split"
"7758-a",0,0,1,1,0,7,0,1476479661417,"true",0,1,"close"
"7758-a",1,0,1,0,2,6,0,1476479645601,"true",0,1,"close"
"7758-a",0,1,1,0,1,9,0,1476479682453,"true",0,1,"far"
"7758-a",1,0,2,0,2,8,1,1476479672368,"true",0,0,"far"
"7758-a",0,0,2,1,0,39,1,1476480162463,"true",0,0,"split"
"7758-a",0,1,1,0,1,38,0,1476480135929,"true",0,1,"far"
"7758-a",0,0,0,1,0,11,0,1476479723270,"true",1,0,"close"
"7758-a",0,0,1,1,0,10,0,1476479707059,"true",0,1,"split"
"7758-a",1,0,0,0,2,13,0,1476479766717,"true",1,0,"far"
"7758-a",0,0,2,1,0,12,1,1476479755845,"true",0,0,"close"
"7758-a",1,0,0,0,2,15,0,1476479780382,"true",1,0,"split"
"7758-a",0,1,0,0,1,14,0,1476479773839,"true",1,0,"close"
"7758-a",0,1,1,0,1,17,0,1476479850013,"true",0,1,"split"
"7758-a",0,1,1,0,1,16,0,1476479815217,"true",0,1,"close"
"7758-a",1,0,0,0,2,19,0,1476479883002,"true",1,0,"far"
"7758-a",0,0,1,1,0,18,0,1476479874134,"true",0,1,"split"
"7758-a",0,1,0,0,1,31,0,1476480052102,"true",1,0,"close"
"7758-a",1,0,1,0,2,30,0,1476480045840,"true",0,1,"close"
"7758-a",0,0,0,1,0,37,0,1476480129881,"true",1,0,"far"
"7758-a",0,1,1,0,1,36,0,1476480123069,"true",0,1,"far"
"7758-a",0,1,2,0,1,35,1,1476480112920,"true",0,0,"far"
"7758-a",1,0,0,0,2,34,0,1476480104684,"true",1,0,"far"
"7758-a",0,0,1,1,0,33,0,1476480097989,"true",0,1,"split"
"7758-a",1,0,0,0,2,32,0,1476480085834,"true",1,0,"close"
"7758-a",1,0,0,0,2,50,0,1476480315783,"true",1,0,"close"
