"gameid","sClicked_2","sClicked_1","lClickedIndex","sClicked_0","sClickedIndex","roundNum","lClicked_2","time","outcome","lClicked_0","lClicked_1","condition"
"7797-f",1,0,2,0,2,42,1,1476490624170,"true",0,0,"split"
"7797-f",1,0,2,0,2,48,1,1476490723729,"true",0,0,"far"
"7797-f",1,0,2,0,2,43,1,1476490647162,"false",0,0,"close"
"7797-f",0,0,0,1,0,49,0,1476490735298,"true",1,0,"split"
"7797-f",0,1,0,0,1,24,0,1476490089851,"true",1,0,"close"
"7797-f",1,0,1,0,2,25,0,1476490138227,"false",0,1,"close"
"7797-f",0,0,1,1,0,26,0,1476490172283,"true",0,1,"split"
"7797-f",1,0,1,0,2,27,0,1476490193722,"true",0,1,"far"
"7797-f",1,0,1,0,2,20,0,1476489988523,"false",0,1,"split"
"7797-f",1,0,1,0,2,21,0,1476490016605,"true",0,1,"split"
"7797-f",1,0,0,0,2,22,0,1476490034107,"true",1,0,"far"
"7797-f",0,1,0,0,1,23,0,1476490063363,"true",1,0,"far"
"7797-f",0,1,0,0,1,46,0,1476490690634,"true",1,0,"split"
"7797-f",1,0,2,0,2,47,1,1476490708402,"true",0,0,"close"
"7797-f",1,0,0,0,2,44,0,1476490657234,"true",1,0,"far"
"7797-f",0,1,2,0,1,45,1,1476490677826,"true",0,0,"far"
"7797-f",1,0,1,0,2,28,0,1476490233274,"true",0,1,"far"
"7797-f",1,0,2,0,2,29,1,1476490275459,"true",0,0,"close"
"7797-f",0,1,2,0,1,40,1,1476490595962,"true",0,0,"close"
"7797-f",1,0,1,0,2,41,0,1476490610035,"true",0,1,"far"
"7797-f",1,0,0,0,2,1,0,1476489462110,"true",1,0,"far"
"7797-f",0,1,0,0,1,3,0,1476489517020,"true",1,0,"split"
"7797-f",0,1,1,0,1,2,0,1476489494188,"false",0,1,"close"
"7797-f",0,0,2,1,0,5,1,1476489582868,"true",0,0,"split"
"7797-f",1,0,2,0,2,4,1,1476489546254,"false",0,0,"split"
"7797-f",1,0,1,0,2,7,0,1476489620180,"true",0,1,"split"
"7797-f",0,0,2,1,0,6,1,1476489600180,"true",0,0,"far"
"7797-f",0,1,1,0,1,9,0,1476489680212,"true",0,1,"close"
"7797-f",0,0,2,1,0,8,1,1476489648364,"true",0,0,"far"
"7797-f",0,0,2,1,0,39,1,1476490562763,"true",0,0,"close"
"7797-f",0,0,1,1,0,38,0,1476490544146,"true",0,1,"far"
"7797-f",1,0,0,0,2,11,0,1476489721772,"true",1,0,"split"
"7797-f",0,0,0,1,0,10,0,1476489695492,"true",1,0,"far"
"7797-f",0,1,1,0,1,13,0,1476489805420,"false",0,1,"close"
"7797-f",0,0,0,1,0,12,0,1476489760883,"false",1,0,"close"
"7797-f",0,0,1,1,0,15,0,1476489875531,"true",0,1,"close"
"7797-f",0,0,0,1,0,14,0,1476489844380,"true",1,0,"split"
"7797-f",0,1,0,0,1,17,0,1476489921211,"true",1,0,"far"
"7797-f",1,0,1,0,2,16,0,1476489900699,"true",0,1,"close"
"7797-f",0,1,0,0,1,19,0,1476489973100,"true",1,0,"split"
"7797-f",1,0,1,0,2,18,0,1476489949051,"true",0,1,"far"
"7797-f",1,0,2,0,2,31,1,1476490339051,"false",0,0,"split"
"7797-f",0,0,1,1,0,30,0,1476490310819,"true",0,1,"split"
"7797-f",1,0,0,0,2,37,0,1476490529755,"true",1,0,"close"
"7797-f",0,1,1,0,1,36,0,1476490490667,"true",0,1,"far"
"7797-f",0,1,0,0,1,35,0,1476490447826,"true",1,0,"close"
"7797-f",0,0,0,1,0,34,0,1476490425538,"true",1,0,"far"
"7797-f",1,0,1,0,2,33,0,1476490404467,"true",0,1,"split"
"7797-f",0,1,1,0,1,32,0,1476490377195,"true",0,1,"close"
"7797-f",0,1,1,0,1,50,0,1476490774947,"true",0,1,"split"
