"gameid","sClicked_2","sClicked_1","lClickedIndex","sClicked_0","sClickedIndex","roundNum","lClicked_2","time","outcome","lClicked_0","lClicked_1","condition"
"7804-6",1,0,2,0,2,42,1,1476990347299,"true",0,0,"far"
"7804-6",0,0,2,1,0,43,1,1476990363179,"true",0,0,"far"
"7804-6",0,1,0,0,1,24,0,1476990136488,"true",1,0,"split"
"7804-6",0,0,1,1,0,25,0,1476990142792,"true",0,1,"far"
"7804-6",1,0,1,0,2,26,0,1476990158760,"true",0,1,"close"
"7804-6",1,0,0,0,2,27,0,1476990167504,"true",1,0,"far"
"7804-6",0,1,2,0,1,20,1,1476990082576,"true",0,0,"close"
"7804-6",1,0,0,0,2,21,0,1476990097800,"true",1,0,"close"
"7804-6",0,1,0,0,1,22,0,1476990112521,"true",1,0,"close"
"7804-6",0,0,2,1,0,23,1,1476990126608,"true",0,0,"split"
"7804-6",0,1,1,0,1,46,0,1476990421260,"true",0,1,"split"
"7804-6",0,1,1,0,1,47,0,1476990435996,"true",0,1,"far"
"7804-6",0,1,1,0,1,44,0,1476990375667,"true",0,1,"far"
"7804-6",0,0,0,1,0,28,0,1476990175456,"true",1,0,"split"
"7804-6",0,1,2,0,1,29,1,1476990181449,"true",0,0,"far"
"7804-6",0,1,2,0,1,40,1,1476990325171,"true",0,0,"close"
"7804-6",0,1,1,0,1,41,0,1476990339595,"true",0,1,"close"
"7804-6",0,1,0,0,1,1,0,1476989789462,"true",1,0,"split"
"7804-6",0,1,1,0,1,3,0,1476989813244,"true",0,1,"split"
"7804-6",0,1,2,0,1,2,1,1476989802299,"true",0,0,"split"
"7804-6",0,1,2,0,1,5,1,1476989849861,"true",0,0,"split"
"7804-6",0,0,1,1,0,4,0,1476989828436,"true",0,1,"close"
"7804-6",0,1,2,0,1,6,1,1476989858876,"true",0,0,"split"
"7804-6",1,0,1,0,2,9,0,1476989923310,"true",0,1,"split"
"7804-6",1,0,2,0,2,39,1,1476990307883,"true",0,0,"close"
"7804-6",0,1,2,0,1,38,1,1476990295762,"true",0,0,"split"
"7804-6",1,0,2,0,2,11,1,1476989946349,"true",0,0,"far"
"7804-6",0,0,2,1,0,10,1,1476989934205,"true",0,0,"far"
"7804-6",1,0,0,0,2,13,0,1476989967502,"true",1,0,"far"
"7804-6",0,0,0,1,0,12,0,1476989958173,"true",1,0,"far"
"7804-6",1,0,2,0,2,15,1,1476990013431,"true",0,0,"close"
"7804-6",0,1,1,0,1,48,0,1476990447069,"true",0,1,"far"
"7804-6",0,1,0,0,1,17,0,1476990042510,"true",1,0,"split"
"7804-6",0,0,2,1,0,16,1,1476990030030,"true",0,0,"close"
"7804-6",0,1,0,0,1,19,0,1476990061599,"true",1,0,"far"
"7804-6",0,0,0,1,0,18,0,1476990055111,"true",1,0,"close"
"7804-6",0,1,2,0,1,31,1,1476990206506,"true",0,0,"split"
"7804-6",0,1,1,0,1,30,0,1476990194816,"true",0,1,"far"
"7804-6",0,0,2,1,0,37,1,1476990287571,"true",0,0,"split"
"7804-6",0,0,0,1,0,36,0,1476990278149,"true",1,0,"close"
"7804-6",1,0,0,0,2,35,0,1476990263522,"true",1,0,"split"
"7804-6",0,1,1,0,1,34,0,1476990253194,"true",0,1,"far"
"7804-6",1,0,2,0,2,33,1,1476990239793,"true",0,0,"far"
"7804-6",1,0,2,0,2,32,1,1476990232042,"true",0,0,"close"
"7804-6",0,1,1,0,1,50,0,1476990492021,"true",0,1,"split"
