"gameid","sClicked_2","sClicked_1","lClickedIndex","sClicked_0","sClickedIndex","roundNum","lClicked_2","time","outcome","lClicked_0","lClicked_1","condition"
"7811-5",1,0,0,0,2,42,0,1476992761983,"true",1,0,"far"
"7811-5",0,1,2,0,1,48,1,1476992813840,"true",0,0,"close"
"7811-5",0,0,2,1,0,43,1,1476992768456,"true",0,0,"far"
"7811-5",1,0,1,0,2,49,0,1476992820439,"true",0,1,"far"
"7811-5",0,0,2,1,0,24,1,1476992535744,"true",0,0,"close"
"7811-5",1,0,0,0,2,25,0,1476992556268,"true",1,0,"close"
"7811-5",0,0,0,1,0,26,0,1476992562530,"true",1,0,"far"
"7811-5",0,0,1,1,0,27,0,1476992569463,"true",0,1,"far"
"7811-5",1,0,1,0,2,20,0,1476992463721,"true",0,1,"split"
"7811-5",0,0,1,1,0,21,0,1476992478885,"true",0,1,"split"
"7811-5",0,1,1,0,1,22,0,1476992512139,"true",0,1,"close"
"7811-5",0,1,0,0,1,23,0,1476992521443,"true",1,0,"split"
"7811-5",0,1,1,0,1,46,0,1476992791588,"true",0,1,"far"
"7811-5",0,1,0,0,1,47,0,1476992800030,"true",1,0,"split"
"7811-5",1,0,2,0,2,44,1,1476992776818,"true",0,0,"split"
"7811-5",0,0,1,1,0,45,0,1476992784503,"false",0,1,"split"
"7811-5",0,1,0,0,1,28,0,1476992583954,"true",1,0,"close"
"7811-5",1,0,0,0,2,29,0,1476992598998,"true",1,0,"close"
"7811-5",0,1,2,0,1,40,1,1476992741885,"true",0,0,"close"
"7811-5",1,0,2,0,2,41,1,1476992755219,"true",0,0,"close"
"7811-5",0,1,0,0,1,1,0,1476992234563,"true",1,0,"split"
"7811-5",0,0,0,1,0,3,0,1476992257760,"true",1,0,"far"
"7811-5",1,0,2,0,2,2,1,1476992249608,"true",0,0,"split"
"7811-5",0,0,2,1,0,5,1,1476992278553,"true",0,0,"far"
"7811-5",0,1,1,0,1,4,0,1476992271399,"true",0,1,"split"
"7811-5",1,0,2,0,2,7,1,1476992341288,"true",0,0,"close"
"7811-5",0,1,2,0,1,6,1,1476992321479,"true",0,0,"close"
"7811-5",0,0,1,1,0,9,0,1476992364108,"true",0,1,"far"
"7811-5",1,0,1,0,2,8,0,1476992355813,"true",0,1,"far"
"7811-5",1,0,0,0,2,39,0,1476992729761,"true",1,0,"split"
"7811-5",0,1,1,0,1,38,0,1476992714953,"true",0,1,"far"
"7811-5",1,0,2,0,2,11,1,1476992379093,"true",0,0,"far"
"7811-5",0,0,2,1,0,10,1,1476992370776,"true",0,0,"far"
"7811-5",0,1,2,0,1,13,1,1476992391678,"true",0,0,"split"
"7811-5",0,0,1,1,0,12,0,1476992385083,"true",0,1,"far"
"7811-5",0,0,0,1,0,15,0,1476992411463,"true",1,0,"close"
"7811-5",0,1,1,0,1,14,0,1476992402128,"true",0,1,"split"
"7811-5",0,1,0,0,1,17,0,1476992426668,"true",1,0,"split"
"7811-5",0,1,0,0,1,16,0,1476992418331,"true",1,0,"far"
"7811-5",0,1,0,0,1,19,0,1476992453076,"true",1,0,"far"
"7811-5",0,0,2,1,0,18,1,1476992445348,"true",0,0,"close"
"7811-5",0,1,0,0,1,31,0,1476992613405,"true",1,0,"far"
"7811-5",0,0,1,1,0,30,0,1476992606410,"true",0,1,"split"
"7811-5",0,0,1,1,0,37,0,1476992707959,"true",0,1,"close"
"7811-5",0,0,1,1,0,36,0,1476992699853,"true",0,1,"close"
"7811-5",0,0,0,1,0,35,0,1476992683105,"true",1,0,"split"
"7811-5",1,0,1,0,2,34,0,1476992675184,"true",0,1,"close"
"7811-5",1,0,2,0,2,33,1,1476992643447,"true",0,0,"split"
"7811-5",1,0,1,0,2,32,0,1476992632128,"true",0,1,"close"
"7811-5",0,1,0,0,1,50,0,1476992829888,"true",1,0,"split"
