"gameid","sClicked_2","sClicked_1","lClickedIndex","sClicked_0","sClickedIndex","roundNum","lClicked_2","time","outcome","lClicked_0","lClicked_1","condition"
"7830-6",1,0,1,0,2,42,0,1476470175907,"true",0,1,"far"
"7830-6",0,1,2,0,1,48,1,1476470272992,"true",0,0,"split"
"7830-6",0,0,1,1,0,43,0,1476470188067,"true",0,1,"split"
"7830-6",0,0,2,1,0,49,1,1476470287273,"true",0,0,"far"
"7830-6",0,0,0,1,0,24,0,1476469854623,"true",1,0,"split"
"7830-6",0,0,1,1,0,25,0,1476469866922,"true",0,1,"split"
"7830-6",0,0,1,1,0,26,0,1476469886423,"true",0,1,"close"
"7830-6",1,0,2,0,2,27,1,1476469894941,"true",0,0,"close"
"7830-6",0,1,1,0,1,20,0,1476469808946,"false",0,1,"close"
"7830-6",1,0,2,0,2,21,1,1476469829269,"true",0,0,"split"
"7830-6",0,0,0,1,0,22,0,1476469837713,"true",1,0,"far"
"7830-6",0,0,0,1,0,23,0,1476469846551,"true",1,0,"far"
"7830-6",1,0,1,0,2,46,0,1476470242587,"false",0,1,"close"
"7830-6",1,0,2,0,2,47,1,1476470252590,"true",0,0,"far"
"7830-6",0,1,0,0,1,44,0,1476470200657,"true",1,0,"close"
"7830-6",0,0,2,1,0,45,1,1476470212052,"true",0,0,"far"
"7830-6",1,0,2,0,2,28,1,1476469916730,"true",0,0,"close"
"7830-6",0,0,0,1,0,29,0,1476469949092,"true",1,0,"close"
"7830-6",0,1,1,0,1,40,0,1476470156058,"true",0,1,"far"
"7830-6",1,0,2,0,2,41,1,1476470167033,"true",0,0,"far"
"7830-6",0,1,0,0,1,1,0,1476469511204,"true",1,0,"close"
"7830-6",0,1,1,0,1,3,0,1476469565440,"true",0,1,"close"
"7830-6",0,1,0,0,1,2,0,1476469528417,"false",1,0,"close"
"7830-6",0,0,0,1,0,5,0,1476469584146,"true",1,0,"far"
"7830-6",0,1,2,0,1,4,1,1476469576369,"true",0,0,"far"
"7830-6",0,0,2,1,0,7,1,1476469607533,"true",0,0,"split"
"7830-6",1,0,0,0,2,6,0,1476469592763,"true",1,0,"far"
"7830-6",1,0,2,0,2,9,1,1476469624671,"true",0,0,"far"
"7830-6",0,0,1,1,0,8,0,1476469615909,"true",0,1,"far"
"7830-6",1,0,0,0,2,39,0,1476470147304,"true",1,0,"close"
"7830-6",1,0,2,0,2,38,1,1476470112218,"false",0,0,"close"
"7830-6",0,0,0,1,0,11,0,1476469648483,"true",1,0,"split"
"7830-6",0,0,2,1,0,10,1,1476469639073,"false",0,0,"close"
"7830-6",1,0,0,0,2,13,0,1476469695332,"true",1,0,"close"
"7830-6",1,0,2,0,2,12,1,1476469668295,"true",0,0,"split"
"7830-6",1,0,1,0,2,15,0,1476469729561,"true",0,1,"split"
"7830-6",0,1,0,0,1,14,0,1476469703252,"true",1,0,"split"
"7830-6",0,0,0,1,0,17,0,1476469753146,"true",1,0,"far"
"7830-6",1,0,0,0,2,16,0,1476469739952,"true",1,0,"far"
"7830-6",1,0,0,0,2,19,0,1476469779756,"true",1,0,"split"
"7830-6",0,1,0,0,1,18,0,1476469764684,"true",1,0,"split"
"7830-6",0,1,2,0,1,31,1,1476469986634,"true",0,0,"close"
"7830-6",0,1,1,0,1,30,0,1476469962630,"true",0,1,"split"
"7830-6",0,0,0,1,0,37,0,1476470070836,"true",1,0,"close"
"7830-6",0,0,2,1,0,36,1,1476470043720,"true",0,0,"far"
"7830-6",0,1,0,0,1,35,0,1476470034883,"true",1,0,"far"
"7830-6",0,1,1,0,1,34,0,1476470020262,"true",0,1,"split"
"7830-6",0,1,1,0,1,33,0,1476470012343,"true",0,1,"split"
"7830-6",0,0,0,1,0,32,0,1476469994890,"true",1,0,"split"
"7830-6",0,0,0,1,0,50,0,1476470309253,"true",1,0,"split"
