"gameid","sClicked_2","sClicked_1","lClickedIndex","sClicked_0","sClickedIndex","roundNum","lClicked_2","time","outcome","lClicked_0","lClicked_1","condition"
"7831-a",1,0,0,0,2,42,0,1476991341094,"true",1,0,"close"
"7831-a",1,0,1,0,2,48,0,1476991408436,"false",0,1,"split"
"7831-a",0,1,2,0,1,43,1,1476991348412,"true",0,0,"far"
"7831-a",1,0,2,0,2,49,1,1476991422918,"true",0,0,"far"
"7831-a",1,0,0,0,2,24,0,1476991091895,"true",1,0,"split"
"7831-a",1,0,2,0,2,25,1,1476991129015,"true",0,0,"close"
"7831-a",1,0,2,0,2,26,1,1476991146662,"true",0,0,"split"
"7831-a",1,0,1,0,2,27,0,1476991158060,"true",0,1,"close"
"7831-a",0,0,2,1,0,20,1,1476990991834,"true",0,0,"close"
"7831-a",1,0,1,0,2,21,0,1476991008380,"true",0,1,"far"
"7831-a",1,0,1,0,2,22,0,1476991022914,"false",0,1,"far"
"7831-a",1,0,1,0,2,23,0,1476991061455,"true",0,1,"close"
"7831-a",0,0,1,1,0,46,0,1476991382075,"true",0,1,"close"
"7831-a",0,1,0,0,1,47,0,1476991389109,"true",1,0,"far"
"7831-a",1,0,0,0,2,44,0,1476991361599,"true",1,0,"far"
"7831-a",0,1,0,0,1,45,0,1476991371228,"true",1,0,"close"
"7831-a",0,1,1,0,1,28,0,1476991168452,"true",0,1,"far"
"7831-a",0,1,1,0,1,29,0,1476991181374,"true",0,1,"far"
"7831-a",0,0,0,1,0,40,0,1476991313685,"true",1,0,"far"
"7831-a",0,0,0,1,0,41,0,1476991324701,"true",1,0,"far"
"7831-a",1,0,1,0,2,1,0,1476990739504,"true",0,1,"far"
"7831-a",0,1,1,0,1,3,0,1476990783534,"true",0,1,"split"
"7831-a",0,0,0,1,0,2,0,1476990773293,"true",1,0,"close"
"7831-a",0,0,0,1,0,5,0,1476990798008,"true",1,0,"split"
"7831-a",0,1,2,0,1,4,1,1476990790993,"true",0,0,"far"
"7831-a",0,0,1,1,0,7,0,1476990818334,"true",0,1,"far"
"7831-a",0,1,1,0,1,6,0,1476990809984,"true",0,1,"close"
"7831-a",1,0,0,0,2,9,0,1476990838709,"true",1,0,"split"
"7831-a",1,0,0,0,2,8,0,1476990828325,"true",1,0,"split"
"7831-a",0,0,2,1,0,39,1,1476991303011,"true",0,0,"split"
"7831-a",0,1,1,0,1,38,0,1476991294380,"true",0,1,"split"
"7831-a",0,0,1,1,0,11,0,1476990865196,"true",0,1,"split"
"7831-a",1,0,1,0,2,10,0,1476990847450,"true",0,1,"split"
"7831-a",0,1,0,0,1,13,0,1476990896010,"true",1,0,"split"
"7831-a",0,1,2,0,1,12,1,1476990879774,"true",0,0,"close"
"7831-a",0,0,1,1,0,15,0,1476990927453,"true",0,1,"split"
"7831-a",0,0,1,1,0,14,0,1476990907942,"true",0,1,"far"
"7831-a",1,0,1,0,2,17,0,1476990947417,"true",0,1,"close"
"7831-a",0,0,1,1,0,16,0,1476990938821,"true",0,1,"close"
"7831-a",0,0,2,1,0,19,1,1476990981836,"true",0,0,"close"
"7831-a",0,0,1,1,0,18,0,1476990961250,"true",0,1,"split"
"7831-a",0,1,1,0,1,31,0,1476991201000,"true",0,1,"split"
"7831-a",0,0,2,1,0,30,1,1476991190285,"true",0,0,"close"
"7831-a",0,0,2,1,0,37,1,1476991277221,"true",0,0,"far"
"7831-a",1,0,0,0,2,36,0,1476991270175,"true",1,0,"close"
"7831-a",0,0,2,1,0,35,1,1476991252701,"true",0,0,"far"
"7831-a",0,1,2,0,1,34,1,1476991244156,"false",0,0,"close"
"7831-a",0,0,0,1,0,33,0,1476991230924,"true",1,0,"far"
"7831-a",0,1,2,0,1,32,1,1476991218255,"false",0,0,"close"
"7831-a",1,0,1,0,2,50,0,1476991433279,"true",0,1,"split"
