"gameid","sClicked_2","sClicked_1","lClickedIndex","sClicked_0","sClickedIndex","roundNum","lClicked_2","time","outcome","lClicked_0","lClicked_1","condition"
"7845-0",1,0,2,0,2,42,1,1476488736097,"false",0,0,"close"
"7845-0",1,0,0,0,2,48,0,1476488883460,"true",1,0,"split"
"7845-0",1,0,2,0,2,43,1,1476488759758,"true",0,0,"close"
"7845-0",0,1,0,0,1,49,0,1476488912272,"true",1,0,"close"
"7845-0",0,1,0,0,1,24,0,1476488313784,"false",1,0,"close"
"7845-0",0,1,2,0,1,25,1,1476488338365,"true",0,0,"split"
"7845-0",1,0,2,0,2,26,1,1476488351585,"true",0,0,"close"
"7845-0",0,1,1,0,1,27,0,1476488380451,"true",0,1,"split"
"7845-0",0,1,2,0,1,20,1,1476488231173,"true",0,0,"close"
"7845-0",0,1,0,0,1,21,0,1476488243652,"true",1,0,"far"
"7845-0",0,1,0,0,1,22,0,1476488257623,"true",1,0,"far"
"7845-0",1,0,1,0,2,23,0,1476488292013,"false",0,1,"close"
"7845-0",0,0,2,1,0,46,1,1476488832944,"true",0,0,"far"
"7845-0",1,0,2,0,2,47,1,1476488851817,"true",0,0,"split"
"7845-0",0,1,2,0,1,44,1,1476488785851,"true",0,0,"split"
"7845-0",1,0,0,0,2,45,0,1476488824670,"false",1,0,"split"
"7845-0",0,1,0,0,1,28,0,1476488391226,"true",1,0,"far"
"7845-0",1,0,2,0,2,29,1,1476488432745,"true",0,0,"far"
"7845-0",0,0,0,1,0,40,0,1476488682738,"false",1,0,"far"
"7845-0",0,0,0,1,0,41,0,1476488701675,"true",1,0,"close"
"7845-0",0,0,2,1,0,1,1,1476487688850,"true",0,0,"far"
"7845-0",1,0,0,0,2,3,0,1476487746965,"true",1,0,"split"
"7845-0",0,1,1,0,1,2,0,1476487718160,"true",0,1,"far"
"7845-0",0,0,2,1,0,5,1,1476487836558,"true",0,0,"split"
"7845-0",1,0,0,0,2,4,0,1476487771714,"false",1,0,"close"
"7845-0",1,0,1,0,2,7,0,1476487916515,"false",0,1,"far"
"7845-0",0,0,0,1,0,6,0,1476487857525,"true",1,0,"far"
"7845-0",0,0,1,1,0,9,0,1476487967692,"true",0,1,"split"
"7845-0",1,0,1,0,2,8,0,1476487956586,"true",0,1,"split"
"7845-0",0,1,0,0,1,39,0,1476488671931,"false",1,0,"far"
"7845-0",0,0,2,1,0,38,1,1476488641850,"true",0,0,"close"
"7845-0",1,0,1,0,2,11,0,1476488029240,"true",0,1,"far"
"7845-0",0,0,1,1,0,10,0,1476488017374,"false",0,1,"close"
"7845-0",0,1,0,0,1,13,0,1476488090453,"true",1,0,"close"
"7845-0",0,0,2,1,0,12,1,1476488065814,"true",0,0,"close"
"7845-0",0,0,0,1,0,15,0,1476488118350,"true",1,0,"far"
"7845-0",0,1,2,0,1,14,1,1476488104057,"true",0,0,"split"
"7845-0",1,0,2,0,2,17,1,1476488144344,"true",0,0,"far"
"7845-0",1,0,1,0,2,16,0,1476488131736,"true",0,1,"close"
"7845-0",1,0,0,0,2,19,0,1476488218012,"true",1,0,"close"
"7845-0",0,1,0,0,1,18,0,1476488177129,"true",1,0,"close"
"7845-0",0,0,2,1,0,31,1,1476488497623,"false",0,0,"split"
"7845-0",0,1,0,0,1,30,0,1476488472347,"false",1,0,"split"
"7845-0",1,0,1,0,2,37,0,1476488624582,"true",0,1,"split"
"7845-0",1,0,0,0,2,36,0,1476488606195,"true",1,0,"far"
"7845-0",0,0,2,1,0,35,1,1476488593892,"true",0,0,"far"
"7845-0",0,1,0,0,1,34,0,1476488578579,"true",1,0,"split"
"7845-0",0,1,2,0,1,33,1,1476488561951,"true",0,0,"far"
"7845-0",0,0,2,1,0,32,1,1476488545441,"true",0,0,"close"
"7845-0",1,0,2,0,2,50,1,1476488939431,"true",0,0,"split"
