"gameid","sClicked_2","sClicked_1","lClickedIndex","sClicked_0","sClickedIndex","roundNum","lClicked_2","time","outcome","lClicked_0","lClicked_1","condition"
"7850-e",1,0,2,0,2,42,1,1459883144371,"true",0,0,"close"
"7850-e",1,0,1,0,2,48,0,1459883219637,"true",0,1,"far"
"7850-e",0,0,0,1,0,43,0,1459883180852,"true",1,0,"close"
"7850-e",0,1,1,0,1,49,0,1459883259453,"true",0,1,"close"
"7850-e",0,1,1,0,1,24,0,1459882866517,"true",0,1,"close"
"7850-e",1,0,0,0,2,25,0,1459882887472,"true",1,0,"split"
"7850-e",1,0,0,0,2,26,0,1459882894958,"true",1,0,"far"
"7850-e",0,1,1,0,1,27,0,1459882903406,"true",0,1,"far"
"7850-e",0,0,1,1,0,20,0,1459882806604,"true",0,1,"far"
"7850-e",0,1,2,0,1,21,1,1459882826373,"true",0,0,"close"
"7850-e",0,1,1,0,1,22,0,1459882834990,"true",0,1,"far"
"7850-e",0,0,2,1,0,23,1,1459882858909,"true",0,0,"close"
"7850-e",0,1,2,0,1,46,1,1459883205860,"true",0,0,"split"
"7850-e",0,0,0,1,0,47,0,1459883213485,"true",1,0,"close"
"7850-e",1,0,0,0,2,44,0,1459883187768,"true",1,0,"far"
"7850-e",0,1,2,0,1,45,1,1459883194244,"true",0,0,"split"
"7850-e",0,1,1,0,1,28,0,1459882909534,"false",0,1,"far"
"7850-e",0,0,1,1,0,29,0,1459882942425,"true",0,1,"split"
"7850-e",0,0,1,1,0,40,0,1459883078796,"true",0,1,"close"
"7850-e",0,0,1,1,0,41,0,1459883129699,"true",0,1,"close"
"7850-e",1,0,1,0,2,1,0,1459882551656,"false",0,1,"split"
"7850-e",1,0,0,0,2,3,0,1459882571155,"true",1,0,"far"
"7850-e",0,0,1,1,0,2,0,1459882563184,"false",0,1,"split"
"7850-e",1,0,2,0,2,5,1,1459882585924,"true",0,0,"split"
"7850-e",1,0,1,0,2,4,0,1459882578704,"true",0,1,"far"
"7850-e",0,1,2,0,1,7,1,1459882605496,"true",0,0,"split"
"7850-e",0,0,2,1,0,6,1,1459882593328,"true",0,0,"far"
"7850-e",0,1,0,0,1,9,0,1459882632932,"true",1,0,"far"
"7850-e",0,1,2,0,1,8,1,1459882621065,"false",0,0,"close"
"7850-e",0,0,0,1,0,39,0,1459883067017,"true",1,0,"close"
"7850-e",0,1,1,0,1,38,0,1459883033657,"true",0,1,"split"
"7850-e",1,0,1,0,2,11,0,1459882662889,"true",0,1,"split"
"7850-e",1,0,1,0,2,10,0,1459882642706,"true",0,1,"far"
"7850-e",1,0,0,0,2,13,0,1459882731246,"true",1,0,"close"
"7850-e",0,0,2,1,0,12,1,1459882720963,"true",0,0,"close"
"7850-e",0,0,0,1,0,15,0,1459882756518,"true",1,0,"split"
"7850-e",0,0,0,1,0,14,0,1459882749555,"true",1,0,"split"
"7850-e",1,0,2,0,2,17,1,1459882774348,"true",0,0,"split"
"7850-e",0,0,2,1,0,16,1,1459882765269,"true",0,0,"far"
"7850-e",1,0,0,0,2,19,0,1459882800132,"true",1,0,"split"
"7850-e",0,0,2,1,0,18,1,1459882785100,"true",0,0,"split"
"7850-e",0,1,0,0,1,31,0,1459882974946,"true",1,0,"far"
"7850-e",0,0,0,1,0,30,0,1459882966680,"true",1,0,"split"
"7850-e",0,0,1,1,0,37,0,1459883018873,"true",0,1,"close"
"7850-e",1,0,0,0,2,36,0,1459883012168,"true",1,0,"far"
"7850-e",1,0,0,0,2,35,0,1459883004977,"true",1,0,"far"
"7850-e",1,0,1,0,2,34,0,1459882997192,"true",0,1,"split"
"7850-e",1,0,1,0,2,33,0,1459882990953,"true",0,1,"far"
"7850-e",1,0,0,0,2,32,0,1459882984160,"true",1,0,"close"
"7850-e",0,1,0,0,1,50,0,1459883277141,"true",1,0,"close"
