"gameid","sClicked_2","sClicked_1","lClickedIndex","sClicked_0","sClickedIndex","roundNum","lClicked_2","time","outcome","lClicked_0","lClicked_1","condition"
"7859-5",0,0,1,1,0,42,0,1476472544951,"true",0,1,"far"
"7859-5",0,1,0,0,1,48,0,1476472641533,"true",1,0,"split"
"7859-5",0,0,1,1,0,43,0,1476472551694,"true",0,1,"far"
"7859-5",0,1,2,0,1,49,1,1476472649096,"true",0,0,"far"
"7859-5",0,1,2,0,1,24,1,1476472345494,"true",0,0,"far"
"7859-5",0,1,0,0,1,25,0,1476472352653,"true",1,0,"far"
"7859-5",0,1,1,0,1,26,0,1476472379141,"true",0,1,"split"
"7859-5",0,0,1,1,0,27,0,1476472385958,"true",0,1,"far"
"7859-5",0,1,1,0,1,20,0,1476472293852,"true",0,1,"far"
"7859-5",0,0,1,1,0,21,0,1476472307561,"true",0,1,"split"
"7859-5",0,1,2,0,1,22,1,1476472319398,"true",0,0,"far"
"7859-5",0,1,0,0,1,23,0,1476472335038,"true",1,0,"close"
"7859-5",1,0,0,0,2,46,0,1476472581017,"true",1,0,"close"
"7859-5",1,0,1,0,2,47,0,1476472625517,"false",0,1,"split"
"7859-5",0,0,1,1,0,44,0,1476472559367,"true",0,1,"split"
"7859-5",1,0,2,0,2,45,1,1476472565920,"true",0,0,"far"
"7859-5",1,0,0,0,2,28,0,1476472405983,"false",1,0,"far"
"7859-5",1,0,2,0,2,29,1,1476472412262,"true",0,0,"far"
"7859-5",1,0,2,0,2,40,1,1476472528927,"true",0,0,"far"
"7859-5",1,0,0,0,2,41,0,1476472537520,"true",1,0,"split"
"7859-5",1,0,2,0,2,1,1,1476471887155,"false",0,0,"close"
"7859-5",0,1,2,0,1,3,1,1476471937772,"true",0,0,"far"
"7859-5",0,1,0,0,1,2,0,1476471909682,"true",1,0,"split"
"7859-5",0,1,2,0,1,5,1,1476471995379,"true",0,0,"close"
"7859-5",0,1,2,0,1,4,1,1476471967383,"true",0,0,"split"
"7859-5",0,0,1,1,0,7,0,1476472040140,"true",0,1,"split"
"7859-5",1,0,0,0,2,6,0,1476472015145,"true",1,0,"split"
"7859-5",0,1,1,0,1,9,0,1476472091349,"true",0,1,"close"
"7859-5",0,1,2,0,1,8,1,1476472064771,"true",0,0,"close"
"7859-5",0,1,2,0,1,39,1,1476472519266,"true",0,0,"far"
"7859-5",1,0,0,0,2,38,0,1476472510490,"true",1,0,"close"
"7859-5",1,0,0,0,2,11,0,1476472124476,"true",1,0,"split"
"7859-5",0,0,2,1,0,10,1,1476472110641,"true",0,0,"split"
"7859-5",1,0,2,0,2,13,1,1476472158883,"true",0,0,"close"
"7859-5",0,0,1,1,0,12,0,1476472140078,"true",0,1,"split"
"7859-5",0,0,1,1,0,15,0,1476472225890,"true",0,1,"close"
"7859-5",0,0,0,1,0,14,0,1476472170356,"true",1,0,"split"
"7859-5",0,1,2,0,1,17,1,1476472263678,"true",0,0,"close"
"7859-5",0,0,1,1,0,16,0,1476472244957,"true",0,1,"close"
"7859-5",1,0,0,0,2,19,0,1476472283044,"true",1,0,"close"
"7859-5",1,0,1,0,2,18,0,1476472273721,"true",0,1,"far"
"7859-5",1,0,1,0,2,31,0,1476472426830,"true",0,1,"split"
"7859-5",0,1,1,0,1,30,0,1476472418921,"true",0,1,"far"
"7859-5",0,1,0,0,1,37,0,1476472499593,"true",1,0,"far"
"7859-5",0,0,0,1,0,36,0,1476472489223,"true",1,0,"close"
"7859-5",0,0,2,1,0,35,1,1476472469320,"true",0,0,"split"
"7859-5",0,1,0,0,1,34,0,1476472462327,"true",1,0,"close"
"7859-5",0,0,0,1,0,33,0,1476472451103,"true",1,0,"close"
"7859-5",0,1,0,0,1,32,0,1476472442096,"false",1,0,"close"
"7859-5",0,0,2,1,0,50,1,1476472656353,"true",0,0,"split"
