"gameid","sClicked_2","sClicked_1","lClickedIndex","sClicked_0","sClickedIndex","roundNum","lClicked_2","time","outcome","lClicked_0","lClicked_1","condition"
"7862-1",1,0,1,0,2,42,0,1476500394607,"true",0,1,"split"
"7862-1",0,1,2,0,1,48,1,1476500556708,"true",0,0,"close"
"7862-1",1,0,0,0,2,43,0,1476500419399,"true",1,0,"split"
"7862-1",0,1,2,0,1,49,1,1476500567926,"true",0,0,"far"
"7862-1",0,1,1,0,1,24,0,1476500048067,"true",0,1,"split"
"7862-1",0,1,2,0,1,25,1,1476500066763,"true",0,0,"split"
"7862-1",0,1,2,0,1,26,1,1476500080152,"true",0,0,"far"
"7862-1",1,0,1,0,2,27,0,1476500098194,"true",0,1,"far"
"7862-1",0,0,1,1,0,20,0,1476499937053,"true",0,1,"close"
"7862-1",1,0,2,0,2,21,1,1476499976157,"true",0,0,"split"
"7862-1",0,1,2,0,1,22,1,1476499989036,"true",0,0,"close"
"7862-1",0,0,1,1,0,23,0,1476500023531,"true",0,1,"close"
"7862-1",1,0,1,0,2,46,0,1476500491607,"false",0,1,"close"
"7862-1",0,1,2,0,1,47,1,1476500530421,"true",0,0,"split"
"7862-1",0,0,1,1,0,44,0,1476500446574,"true",0,1,"close"
"7862-1",0,0,0,1,0,45,0,1476500457895,"true",1,0,"far"
"7862-1",1,0,1,0,2,28,0,1476500118635,"true",0,1,"far"
"7862-1",1,0,0,0,2,29,0,1476500139396,"true",1,0,"far"
"7862-1",0,0,1,1,0,40,0,1476500368126,"true",0,1,"close"
"7862-1",0,1,0,0,1,41,0,1476500384527,"true",1,0,"close"
"7862-1",0,1,1,0,1,1,0,1476499273032,"true",0,1,"split"
"7862-1",1,0,0,0,2,3,0,1476499367844,"true",1,0,"close"
"7862-1",0,1,1,0,1,2,0,1476499303191,"true",0,1,"close"
"7862-1",0,0,0,1,0,5,0,1476499462123,"true",1,0,"close"
"7862-1",0,1,0,0,1,4,0,1476499390780,"false",1,0,"close"
"7862-1",1,0,0,0,2,7,0,1476499516707,"true",1,0,"split"
"7862-1",0,0,2,1,0,6,1,1476499480968,"true",0,0,"split"
"7862-1",1,0,1,0,2,9,0,1476499592186,"true",0,1,"split"
"7862-1",1,0,0,0,2,8,0,1476499541523,"true",1,0,"far"
"7862-1",1,0,0,0,2,39,0,1476500351303,"true",1,0,"far"
"7862-1",0,0,0,1,0,38,0,1476500340328,"true",1,0,"far"
"7862-1",1,0,2,0,2,11,1,1476499706635,"true",0,0,"close"
"7862-1",0,0,0,1,0,10,0,1476499659893,"true",1,0,"close"
"7862-1",0,1,1,0,1,13,0,1476499735335,"true",0,1,"far"
"7862-1",0,1,0,0,1,12,0,1476499720738,"true",1,0,"far"
"7862-1",0,0,1,1,0,15,0,1476499774127,"true",0,1,"far"
"7862-1",1,0,0,0,2,14,0,1476499761532,"true",1,0,"split"
"7862-1",0,1,1,0,1,17,0,1476499831910,"true",0,1,"close"
"7862-1",0,0,0,1,0,16,0,1476499804248,"true",1,0,"close"
"7862-1",0,1,0,0,1,19,0,1476499890342,"true",1,0,"far"
"7862-1",1,0,1,0,2,18,0,1476499856918,"true",0,1,"split"
"7862-1",0,1,0,0,1,31,0,1476500181778,"true",1,0,"split"
"7862-1",0,1,0,0,1,30,0,1476500158507,"true",1,0,"far"
"7862-1",0,0,2,1,0,37,1,1476500329040,"true",0,0,"far"
"7862-1",1,0,0,0,2,36,0,1476500317552,"true",1,0,"split"
"7862-1",0,1,1,0,1,35,0,1476500300083,"true",0,1,"split"
"7862-1",0,1,1,0,1,34,0,1476500270953,"true",0,1,"far"
"7862-1",0,0,0,1,0,33,0,1476500260018,"true",1,0,"close"
"7862-1",0,0,0,1,0,32,0,1476500215905,"false",1,0,"split"
"7862-1",0,0,1,1,0,50,0,1476500582619,"true",0,1,"split"
