"gameid","sClicked_2","sClicked_1","lClickedIndex","sClicked_0","sClickedIndex","roundNum","lClicked_2","time","outcome","lClicked_0","lClicked_1","condition"
"7875-f",1,0,1,0,2,42,0,1476485231563,"true",0,1,"far"
"7875-f",0,1,2,0,1,48,1,1476485388320,"true",0,0,"far"
"7875-f",0,0,1,1,0,43,0,1476485277159,"true",0,1,"split"
"7875-f",0,0,0,1,0,49,0,1476485446190,"false",1,0,"close"
"7875-f",1,0,0,0,2,24,0,1476484706072,"true",1,0,"split"
"7875-f",1,0,0,0,2,25,0,1476484728159,"true",1,0,"close"
"7875-f",1,0,0,0,2,26,0,1476484765663,"true",1,0,"close"
"7875-f",0,1,1,0,1,27,0,1476484796760,"true",0,1,"close"
"7875-f",1,0,1,0,2,20,0,1476484615526,"true",0,1,"far"
"7875-f",0,0,2,1,0,21,1,1476484646609,"true",0,0,"split"
"7875-f",0,0,2,1,0,22,1,1476484657212,"true",0,0,"far"
"7875-f",0,1,2,0,1,23,1,1476484696614,"true",0,0,"close"
"7875-f",0,0,0,1,0,46,0,1476485350873,"true",1,0,"far"
"7875-f",0,1,0,0,1,47,0,1476485364299,"true",1,0,"far"
"7875-f",0,0,2,1,0,44,1,1476485316761,"true",0,0,"close"
"7875-f",0,1,2,0,1,45,1,1476485338138,"true",0,0,"split"
"7875-f",0,1,1,0,1,28,0,1476484826094,"true",0,1,"close"
"7875-f",0,0,1,1,0,29,0,1476484858265,"true",0,1,"close"
"7875-f",1,0,1,0,2,40,0,1476485156320,"true",0,1,"close"
"7875-f",1,0,0,0,2,41,0,1476485201511,"true",1,0,"close"
"7875-f",1,0,0,0,2,1,0,1476484200565,"true",1,0,"far"
"7875-f",0,0,0,1,0,3,0,1476484235651,"true",1,0,"far"
"7875-f",0,0,2,1,0,2,1,1476484215512,"true",0,0,"split"
"7875-f",0,0,0,1,0,5,0,1476484284703,"true",1,0,"far"
"7875-f",0,1,1,0,1,4,0,1476484270310,"true",0,1,"split"
"7875-f",0,0,1,1,0,7,0,1476484349429,"false",0,1,"far"
"7875-f",1,0,0,0,2,6,0,1476484338158,"false",1,0,"close"
"7875-f",1,0,0,0,2,9,0,1476484397521,"true",1,0,"close"
"7875-f",0,0,0,1,0,8,0,1476484366538,"true",1,0,"split"
"7875-f",1,0,2,0,2,39,1,1476485109785,"true",0,0,"split"
"7875-f",1,0,2,0,2,38,1,1476485079967,"true",0,0,"close"
"7875-f",0,1,0,0,1,11,0,1476484432110,"true",1,0,"split"
"7875-f",0,1,1,0,1,10,0,1476484417795,"true",0,1,"close"
"7875-f",0,1,2,0,1,13,1,1476484460248,"true",0,0,"split"
"7875-f",0,0,2,1,0,12,1,1476484443132,"true",0,0,"far"
"7875-f",0,0,0,1,0,15,0,1476484494524,"true",1,0,"split"
"7875-f",0,0,2,1,0,14,1,1476484468774,"true",0,0,"split"
"7875-f",0,0,0,1,0,17,0,1476484524819,"true",1,0,"far"
"7875-f",0,1,0,0,1,16,0,1476484514527,"true",1,0,"split"
"7875-f",1,0,0,0,2,19,0,1476484595487,"true",1,0,"far"
"7875-f",1,0,2,0,2,18,1,1476484579914,"true",0,0,"far"
"7875-f",0,0,1,1,0,31,0,1476484884469,"true",0,1,"far"
"7875-f",0,0,1,1,0,30,0,1476484875033,"true",0,1,"split"
"7875-f",1,0,0,0,2,37,0,1476485051737,"true",1,0,"close"
"7875-f",1,0,2,0,2,36,1,1476485029465,"true",0,0,"far"
"7875-f",0,1,0,0,1,35,0,1476485006453,"true",1,0,"far"
"7875-f",0,0,2,1,0,34,1,1476484974801,"true",0,0,"split"
"7875-f",0,0,0,1,0,33,0,1476484936885,"true",1,0,"split"
"7875-f",0,0,2,1,0,32,1,1476484919655,"true",0,0,"close"
"7875-f",0,1,2,0,1,50,1,1476485474478,"true",0,0,"close"
