"gameid","sClicked_2","sClicked_1","lClickedIndex","sClicked_0","sClickedIndex","roundNum","lClicked_2","time","outcome","lClicked_0","lClicked_1","condition"
"7879-8",0,1,1,0,1,42,0,1476996773771,"true",0,1,"far"
"7879-8",1,0,1,0,2,48,0,1476996830469,"false",0,1,"close"
"7879-8",0,1,2,0,1,43,1,1476996789435,"true",0,0,"close"
"7879-8",1,0,1,0,2,49,0,1476996836313,"true",0,1,"far"
"7879-8",1,0,2,0,2,24,1,1476996622816,"true",0,0,"far"
"7879-8",1,0,0,0,2,25,0,1476996632315,"true",1,0,"split"
"7879-8",0,1,1,0,1,26,0,1476996638201,"true",0,1,"close"
"7879-8",1,0,1,0,2,27,0,1476996653173,"true",0,1,"close"
"7879-8",1,0,0,0,2,20,0,1476996592488,"false",1,0,"close"
"7879-8",0,1,1,0,1,21,0,1476996603393,"true",0,1,"split"
"7879-8",0,1,2,0,1,22,1,1476996610870,"true",0,0,"far"
"7879-8",0,1,1,0,1,23,0,1476996616568,"true",0,1,"far"
"7879-8",0,0,2,1,0,46,1,1476996810777,"true",0,0,"far"
"7879-8",0,1,2,0,1,47,1,1476996819365,"true",0,0,"close"
"7879-8",0,1,1,0,1,44,0,1476996796512,"false",0,1,"far"
"7879-8",0,1,2,0,1,45,1,1476996803674,"true",0,0,"far"
"7879-8",1,0,1,0,2,28,0,1476996659354,"true",0,1,"split"
"7879-8",1,0,1,0,2,29,0,1476996666577,"true",0,1,"far"
"7879-8",0,0,0,1,0,40,0,1476996759697,"true",1,0,"close"
"7879-8",1,0,0,0,2,41,0,1476996766654,"true",1,0,"split"
"7879-8",0,0,2,1,0,1,1,1476996412602,"false",0,0,"split"
"7879-8",0,1,0,0,1,3,0,1476996445124,"true",1,0,"close"
"7879-8",1,0,1,0,2,2,0,1476996431166,"true",0,1,"split"
"7879-8",0,1,1,0,1,5,0,1476996471827,"true",0,1,"split"
"7879-8",1,0,1,0,2,4,0,1476996456724,"true",0,1,"far"
"7879-8",0,0,0,1,0,7,0,1476996486552,"true",1,0,"far"
"7879-8",1,0,0,0,2,6,0,1476996480262,"true",1,0,"close"
"7879-8",0,1,2,0,1,9,1,1476996502242,"true",0,0,"split"
"7879-8",1,0,2,0,2,8,1,1476996492541,"true",0,0,"far"
"7879-8",0,0,2,1,0,39,1,1476996750445,"true",0,0,"close"
"7879-8",0,1,0,0,1,38,0,1476996742643,"true",1,0,"close"
"7879-8",0,0,2,1,0,11,1,1476996514252,"true",0,0,"split"
"7879-8",0,0,1,1,0,10,0,1476996508068,"true",0,1,"split"
"7879-8",0,1,2,0,1,13,1,1476996526406,"true",0,0,"split"
"7879-8",0,0,1,1,0,12,0,1476996520788,"true",0,1,"close"
"7879-8",0,1,1,0,1,15,0,1476996546603,"true",0,1,"close"
"7879-8",1,0,0,0,2,14,0,1476996539321,"true",1,0,"close"
"7879-8",1,0,0,0,2,17,0,1476996567134,"true",1,0,"split"
"7879-8",0,1,2,0,1,16,1,1476996552422,"true",0,0,"far"
"7879-8",1,0,2,0,2,19,1,1476996584013,"true",0,0,"split"
"7879-8",0,1,2,0,1,18,1,1476996575429,"true",0,0,"split"
"7879-8",0,1,1,0,1,31,0,1476996685630,"true",0,1,"split"
"7879-8",0,0,1,1,0,30,0,1476996676141,"true",0,1,"far"
"7879-8",0,0,0,1,0,37,0,1476996734779,"true",1,0,"close"
"7879-8",1,0,0,0,2,36,0,1476996723661,"true",1,0,"far"
"7879-8",0,0,2,1,0,35,1,1476996716916,"true",0,0,"close"
"7879-8",1,0,0,0,2,34,0,1476996707708,"true",1,0,"far"
"7879-8",0,0,2,1,0,33,1,1476996702461,"true",0,0,"split"
"7879-8",0,0,0,1,0,32,0,1476996692109,"true",1,0,"far"
"7879-8",0,1,1,0,1,50,0,1476996848644,"true",0,1,"close"
