"gameid","sClicked_2","sClicked_1","lClickedIndex","sClicked_0","sClickedIndex","roundNum","lClicked_2","time","outcome","lClicked_0","lClicked_1","condition"
"7883-3",1,0,1,0,2,42,0,1459885453530,"false",0,1,"far"
"7883-3",1,0,0,0,2,48,0,1459885506346,"true",1,0,"split"
"7883-3",0,1,0,0,1,43,0,1459885462053,"true",1,0,"far"
"7883-3",1,0,2,0,2,49,1,1459885512977,"true",0,0,"far"
"7883-3",0,1,1,0,1,24,0,1459885294745,"true",0,1,"split"
"7883-3",1,0,2,0,2,25,1,1459885304288,"true",0,0,"far"
"7883-3",0,1,2,0,1,26,1,1459885309975,"true",0,0,"far"
"7883-3",1,0,0,0,2,27,0,1459885321379,"true",1,0,"far"
"7883-3",1,0,0,0,2,20,0,1459885254995,"true",1,0,"close"
"7883-3",0,1,0,0,1,21,0,1459885266839,"false",1,0,"far"
"7883-3",0,1,0,0,1,22,0,1459885276374,"true",1,0,"close"
"7883-3",0,1,0,0,1,23,0,1459885285873,"true",1,0,"close"
"7883-3",0,1,1,0,1,46,0,1459885488051,"true",0,1,"close"
"7883-3",0,0,0,1,0,47,0,1459885496996,"true",1,0,"split"
"7883-3",1,0,0,0,2,44,0,1459885468176,"true",1,0,"far"
"7883-3",0,0,2,1,0,45,1,1459885477824,"true",0,0,"close"
"7883-3",1,0,1,0,2,28,0,1459885328886,"true",0,1,"split"
"7883-3",1,0,0,0,2,29,0,1459885336369,"true",1,0,"close"
"7883-3",1,0,1,0,2,40,0,1459885436307,"true",0,1,"close"
"7883-3",0,1,2,0,1,41,1,1459885444731,"true",0,0,"far"
"7883-3",1,0,2,0,2,1,1,1459885064353,"true",0,0,"split"
"7883-3",0,1,2,0,1,3,1,1459885080181,"true",0,0,"split"
"7883-3",0,1,0,0,1,2,0,1459885072716,"true",1,0,"split"
"7883-3",0,1,2,0,1,5,1,1459885097284,"false",0,0,"split"
"7883-3",1,0,0,0,2,4,0,1459885086580,"true",1,0,"far"
"7883-3",0,1,1,0,1,7,0,1459885112972,"true",0,1,"split"
"7883-3",1,0,1,0,2,6,0,1459885106547,"true",0,1,"split"
"7883-3",1,0,2,0,2,9,1,1459885136193,"true",0,0,"close"
"7883-3",0,1,0,0,1,8,0,1459885126408,"true",1,0,"split"
"7883-3",1,0,2,0,2,39,1,1459885427178,"true",0,0,"split"
"7883-3",0,0,1,1,0,38,0,1459885418397,"true",0,1,"far"
"7883-3",0,1,2,0,1,11,1,1459885149824,"true",0,0,"close"
"7883-3",0,1,2,0,1,10,1,1459885142508,"true",0,0,"close"
"7883-3",0,0,2,1,0,13,1,1459885165544,"true",0,0,"close"
"7883-3",0,0,2,1,0,12,1,1459885158577,"true",0,0,"far"
"7883-3",1,0,0,0,2,15,0,1459885198088,"false",1,0,"close"
"7883-3",0,0,1,1,0,14,0,1459885173112,"true",0,1,"close"
"7883-3",1,0,1,0,2,17,0,1459885212487,"true",0,1,"split"
"7883-3",0,1,0,0,1,16,0,1459885206366,"true",1,0,"close"
"7883-3",0,1,2,0,1,19,1,1459885245005,"true",0,0,"far"
"7883-3",0,1,2,0,1,18,1,1459885238126,"true",0,0,"close"
"7883-3",1,0,2,0,2,31,1,1459885348231,"true",0,0,"far"
"7883-3",0,0,2,1,0,30,1,1459885342072,"true",0,0,"far"
"7883-3",0,0,2,1,0,37,1,1459885411796,"true",0,0,"split"
"7883-3",0,0,2,1,0,36,1,1459885399826,"false",0,0,"split"
"7883-3",0,0,1,1,0,35,0,1459885385388,"true",0,1,"split"
"7883-3",0,1,2,0,1,34,1,1459885374502,"true",0,0,"close"
"7883-3",1,0,0,0,2,33,0,1459885363773,"true",1,0,"close"
"7883-3",0,0,1,1,0,32,0,1459885354678,"false",0,1,"far"
"7883-3",1,0,1,0,2,50,0,1459885522558,"false",0,1,"split"
