"gameid","sClicked_2","sClicked_1","lClickedIndex","sClicked_0","sClickedIndex","roundNum","lClicked_2","time","outcome","lClicked_0","lClicked_1","condition"
"7886-f",0,0,2,1,0,42,1,1476988568900,"true",0,0,"far"
"7886-f",1,0,2,0,2,48,1,1476988662876,"true",0,0,"far"
"7886-f",1,0,1,0,2,43,0,1476988582099,"true",0,1,"far"
"7886-f",0,1,0,0,1,49,0,1476988689635,"true",1,0,"close"
"7886-f",0,1,2,0,1,24,1,1476988386249,"true",0,0,"far"
"7886-f",1,0,2,0,2,25,1,1476988392525,"true",0,0,"close"
"7886-f",1,0,0,0,2,26,0,1476988398624,"true",1,0,"split"
"7886-f",1,0,0,0,2,27,0,1476988410132,"true",1,0,"split"
"7886-f",0,0,1,1,0,20,0,1476988331631,"true",0,1,"far"
"7886-f",0,0,1,1,0,21,0,1476988356010,"true",0,1,"close"
"7886-f",0,1,2,0,1,22,1,1476988362949,"true",0,0,"split"
"7886-f",1,0,0,0,2,23,0,1476988376481,"true",1,0,"split"
"7886-f",0,1,2,0,1,46,1,1476988647253,"true",0,0,"far"
"7886-f",0,1,1,0,1,47,0,1476988656756,"true",0,1,"far"
"7886-f",1,0,1,0,2,44,0,1476988594485,"true",0,1,"split"
"7886-f",0,1,1,0,1,45,0,1476988631549,"true",0,1,"close"
"7886-f",1,0,1,0,2,28,0,1476988419376,"true",0,1,"close"
"7886-f",0,1,1,0,1,29,0,1476988425182,"true",0,1,"far"
"7886-f",0,0,2,1,0,40,1,1476988548028,"true",0,0,"far"
"7886-f",0,0,1,1,0,41,0,1476988563122,"false",0,1,"close"
"7886-f",0,1,0,0,1,1,0,1476988070680,"true",1,0,"split"
"7886-f",0,1,2,0,1,3,1,1476988086559,"true",0,0,"far"
"7886-f",0,1,0,0,1,2,0,1476988080129,"true",1,0,"split"
"7886-f",0,0,2,1,0,5,1,1476988103109,"true",0,0,"split"
"7886-f",1,0,2,0,2,4,1,1476988093432,"true",0,0,"far"
"7886-f",0,0,1,1,0,7,0,1476988164440,"true",0,1,"close"
"7886-f",1,0,1,0,2,6,0,1476988134360,"false",0,1,"split"
"7886-f",1,0,2,0,2,9,1,1476988192560,"true",0,0,"split"
"7886-f",1,0,1,0,2,8,0,1476988172695,"true",0,1,"far"
"7886-f",0,1,1,0,1,39,0,1476988542053,"true",0,1,"far"
"7886-f",0,1,1,0,1,38,0,1476988532844,"true",0,1,"close"
"7886-f",1,0,0,0,2,11,0,1476988234086,"true",1,0,"close"
"7886-f",0,1,0,0,1,10,0,1476988209217,"true",1,0,"split"
"7886-f",0,0,0,1,0,13,0,1476988248843,"true",1,0,"split"
"7886-f",0,1,1,0,1,12,0,1476988243101,"true",0,1,"close"
"7886-f",1,0,1,0,2,15,0,1476988277801,"true",0,1,"close"
"7886-f",1,0,0,0,2,14,0,1476988268530,"true",1,0,"close"
"7886-f",0,1,1,0,1,17,0,1476988306159,"true",0,1,"close"
"7886-f",0,0,2,1,0,16,1,1476988288240,"true",0,0,"close"
"7886-f",0,0,1,1,0,19,0,1476988325877,"true",0,1,"far"
"7886-f",0,0,2,1,0,18,1,1476988315848,"true",0,0,"split"
"7886-f",1,0,1,0,2,31,0,1476988436485,"true",0,1,"split"
"7886-f",0,0,1,1,0,30,0,1476988430507,"true",0,1,"far"
"7886-f",0,1,2,0,1,37,1,1476988507315,"true",0,0,"split"
"7886-f",0,1,1,0,1,36,0,1476988500281,"false",0,1,"close"
"7886-f",0,1,2,0,1,35,1,1476988473643,"true",0,0,"split"
"7886-f",0,1,0,0,1,34,0,1476988464770,"true",1,0,"far"
"7886-f",0,1,0,0,1,33,0,1476988457041,"true",1,0,"far"
"7886-f",0,1,0,0,1,32,0,1476988448107,"false",1,0,"close"
"7886-f",0,0,0,1,0,50,0,1476988713687,"true",1,0,"split"
