"gameid","sClicked_2","sClicked_1","lClickedIndex","sClicked_0","sClickedIndex","roundNum","lClicked_2","time","outcome","lClicked_0","lClicked_1","condition"
"7886-0",0,0,2,1,0,42,1,1476991018883,"true",0,0,"split"
"7886-0",0,1,1,0,1,48,0,1476991245165,"true",0,1,"close"
"7886-0",0,0,1,1,0,43,0,1476991034192,"true",0,1,"far"
"7886-0",0,1,0,0,1,49,0,1476991265915,"true",1,0,"far"
"7886-0",0,0,2,1,0,24,1,1476990569425,"true",0,0,"far"
"7886-0",0,0,0,1,0,25,0,1476990585556,"true",1,0,"split"
"7886-0",0,1,0,0,1,26,0,1476990690890,"true",1,0,"close"
"7886-0",1,0,1,0,2,27,0,1476990741662,"true",0,1,"split"
"7886-0",1,0,0,0,2,20,0,1476990508182,"true",1,0,"close"
"7886-0",1,0,1,0,2,21,0,1476990524240,"true",0,1,"far"
"7886-0",0,1,2,0,1,22,1,1476990541264,"true",0,0,"close"
"7886-0",0,0,2,1,0,23,1,1476990552831,"true",0,0,"far"
"7886-0",1,0,0,0,2,46,0,1476991185468,"false",1,0,"split"
"7886-0",1,0,1,0,2,47,0,1476991217514,"true",0,1,"split"
"7886-0",1,0,0,0,2,44,0,1476991066132,"true",1,0,"split"
"7886-0",0,0,2,1,0,45,1,1476991142009,"true",0,0,"split"
"7886-0",0,0,1,1,0,28,0,1476990756923,"true",0,1,"split"
"7886-0",0,1,2,0,1,29,1,1476990768510,"true",0,0,"close"
"7886-0",0,1,2,0,1,40,1,1476990911211,"false",0,0,"close"
"7886-0",1,0,2,0,2,41,1,1476990970997,"true",0,0,"far"
"7886-0",0,1,2,0,1,1,1,1476989892294,"true",0,0,"far"
"7886-0",1,0,2,0,2,3,1,1476989935329,"true",0,0,"far"
"7886-0",0,1,1,0,1,2,0,1476989912036,"true",0,1,"close"
"7886-0",0,1,2,0,1,5,1,1476989979557,"true",0,0,"close"
"7886-0",1,0,0,0,2,4,0,1476989961342,"true",1,0,"close"
"7886-0",0,0,2,1,0,7,1,1476990034679,"true",0,0,"split"
"7886-0",0,1,2,0,1,6,1,1476990006838,"true",0,0,"split"
"7886-0",1,0,2,0,2,9,1,1476990101989,"true",0,0,"far"
"7886-0",0,0,0,1,0,8,0,1476990062621,"true",1,0,"far"
"7886-0",1,0,1,0,2,39,0,1476990898080,"true",0,1,"far"
"7886-0",0,1,1,0,1,38,0,1476990884980,"true",0,1,"split"
"7886-0",1,0,2,0,2,11,1,1476990190573,"true",0,0,"split"
"7886-0",0,0,1,1,0,10,0,1476990133928,"true",0,1,"far"
"7886-0",0,0,2,1,0,13,1,1476990341328,"false",0,0,"close"
"7886-0",0,0,1,1,0,12,0,1476990300562,"false",0,1,"close"
"7886-0",0,0,2,1,0,15,1,1476990374439,"true",0,0,"close"
"7886-0",1,0,0,0,2,14,0,1476990363667,"true",1,0,"close"
"7886-0",1,0,2,0,2,17,1,1476990436834,"true",0,0,"far"
"7886-0",0,0,2,1,0,16,1,1476990413665,"true",0,0,"far"
"7886-0",0,0,1,1,0,19,0,1476990478361,"true",0,1,"close"
"7886-0",0,1,0,0,1,18,0,1476990452664,"true",1,0,"close"
"7886-0",0,0,1,1,0,31,0,1476990792684,"true",0,1,"split"
"7886-0",1,0,2,0,2,30,1,1476990781324,"true",0,0,"split"
"7886-0",1,0,0,0,2,37,0,1476990871210,"true",1,0,"far"
"7886-0",0,0,2,1,0,36,1,1476990855923,"true",0,0,"split"
"7886-0",1,0,0,0,2,35,0,1476990839830,"true",1,0,"far"
"7886-0",0,1,0,0,1,34,0,1476990830678,"true",1,0,"split"
"7886-0",0,1,1,0,1,33,0,1476990819449,"true",0,1,"far"
"7886-0",1,0,0,0,2,32,0,1476990807500,"true",1,0,"split"
"7886-0",0,0,1,1,0,50,0,1476991323585,"false",0,1,"close"
