"gameid","sClicked_2","sClicked_1","lClickedIndex","sClicked_0","sClickedIndex","roundNum","lClicked_2","time","outcome","lClicked_0","lClicked_1","condition"
"7905-9",0,1,0,0,1,42,0,1476988766355,"true",1,0,"close"
"7905-9",1,0,0,0,2,48,0,1476988832328,"true",1,0,"far"
"7905-9",0,0,0,1,0,43,0,1476988780970,"true",1,0,"split"
"7905-9",0,1,1,0,1,49,0,1476988847535,"false",0,1,"close"
"7905-9",1,0,2,0,2,24,1,1476988562386,"true",0,0,"close"
"7905-9",0,1,0,0,1,25,0,1476988570771,"false",1,0,"far"
"7905-9",0,1,2,0,1,26,1,1476988581939,"true",0,0,"split"
"7905-9",0,0,0,1,0,27,0,1476988594737,"true",1,0,"split"
"7905-9",0,1,2,0,1,20,1,1476988502678,"true",0,0,"close"
"7905-9",0,1,2,0,1,21,1,1476988512671,"true",0,0,"far"
"7905-9",0,0,2,1,0,22,1,1476988537965,"false",0,0,"close"
"7905-9",0,1,2,0,1,23,1,1476988551076,"false",0,0,"close"
"7905-9",1,0,0,0,2,46,0,1476988809729,"true",1,0,"close"
"7905-9",1,0,1,0,2,47,0,1476988822880,"true",0,1,"split"
"7905-9",0,1,2,0,1,44,1,1476988788601,"true",0,0,"far"
"7905-9",0,1,2,0,1,45,1,1476988797658,"true",0,0,"split"
"7905-9",1,0,2,0,2,28,1,1476988607121,"true",0,0,"far"
"7905-9",1,0,2,0,2,29,1,1476988617898,"true",0,0,"far"
"7905-9",1,0,1,0,2,40,0,1476988753963,"true",0,1,"far"
"7905-9",0,1,1,0,1,41,0,1476988759738,"true",0,1,"far"
"7905-9",1,0,0,0,2,1,0,1476988268131,"true",1,0,"split"
"7905-9",0,1,0,0,1,3,0,1476988310278,"true",1,0,"far"
"7905-9",0,0,1,1,0,2,0,1476988297424,"true",0,1,"close"
"7905-9",0,1,1,0,1,5,0,1476988342262,"true",0,1,"close"
"7905-9",0,0,0,1,0,4,0,1476988323429,"true",1,0,"split"
"7905-9",0,1,1,0,1,7,0,1476988370820,"true",0,1,"split"
"7905-9",0,0,0,1,0,6,0,1476988354262,"false",1,0,"split"
"7905-9",0,1,0,0,1,9,0,1476988387747,"true",1,0,"far"
"7905-9",0,1,0,0,1,8,0,1476988379475,"true",1,0,"split"
"7905-9",1,0,2,0,2,39,1,1476988745395,"true",0,0,"split"
"7905-9",1,0,0,0,2,38,0,1476988734572,"true",1,0,"far"
"7905-9",0,0,0,1,0,11,0,1476988413753,"true",1,0,"split"
"7905-9",0,1,2,0,1,10,1,1476988398188,"true",0,0,"split"
"7905-9",0,0,0,1,0,13,0,1476988430937,"true",1,0,"close"
"7905-9",0,1,0,0,1,12,0,1476988422929,"true",1,0,"split"
"7905-9",0,1,2,0,1,15,1,1476988449658,"true",0,0,"far"
"7905-9",0,1,1,0,1,14,0,1476988441969,"true",0,1,"split"
"7905-9",1,0,2,0,2,17,1,1476988468016,"true",0,0,"far"
"7905-9",0,1,0,0,1,16,0,1476988460096,"false",1,0,"close"
"7905-9",0,0,1,1,0,19,0,1476988480622,"true",0,1,"split"
"7905-9",0,1,0,0,1,18,0,1476988474095,"true",1,0,"far"
"7905-9",0,0,1,1,0,31,0,1476988642720,"true",0,1,"close"
"7905-9",1,0,0,0,2,30,0,1476988630665,"true",1,0,"close"
"7905-9",0,1,2,0,1,37,1,1476988728549,"true",0,0,"far"
"7905-9",0,1,1,0,1,36,0,1476988712477,"true",0,1,"far"
"7905-9",0,1,2,0,1,35,1,1476988706141,"true",0,0,"close"
"7905-9",1,0,0,0,2,34,0,1476988672430,"true",1,0,"split"
"7905-9",0,0,0,1,0,33,0,1476988664454,"false",1,0,"close"
"7905-9",0,0,0,1,0,32,0,1476988652207,"true",1,0,"close"
"7905-9",0,1,2,0,1,50,1,1476988878365,"false",0,0,"close"
