"gameid","sClicked_2","sClicked_1","lClickedIndex","sClicked_0","sClickedIndex","roundNum","lClicked_2","time","outcome","lClicked_0","lClicked_1","condition"
"7912-7",0,1,1,0,1,42,0,1476990415032,"true",0,1,"far"
"7912-7",0,1,1,0,1,48,0,1476990480301,"true",0,1,"split"
"7912-7",0,0,2,1,0,43,1,1476990421570,"true",0,0,"split"
"7912-7",0,1,1,0,1,49,0,1476990489027,"true",0,1,"far"
"7912-7",0,1,2,0,1,24,1,1476990151854,"true",0,0,"far"
"7912-7",1,0,1,0,2,25,0,1476990158050,"true",0,1,"far"
"7912-7",0,1,0,0,1,26,0,1476990187980,"true",1,0,"close"
"7912-7",0,0,0,1,0,27,0,1476990198886,"true",1,0,"far"
"7912-7",1,0,2,0,2,20,1,1476990108006,"false",0,0,"close"
"7912-7",0,0,1,1,0,21,0,1476990124171,"true",0,1,"far"
"7912-7",1,0,2,0,2,22,1,1476990132881,"true",0,0,"far"
"7912-7",0,0,2,1,0,23,1,1476990141880,"true",0,0,"split"
"7912-7",1,0,2,0,2,46,1,1476990451124,"true",0,0,"far"
"7912-7",1,0,1,0,2,47,0,1476990464217,"true",0,1,"split"
"7912-7",1,0,0,0,2,44,0,1476990434664,"true",1,0,"far"
"7912-7",1,0,2,0,2,45,1,1476990443517,"true",0,0,"close"
"7912-7",0,1,1,0,1,28,0,1476990211415,"true",0,1,"far"
"7912-7",0,1,0,0,1,29,0,1476990237917,"true",1,0,"close"
"7912-7",0,0,1,1,0,40,0,1476990401170,"true",0,1,"close"
"7912-7",1,0,1,0,2,41,0,1476990409084,"true",0,1,"close"
"7912-7",1,0,1,0,2,1,0,1476989729094,"true",0,1,"close"
"7912-7",0,1,1,0,1,3,0,1476989769414,"true",0,1,"split"
"7912-7",0,1,2,0,1,2,1,1476989748975,"true",0,0,"close"
"7912-7",1,0,0,0,2,5,0,1476989798946,"true",1,0,"far"
"7912-7",1,0,2,0,2,4,1,1476989788239,"true",0,0,"close"
"7912-7",0,1,2,0,1,7,1,1476989836687,"true",0,0,"split"
"7912-7",0,1,0,0,1,6,0,1476989819811,"true",1,0,"far"
"7912-7",0,1,0,0,1,9,0,1476989859937,"true",1,0,"split"
"7912-7",1,0,1,0,2,8,0,1476989844873,"true",0,1,"far"
"7912-7",1,0,1,0,2,39,0,1476990383162,"true",0,1,"far"
"7912-7",0,0,1,1,0,38,0,1476990376069,"true",0,1,"close"
"7912-7",0,1,2,0,1,11,1,1476989905919,"true",0,0,"close"
"7912-7",0,1,2,0,1,10,1,1476989879193,"true",0,0,"split"
"7912-7",1,0,1,0,2,13,0,1476989956000,"true",0,1,"split"
"7912-7",1,0,2,0,2,12,1,1476989925960,"true",0,0,"split"
"7912-7",0,1,1,0,1,15,0,1476990003316,"true",0,1,"close"
"7912-7",1,0,1,0,2,14,0,1476989985393,"true",0,1,"split"
"7912-7",1,0,1,0,2,17,0,1476990042212,"true",0,1,"close"
"7912-7",0,0,1,1,0,16,0,1476990018152,"true",0,1,"split"
"7912-7",0,1,0,0,1,19,0,1476990092074,"false",1,0,"split"
"7912-7",0,0,0,1,0,18,0,1476990050220,"true",1,0,"far"
"7912-7",1,0,1,0,2,31,0,1476990266359,"true",0,1,"split"
"7912-7",0,0,2,1,0,30,1,1476990257566,"true",0,0,"close"
"7912-7",0,1,2,0,1,37,1,1476990362950,"true",0,0,"close"
"7912-7",1,0,1,0,2,36,0,1476990344063,"true",0,1,"far"
"7912-7",0,1,2,0,1,35,1,1476990337340,"true",0,0,"far"
"7912-7",0,1,0,0,1,34,0,1476990329978,"true",1,0,"split"
"7912-7",0,1,2,0,1,32,1,1476990286845,"true",0,0,"split"
"7912-7",0,1,2,0,1,50,1,1476990496505,"true",0,0,"split"
