"gameid","sClicked_2","sClicked_1","lClickedIndex","sClicked_0","sClickedIndex","roundNum","lClicked_2","time","outcome","lClicked_0","lClicked_1","condition"
"7917-a",0,0,0,1,0,42,0,1476994268485,"true",1,0,"split"
"7917-a",0,0,0,1,0,48,0,1476994352536,"true",1,0,"split"
"7917-a",0,0,1,1,0,43,0,1476994295696,"true",0,1,"close"
"7917-a",0,1,1,0,1,49,0,1476994368036,"true",0,1,"far"
"7917-a",1,0,0,0,2,24,0,1476993868139,"true",1,0,"far"
"7917-a",0,1,2,0,1,25,1,1476993878202,"true",0,0,"far"
"7917-a",1,0,1,0,2,26,0,1476993901112,"true",0,1,"far"
"7917-a",0,0,0,1,0,27,0,1476993909142,"true",1,0,"split"
"7917-a",0,0,2,1,0,20,1,1476993768859,"true",0,0,"split"
"7917-a",0,0,0,1,0,21,0,1476993822232,"true",1,0,"close"
"7917-a",0,0,0,1,0,22,0,1476993830204,"true",1,0,"far"
"7917-a",0,0,1,1,0,23,0,1476993859208,"true",0,1,"close"
"7917-a",1,0,2,0,2,46,1,1476994330199,"true",0,0,"split"
"7917-a",0,0,2,1,0,47,1,1476994342477,"true",0,0,"far"
"7917-a",1,0,1,0,2,44,0,1476994305111,"true",0,1,"far"
"7917-a",0,1,1,0,1,45,0,1476994312578,"true",0,1,"far"
"7917-a",0,1,1,0,1,28,0,1476993997182,"true",0,1,"close"
"7917-a",0,1,0,0,1,29,0,1476994010194,"true",1,0,"far"
"7917-a",1,0,2,0,2,40,1,1476994212175,"true",0,0,"split"
"7917-a",1,0,1,0,2,41,0,1476994256696,"true",0,1,"split"
"7917-a",0,0,1,1,0,1,0,1476993292054,"true",0,1,"far"
"7917-a",0,1,1,0,1,3,0,1476993349977,"true",0,1,"split"
"7917-a",1,0,0,0,2,2,0,1476993334149,"true",1,0,"split"
"7917-a",0,0,2,1,0,5,1,1476993404849,"true",0,0,"close"
"7917-a",1,0,0,0,2,4,0,1476993366242,"true",1,0,"close"
"7917-a",0,0,0,1,0,7,0,1476993425096,"true",1,0,"far"
"7917-a",0,1,1,0,1,6,0,1476993417295,"true",0,1,"close"
"7917-a",0,1,1,0,1,9,0,1476993477815,"true",0,1,"split"
"7917-a",1,0,1,0,2,8,0,1476993461385,"false",0,1,"close"
"7917-a",1,0,2,0,2,39,1,1476994178984,"true",0,0,"far"
"7917-a",0,1,2,0,1,38,1,1476994171247,"true",0,0,"split"
"7917-a",1,0,2,0,2,11,1,1476993502837,"true",0,0,"far"
"7917-a",0,1,2,0,1,10,1,1476993493648,"true",0,0,"split"
"7917-a",1,0,0,0,2,13,0,1476993522756,"true",1,0,"far"
"7917-a",0,0,1,1,0,12,0,1476993511505,"false",0,1,"close"
"7917-a",0,0,0,1,0,15,0,1476993616846,"true",1,0,"close"
"7917-a",1,0,2,0,2,14,1,1476993566367,"true",0,0,"close"
"7917-a",1,0,1,0,2,17,0,1476993646963,"true",0,1,"close"
"7917-a",0,0,2,1,0,16,1,1476993630724,"true",0,0,"split"
"7917-a",1,0,0,0,2,19,0,1476993735057,"true",1,0,"close"
"7917-a",0,1,2,0,1,18,1,1476993672676,"true",0,0,"close"
"7917-a",1,0,0,0,2,31,0,1476994035279,"true",1,0,"split"
"7917-a",0,1,1,0,1,30,0,1476994019963,"true",0,1,"close"
"7917-a",0,0,1,1,0,37,0,1476994146996,"true",0,1,"split"
"7917-a",0,0,0,1,0,36,0,1476994138686,"true",1,0,"far"
"7917-a",0,0,2,1,0,35,1,1476994128841,"true",0,0,"split"
"7917-a",0,1,0,0,1,34,0,1476994058571,"true",1,0,"far"
"7917-a",1,0,2,0,2,33,1,1476994051006,"true",0,0,"far"
"7917-a",0,0,2,1,0,32,1,1476994043513,"true",0,0,"close"
"7917-a",0,0,2,1,0,50,1,1476994384547,"true",0,0,"split"
