"gameid","sClicked_2","sClicked_1","lClickedIndex","sClicked_0","sClickedIndex","roundNum","lClicked_2","time","outcome","lClicked_0","lClicked_1","condition"
"7919-e",1,0,0,0,2,42,0,1459895769747,"true",1,0,"split"
"7919-e",0,0,0,1,0,48,0,1459895855885,"true",1,0,"far"
"7919-e",1,0,2,0,2,43,1,1459895780932,"true",0,0,"far"
"7919-e",0,1,0,0,1,49,0,1459895875359,"true",1,0,"close"
"7919-e",0,0,0,1,0,24,0,1459895313242,"true",1,0,"split"
"7919-e",0,1,2,0,1,25,1,1459895373742,"false",0,0,"close"
"7919-e",0,1,0,0,1,26,0,1459895441882,"false",1,0,"close"
"7919-e",0,0,1,1,0,27,0,1459895457304,"false",0,1,"split"
"7919-e",0,1,2,0,1,20,1,1459895190925,"false",0,0,"split"
"7919-e",0,1,2,0,1,21,1,1459895205198,"true",0,0,"far"
"7919-e",1,0,0,0,2,22,0,1459895264201,"true",1,0,"split"
"7919-e",0,0,1,1,0,23,0,1459895275712,"true",0,1,"far"
"7919-e",0,1,0,0,1,46,0,1459895831255,"true",1,0,"close"
"7919-e",1,0,2,0,2,47,1,1459895843704,"true",0,0,"far"
"7919-e",1,0,2,0,2,44,1,1459895799700,"true",0,0,"split"
"7919-e",1,0,2,0,2,45,1,1459895817144,"true",0,0,"close"
"7919-e",0,1,1,0,1,28,0,1459895481633,"true",0,1,"split"
"7919-e",0,0,2,1,0,29,1,1459895511211,"false",0,0,"close"
"7919-e",0,0,1,1,0,40,0,1459895726783,"true",0,1,"far"
"7919-e",0,1,2,0,1,41,1,1459895736357,"true",0,0,"far"
"7919-e",0,1,0,0,1,1,0,1459894631745,"false",1,0,"split"
"7919-e",0,1,0,0,1,3,0,1459894654326,"true",1,0,"far"
"7919-e",0,1,0,0,1,2,0,1459894642920,"true",1,0,"far"
"7919-e",0,1,0,0,1,5,0,1459894701250,"true",1,0,"split"
"7919-e",0,0,2,1,0,4,1,1459894677604,"true",0,0,"close"
"7919-e",0,0,1,1,0,7,0,1459894791030,"true",0,1,"split"
"7919-e",0,1,1,0,1,6,0,1459894769200,"true",0,1,"close"
"7919-e",1,0,0,0,2,9,0,1459894832728,"true",1,0,"close"
"7919-e",0,1,2,0,1,8,1,1459894801794,"true",0,0,"far"
"7919-e",1,0,1,0,2,39,0,1459895717892,"true",0,1,"far"
"7919-e",0,1,2,0,1,38,1,1459895707638,"true",0,0,"close"
"7919-e",0,0,2,1,0,11,1,1459894905550,"true",0,0,"close"
"7919-e",1,0,2,0,2,10,1,1459894885230,"true",0,0,"split"
"7919-e",0,1,2,0,1,13,1,1459894956464,"true",0,0,"split"
"7919-e",0,1,1,0,1,12,0,1459894941562,"true",0,1,"close"
"7919-e",0,0,0,1,0,15,0,1459895021406,"false",1,0,"close"
"7919-e",1,0,0,0,2,14,0,1459894972907,"true",1,0,"close"
"7919-e",1,0,2,0,2,17,1,1459895078489,"true",0,0,"far"
"7919-e",0,1,2,0,1,16,1,1459895067885,"false",0,0,"split"
"7919-e",1,0,1,0,2,19,0,1459895156454,"true",0,1,"far"
"7919-e",0,1,1,0,1,18,0,1459895147017,"true",0,1,"split"
"7919-e",0,0,1,1,0,31,0,1459895543355,"true",0,1,"far"
"7919-e",1,0,1,0,2,30,0,1459895532384,"true",0,1,"close"
"7919-e",0,0,1,1,0,37,0,1459895690705,"true",0,1,"far"
"7919-e",1,0,1,0,2,36,0,1459895679295,"false",0,1,"close"
"7919-e",0,1,1,0,1,35,0,1459895663857,"true",0,1,"far"
"7919-e",0,1,1,0,1,34,0,1459895634726,"true",0,1,"close"
"7919-e",0,0,0,1,0,33,0,1459895583066,"true",1,0,"far"
"7919-e",0,1,1,0,1,32,0,1459895571314,"true",0,1,"split"
"7919-e",1,0,1,0,2,50,0,1459895898372,"true",0,1,"split"
