"gameid","sClicked_2","sClicked_1","lClickedIndex","sClicked_0","sClickedIndex","roundNum","lClicked_2","time","outcome","lClicked_0","lClicked_1","condition"
"7941-a",1,0,1,0,2,42,0,1476992303201,"true",0,1,"far"
"7941-a",0,1,2,0,1,48,1,1476992442643,"true",0,0,"split"
"7941-a",0,0,1,1,0,43,0,1476992326282,"true",0,1,"close"
"7941-a",0,0,1,1,0,49,0,1476992453439,"true",0,1,"close"
"7941-a",0,1,2,0,1,24,1,1476992007852,"true",0,0,"close"
"7941-a",0,1,0,0,1,25,0,1476992022125,"true",1,0,"close"
"7941-a",1,0,0,0,2,26,0,1476992042325,"true",1,0,"close"
"7941-a",0,1,0,0,1,27,0,1476992057786,"true",1,0,"split"
"7941-a",0,1,0,0,1,20,0,1476991912825,"true",1,0,"far"
"7941-a",1,0,1,0,2,21,0,1476991922588,"true",0,1,"far"
"7941-a",0,0,0,1,0,22,0,1476991963893,"true",1,0,"close"
"7941-a",1,0,2,0,2,23,1,1476991985044,"true",0,0,"far"
"7941-a",1,0,1,0,2,46,0,1476992419516,"true",0,1,"close"
"7941-a",0,0,0,1,0,47,0,1476992431980,"true",1,0,"far"
"7941-a",0,1,1,0,1,44,0,1476992363480,"false",0,1,"split"
"7941-a",0,1,2,0,1,45,1,1476992387775,"true",0,0,"far"
"7941-a",0,1,0,0,1,28,0,1476992076561,"true",1,0,"far"
"7941-a",0,1,0,0,1,29,0,1476992085006,"true",1,0,"split"
"7941-a",1,0,2,0,2,40,1,1476992273065,"true",0,0,"split"
"7941-a",0,1,2,0,1,41,1,1476992291471,"true",0,0,"split"
"7941-a",1,0,1,0,2,1,0,1476991617827,"true",0,1,"split"
"7941-a",0,0,1,1,0,3,0,1476991652397,"true",0,1,"split"
"7941-a",1,0,2,0,2,2,1,1476991634691,"true",0,0,"split"
"7941-a",0,1,2,0,1,5,1,1476991676175,"true",0,0,"far"
"7941-a",0,0,0,1,0,4,0,1476991666723,"true",1,0,"far"
"7941-a",1,0,1,0,2,7,0,1476991701402,"true",0,1,"far"
"7941-a",0,0,0,1,0,6,0,1476991691741,"true",1,0,"split"
"7941-a",0,1,1,0,1,9,0,1476991731140,"true",0,1,"close"
"7941-a",0,1,1,0,1,8,0,1476991711440,"true",0,1,"far"
"7941-a",0,1,2,0,1,39,1,1476992254966,"true",0,0,"split"
"7941-a",0,1,2,0,1,38,1,1476992235193,"true",0,0,"far"
"7941-a",0,1,0,0,1,11,0,1476991752197,"true",1,0,"far"
"7941-a",0,1,2,0,1,10,1,1476991741589,"true",0,0,"split"
"7941-a",0,1,1,0,1,13,0,1476991794965,"true",0,1,"split"
"7941-a",0,0,0,1,0,12,0,1476991785342,"false",1,0,"close"
"7941-a",0,0,0,1,0,15,0,1476991820982,"true",1,0,"split"
"7941-a",0,0,0,1,0,14,0,1476991806373,"true",1,0,"far"
"7941-a",0,0,1,1,0,17,0,1476991860191,"true",0,1,"far"
"7941-a",1,0,0,0,2,16,0,1476991849698,"false",1,0,"close"
"7941-a",0,0,1,1,0,19,0,1476991898937,"true",0,1,"close"
"7941-a",0,1,0,0,1,18,0,1476991882366,"true",1,0,"close"
"7941-a",1,0,1,0,2,31,0,1476992124417,"true",0,1,"split"
"7941-a",0,0,1,1,0,30,0,1476992105164,"true",0,1,"close"
"7941-a",0,1,0,0,1,37,0,1476992219734,"true",1,0,"close"
"7941-a",0,0,1,1,0,36,0,1476992208689,"true",0,1,"close"
"7941-a",0,1,1,0,1,35,0,1476992181157,"true",0,1,"split"
"7941-a",1,0,2,0,2,34,1,1476992173960,"true",0,0,"close"
"7941-a",1,0,2,0,2,33,1,1476992157321,"true",0,0,"far"
"7941-a",0,0,2,1,0,32,1,1476992143975,"true",0,0,"close"
"7941-a",0,0,0,1,0,50,0,1476992466921,"true",1,0,"far"
