"gameid","sClicked_2","sClicked_1","lClickedIndex","sClicked_0","sClickedIndex","roundNum","lClicked_2","time","outcome","lClicked_0","lClicked_1","condition"
"7941-7",0,0,2,1,0,42,1,1476992203083,"true",0,0,"split"
"7941-7",0,0,0,1,0,48,0,1476992280584,"true",1,0,"close"
"7941-7",1,0,1,0,2,43,0,1476992210357,"true",0,1,"far"
"7941-7",1,0,1,0,2,49,0,1476992291736,"true",0,1,"split"
"7941-7",1,0,0,0,2,24,0,1476992002131,"true",1,0,"far"
"7941-7",0,1,0,0,1,25,0,1476992008939,"true",1,0,"far"
"7941-7",1,0,1,0,2,26,0,1476992018693,"true",0,1,"far"
"7941-7",0,0,2,1,0,27,1,1476992027477,"true",0,0,"split"
"7941-7",0,0,2,1,0,20,1,1476991963265,"true",0,0,"far"
"7941-7",1,0,0,0,2,21,0,1476991977905,"true",1,0,"split"
"7941-7",0,0,0,1,0,22,0,1476991987979,"true",1,0,"split"
"7941-7",1,0,2,0,2,23,1,1476991994689,"true",0,0,"far"
"7941-7",1,0,0,0,2,46,0,1476992258312,"true",1,0,"close"
"7941-7",1,0,0,0,2,47,0,1476992264558,"true",1,0,"far"
"7941-7",0,0,0,1,0,44,0,1476992218405,"true",1,0,"far"
"7941-7",0,1,2,0,1,45,1,1476992231022,"true",0,0,"close"
"7941-7",0,0,1,1,0,28,0,1476992045166,"true",0,1,"split"
"7941-7",0,0,1,1,0,29,0,1476992051352,"true",0,1,"far"
"7941-7",0,0,2,1,0,40,1,1476992181202,"true",0,0,"split"
"7941-7",0,0,0,1,0,41,0,1476992191281,"true",1,0,"close"
"7941-7",0,1,1,0,1,1,0,1476991693902,"true",0,1,"split"
"7941-7",1,0,0,0,2,3,0,1476991722794,"true",1,0,"close"
"7941-7",0,1,1,0,1,2,0,1476991710007,"true",0,1,"split"
"7941-7",0,0,0,1,0,5,0,1476991741335,"true",1,0,"far"
"7941-7",1,0,1,0,2,4,0,1476991733630,"true",0,1,"split"
"7941-7",0,1,1,0,1,7,0,1476991786052,"true",0,1,"close"
"7941-7",0,1,0,0,1,6,0,1476991764081,"true",1,0,"close"
"7941-7",1,0,0,0,2,9,0,1476991819870,"true",1,0,"split"
"7941-7",0,1,2,0,1,8,1,1476991812974,"true",0,0,"close"
"7941-7",1,0,2,0,2,39,1,1476992167346,"true",0,0,"far"
"7941-7",0,1,1,0,1,38,0,1476992158760,"true",0,1,"close"
"7941-7",0,0,0,1,0,11,0,1476991855879,"true",1,0,"close"
"7941-7",0,0,0,1,0,10,0,1476991831982,"true",1,0,"far"
"7941-7",1,0,0,0,2,13,0,1476991880145,"true",1,0,"split"
"7941-7",0,1,1,0,1,12,0,1476991868161,"true",0,1,"close"
"7941-7",0,0,2,1,0,15,1,1476991902468,"true",0,0,"far"
"7941-7",0,1,1,0,1,14,0,1476991892708,"true",0,1,"close"
"7941-7",0,0,1,1,0,17,0,1476991921912,"true",0,1,"split"
"7941-7",0,1,0,0,1,16,0,1476991910724,"true",1,0,"far"
"7941-7",0,1,2,0,1,19,1,1476991955073,"true",0,0,"close"
"7941-7",1,0,2,0,2,18,1,1476991929262,"true",0,0,"far"
"7941-7",1,0,1,0,2,31,0,1476992077297,"true",0,1,"far"
"7941-7",0,1,1,0,1,30,0,1476992071057,"true",0,1,"close"
"7941-7",1,0,1,0,2,37,0,1476992150495,"true",0,1,"close"
"7941-7",1,0,1,0,2,36,0,1476992140622,"true",0,1,"split"
"7941-7",0,0,0,1,0,35,0,1476992126149,"true",1,0,"split"
"7941-7",0,1,2,0,1,34,1,1476992114661,"true",0,0,"close"
"7941-7",0,0,0,1,0,33,0,1476992094843,"true",1,0,"split"
"7941-7",1,0,1,0,2,32,0,1476992083873,"true",0,1,"far"
"7941-7",1,0,0,0,2,50,0,1476992330972,"false",1,0,"close"
