"gameid","sClicked_2","sClicked_1","lClickedIndex","sClicked_0","sClickedIndex","roundNum","lClicked_2","time","outcome","lClicked_0","lClicked_1","condition"
"7963-e",0,1,0,0,1,42,0,1476475168735,"true",1,0,"close"
"7963-e",0,0,1,1,0,48,0,1476475210728,"true",0,1,"close"
"7963-e",0,0,0,1,0,43,0,1476475178368,"true",1,0,"close"
"7963-e",0,1,0,0,1,49,0,1476475217238,"true",1,0,"far"
"7963-e",1,0,0,0,2,24,0,1476474945504,"true",1,0,"far"
"7963-e",1,0,0,0,2,25,0,1476474953488,"true",1,0,"split"
"7963-e",0,0,2,1,0,26,1,1476474974089,"true",0,0,"split"
"7963-e",0,1,2,0,1,27,1,1476474980150,"true",0,0,"split"
"7963-e",1,0,2,0,2,20,1,1476474915859,"true",0,0,"far"
"7963-e",0,1,0,0,1,21,0,1476474923330,"true",1,0,"far"
"7963-e",0,1,2,0,1,22,1,1476474931556,"true",0,0,"split"
"7963-e",0,0,0,1,0,23,0,1476474939049,"true",1,0,"close"
"7963-e",1,0,1,0,2,46,0,1476475198944,"true",0,1,"close"
"7963-e",0,0,1,1,0,47,0,1476475204760,"true",0,1,"far"
"7963-e",0,1,2,0,1,44,1,1476475185255,"true",0,0,"far"
"7963-e",0,1,2,0,1,45,1,1476475191554,"true",0,0,"close"
"7963-e",0,1,2,0,1,28,1,1476474992439,"true",0,0,"split"
"7963-e",0,0,1,1,0,29,0,1476475006619,"true",0,1,"split"
"7963-e",0,1,1,0,1,41,0,1476475162288,"true",0,1,"close"
"7963-e",1,0,1,0,2,1,0,1476474687934,"true",0,1,"split"
"7963-e",0,0,2,1,0,3,1,1476474700786,"true",0,0,"far"
"7963-e",0,1,0,0,1,2,0,1476474694589,"true",1,0,"far"
"7963-e",0,1,2,0,1,5,1,1476474713675,"true",0,0,"far"
"7963-e",0,1,2,0,1,4,1,1476474706984,"true",0,0,"far"
"7963-e",0,1,0,0,1,7,0,1476474737086,"true",1,0,"split"
"7963-e",0,0,2,1,0,6,1,1476474722483,"true",0,0,"close"
"7963-e",1,0,0,0,2,9,0,1476474758790,"true",1,0,"close"
"7963-e",0,1,2,0,1,8,1,1476474742810,"true",0,0,"far"
"7963-e",1,0,0,0,2,39,0,1476475127030,"true",1,0,"far"
"7963-e",1,0,2,0,2,38,1,1476475119130,"true",0,0,"far"
"7963-e",1,0,0,0,2,11,0,1476474819950,"true",1,0,"close"
"7963-e",0,0,0,1,0,10,0,1476474766654,"true",1,0,"far"
"7963-e",0,1,1,0,1,13,0,1476474844408,"true",0,1,"close"
"7963-e",0,0,0,1,0,12,0,1476474830543,"true",1,0,"close"
"7963-e",0,1,0,0,1,15,0,1476474866719,"true",1,0,"far"
"7963-e",0,0,1,1,0,14,0,1476474854530,"true",0,1,"close"
"7963-e",0,0,2,1,0,17,1,1476474887319,"true",0,0,"close"
"7963-e",0,0,2,1,0,16,1,1476474876723,"true",0,0,"split"
"7963-e",0,0,2,1,0,19,1,1476474909323,"true",0,0,"close"
"7963-e",1,0,2,0,2,18,1,1476474900408,"true",0,0,"split"
"7963-e",0,1,2,0,1,31,1,1476475047280,"true",0,0,"split"
"7963-e",0,1,2,0,1,30,1,1476475025290,"true",0,0,"close"
"7963-e",0,1,1,0,1,37,0,1476475112523,"true",0,1,"split"
"7963-e",0,0,2,1,0,36,1,1476475103224,"true",0,0,"far"
"7963-e",0,1,2,0,1,35,1,1476475092664,"true",0,0,"close"
"7963-e",0,1,2,0,1,34,1,1476475078729,"true",0,0,"far"
"7963-e",1,0,0,0,2,33,0,1476475071940,"true",1,0,"split"
"7963-e",0,1,2,0,1,32,1,1476475065338,"false",0,0,"split"
"7963-e",0,0,0,1,0,50,0,1476475226930,"false",1,0,"split"
