"gameid","sClicked_2","sClicked_1","lClickedIndex","sClicked_0","sClickedIndex","roundNum","lClicked_2","time","outcome","lClicked_0","lClicked_1","condition"
"7967-5",0,1,2,0,1,42,1,1476503020914,"true",0,0,"split"
"7967-5",0,1,0,0,1,48,0,1476503082499,"true",1,0,"split"
"7967-5",0,1,0,0,1,43,0,1476503028122,"true",1,0,"far"
"7967-5",1,0,0,0,2,49,0,1476503092375,"true",1,0,"split"
"7967-5",0,1,2,0,1,24,1,1476502777835,"true",0,0,"split"
"7967-5",0,0,0,1,0,25,0,1476502785770,"true",1,0,"far"
"7967-5",0,1,2,0,1,26,1,1476502798773,"true",0,0,"split"
"7967-5",0,0,0,1,0,27,0,1476502816259,"true",1,0,"close"
"7967-5",1,0,2,0,2,20,1,1476502737163,"true",0,0,"close"
"7967-5",0,0,1,1,0,21,0,1476502745378,"true",0,1,"far"
"7967-5",1,0,2,0,2,22,1,1476502758080,"true",0,0,"close"
"7967-5",0,1,0,0,1,23,0,1476502766495,"true",1,0,"split"
"7967-5",1,0,1,0,2,46,0,1476503060519,"true",0,1,"close"
"7967-5",0,1,2,0,1,47,1,1476503068208,"true",0,0,"close"
"7967-5",1,0,2,0,2,44,1,1476503040268,"true",0,0,"split"
"7967-5",1,0,0,0,2,45,0,1476503050482,"true",1,0,"close"
"7967-5",0,0,2,1,0,28,1,1476502823421,"true",0,0,"far"
"7967-5",0,1,1,0,1,29,0,1476502834000,"true",0,1,"split"
"7967-5",1,0,0,0,2,40,0,1476502992212,"true",1,0,"close"
"7967-5",0,0,2,1,0,41,1,1476503003332,"true",0,0,"split"
"7967-5",1,0,0,0,2,1,0,1476502490595,"true",1,0,"split"
"7967-5",0,1,0,0,1,3,0,1476502515911,"true",1,0,"far"
"7967-5",0,0,2,1,0,2,1,1476502508111,"true",0,0,"close"
"7967-5",1,0,2,0,2,5,1,1476502542957,"true",0,0,"close"
"7967-5",0,0,2,1,0,4,1,1476502528828,"true",0,0,"far"
"7967-5",1,0,1,0,2,7,0,1476502565514,"true",0,1,"split"
"7967-5",0,1,1,0,1,6,0,1476502553232,"true",0,1,"split"
"7967-5",1,0,2,0,2,9,1,1476502586017,"true",0,0,"split"
"7967-5",0,0,0,1,0,8,0,1476502575718,"true",1,0,"split"
"7967-5",0,1,0,0,1,39,0,1476502981117,"true",1,0,"close"
"7967-5",0,0,1,1,0,38,0,1476502961537,"true",0,1,"far"
"7967-5",0,1,0,0,1,11,0,1476502605272,"true",1,0,"split"
"7967-5",0,1,1,0,1,10,0,1476502595592,"true",0,1,"close"
"7967-5",1,0,1,0,2,13,0,1476502631123,"true",0,1,"far"
"7967-5",1,0,0,0,2,12,0,1476502620644,"true",1,0,"split"
"7967-5",0,0,1,1,0,15,0,1476502654449,"true",0,1,"far"
"7967-5",1,0,1,0,2,14,0,1476502643927,"true",0,1,"close"
"7967-5",0,1,1,0,1,17,0,1476502692828,"true",0,1,"split"
"7967-5",0,1,1,0,1,16,0,1476502675401,"true",0,1,"far"
"7967-5",0,0,0,1,0,19,0,1476502716944,"true",1,0,"far"
"7967-5",1,0,2,0,2,18,1,1476502706610,"true",0,0,"far"
"7967-5",0,0,0,1,0,31,0,1476502871920,"true",1,0,"far"
"7967-5",0,0,0,1,0,30,0,1476502863660,"false",1,0,"close"
"7967-5",0,0,1,1,0,37,0,1476502949861,"true",0,1,"far"
"7967-5",0,1,1,0,1,36,0,1476502941287,"true",0,1,"far"
"7967-5",1,0,0,0,2,35,0,1476502933411,"true",1,0,"far"
"7967-5",0,1,1,0,1,34,0,1476502922941,"true",0,1,"close"
"7967-5",1,0,0,0,2,33,0,1476502903816,"true",1,0,"close"
"7967-5",0,0,1,1,0,32,0,1476502882379,"true",0,1,"far"
"7967-5",0,0,1,1,0,50,0,1476503114005,"true",0,1,"close"
