"gameid","sClicked_2","sClicked_1","lClickedIndex","sClicked_0","sClickedIndex","roundNum","lClicked_2","time","outcome","lClicked_0","lClicked_1","condition"
"7967-f",0,1,1,0,1,42,0,1476994262149,"true",0,1,"split"
"7967-f",0,1,0,0,1,48,0,1476994332478,"true",1,0,"close"
"7967-f",0,1,2,0,1,43,1,1476994270795,"true",0,0,"split"
"7967-f",0,1,2,0,1,49,1,1476994342508,"true",0,0,"split"
"7967-f",0,1,1,0,1,24,0,1476994003978,"true",0,1,"split"
"7967-f",0,0,0,1,0,25,0,1476994017764,"true",1,0,"close"
"7967-f",0,1,2,0,1,26,1,1476994027758,"false",0,0,"split"
"7967-f",0,1,2,0,1,27,1,1476994036384,"true",0,0,"close"
"7967-f",0,1,1,0,1,20,0,1476993970183,"true",0,1,"far"
"7967-f",0,0,0,1,0,21,0,1476993979897,"true",1,0,"split"
"7967-f",0,0,1,1,0,22,0,1476993986108,"true",0,1,"far"
"7967-f",0,1,1,0,1,23,0,1476993993518,"true",0,1,"close"
"7967-f",1,0,2,0,2,46,1,1476994300384,"true",0,0,"far"
"7967-f",1,0,2,0,2,47,1,1476994307380,"true",0,0,"far"
"7967-f",0,1,0,0,1,44,0,1476994279107,"true",1,0,"far"
"7967-f",0,1,2,0,1,45,1,1476994290737,"true",0,0,"close"
"7967-f",1,0,2,0,2,28,1,1476994042939,"true",0,0,"far"
"7967-f",0,0,2,1,0,29,1,1476994068669,"true",0,0,"close"
"7967-f",1,0,0,0,2,40,0,1476994224928,"true",1,0,"far"
"7967-f",0,1,1,0,1,41,0,1476994236789,"true",0,1,"far"
"7967-f",0,1,1,0,1,1,0,1476993739837,"true",0,1,"far"
"7967-f",0,0,1,1,0,3,0,1476993774400,"true",0,1,"close"
"7967-f",1,0,0,0,2,2,0,1476993756168,"true",1,0,"split"
"7967-f",0,0,1,1,0,5,0,1476993797518,"true",0,1,"far"
"7967-f",1,0,1,0,2,4,0,1476993790197,"true",0,1,"close"
"7967-f",0,0,2,1,0,7,1,1476993840348,"true",0,0,"split"
"7967-f",1,0,0,0,2,6,0,1476993810494,"false",1,0,"close"
"7967-f",0,1,0,0,1,9,0,1476993864146,"true",1,0,"far"
"7967-f",0,1,1,0,1,8,0,1476993849948,"true",0,1,"close"
"7967-f",0,0,1,1,0,39,0,1476994215383,"true",0,1,"split"
"7967-f",0,1,0,0,1,38,0,1476994195506,"true",1,0,"close"
"7967-f",0,0,0,1,0,11,0,1476993886528,"true",1,0,"close"
"7967-f",0,0,2,1,0,10,1,1476993876448,"true",0,0,"split"
"7967-f",0,0,0,1,0,13,0,1476993909957,"true",1,0,"split"
"7967-f",0,0,1,1,0,12,0,1476993898979,"true",0,1,"split"
"7967-f",1,0,2,0,2,15,1,1476993928957,"true",0,0,"close"
"7967-f",0,0,2,1,0,14,1,1476993919373,"true",0,0,"far"
"7967-f",1,0,2,0,2,17,1,1476993945248,"true",0,0,"close"
"7967-f",1,0,0,0,2,16,0,1476993938067,"true",1,0,"far"
"7967-f",0,1,2,0,1,19,1,1476993961667,"true",0,0,"split"
"7967-f",0,1,2,0,1,18,1,1476993953347,"true",0,0,"split"
"7967-f",0,1,1,0,1,31,0,1476994093383,"true",0,1,"far"
"7967-f",0,1,1,0,1,30,0,1476994082457,"true",0,1,"close"
"7967-f",1,0,0,0,2,37,0,1476994174828,"true",1,0,"close"
"7967-f",0,0,1,1,0,36,0,1476994150906,"true",0,1,"split"
"7967-f",0,1,1,0,1,35,0,1476994138567,"true",0,1,"close"
"7967-f",0,0,2,1,0,34,1,1476994123607,"true",0,0,"far"
"7967-f",0,1,0,0,1,33,0,1476994114987,"true",1,0,"far"
"7967-f",0,0,2,1,0,32,1,1476994106547,"true",0,0,"split"
"7967-f",0,1,2,0,1,50,1,1476994351808,"true",0,0,"far"
