"gameid","sClicked_2","sClicked_1","lClickedIndex","sClicked_0","sClickedIndex","roundNum","lClicked_2","time","outcome","lClicked_0","lClicked_1","condition"
"7973-7",0,1,1,0,1,42,0,1476495051698,"true",0,1,"close"
"7973-7",0,0,0,1,0,48,0,1476495116991,"false",1,0,"close"
"7973-7",1,0,0,0,2,43,0,1476495061246,"true",1,0,"close"
"7973-7",1,0,0,0,2,49,0,1476495126493,"true",1,0,"far"
"7973-7",0,1,1,0,1,24,0,1476494795011,"false",0,1,"split"
"7973-7",0,1,0,0,1,25,0,1476494802350,"true",1,0,"far"
"7973-7",0,1,2,0,1,26,1,1476494818518,"false",0,0,"split"
"7973-7",0,1,2,0,1,27,1,1476494856906,"true",0,0,"split"
"7973-7",0,0,1,1,0,20,0,1476494756779,"true",0,1,"split"
"7973-7",0,1,2,0,1,21,1,1476494768413,"true",0,0,"close"
"7973-7",1,0,0,0,2,22,0,1476494775403,"true",1,0,"far"
"7973-7",0,1,0,0,1,23,0,1476494786622,"true",1,0,"split"
"7973-7",1,0,0,0,2,46,0,1476495092529,"false",1,0,"close"
"7973-7",0,0,1,1,0,47,0,1476495102605,"true",0,1,"split"
"7973-7",0,1,1,0,1,44,0,1476495069608,"false",0,1,"split"
"7973-7",1,0,0,0,2,45,0,1476495077822,"true",1,0,"far"
"7973-7",0,0,2,1,0,28,1,1476494863824,"true",0,0,"far"
"7973-7",1,0,1,0,2,29,0,1476494869849,"true",0,1,"far"
"7973-7",0,0,2,1,0,40,1,1476495032719,"true",0,0,"far"
"7973-7",1,0,1,0,2,41,0,1476495044924,"false",0,1,"close"
"7973-7",1,0,2,0,2,1,1,1476494504998,"false",0,0,"split"
"7973-7",0,1,1,0,1,3,0,1476494528635,"true",0,1,"close"
"7973-7",1,0,1,0,2,2,0,1476494514876,"true",0,1,"far"
"7973-7",0,1,1,0,1,5,0,1476494553620,"true",0,1,"far"
"7973-7",1,0,0,0,2,4,0,1476494543163,"true",1,0,"split"
"7973-7",0,0,1,1,0,7,0,1476494582733,"true",0,1,"far"
"7973-7",0,1,0,0,1,6,0,1476494569345,"true",1,0,"close"
"7973-7",0,0,1,1,0,9,0,1476494608555,"true",0,1,"split"
"7973-7",0,1,1,0,1,8,0,1476494592621,"true",0,1,"close"
"7973-7",0,0,1,1,0,39,0,1476495026465,"true",0,1,"far"
"7973-7",0,1,0,0,1,38,0,1476495015420,"true",1,0,"close"
"7973-7",0,0,0,1,0,11,0,1476494635853,"true",1,0,"far"
"7973-7",1,0,0,0,2,10,0,1476494627587,"true",1,0,"close"
"7973-7",0,0,2,1,0,13,1,1476494651216,"true",0,0,"far"
"7973-7",0,0,1,1,0,12,0,1476494643220,"true",0,1,"split"
"7973-7",0,0,0,1,0,15,0,1476494674001,"true",1,0,"split"
"7973-7",1,0,0,0,2,14,0,1476494658735,"true",1,0,"split"
"7973-7",0,0,2,1,0,17,1,1476494699424,"true",0,0,"split"
"7973-7",0,0,2,1,0,16,1,1476494685355,"true",0,0,"close"
"7973-7",1,0,2,0,2,19,1,1476494732650,"false",0,0,"close"
"7973-7",0,0,0,1,0,18,0,1476494713128,"true",1,0,"close"
"7973-7",0,0,0,1,0,31,0,1476494883301,"true",1,0,"close"
"7973-7",0,0,2,1,0,30,1,1476494876394,"true",0,0,"far"
"7973-7",0,1,2,0,1,37,1,1476495000345,"false",0,0,"split"
"7973-7",0,1,2,0,1,36,1,1476494977701,"true",0,0,"close"
"7973-7",0,1,1,0,1,35,0,1476494927393,"true",0,1,"split"
"7973-7",0,0,2,1,0,34,1,1476494915907,"true",0,0,"far"
"7973-7",0,0,0,1,0,33,0,1476494905006,"true",1,0,"split"
"7973-7",1,0,2,0,2,32,1,1476494897745,"true",0,0,"close"
"7973-7",1,0,0,0,2,50,0,1476495134283,"true",1,0,"far"
