"gameid","sClicked_2","sClicked_1","lClickedIndex","sClicked_0","sClickedIndex","roundNum","lClicked_2","time","outcome","lClicked_0","lClicked_1","condition"
"7975-c",0,0,2,1,0,42,1,1459892172991,"true",0,0,"close"
"7975-c",1,0,2,0,2,48,1,1459892238307,"true",0,0,"far"
"7975-c",1,0,1,0,2,43,0,1459892179954,"true",0,1,"far"
"7975-c",0,0,0,1,0,49,0,1459892250587,"true",1,0,"close"
"7975-c",0,1,1,0,1,24,0,1459891967494,"true",0,1,"far"
"7975-c",1,0,2,0,2,25,1,1459891984668,"true",0,0,"close"
"7975-c",1,0,1,0,2,26,0,1459892004486,"false",0,1,"split"
"7975-c",0,1,2,0,1,27,1,1459892011846,"true",0,0,"far"
"7975-c",0,1,1,0,1,20,0,1459891925723,"true",0,1,"split"
"7975-c",1,0,2,0,2,21,1,1459891934129,"true",0,0,"close"
"7975-c",1,0,1,0,2,22,0,1459891951252,"true",0,1,"close"
"7975-c",0,0,1,1,0,23,0,1459891959323,"true",0,1,"far"
"7975-c",0,1,0,0,1,46,0,1459892217998,"true",1,0,"close"
"7975-c",0,0,1,1,0,47,0,1459892230200,"true",0,1,"close"
"7975-c",1,0,2,0,2,44,1,1459892188899,"true",0,0,"far"
"7975-c",1,0,1,0,2,45,0,1459892202466,"true",0,1,"split"
"7975-c",0,0,0,1,0,28,0,1459892018616,"true",1,0,"far"
"7975-c",1,0,1,0,2,29,0,1459892026403,"true",0,1,"close"
"7975-c",0,0,0,1,0,40,0,1459892138104,"false",1,0,"split"
"7975-c",1,0,0,0,2,41,0,1459892147910,"true",1,0,"close"
"7975-c",0,1,1,0,1,1,0,1459891645738,"true",0,1,"split"
"7975-c",1,0,1,0,2,3,0,1459891682616,"true",0,1,"far"
"7975-c",0,1,0,0,1,2,0,1459891668074,"false",1,0,"close"
"7975-c",1,0,2,0,2,5,1,1459891722950,"false",0,0,"split"
"7975-c",0,0,2,1,0,4,1,1459891707854,"true",0,0,"far"
"7975-c",0,0,2,1,0,7,1,1459891750854,"true",0,0,"far"
"7975-c",0,0,2,1,0,6,1,1459891738077,"true",0,0,"far"
"7975-c",0,1,1,0,1,9,0,1459891784390,"false",0,1,"close"
"7975-c",0,1,2,0,1,8,1,1459891766250,"true",0,0,"close"
"7975-c",0,0,1,1,0,39,0,1459892130353,"true",0,1,"split"
"7975-c",0,0,1,1,0,38,0,1459892123498,"true",0,1,"close"
"7975-c",0,0,1,1,0,11,0,1459891815914,"true",0,1,"far"
"7975-c",0,0,2,1,0,10,1,1459891804657,"true",0,0,"split"
"7975-c",0,0,2,1,0,13,1,1459891838392,"true",0,0,"split"
"7975-c",0,0,0,1,0,12,0,1459891830207,"true",1,0,"split"
"7975-c",1,0,1,0,2,15,0,1459891859960,"true",0,1,"far"
"7975-c",0,1,1,0,1,14,0,1459891848305,"true",0,1,"far"
"7975-c",0,0,0,1,0,17,0,1459891878883,"true",1,0,"split"
"7975-c",0,0,0,1,0,16,0,1459891867697,"true",1,0,"split"
"7975-c",0,1,1,0,1,19,0,1459891912269,"true",0,1,"split"
"7975-c",0,0,0,1,0,18,0,1459891900280,"false",1,0,"close"
"7975-c",0,0,1,1,0,31,0,1459892050687,"true",0,1,"close"
"7975-c",0,0,1,1,0,30,0,1459892032803,"true",0,1,"far"
"7975-c",0,1,0,0,1,37,0,1459892112298,"true",1,0,"close"
"7975-c",1,0,0,0,2,36,0,1459892104888,"true",1,0,"split"
"7975-c",0,0,0,1,0,35,0,1459892094819,"false",1,0,"split"
"7975-c",0,0,0,1,0,34,0,1459892085809,"true",1,0,"far"
"7975-c",0,0,2,1,0,33,1,1459892075391,"true",0,0,"far"
"7975-c",0,0,1,1,0,32,0,1459892063793,"true",0,1,"close"
"7975-c",0,1,2,0,1,50,1,1459892266808,"true",0,0,"split"
