"gameid","sClicked_2","sClicked_1","lClickedIndex","sClicked_0","sClickedIndex","roundNum","lClicked_2","time","outcome","lClicked_0","lClicked_1","condition"
"7984-6",0,1,2,0,1,42,1,1476993760579,"true",0,0,"far"
"7984-6",0,0,2,1,0,48,1,1476993809722,"true",0,0,"split"
"7984-6",0,1,1,0,1,43,0,1476993769939,"true",0,1,"split"
"7984-6",0,0,2,1,0,49,1,1476993821156,"true",0,0,"split"
"7984-6",0,0,1,1,0,24,0,1476993592676,"true",0,1,"split"
"7984-6",0,0,1,1,0,25,0,1476993598757,"true",0,1,"far"
"7984-6",1,0,0,0,2,26,0,1476993609735,"true",1,0,"split"
"7984-6",0,0,1,1,0,27,0,1476993619148,"true",0,1,"close"
"7984-6",1,0,2,0,2,20,1,1476993540551,"true",0,0,"far"
"7984-6",0,1,2,0,1,21,1,1476993549689,"true",0,0,"close"
"7984-6",1,0,2,0,2,22,1,1476993559024,"true",0,0,"close"
"7984-6",0,0,0,1,0,23,0,1476993584718,"true",1,0,"close"
"7984-6",1,0,0,0,2,46,0,1476993792511,"true",1,0,"far"
"7984-6",0,0,2,1,0,47,1,1476993802891,"true",0,0,"split"
"7984-6",0,0,1,1,0,44,0,1476993779642,"true",0,1,"split"
"7984-6",0,1,1,0,1,45,0,1476993786123,"true",0,1,"far"
"7984-6",0,0,2,1,0,28,1,1476993628144,"true",0,0,"close"
"7984-6",0,0,2,1,0,29,1,1476993639199,"false",0,0,"split"
"7984-6",1,0,2,0,2,40,1,1476993742969,"true",0,0,"close"
"7984-6",0,0,0,1,0,41,0,1476993753944,"true",1,0,"close"
"7984-6",0,1,1,0,1,1,0,1476993333377,"true",0,1,"far"
"7984-6",0,1,2,0,1,3,1,1476993352696,"false",0,0,"far"
"7984-6",1,0,0,0,2,2,0,1476993341891,"true",1,0,"split"
"7984-6",0,1,1,0,1,5,0,1476993396495,"false",0,1,"close"
"7984-6",0,1,1,0,1,4,0,1476993369167,"true",0,1,"close"
"7984-6",1,0,1,0,2,7,0,1476993428136,"true",0,1,"close"
"7984-6",0,1,1,0,1,6,0,1476993407679,"true",0,1,"far"
"7984-6",0,1,1,0,1,9,0,1476993443040,"true",0,1,"far"
"7984-6",0,0,2,1,0,8,1,1476993434889,"true",0,0,"far"
"7984-6",1,0,1,0,2,39,0,1476993723872,"true",0,1,"split"
"7984-6",0,0,0,1,0,38,0,1476993717931,"false",1,0,"close"
"7984-6",0,0,0,1,0,11,0,1476993462030,"true",1,0,"close"
"7984-6",1,0,2,0,2,10,1,1476993454298,"true",0,0,"split"
"7984-6",0,1,2,0,1,13,1,1476993476972,"true",0,0,"far"
"7984-6",1,0,2,0,2,12,1,1476993469352,"true",0,0,"far"
"7984-6",0,0,1,1,0,15,0,1476993492783,"true",0,1,"far"
"7984-6",0,1,0,0,1,14,0,1476993486613,"true",1,0,"split"
"7984-6",0,1,1,0,1,17,0,1476993517022,"true",0,1,"close"
"7984-6",0,0,0,1,0,16,0,1476993508682,"true",1,0,"close"
"7984-6",0,0,2,1,0,19,1,1476993534524,"true",0,0,"split"
"7984-6",1,0,0,0,2,18,0,1476993523361,"true",1,0,"far"
"7984-6",0,1,2,0,1,31,1,1476993656394,"true",0,0,"close"
"7984-6",0,1,0,0,1,30,0,1476993647290,"true",1,0,"far"
"7984-6",0,0,0,1,0,37,0,1476993702349,"true",1,0,"split"
"7984-6",0,1,0,0,1,36,0,1476993695158,"true",1,0,"split"
"7984-6",1,0,1,0,2,35,0,1476993686189,"true",0,1,"far"
"7984-6",0,0,0,1,0,34,0,1476993679878,"true",1,0,"split"
"7984-6",1,0,0,0,2,33,0,1476993669935,"true",1,0,"far"
"7984-6",0,0,0,1,0,32,0,1476993663198,"true",1,0,"split"
"7984-6",0,0,2,1,0,50,1,1476993848526,"true",0,0,"close"
