"gameid","sClicked_2","sClicked_1","lClickedIndex","sClicked_0","sClickedIndex","roundNum","lClicked_2","time","outcome","lClicked_0","lClicked_1","condition"
"8002-d",0,0,0,1,0,42,0,1476470226014,"true",1,0,"far"
"8002-d",1,0,2,0,2,48,1,1476470310376,"true",0,0,"far"
"8002-d",0,1,1,0,1,43,0,1476470235317,"true",0,1,"far"
"8002-d",0,1,2,0,1,49,1,1476470324416,"false",0,0,"close"
"8002-d",0,0,1,1,0,24,0,1476469816970,"true",0,1,"split"
"8002-d",1,0,1,0,2,25,0,1476469836401,"true",0,1,"split"
"8002-d",1,0,2,0,2,26,1,1476469849190,"true",0,0,"split"
"8002-d",0,0,0,1,0,27,0,1476469862722,"true",1,0,"split"
"8002-d",0,0,2,1,0,20,1,1476469742337,"true",0,0,"far"
"8002-d",0,1,0,0,1,21,0,1476469754722,"true",1,0,"split"
"8002-d",1,0,2,0,2,22,1,1476469765204,"false",0,0,"split"
"8002-d",0,1,2,0,1,23,1,1476469794185,"true",0,0,"split"
"8002-d",0,1,1,0,1,46,0,1476470281721,"true",0,1,"far"
"8002-d",1,0,1,0,2,47,0,1476470299192,"true",0,1,"close"
"8002-d",0,0,0,1,0,44,0,1476470256637,"true",1,0,"close"
"8002-d",1,0,1,0,2,45,0,1476470263663,"true",0,1,"far"
"8002-d",0,0,1,1,0,28,0,1476469875174,"true",0,1,"split"
"8002-d",1,0,0,0,2,29,0,1476469898907,"true",1,0,"close"
"8002-d",1,0,2,0,2,40,1,1476470184238,"false",0,0,"close"
"8002-d",0,0,0,1,0,41,0,1476470215111,"false",1,0,"close"
"8002-d",0,0,0,1,0,1,0,1476469315101,"true",1,0,"close"
"8002-d",0,1,0,0,1,3,0,1476469328533,"true",1,0,"far"
"8002-d",0,0,1,1,0,2,0,1476469321359,"true",0,1,"far"
"8002-d",1,0,0,0,2,5,0,1476469419520,"true",1,0,"close"
"8002-d",0,0,0,1,0,4,0,1476469357190,"true",1,0,"close"
"8002-d",0,1,1,0,1,7,0,1476469476175,"true",0,1,"close"
"8002-d",0,1,0,0,1,6,0,1476469438151,"true",1,0,"split"
"8002-d",0,1,2,0,1,9,1,1476469505441,"true",0,0,"split"
"8002-d",0,0,0,1,0,8,0,1476469496815,"true",1,0,"split"
"8002-d",0,0,1,1,0,39,0,1476470171438,"true",0,1,"close"
"8002-d",1,0,2,0,2,38,1,1476470162441,"true",0,0,"far"
"8002-d",1,0,0,0,2,11,0,1476469535191,"true",1,0,"split"
"8002-d",1,0,1,0,2,10,0,1476469522039,"true",0,1,"split"
"8002-d",0,0,0,1,0,13,0,1476469601360,"true",1,0,"far"
"8002-d",1,0,2,0,2,12,1,1476469584799,"true",0,0,"split"
"8002-d",1,0,0,0,2,15,0,1476469641803,"true",1,0,"split"
"8002-d",0,0,0,1,0,14,0,1476469617927,"true",1,0,"far"
"8002-d",1,0,1,0,2,17,0,1476469675370,"true",0,1,"far"
"8002-d",0,0,1,1,0,16,0,1476469662009,"true",0,1,"close"
"8002-d",0,0,1,1,0,19,0,1476469732162,"true",0,1,"close"
"8002-d",0,0,0,1,0,18,0,1476469699864,"true",1,0,"far"
"8002-d",0,0,2,1,0,31,1,1476469973323,"true",0,0,"close"
"8002-d",0,1,0,0,1,30,0,1476469924571,"true",1,0,"split"
"8002-d",0,0,0,1,0,37,0,1476470154301,"true",1,0,"close"
"8002-d",0,1,0,0,1,36,0,1476470099643,"true",1,0,"far"
"8002-d",1,0,0,0,2,35,0,1476470054517,"true",1,0,"split"
"8002-d",0,1,0,0,1,34,0,1476470033931,"true",1,0,"far"
"8002-d",1,0,2,0,2,33,1,1476470006709,"true",0,0,"far"
"8002-d",1,0,0,0,2,32,0,1476469998067,"true",1,0,"far"
"8002-d",0,1,0,0,1,50,0,1476470363862,"true",1,0,"close"
