"gameid","sClicked_2","sClicked_1","lClickedIndex","sClicked_0","sClickedIndex","roundNum","lClicked_2","time","outcome","lClicked_0","lClicked_1","condition"
"8016-c",0,1,0,0,1,42,0,1476472048973,"true",1,0,"far"
"8016-c",1,0,1,0,2,48,0,1476472153008,"true",0,1,"split"
"8016-c",1,0,2,0,2,43,1,1476472057775,"true",0,0,"close"
"8016-c",0,1,0,0,1,49,0,1476472164898,"true",1,0,"split"
"8016-c",1,0,0,0,2,24,0,1476471833476,"false",1,0,"close"
"8016-c",0,0,2,1,0,25,1,1476471849063,"true",0,0,"split"
"8016-c",1,0,1,0,2,26,0,1476471866267,"true",0,1,"close"
"8016-c",1,0,1,0,2,27,0,1476471873264,"true",0,1,"split"
"8016-c",0,0,1,1,0,20,0,1476471748870,"true",0,1,"close"
"8016-c",0,1,2,0,1,21,1,1476471777286,"true",0,0,"split"
"8016-c",1,0,0,0,2,22,0,1476471785515,"true",1,0,"far"
"8016-c",0,0,0,1,0,23,0,1476471792325,"true",1,0,"far"
"8016-c",0,1,2,0,1,46,1,1476472088801,"true",0,0,"far"
"8016-c",0,0,0,1,0,47,0,1476472110637,"true",1,0,"close"
"8016-c",0,1,2,0,1,44,1,1476472068545,"true",0,0,"split"
"8016-c",0,0,0,1,0,45,0,1476472082067,"true",1,0,"close"
"8016-c",0,0,1,1,0,28,0,1476471880317,"true",0,1,"far"
"8016-c",1,0,0,0,2,29,0,1476471889477,"true",1,0,"split"
"8016-c",1,0,2,0,2,40,1,1476472033375,"true",0,0,"split"
"8016-c",0,0,1,1,0,41,0,1476472041984,"true",0,1,"split"
"8016-c",0,1,2,0,1,1,1,1476471444196,"true",0,0,"far"
"8016-c",0,0,1,1,0,3,0,1476471483530,"true",0,1,"split"
"8016-c",0,1,2,0,1,2,1,1476471468426,"true",0,0,"close"
"8016-c",0,1,2,0,1,5,1,1476471519190,"true",0,0,"far"
"8016-c",1,0,1,0,2,4,0,1476471497755,"true",0,1,"far"
"8016-c",1,0,0,0,2,7,0,1476471535411,"true",1,0,"far"
"8016-c",0,1,0,0,1,6,0,1476471527667,"true",1,0,"split"
"8016-c",1,0,0,0,2,9,0,1476471555642,"true",1,0,"split"
"8016-c",0,1,0,0,1,8,0,1476471546782,"true",1,0,"far"
"8016-c",0,0,1,1,0,39,0,1476472021684,"true",0,1,"close"
"8016-c",0,1,1,0,1,38,0,1476472008160,"true",0,1,"split"
"8016-c",0,1,2,0,1,11,1,1476471630642,"true",0,0,"close"
"8016-c",0,0,2,1,0,10,1,1476471596775,"true",0,0,"close"
"8016-c",0,1,2,0,1,13,1,1476471678311,"true",0,0,"close"
"8016-c",0,0,2,1,0,12,1,1476471652219,"true",0,0,"close"
"8016-c",0,1,0,0,1,15,0,1476471695976,"true",1,0,"far"
"8016-c",1,0,0,0,2,14,0,1476471687727,"true",1,0,"far"
"8016-c",1,0,1,0,2,17,0,1476471720132,"true",0,1,"split"
"8016-c",0,0,2,1,0,16,1,1476471707208,"true",0,0,"close"
"8016-c",1,0,2,0,2,19,1,1476471740922,"true",0,0,"far"
"8016-c",0,1,0,0,1,18,0,1476471730448,"true",1,0,"split"
"8016-c",0,1,2,0,1,31,1,1476471921626,"true",0,0,"close"
"8016-c",0,0,0,1,0,30,0,1476471902079,"true",1,0,"far"
"8016-c",0,0,2,1,0,37,1,1476471997107,"true",0,0,"close"
"8016-c",1,0,2,0,2,36,1,1476471987735,"true",0,0,"split"
"8016-c",0,1,2,0,1,35,1,1476471980568,"true",0,0,"far"
"8016-c",1,0,0,0,2,34,0,1476471973161,"true",1,0,"split"
"8016-c",1,0,0,0,2,33,0,1476471965815,"true",1,0,"close"
"8016-c",0,0,2,1,0,32,1,1476471933514,"true",0,0,"close"
"8016-c",0,0,2,1,0,50,1,1476472172729,"true",0,0,"far"
