"gameid","sClicked_2","sClicked_1","lClickedIndex","sClicked_0","sClickedIndex","roundNum","lClicked_2","time","outcome","lClicked_0","lClicked_1","condition"
"8032-5",1,0,0,0,2,42,0,1476993551574,"true",1,0,"close"
"8032-5",0,1,1,0,1,48,0,1476993758905,"true",0,1,"far"
"8032-5",0,1,2,0,1,43,1,1476993597585,"true",0,0,"far"
"8032-5",1,0,1,0,2,49,0,1476993778673,"false",0,1,"split"
"8032-5",0,0,2,1,0,24,1,1476993143853,"true",0,0,"far"
"8032-5",0,1,0,0,1,25,0,1476993155551,"false",1,0,"close"
"8032-5",0,1,0,0,1,26,0,1476993170699,"true",1,0,"split"
"8032-5",1,0,0,0,2,27,0,1476993189987,"true",1,0,"split"
"8032-5",1,0,1,0,2,20,0,1476993091927,"true",0,1,"far"
"8032-5",0,0,2,1,0,21,1,1476993099246,"true",0,0,"far"
"8032-5",0,0,2,1,0,22,1,1476993115011,"true",0,0,"split"
"8032-5",1,0,2,0,2,23,1,1476993128277,"true",0,0,"close"
"8032-5",0,0,1,1,0,46,0,1476993660984,"false",0,1,"split"
"8032-5",0,0,1,1,0,47,0,1476993702038,"false",0,1,"split"
"8032-5",1,0,1,0,2,44,0,1476993634482,"true",0,1,"close"
"8032-5",0,0,1,1,0,45,0,1476993642910,"true",0,1,"split"
"8032-5",0,1,0,0,1,28,0,1476993208333,"true",1,0,"split"
"8032-5",1,0,1,0,2,29,0,1476993232355,"true",0,1,"close"
"8032-5",0,1,2,0,1,40,1,1476993498064,"true",0,0,"close"
"8032-5",0,1,0,0,1,41,0,1476993506038,"true",1,0,"far"
"8032-5",1,0,1,0,2,1,0,1476992823917,"true",0,1,"far"
"8032-5",0,1,2,0,1,3,1,1476992849337,"true",0,0,"split"
"8032-5",0,1,0,0,1,2,0,1476992840420,"true",1,0,"split"
"8032-5",0,1,0,0,1,5,0,1476992879461,"true",1,0,"split"
"8032-5",0,0,0,1,0,4,0,1476992865224,"true",1,0,"close"
"8032-5",0,0,0,1,0,7,0,1476992908088,"true",1,0,"close"
"8032-5",0,1,2,0,1,6,1,1476992892612,"true",0,0,"far"
"8032-5",1,0,2,0,2,9,1,1476992933426,"true",0,0,"split"
"8032-5",0,1,2,0,1,8,1,1476992919150,"true",0,0,"close"
"8032-5",0,1,2,0,1,39,1,1476993476412,"false",0,0,"close"
"8032-5",1,0,2,0,2,38,1,1476993447749,"false",0,0,"close"
"8032-5",0,1,0,0,1,11,0,1476992968063,"true",1,0,"close"
"8032-5",0,1,2,0,1,10,1,1476992954198,"true",0,0,"close"
"8032-5",1,0,0,0,2,13,0,1476992996056,"true",1,0,"far"
"8032-5",0,1,2,0,1,12,1,1476992982182,"false",0,0,"split"
"8032-5",0,1,0,0,1,15,0,1476993027440,"true",1,0,"far"
"8032-5",1,0,1,0,2,14,0,1476993013025,"true",0,1,"far"
"8032-5",0,1,1,0,1,17,0,1476993051774,"true",0,1,"split"
"8032-5",0,1,0,0,1,16,0,1476993040482,"true",1,0,"far"
"8032-5",0,0,2,1,0,19,1,1476993085594,"true",0,0,"far"
"8032-5",0,1,0,0,1,18,0,1476993073334,"true",1,0,"far"
"8032-5",1,0,0,0,2,31,0,1476993254413,"true",1,0,"close"
"8032-5",0,1,1,0,1,30,0,1476993242087,"true",0,1,"far"
"8032-5",0,0,1,1,0,37,0,1476993415848,"false",0,1,"split"
"8032-5",0,0,0,1,0,36,0,1476993385382,"false",1,0,"close"
"8032-5",1,0,1,0,2,35,0,1476993353696,"true",0,1,"split"
"8032-5",0,1,2,0,1,34,1,1476993310809,"true",0,0,"close"
"8032-5",1,0,2,0,2,33,1,1476993287181,"true",0,0,"far"
"8032-5",0,0,1,1,0,32,0,1476993272493,"true",0,1,"far"
"8032-5",0,1,2,0,1,50,1,1476993800873,"true",0,0,"split"
