"gameid","sClicked_2","sClicked_1","lClickedIndex","sClicked_0","sClickedIndex","roundNum","lClicked_2","time","outcome","lClicked_0","lClicked_1","condition"
"8034-c",1,0,2,0,2,42,1,1476999250687,"true",0,0,"far"
"8034-c",1,0,0,0,2,48,0,1476999322794,"true",1,0,"split"
"8034-c",0,0,0,1,0,43,0,1476999258500,"true",1,0,"far"
"8034-c",1,0,0,0,2,49,0,1476999330030,"true",1,0,"far"
"8034-c",1,0,0,0,2,24,0,1476998971471,"true",1,0,"close"
"8034-c",0,0,0,1,0,25,0,1476998986905,"true",1,0,"split"
"8034-c",0,1,1,0,1,26,0,1476998995587,"true",0,1,"far"
"8034-c",1,0,1,0,2,27,0,1476999009432,"true",0,1,"far"
"8034-c",0,1,1,0,1,20,0,1476998912855,"true",0,1,"far"
"8034-c",0,0,0,1,0,21,0,1476998924827,"true",1,0,"close"
"8034-c",0,1,2,0,1,22,1,1476998937657,"true",0,0,"split"
"8034-c",0,0,0,1,0,23,0,1476998952877,"true",1,0,"split"
"8034-c",0,1,2,0,1,46,1,1476999294294,"true",0,0,"close"
"8034-c",0,1,1,0,1,47,0,1476999311869,"true",0,1,"close"
"8034-c",0,1,2,0,1,44,1,1476999271635,"false",0,0,"split"
"8034-c",0,0,2,1,0,45,1,1476999281331,"true",0,0,"split"
"8034-c",0,1,1,0,1,28,0,1476999016957,"true",0,1,"far"
"8034-c",0,1,2,0,1,29,1,1476999033844,"true",0,0,"split"
"8034-c",1,0,2,0,2,40,1,1476999222790,"true",0,0,"close"
"8034-c",0,0,2,1,0,41,1,1476999241563,"true",0,0,"split"
"8034-c",0,1,1,0,1,1,0,1476998691979,"true",0,1,"close"
"8034-c",0,0,1,1,0,3,0,1476998717771,"true",0,1,"far"
"8034-c",0,0,1,1,0,2,0,1476998710746,"true",0,1,"split"
"8034-c",0,1,0,0,1,5,0,1476998753078,"true",1,0,"split"
"8034-c",0,1,1,0,1,4,0,1476998743614,"false",0,1,"close"
"8034-c",0,0,1,1,0,7,0,1476998781498,"true",0,1,"split"
"8034-c",1,0,2,0,2,6,1,1476998764209,"true",0,0,"split"
"8034-c",1,0,2,0,2,9,1,1476998814896,"true",0,0,"close"
"8034-c",1,0,1,0,2,8,0,1476998794490,"true",0,1,"close"
"8034-c",0,0,1,1,0,39,0,1476999203887,"true",0,1,"split"
"8034-c",0,1,1,0,1,38,0,1476999192565,"true",0,1,"far"
"8034-c",1,0,1,0,2,11,0,1476998833176,"true",0,1,"close"
"8034-c",0,1,1,0,1,10,0,1476998823707,"true",0,1,"close"
"8034-c",1,0,0,0,2,13,0,1476998848523,"true",1,0,"close"
"8034-c",0,0,1,1,0,12,0,1476998839621,"true",0,1,"far"
"8034-c",1,0,1,0,2,15,0,1476998875259,"true",0,1,"split"
"8034-c",0,1,2,0,1,14,1,1476998861259,"true",0,0,"close"
"8034-c",1,0,2,0,2,17,1,1476998890106,"true",0,0,"split"
"8034-c",0,0,0,1,0,16,0,1476998882155,"true",1,0,"far"
"8034-c",0,0,2,1,0,19,1,1476998904287,"true",0,0,"far"
"8034-c",1,0,1,0,2,18,0,1476998896566,"true",0,1,"far"
"8034-c",1,0,0,0,2,31,0,1476999069797,"true",1,0,"split"
"8034-c",0,0,1,1,0,30,0,1476999063196,"true",0,1,"far"
"8034-c",1,0,1,0,2,37,0,1476999183718,"true",0,1,"close"
"8034-c",0,0,1,1,0,36,0,1476999165752,"true",0,1,"far"
"8034-c",1,0,0,0,2,35,0,1476999157441,"true",1,0,"close"
"8034-c",0,0,0,1,0,34,0,1476999132914,"true",1,0,"close"
"8034-c",0,1,0,0,1,33,0,1476999101451,"true",1,0,"split"
"8034-c",0,0,0,1,0,32,0,1476999088202,"true",1,0,"far"
"8034-c",1,0,2,0,2,50,1,1476999346452,"true",0,0,"close"
