"gameid","sClicked_2","sClicked_1","lClickedIndex","sClicked_0","sClickedIndex","roundNum","lClicked_2","time","outcome","lClicked_0","lClicked_1","condition"
"8047-0",0,1,2,0,1,42,1,1476494184208,"true",0,0,"split"
"8047-0",0,1,1,0,1,48,0,1476494318716,"true",0,1,"close"
"8047-0",0,1,0,0,1,43,0,1476494200189,"true",1,0,"far"
"8047-0",0,0,1,1,0,49,0,1476494350564,"true",0,1,"split"
"8047-0",1,0,2,0,2,24,1,1476493689162,"true",0,0,"far"
"8047-0",0,1,1,0,1,25,0,1476493715984,"true",0,1,"split"
"8047-0",1,0,0,0,2,27,0,1476493755939,"true",1,0,"far"
"8047-0",1,0,2,0,2,20,1,1476493595694,"true",0,0,"split"
"8047-0",1,0,0,0,2,21,0,1476493608308,"true",1,0,"far"
"8047-0",1,0,2,0,2,22,1,1476493643763,"true",0,0,"close"
"8047-0",0,0,1,1,0,23,0,1476493669739,"true",0,1,"split"
"8047-0",0,1,1,0,1,46,0,1476494254847,"true",0,1,"split"
"8047-0",1,0,2,0,2,47,1,1476494293609,"true",0,0,"split"
"8047-0",0,1,2,0,1,44,1,1476494213787,"true",0,0,"far"
"8047-0",0,0,0,1,0,45,0,1476494230419,"true",1,0,"split"
"8047-0",1,0,2,0,2,28,1,1476493769790,"true",0,0,"far"
"8047-0",0,0,0,1,0,29,0,1476493796756,"true",1,0,"close"
"8047-0",0,0,0,1,0,40,0,1476494143620,"true",1,0,"close"
"8047-0",1,0,1,0,2,41,0,1476494169404,"true",0,1,"far"
"8047-0",0,1,2,0,1,1,1,1476493263989,"true",0,0,"far"
"8047-0",1,0,0,0,2,3,0,1476493282316,"true",1,0,"split"
"8047-0",0,0,2,1,0,2,1,1476493275064,"true",0,0,"far"
"8047-0",1,0,1,0,2,5,0,1476493306952,"true",0,1,"close"
"8047-0",0,0,1,1,0,4,0,1476493291051,"false",0,1,"close"
"8047-0",1,0,0,0,2,7,0,1476493324490,"true",1,0,"split"
"8047-0",0,1,0,0,1,6,0,1476493315026,"true",1,0,"far"
"8047-0",0,0,1,1,0,9,0,1476493376102,"true",0,1,"close"
"8047-0",0,1,1,0,1,8,0,1476493347412,"true",0,1,"split"
"8047-0",0,1,1,0,1,39,0,1476494085613,"true",0,1,"far"
"8047-0",1,0,0,0,2,38,0,1476494077397,"true",1,0,"split"
"8047-0",1,0,0,0,2,11,0,1476493398936,"true",1,0,"far"
"8047-0",1,0,0,0,2,10,0,1476493388423,"true",1,0,"split"
"8047-0",1,0,1,0,2,13,0,1476493444315,"true",0,1,"close"
"8047-0",1,0,1,0,2,12,0,1476493423341,"true",0,1,"close"
"8047-0",1,0,0,0,2,15,0,1476493479020,"true",1,0,"split"
"8047-0",1,0,2,0,2,14,1,1476493460065,"true",0,0,"far"
"8047-0",0,1,2,0,1,17,1,1476493533534,"true",0,0,"close"
"8047-0",1,0,0,0,2,16,0,1476493490022,"true",1,0,"split"
"8047-0",0,1,1,0,1,19,0,1476493569868,"true",0,1,"split"
"8047-0",1,0,2,0,2,18,1,1476493544616,"true",0,0,"far"
"8047-0",0,1,2,0,1,31,1,1476493852202,"true",0,0,"close"
"8047-0",0,0,0,1,0,30,0,1476493826024,"true",1,0,"far"
"8047-0",1,0,0,0,2,37,0,1476494047520,"true",1,0,"close"
"8047-0",1,0,0,0,2,36,0,1476494027122,"true",1,0,"close"
"8047-0",1,0,2,0,2,35,1,1476493985473,"true",0,0,"far"
"8047-0",0,1,2,0,1,34,1,1476493969110,"true",0,0,"split"
"8047-0",0,1,0,0,1,33,0,1476493928272,"true",1,0,"close"
"8047-0",0,0,0,1,0,32,0,1476493880900,"true",1,0,"close"
"8047-0",0,1,2,0,1,50,1,1476494407008,"true",0,0,"far"
