"gameid","sClicked_2","sClicked_1","lClickedIndex","sClicked_0","sClickedIndex","roundNum","lClicked_2","time","outcome","lClicked_0","lClicked_1","condition"
"8056-d",0,0,1,1,0,42,0,1476479616933,"true",0,1,"far"
"8056-d",1,0,2,0,2,48,1,1476479681604,"true",0,0,"close"
"8056-d",0,0,1,1,0,43,0,1476479624040,"true",0,1,"far"
"8056-d",1,0,0,0,2,49,0,1476479689770,"true",1,0,"far"
"8056-d",0,0,2,1,0,24,1,1476479339353,"true",0,0,"split"
"8056-d",1,0,1,0,2,25,0,1476479347157,"true",0,1,"far"
"8056-d",0,1,1,0,1,26,0,1476479369093,"true",0,1,"split"
"8056-d",0,0,2,1,0,27,1,1476479378053,"true",0,0,"close"
"8056-d",0,1,1,0,1,20,0,1476479288121,"true",0,1,"split"
"8056-d",0,1,1,0,1,21,0,1476479297551,"true",0,1,"split"
"8056-d",0,0,1,1,0,22,0,1476479305759,"false",0,1,"far"
"8056-d",1,0,0,0,2,23,0,1476479318807,"true",1,0,"split"
"8056-d",1,0,1,0,2,46,0,1476479661061,"true",0,1,"close"
"8056-d",0,0,2,1,0,47,1,1476479671520,"true",0,0,"close"
"8056-d",0,0,0,1,0,44,0,1476479637460,"true",1,0,"split"
"8056-d",0,0,2,1,0,45,1,1476479645749,"true",0,0,"far"
"8056-d",1,0,0,0,2,28,0,1476479384903,"true",1,0,"split"
"8056-d",1,0,0,0,2,29,0,1476479400948,"true",1,0,"split"
"8056-d",0,1,2,0,1,40,1,1476479601237,"true",0,0,"split"
"8056-d",0,0,0,1,0,41,0,1476479610120,"true",1,0,"far"
"8056-d",0,0,2,1,0,1,1,1476479033354,"true",0,0,"far"
"8056-d",1,0,2,0,2,3,1,1476479054693,"true",0,0,"far"
"8056-d",1,0,2,0,2,2,1,1476479043902,"true",0,0,"far"
"8056-d",0,1,2,0,1,5,1,1476479076328,"true",0,0,"close"
"8056-d",0,1,1,0,1,4,0,1476479063187,"true",0,1,"far"
"8056-d",0,1,2,0,1,7,1,1476479098116,"true",0,0,"far"
"8056-d",0,0,2,1,0,6,1,1476479090187,"true",0,0,"close"
"8056-d",0,0,1,1,0,9,0,1476479117412,"true",0,1,"split"
"8056-d",0,1,1,0,1,8,0,1476479107386,"true",0,1,"split"
"8056-d",0,0,1,1,0,39,0,1476479588700,"true",0,1,"split"
"8056-d",0,0,2,1,0,38,1,1476479580012,"true",0,0,"far"
"8056-d",0,1,0,0,1,11,0,1476479149232,"true",1,0,"split"
"8056-d",0,0,2,1,0,10,1,1476479127584,"true",0,0,"close"
"8056-d",0,1,2,0,1,13,1,1476479188030,"true",0,0,"split"
"8056-d",1,0,1,0,2,12,0,1476479177395,"false",0,1,"close"
"8056-d",0,0,0,1,0,15,0,1476479204816,"true",1,0,"far"
"8056-d",0,0,2,1,0,14,1,1476479197284,"true",0,0,"far"
"8056-d",0,0,1,1,0,17,0,1476479241389,"true",0,1,"close"
"8056-d",0,0,0,1,0,16,0,1476479229837,"true",1,0,"close"
"8056-d",0,0,2,1,0,19,1,1476479265324,"true",0,0,"close"
"8056-d",0,1,0,0,1,18,0,1476479248963,"true",1,0,"split"
"8056-d",0,0,0,1,0,31,0,1476479465956,"true",1,0,"close"
"8056-d",1,0,2,0,2,30,1,1476479425481,"true",0,0,"close"
"8056-d",0,0,0,1,0,37,0,1476479573166,"true",1,0,"close"
"8056-d",1,0,2,0,2,36,1,1476479550462,"true",0,0,"split"
"8056-d",0,1,2,0,1,34,1,1476479516689,"true",0,0,"close"
"8056-d",1,0,2,0,2,33,1,1476479493899,"true",0,0,"close"
"8056-d",0,0,1,1,0,32,0,1476479473298,"true",0,1,"far"
"8056-d",0,0,0,1,0,50,0,1476479698059,"true",1,0,"far"
