"gameid","sClicked_2","sClicked_1","lClickedIndex","sClicked_0","sClickedIndex","roundNum","lClicked_2","time","outcome","lClicked_0","lClicked_1","condition"
"8063-b",0,0,2,1,0,42,1,1476990455338,"true",0,0,"split"
"8063-b",0,1,0,0,1,48,0,1476990561954,"true",1,0,"split"
"8063-b",0,0,2,1,0,43,1,1476990493682,"true",0,0,"close"
"8063-b",1,0,0,0,2,49,0,1476990588137,"true",1,0,"close"
"8063-b",1,0,1,0,2,24,0,1476990133515,"true",0,1,"far"
"8063-b",0,1,1,0,1,25,0,1476990143309,"true",0,1,"far"
"8063-b",0,0,1,1,0,26,0,1476990155276,"true",0,1,"far"
"8063-b",1,0,2,0,2,27,1,1476990196602,"true",0,0,"close"
"8063-b",1,0,0,0,2,20,0,1476990051189,"true",1,0,"split"
"8063-b",1,0,2,0,2,21,1,1476990065158,"true",0,0,"far"
"8063-b",0,0,1,1,0,22,0,1476990108563,"true",0,1,"close"
"8063-b",1,0,0,0,2,23,0,1476990123206,"true",1,0,"far"
"8063-b",0,0,2,1,0,46,1,1476990528568,"true",0,0,"far"
"8063-b",1,0,1,0,2,47,0,1476990539313,"true",0,1,"split"
"8063-b",0,1,2,0,1,44,1,1476990504684,"false",0,0,"split"
"8063-b",1,0,1,0,2,45,0,1476990516433,"true",0,1,"far"
"8063-b",0,0,1,1,0,28,0,1476990243405,"false",0,1,"close"
"8063-b",0,0,2,1,0,29,1,1476990250903,"true",0,0,"far"
"8063-b",1,0,2,0,2,40,1,1476990409576,"true",0,0,"split"
"8063-b",0,1,1,0,1,41,0,1476990431826,"true",0,1,"split"
"8063-b",1,0,0,0,2,1,0,1476989672425,"true",1,0,"far"
"8063-b",0,0,1,1,0,3,0,1476989699145,"true",0,1,"split"
"8063-b",0,1,2,0,1,2,1,1476989682478,"true",0,0,"far"
"8063-b",0,0,2,1,0,5,1,1476989730286,"true",0,0,"far"
"8063-b",0,1,0,0,1,4,0,1476989722664,"true",1,0,"close"
"8063-b",0,0,1,1,0,7,0,1476989779752,"true",0,1,"close"
"8063-b",0,0,2,1,0,6,1,1476989766206,"false",0,0,"close"
"8063-b",0,1,1,0,1,9,0,1476989813068,"true",0,1,"split"
"8063-b",1,0,2,0,2,8,1,1476989803559,"true",0,0,"close"
"8063-b",1,0,2,0,2,39,1,1476990390508,"true",0,0,"close"
"8063-b",0,1,0,0,1,38,0,1476990371391,"true",1,0,"close"
"8063-b",1,0,1,0,2,11,0,1476989869276,"true",0,1,"close"
"8063-b",0,1,0,0,1,10,0,1476989830827,"true",1,0,"close"
"8063-b",1,0,0,0,2,13,0,1476989899369,"true",1,0,"far"
"8063-b",0,1,1,0,1,12,0,1476989886863,"true",0,1,"close"
"8063-b",0,0,2,1,0,15,1,1476989948332,"false",0,0,"split"
"8063-b",0,1,0,0,1,14,0,1476989918885,"true",1,0,"split"
"8063-b",1,0,1,0,2,17,0,1476989973541,"true",0,1,"split"
"8063-b",1,0,1,0,2,16,0,1476989959322,"true",0,1,"far"
"8063-b",0,1,1,0,1,19,0,1476990032023,"true",0,1,"split"
"8063-b",0,0,1,1,0,18,0,1476990006177,"true",0,1,"close"
"8063-b",1,0,2,0,2,31,1,1476990275971,"true",0,0,"far"
"8063-b",0,0,2,1,0,30,1,1476990267290,"true",0,0,"close"
"8063-b",0,1,2,0,1,37,1,1476990350754,"true",0,0,"far"
"8063-b",1,0,2,0,2,36,1,1476990344180,"true",0,0,"split"
"8063-b",0,0,1,1,0,35,0,1476990328122,"true",0,1,"far"
"8063-b",0,0,1,1,0,34,0,1476990319971,"true",0,1,"split"
"8063-b",0,0,0,1,0,33,0,1476990297986,"true",1,0,"close"
"8063-b",1,0,2,0,2,32,1,1476990284462,"true",0,0,"split"
"8063-b",0,0,2,1,0,50,1,1476990607452,"true",0,0,"split"
