"gameid","sClicked_2","sClicked_1","lClickedIndex","sClicked_0","sClickedIndex","roundNum","lClicked_2","time","outcome","lClicked_0","lClicked_1","condition"
"8080-9",1,0,2,0,2,42,1,1476490221821,"true",0,0,"far"
"8080-9",0,0,2,1,0,43,1,1476490253246,"false",0,0,"close"
"8080-9",0,1,1,0,1,49,0,1476490334157,"true",0,1,"split"
"8080-9",1,0,0,0,2,24,0,1476489952972,"true",1,0,"close"
"8080-9",0,0,2,1,0,25,1,1476489960726,"true",0,0,"far"
"8080-9",0,0,1,1,0,26,0,1476489976040,"true",0,1,"far"
"8080-9",1,0,1,0,2,27,0,1476489988500,"true",0,1,"close"
"8080-9",1,0,0,0,2,20,0,1476489880953,"true",1,0,"far"
"8080-9",0,0,0,1,0,21,0,1476489908533,"true",1,0,"close"
"8080-9",0,1,1,0,1,22,0,1476489920677,"true",0,1,"split"
"8080-9",1,0,2,0,2,23,1,1476489928005,"true",0,0,"far"
"8080-9",0,1,2,0,1,46,1,1476490306060,"true",0,0,"close"
"8080-9",1,0,1,0,2,47,0,1476490314548,"true",0,1,"far"
"8080-9",0,0,2,1,0,44,1,1476490263876,"true",0,0,"split"
"8080-9",0,1,2,0,1,48,1,1476490326414,"true",0,0,"close"
"8080-9",1,0,1,0,2,28,0,1476490004564,"true",0,1,"close"
"8080-9",1,0,1,0,2,29,0,1476490027366,"true",0,1,"close"
"8080-9",1,0,2,0,2,40,1,1476490193765,"true",0,0,"split"
"8080-9",0,1,1,0,1,41,0,1476490214657,"true",0,1,"far"
"8080-9",0,1,0,0,1,1,0,1476489622123,"true",1,0,"split"
"8080-9",1,0,0,0,2,3,0,1476489653653,"true",1,0,"split"
"8080-9",0,0,2,1,0,2,1,1476489633653,"true",0,0,"far"
"8080-9",0,1,1,0,1,5,0,1476489674957,"true",0,1,"split"
"8080-9",1,0,2,0,2,4,1,1476489666173,"true",0,0,"close"
"8080-9",1,0,1,0,2,7,0,1476489714781,"true",0,1,"far"
"8080-9",0,1,2,0,1,6,1,1476489704989,"true",0,0,"close"
"8080-9",0,1,2,0,1,9,1,1476489741076,"true",0,0,"split"
"8080-9",1,0,1,0,2,8,0,1476489726140,"true",0,1,"far"
"8080-9",0,0,1,1,0,39,0,1476490178285,"false",0,1,"split"
"8080-9",1,0,0,0,2,11,0,1476489769124,"true",1,0,"split"
"8080-9",1,0,2,0,2,10,1,1476489755403,"true",0,0,"split"
"8080-9",0,1,1,0,1,13,0,1476489784234,"true",0,1,"far"
"8080-9",0,1,2,0,1,12,1,1476489776948,"true",0,0,"far"
"8080-9",0,1,1,0,1,15,0,1476489830922,"true",0,1,"close"
"8080-9",0,0,2,1,0,14,1,1476489803332,"true",0,0,"split"
"8080-9",0,1,0,0,1,17,0,1476489854044,"true",1,0,"split"
"8080-9",0,1,1,0,1,16,0,1476489841885,"false",0,1,"close"
"8080-9",0,0,0,1,0,19,0,1476489874303,"true",1,0,"far"
"8080-9",1,0,1,0,2,18,0,1476489866844,"true",0,1,"close"
"8080-9",0,0,0,1,0,31,0,1476490050192,"true",1,0,"far"
"8080-9",0,0,2,1,0,30,1,1476490041460,"true",0,0,"far"
"8080-9",0,1,1,0,1,37,0,1476490131477,"true",0,1,"far"
"8080-9",1,0,2,0,2,36,1,1476490123242,"false",0,0,"close"
"8080-9",1,0,2,0,2,35,1,1476490108612,"true",0,0,"split"
"8080-9",1,0,2,0,2,34,1,1476490101412,"true",0,0,"split"
"8080-9",1,0,0,0,2,32,0,1476490058358,"true",1,0,"split"
"8080-9",0,0,1,1,0,50,0,1476490342340,"true",0,1,"far"
