"gameid","sClicked_2","sClicked_1","lClickedIndex","sClicked_0","sClickedIndex","roundNum","lClicked_2","time","outcome","lClicked_0","lClicked_1","condition"
"8084-4",0,1,2,0,1,42,1,1476995747119,"true",0,0,"far"
"8084-4",0,0,1,1,0,48,0,1476995824510,"true",0,1,"far"
"8084-4",1,0,0,0,2,43,0,1476995763369,"true",1,0,"split"
"8084-4",1,0,1,0,2,49,0,1476995836372,"true",0,1,"close"
"8084-4",0,1,0,0,1,24,0,1476995490504,"true",1,0,"split"
"8084-4",0,0,1,1,0,25,0,1476995505972,"true",0,1,"far"
"8084-4",0,1,0,0,1,26,0,1476995521655,"true",1,0,"split"
"8084-4",1,0,2,0,2,27,1,1476995534530,"true",0,0,"split"
"8084-4",0,0,0,1,0,20,0,1476995426924,"true",1,0,"far"
"8084-4",1,0,1,0,2,21,0,1476995442872,"true",0,1,"close"
"8084-4",0,0,2,1,0,22,1,1476995455162,"true",0,0,"split"
"8084-4",0,1,0,0,1,23,0,1476995474747,"true",1,0,"split"
"8084-4",0,0,0,1,0,46,0,1476995802360,"true",1,0,"split"
"8084-4",0,1,0,0,1,47,0,1476995812206,"true",1,0,"far"
"8084-4",1,0,1,0,2,44,0,1476995773190,"true",0,1,"far"
"8084-4",1,0,0,0,2,45,0,1476995785778,"true",1,0,"split"
"8084-4",0,0,2,1,0,28,1,1476995550677,"false",0,0,"split"
"8084-4",0,0,2,1,0,29,1,1476995563560,"true",0,0,"close"
"8084-4",0,1,1,0,1,40,0,1476995724857,"true",0,1,"far"
"8084-4",0,0,1,1,0,41,0,1476995734011,"true",0,1,"far"
"8084-4",0,1,2,0,1,1,1,1476995064113,"true",0,0,"split"
"8084-4",0,0,2,1,0,3,1,1476995091524,"true",0,0,"far"
"8084-4",0,1,1,0,1,2,0,1476995080805,"true",0,1,"split"
"8084-4",1,0,2,0,2,5,1,1476995130160,"true",0,0,"close"
"8084-4",0,1,2,0,1,4,1,1476995111753,"true",0,0,"close"
"8084-4",1,0,0,0,2,7,0,1476995149189,"true",1,0,"close"
"8084-4",0,0,1,1,0,6,0,1476995139206,"true",0,1,"split"
"8084-4",0,1,1,0,1,9,0,1476995199266,"false",0,1,"close"
"8084-4",0,0,1,1,0,8,0,1476995179668,"false",0,1,"close"
"8084-4",0,0,2,1,0,39,1,1476995709319,"true",0,0,"far"
"8084-4",0,0,2,1,0,38,1,1476995701235,"true",0,0,"far"
"8084-4",1,0,1,0,2,11,0,1476995239107,"true",0,1,"far"
"8084-4",0,1,1,0,1,10,0,1476995225282,"true",0,1,"close"
"8084-4",0,0,0,1,0,13,0,1476995289178,"true",1,0,"close"
"8084-4",0,1,0,0,1,12,0,1476995261167,"true",1,0,"close"
"8084-4",0,1,2,0,1,15,1,1476995330989,"true",0,0,"split"
"8084-4",0,0,0,1,0,14,0,1476995308439,"true",1,0,"close"
"8084-4",0,0,0,1,0,17,0,1476995361710,"true",1,0,"split"
"8084-4",0,1,1,0,1,16,0,1476995342511,"true",0,1,"far"
"8084-4",1,0,0,0,2,19,0,1476995414616,"false",1,0,"close"
"8084-4",0,0,0,1,0,18,0,1476995376131,"true",1,0,"split"
"8084-4",0,0,2,1,0,31,1,1476995596442,"true",0,0,"far"
"8084-4",0,1,1,0,1,30,0,1476995581951,"true",0,1,"close"
"8084-4",1,0,2,0,2,37,1,1476995689855,"true",0,0,"far"
"8084-4",0,1,1,0,1,36,0,1476995678996,"true",0,1,"close"
"8084-4",1,0,2,0,2,35,1,1476995661805,"false",0,0,"split"
"8084-4",0,0,2,1,0,34,1,1476995642440,"false",0,0,"close"
"8084-4",1,0,2,0,2,33,1,1476995624933,"true",0,0,"far"
"8084-4",0,1,2,0,1,32,1,1476995614407,"false",0,0,"close"
"8084-4",0,1,1,0,1,50,0,1476995847357,"true",0,1,"far"
