"gameid","sClicked_2","sClicked_1","lClickedIndex","sClicked_0","sClickedIndex","roundNum","lClicked_2","time","outcome","lClicked_0","lClicked_1","condition"
"8086-2",1,0,2,0,2,42,1,1476990144523,"true",0,0,"split"
"8086-2",0,0,2,1,0,48,1,1476990245906,"true",0,0,"far"
"8086-2",0,0,2,1,0,43,1,1476990173342,"true",0,0,"close"
"8086-2",0,1,2,0,1,49,1,1476990258018,"true",0,0,"split"
"8086-2",1,0,0,0,2,24,0,1476989902943,"true",1,0,"far"
"8086-2",1,0,2,0,2,25,1,1476989916591,"true",0,0,"close"
"8086-2",1,0,0,0,2,26,0,1476989933262,"true",1,0,"close"
"8086-2",0,0,2,1,0,27,1,1476989940960,"true",0,0,"split"
"8086-2",0,1,0,0,1,20,0,1476989845840,"true",1,0,"far"
"8086-2",1,0,0,0,2,21,0,1476989863431,"true",1,0,"split"
"8086-2",0,1,2,0,1,22,1,1476989871040,"true",0,0,"split"
"8086-2",0,1,1,0,1,23,0,1476989878720,"true",0,1,"far"
"8086-2",0,0,1,1,0,46,0,1476990226882,"true",0,1,"far"
"8086-2",0,0,2,1,0,47,1,1476990238283,"true",0,0,"close"
"8086-2",1,0,1,0,2,44,0,1476990181421,"true",0,1,"far"
"8086-2",1,0,2,0,2,45,1,1476990205954,"false",0,0,"close"
"8086-2",1,0,1,0,2,28,0,1476989951062,"true",0,1,"close"
"8086-2",0,0,0,1,0,29,0,1476989982318,"false",1,0,"close"
"8086-2",1,0,1,0,2,40,0,1476990127541,"true",0,1,"close"
"8086-2",0,0,2,1,0,41,1,1476990135820,"true",0,0,"far"
"8086-2",1,0,2,0,2,1,1,1476989633692,"false",0,0,"split"
"8086-2",1,0,1,0,2,3,0,1476989654941,"true",0,1,"far"
"8086-2",1,0,0,0,2,2,0,1476989643562,"true",1,0,"close"
"8086-2",1,0,0,0,2,5,0,1476989681898,"true",1,0,"close"
"8086-2",0,0,2,1,0,4,1,1476989672203,"true",0,0,"close"
"8086-2",0,1,0,0,1,7,0,1476989700533,"true",1,0,"split"
"8086-2",0,0,2,1,0,6,1,1476989689732,"true",0,0,"split"
"8086-2",0,1,0,0,1,9,0,1476989718794,"true",1,0,"far"
"8086-2",0,1,1,0,1,8,0,1476989710026,"true",0,1,"close"
"8086-2",0,0,2,1,0,39,1,1476990106004,"true",0,0,"split"
"8086-2",0,1,0,0,1,38,0,1476990099036,"true",1,0,"close"
"8086-2",1,0,2,0,2,11,1,1476989751619,"true",0,0,"split"
"8086-2",0,1,1,0,1,10,0,1476989740482,"true",0,1,"close"
"8086-2",1,0,0,0,2,13,0,1476989781642,"false",1,0,"far"
"8086-2",0,1,0,0,1,12,0,1476989760834,"true",1,0,"far"
"8086-2",0,1,0,0,1,15,0,1476989798665,"false",1,0,"split"
"8086-2",1,0,1,0,2,14,0,1476989789008,"true",0,1,"far"
"8086-2",0,0,2,1,0,17,1,1476989821425,"true",0,0,"far"
"8086-2",0,0,2,1,0,16,1,1476989810160,"true",0,0,"split"
"8086-2",1,0,0,0,2,19,0,1476989835280,"true",1,0,"far"
"8086-2",0,0,2,1,0,18,1,1476989828584,"true",0,0,"far"
"8086-2",1,0,2,0,2,31,1,1476990010742,"true",0,0,"split"
"8086-2",0,0,0,1,0,30,0,1476989999684,"true",1,0,"split"
"8086-2",0,1,0,0,1,37,0,1476990085284,"true",1,0,"split"
"8086-2",1,0,0,0,2,36,0,1476990075852,"true",1,0,"close"
"8086-2",1,0,0,0,2,35,0,1476990051341,"true",1,0,"far"
"8086-2",0,0,1,1,0,34,0,1476990045156,"true",0,1,"split"
"8086-2",0,1,1,0,1,33,0,1476990037541,"true",0,1,"far"
"8086-2",1,0,1,0,2,32,0,1476990027300,"true",0,1,"close"
"8086-2",0,0,0,1,0,50,0,1476990284266,"false",1,0,"close"
