"gameid","sClicked_2","sClicked_1","lClickedIndex","sClicked_0","sClickedIndex","roundNum","lClicked_2","time","outcome","lClicked_0","lClicked_1","condition"
"8088-6",1,0,1,0,2,42,0,1459887366449,"true",0,1,"far"
"8088-6",0,1,0,0,1,48,0,1459887449412,"true",1,0,"split"
"8088-6",1,0,0,0,2,43,0,1459887377459,"false",1,0,"split"
"8088-6",1,0,2,0,2,49,1,1459887458055,"true",0,0,"far"
"8088-6",0,0,0,1,0,24,0,1459887157150,"true",1,0,"close"
"8088-6",0,1,0,0,1,25,0,1459887170474,"true",1,0,"split"
"8088-6",1,0,0,0,2,26,0,1459887180181,"true",1,0,"close"
"8088-6",0,0,1,1,0,27,0,1459887199252,"true",0,1,"close"
"8088-6",1,0,2,0,2,20,1,1459887090471,"false",0,0,"close"
"8088-6",0,0,0,1,0,21,0,1459887107713,"true",1,0,"split"
"8088-6",0,0,2,1,0,22,1,1459887122649,"true",0,0,"split"
"8088-6",0,1,2,0,1,23,1,1459887136502,"true",0,0,"close"
"8088-6",0,0,0,1,0,46,0,1459887413273,"true",1,0,"split"
"8088-6",1,0,1,0,2,47,0,1459887441199,"true",0,1,"far"
"8088-6",1,0,1,0,2,44,0,1459887386119,"true",0,1,"far"
"8088-6",1,0,0,0,2,45,0,1459887402690,"false",1,0,"close"
"8088-6",0,0,0,1,0,28,0,1459887211034,"true",1,0,"close"
"8088-6",0,1,0,0,1,29,0,1459887224814,"true",1,0,"close"
"8088-6",0,0,2,1,0,40,1,1459887354607,"true",0,0,"far"
"8088-6",0,1,2,0,1,41,1,1459887360619,"true",0,0,"far"
"8088-6",1,0,2,0,2,1,1,1459886575179,"false",0,0,"close"
"8088-6",0,1,1,0,1,3,0,1459886609165,"true",0,1,"split"
"8088-6",0,0,0,1,0,2,0,1459886590925,"true",1,0,"split"
"8088-6",0,0,0,1,0,5,0,1459886651651,"true",1,0,"close"
"8088-6",0,0,0,1,0,4,0,1459886625792,"true",1,0,"split"
"8088-6",0,0,0,1,0,7,0,1459886703204,"true",1,0,"close"
"8088-6",0,1,2,0,1,6,1,1459886671445,"true",0,0,"close"
"8088-6",0,0,1,1,0,9,0,1459886736448,"true",0,1,"far"
"8088-6",0,1,1,0,1,8,0,1459886719773,"true",0,1,"far"
"8088-6",0,0,0,1,0,39,0,1459887341904,"true",1,0,"split"
"8088-6",1,0,0,0,2,38,0,1459887328410,"true",1,0,"split"
"8088-6",0,0,2,1,0,11,1,1459886764581,"true",0,0,"close"
"8088-6",1,0,2,0,2,10,1,1459886755112,"true",0,0,"far"
"8088-6",0,0,1,1,0,13,0,1459886793539,"true",0,1,"close"
"8088-6",0,0,0,1,0,12,0,1459886777532,"true",1,0,"split"
"8088-6",0,1,1,0,1,15,0,1459886818300,"false",0,1,"split"
"8088-6",0,0,0,1,0,14,0,1459886803684,"true",1,0,"far"
"8088-6",1,0,1,0,2,17,0,1459886875447,"true",0,1,"close"
"8088-6",1,0,1,0,2,16,0,1459886831646,"true",0,1,"far"
"8088-6",1,0,2,0,2,19,1,1459886924143,"true",0,0,"far"
"8088-6",0,0,0,1,0,18,0,1459886912167,"true",1,0,"split"
"8088-6",0,0,2,1,0,31,1,1459887255222,"true",0,0,"split"
"8088-6",0,1,2,0,1,30,1,1459887242268,"true",0,0,"split"
"8088-6",0,1,0,0,1,37,0,1459887318965,"true",1,0,"split"
"8088-6",1,0,0,0,2,36,0,1459887308203,"true",1,0,"far"
"8088-6",1,0,0,0,2,35,0,1459887297679,"false",1,0,"close"
"8088-6",0,1,0,0,1,34,0,1459887283199,"true",1,0,"far"
"8088-6",0,0,0,1,0,33,0,1459887274556,"true",1,0,"close"
"8088-6",0,0,0,1,0,32,0,1459887267460,"true",1,0,"far"
"8088-6",0,1,2,0,1,50,1,1459887473387,"true",0,0,"far"
