"gameid","sClicked_2","sClicked_1","lClickedIndex","sClicked_0","sClickedIndex","roundNum","lClicked_2","time","outcome","lClicked_0","lClicked_1","condition"
"8089-4",0,1,2,0,1,42,1,1477003956794,"true",0,0,"split"
"8089-4",0,1,2,0,1,48,1,1477004043995,"false",0,0,"close"
"8089-4",1,0,0,0,2,43,0,1477003964139,"true",1,0,"close"
"8089-4",1,0,0,0,2,49,0,1477004058582,"true",1,0,"far"
"8089-4",1,0,2,0,2,24,1,1477003663357,"true",0,0,"far"
"8089-4",0,1,2,0,1,25,1,1477003683379,"true",0,0,"split"
"8089-4",0,1,0,0,1,26,0,1477003697362,"true",1,0,"split"
"8089-4",1,0,2,0,2,27,1,1477003712771,"true",0,0,"close"
"8089-4",0,0,0,1,0,20,0,1477003634093,"true",1,0,"far"
"8089-4",0,1,2,0,1,21,1,1477003641579,"true",0,0,"split"
"8089-4",0,1,0,0,1,22,0,1477003650661,"true",1,0,"close"
"8089-4",0,0,2,1,0,23,1,1477003657164,"true",0,0,"split"
"8089-4",0,0,2,1,0,46,1,1477003998076,"true",0,0,"close"
"8089-4",1,0,0,0,2,47,0,1477004026754,"true",1,0,"far"
"8089-4",0,1,1,0,1,44,0,1477003970986,"true",0,1,"far"
"8089-4",0,1,2,0,1,45,1,1477003982970,"false",0,0,"close"
"8089-4",0,0,1,1,0,28,0,1477003726476,"true",0,1,"far"
"8089-4",1,0,2,0,2,29,1,1477003738844,"false",0,0,"split"
"8089-4",1,0,1,0,2,40,0,1477003922975,"true",0,1,"far"
"8089-4",0,1,2,0,1,41,1,1477003947264,"true",0,0,"close"
"8089-4",1,0,0,0,2,1,0,1477003409764,"true",1,0,"split"
"8089-4",1,0,1,0,2,3,0,1477003444461,"true",0,1,"close"
"8089-4",0,0,0,1,0,2,0,1477003435738,"true",1,0,"far"
"8089-4",1,0,2,0,2,5,1,1477003466222,"true",0,0,"split"
"8089-4",1,0,2,0,2,4,1,1477003456698,"false",0,0,"close"
"8089-4",1,0,2,0,2,7,1,1477003485557,"true",0,0,"split"
"8089-4",0,1,2,0,1,6,1,1477003475753,"true",0,0,"far"
"8089-4",1,0,1,0,2,9,0,1477003509970,"true",0,1,"far"
"8089-4",0,0,2,1,0,8,1,1477003502977,"true",0,0,"close"
"8089-4",0,0,0,1,0,39,0,1477003911749,"true",1,0,"close"
"8089-4",1,0,0,0,2,38,0,1477003892042,"true",1,0,"far"
"8089-4",0,1,1,0,1,11,0,1477003532750,"true",0,1,"close"
"8089-4",0,1,1,0,1,10,0,1477003522960,"true",0,1,"close"
"8089-4",0,0,1,1,0,13,0,1477003555515,"true",0,1,"far"
"8089-4",0,1,1,0,1,12,0,1477003541727,"false",0,1,"close"
"8089-4",0,0,1,1,0,15,0,1477003575058,"true",0,1,"far"
"8089-4",0,1,0,0,1,14,0,1477003568181,"true",1,0,"split"
"8089-4",0,1,2,0,1,17,1,1477003593477,"true",0,0,"split"
"8089-4",0,1,2,0,1,16,1,1477003586141,"true",0,0,"far"
"8089-4",0,1,1,0,1,19,0,1477003611451,"false",0,1,"split"
"8089-4",1,0,0,0,2,18,0,1477003601629,"true",1,0,"far"
"8089-4",0,1,1,0,1,31,0,1477003780098,"true",0,1,"far"
"8089-4",0,1,2,0,1,30,1,1477003771418,"true",0,0,"close"
"8089-4",0,0,0,1,0,37,0,1477003869541,"true",1,0,"split"
"8089-4",1,0,1,0,2,36,0,1477003845603,"false",0,1,"split"
"8089-4",0,0,2,1,0,35,1,1477003832472,"false",0,0,"close"
"8089-4",1,0,2,0,2,34,1,1477003810272,"false",0,0,"split"
"8089-4",0,0,1,1,0,33,0,1477003800101,"false",0,1,"close"
"8089-4",1,0,0,0,2,32,0,1477003788565,"true",1,0,"far"
"8089-4",0,1,0,0,1,50,0,1477004069836,"true",1,0,"split"
