"gameid","sClicked_2","sClicked_1","lClickedIndex","sClicked_0","sClickedIndex","roundNum","lClicked_2","time","outcome","lClicked_0","lClicked_1","condition"
"8118-e",0,0,2,1,0,42,1,1476989139682,"true",0,0,"split"
"8118-e",0,1,0,0,1,48,0,1476989218266,"true",1,0,"close"
"8118-e",0,0,1,1,0,43,0,1476989149540,"true",0,1,"split"
"8118-e",1,0,1,0,2,49,0,1476989228753,"true",0,1,"split"
"8118-e",0,1,0,0,1,24,0,1476988889630,"true",1,0,"close"
"8118-e",0,1,1,0,1,25,0,1476988906874,"true",0,1,"close"
"8118-e",1,0,2,0,2,26,1,1476988922705,"true",0,0,"close"
"8118-e",1,0,1,0,2,27,0,1476988934699,"true",0,1,"split"
"8118-e",1,0,2,0,2,20,1,1476988834668,"true",0,0,"split"
"8118-e",0,1,2,0,1,21,1,1476988851271,"false",0,0,"close"
"8118-e",0,0,2,1,0,22,1,1476988865614,"true",0,0,"close"
"8118-e",1,0,1,0,2,23,0,1476988881997,"false",0,1,"close"
"8118-e",0,0,1,1,0,46,0,1476989175532,"true",0,1,"close"
"8118-e",0,0,2,1,0,47,1,1476989188388,"true",0,0,"close"
"8118-e",0,1,2,0,1,44,1,1476989157328,"true",0,0,"far"
"8118-e",0,1,1,0,1,45,0,1476989167959,"true",0,1,"far"
"8118-e",0,1,0,0,1,28,0,1476988944516,"true",1,0,"close"
"8118-e",0,0,2,1,0,29,1,1476988963748,"false",0,0,"close"
"8118-e",0,0,1,1,0,40,0,1476989111822,"true",0,1,"split"
"8118-e",0,0,0,1,0,41,0,1476989123000,"true",1,0,"far"
"8118-e",1,0,0,0,2,1,0,1476988635251,"true",1,0,"far"
"8118-e",1,0,0,0,2,3,0,1476988649395,"true",1,0,"close"
"8118-e",0,0,1,1,0,2,0,1476988642224,"true",0,1,"far"
"8118-e",0,0,2,1,0,5,1,1476988662657,"true",0,0,"split"
"8118-e",0,1,0,0,1,4,0,1476988656574,"true",1,0,"far"
"8118-e",0,1,1,0,1,7,0,1476988698878,"true",0,1,"split"
"8118-e",0,0,2,1,0,6,1,1476988685856,"true",0,0,"split"
"8118-e",0,0,1,1,0,9,0,1476988722160,"true",0,1,"close"
"8118-e",0,0,0,1,0,8,0,1476988705359,"true",1,0,"split"
"8118-e",0,1,0,0,1,39,0,1476989098924,"false",1,0,"close"
"8118-e",0,1,2,0,1,38,1,1476989067782,"true",0,0,"far"
"8118-e",0,1,0,0,1,11,0,1476988735494,"true",1,0,"far"
"8118-e",0,1,1,0,1,10,0,1476988729403,"true",0,1,"far"
"8118-e",1,0,2,0,2,13,1,1476988760839,"true",0,0,"split"
"8118-e",1,0,0,0,2,12,0,1476988747263,"true",1,0,"split"
"8118-e",0,0,0,1,0,15,0,1476988784844,"true",1,0,"split"
"8118-e",1,0,2,0,2,14,1,1476988777882,"true",0,0,"close"
"8118-e",1,0,2,0,2,17,1,1476988806198,"true",0,0,"split"
"8118-e",0,1,1,0,1,16,0,1476988796740,"true",0,1,"close"
"8118-e",1,0,1,0,2,19,0,1476988819226,"true",0,1,"far"
"8118-e",1,0,1,0,2,18,0,1476988812631,"true",0,1,"far"
"8118-e",1,0,2,0,2,31,1,1476988979607,"true",0,0,"far"
"8118-e",1,0,0,0,2,30,0,1476988972914,"true",1,0,"far"
"8118-e",0,1,2,0,1,37,1,1476989061609,"true",0,0,"far"
"8118-e",1,0,1,0,2,36,0,1476989052196,"true",0,1,"far"
"8118-e",0,1,0,0,1,35,0,1476989037686,"true",1,0,"split"
"8118-e",0,1,1,0,1,34,0,1476989030732,"true",0,1,"close"
"8118-e",0,0,1,1,0,33,0,1476989004005,"true",0,1,"far"
"8118-e",0,1,0,0,1,32,0,1476988987848,"true",1,0,"split"
"8118-e",0,1,0,0,1,50,0,1476989237435,"true",1,0,"split"
