"gameid","sClicked_2","sClicked_1","lClickedIndex","sClicked_0","sClickedIndex","roundNum","lClicked_2","time","outcome","lClicked_0","lClicked_1","condition"
"8141-6",0,0,1,1,0,42,0,1476995858315,"true",0,1,"close"
"8141-6",0,0,2,1,0,48,1,1476995931203,"true",0,0,"split"
"8141-6",1,0,0,0,2,43,0,1476995872262,"true",1,0,"close"
"8141-6",0,1,1,0,1,49,0,1476995939037,"true",0,1,"far"
"8141-6",0,1,2,0,1,24,1,1476995559099,"true",0,0,"close"
"8141-6",0,0,1,1,0,25,0,1476995569676,"true",0,1,"far"
"8141-6",0,0,1,1,0,26,0,1476995593786,"true",0,1,"far"
"8141-6",0,0,1,1,0,27,0,1476995604452,"true",0,1,"far"
"8141-6",1,0,1,0,2,20,0,1476995507363,"true",0,1,"split"
"8141-6",0,1,1,0,1,21,0,1476995515826,"true",0,1,"far"
"8141-6",0,1,0,0,1,22,0,1476995526166,"true",1,0,"split"
"8141-6",1,0,0,0,2,23,0,1476995546293,"true",1,0,"close"
"8141-6",1,0,0,0,2,46,0,1476995912999,"true",1,0,"far"
"8141-6",0,0,1,1,0,47,0,1476995923295,"true",0,1,"far"
"8141-6",0,0,1,1,0,44,0,1476995889324,"false",0,1,"split"
"8141-6",1,0,1,0,2,45,0,1476995898909,"true",0,1,"far"
"8141-6",0,1,1,0,1,28,0,1476995635659,"true",0,1,"close"
"8141-6",0,0,1,1,0,29,0,1476995647223,"true",0,1,"far"
"8141-6",0,1,2,0,1,40,1,1476995821764,"true",0,0,"close"
"8141-6",1,0,1,0,2,41,0,1476995831466,"true",0,1,"far"
"8141-6",1,0,0,0,2,1,0,1476995147427,"true",1,0,"close"
"8141-6",0,0,1,1,0,3,0,1476995170197,"true",0,1,"far"
"8141-6",0,0,1,1,0,2,0,1476995163322,"true",0,1,"close"
"8141-6",0,1,0,0,1,5,0,1476995200320,"true",1,0,"far"
"8141-6",0,0,2,1,0,4,1,1476995189712,"true",0,0,"close"
"8141-6",0,1,1,0,1,7,0,1476995234808,"true",0,1,"split"
"8141-6",0,0,2,1,0,6,1,1476995210152,"true",0,0,"split"
"8141-6",1,0,0,0,2,9,0,1476995262638,"true",1,0,"far"
"8141-6",0,0,0,1,0,8,0,1476995253571,"true",1,0,"split"
"8141-6",1,0,0,0,2,39,0,1476995781318,"true",1,0,"far"
"8141-6",0,1,0,0,1,38,0,1476995773831,"true",1,0,"close"
"8141-6",1,0,0,0,2,11,0,1476995303183,"true",1,0,"close"
"8141-6",0,1,0,0,1,10,0,1476995269115,"true",1,0,"far"
"8141-6",1,0,1,0,2,13,0,1476995352382,"true",0,1,"split"
"8141-6",0,0,2,1,0,12,1,1476995342184,"true",0,0,"close"
"8141-6",0,1,2,0,1,15,1,1476995402635,"true",0,0,"split"
"8141-6",0,1,1,0,1,14,0,1476995369870,"true",0,1,"close"
"8141-6",0,0,0,1,0,17,0,1476995462610,"true",1,0,"close"
"8141-6",0,1,2,0,1,16,1,1476995434670,"true",0,0,"close"
"8141-6",1,0,1,0,2,19,0,1476995485011,"true",0,1,"split"
"8141-6",1,0,0,0,2,18,0,1476995470585,"true",1,0,"split"
"8141-6",1,0,1,0,2,31,0,1476995685233,"true",0,1,"split"
"8141-6",1,0,2,0,2,30,1,1476995676785,"true",0,0,"close"
"8141-6",0,1,2,0,1,37,1,1476995757870,"true",0,0,"split"
"8141-6",1,0,2,0,2,36,1,1476995748330,"true",0,0,"split"
"8141-6",1,0,0,0,2,35,0,1476995731765,"true",1,0,"split"
"8141-6",0,1,0,0,1,34,0,1476995720013,"true",1,0,"far"
"8141-6",1,0,2,0,2,33,1,1476995711095,"true",0,0,"split"
"8141-6",0,1,2,0,1,32,1,1476995692173,"true",0,0,"far"
"8141-6",1,0,2,0,2,50,1,1476995960425,"true",0,0,"close"
