"gameid","sClicked_2","sClicked_1","lClickedIndex","sClicked_0","sClickedIndex","roundNum","lClicked_2","time","outcome","lClicked_0","lClicked_1","condition"
"8154-9",0,1,1,0,1,42,0,1476991806136,"true",0,1,"close"
"8154-9",1,0,1,0,2,48,0,1476991916055,"true",0,1,"far"
"8154-9",1,0,0,0,2,43,0,1476991814585,"true",1,0,"far"
"8154-9",1,0,0,0,2,49,0,1476991934962,"true",1,0,"split"
"8154-9",0,0,2,1,0,24,1,1476991374311,"true",0,0,"close"
"8154-9",0,0,1,1,0,25,0,1476991383383,"true",0,1,"far"
"8154-9",1,0,0,0,2,26,0,1476991417670,"true",1,0,"split"
"8154-9",1,0,1,0,2,27,0,1476991433150,"true",0,1,"far"
"8154-9",0,0,2,1,0,20,1,1476991299680,"true",0,0,"far"
"8154-9",0,1,0,0,1,21,0,1476991329700,"true",1,0,"close"
"8154-9",1,0,2,0,2,22,1,1476991351760,"false",0,0,"close"
"8154-9",0,0,1,1,0,23,0,1476991361938,"true",0,1,"far"
"8154-9",1,0,0,0,2,46,0,1476991870073,"true",1,0,"close"
"8154-9",0,1,0,0,1,47,0,1476991896633,"true",1,0,"close"
"8154-9",0,0,1,1,0,44,0,1476991821613,"true",0,1,"far"
"8154-9",0,1,0,0,1,45,0,1476991854151,"true",1,0,"close"
"8154-9",0,1,0,0,1,28,0,1476991470571,"true",1,0,"close"
"8154-9",1,0,1,0,2,29,0,1476991488891,"true",0,1,"split"
"8154-9",0,1,1,0,1,40,0,1476991684102,"true",0,1,"close"
"8154-9",0,0,0,1,0,41,0,1476991780896,"false",1,0,"split"
"8154-9",1,0,2,0,2,1,1,1476990987038,"true",0,0,"split"
"8154-9",0,1,1,0,1,3,0,1476991012778,"true",0,1,"split"
"8154-9",0,1,0,0,1,2,0,1476990997468,"true",1,0,"far"
"8154-9",1,0,2,0,2,5,1,1476991038902,"true",0,0,"split"
"8154-9",0,0,0,1,0,4,0,1476991023524,"true",1,0,"far"
"8154-9",1,0,0,0,2,7,0,1476991065606,"true",1,0,"split"
"8154-9",0,0,2,1,0,6,1,1476991055478,"true",0,0,"close"
"8154-9",1,0,1,0,2,9,0,1476991090662,"true",0,1,"far"
"8154-9",1,0,2,0,2,8,1,1476991079542,"true",0,0,"far"
"8154-9",1,0,1,0,2,39,0,1476991663962,"true",0,1,"close"
"8154-9",1,0,0,0,2,38,0,1476991647386,"true",1,0,"split"
"8154-9",0,1,0,0,1,11,0,1476991110043,"true",1,0,"far"
"8154-9",0,1,1,0,1,10,0,1476991102019,"true",0,1,"close"
"8154-9",0,0,1,1,0,13,0,1476991161089,"true",0,1,"far"
"8154-9",1,0,2,0,2,12,1,1476991152839,"true",0,0,"close"
"8154-9",0,0,0,1,0,15,0,1476991207439,"true",1,0,"split"
"8154-9",1,0,1,0,2,14,0,1476991172031,"true",0,1,"split"
"8154-9",0,1,2,0,1,17,1,1476991265420,"true",0,0,"close"
"8154-9",0,0,1,1,0,16,0,1476991218935,"true",0,1,"split"
"8154-9",0,1,0,0,1,19,0,1476991291759,"true",1,0,"far"
"8154-9",0,1,0,0,1,18,0,1476991280455,"true",1,0,"close"
"8154-9",0,1,2,0,1,31,1,1476991506262,"true",0,0,"far"
"8154-9",0,1,1,0,1,30,0,1476991497496,"true",0,1,"split"
"8154-9",1,0,2,0,2,37,1,1476991629092,"true",0,0,"split"
"8154-9",0,1,0,0,1,36,0,1476991615849,"true",1,0,"close"
"8154-9",0,1,1,0,1,35,0,1476991602586,"true",0,1,"far"
"8154-9",0,0,2,1,0,34,1,1476991594811,"true",0,0,"split"
"8154-9",0,1,0,0,1,33,0,1476991579631,"true",1,0,"close"
"8154-9",0,1,2,0,1,32,1,1476991519659,"true",0,0,"split"
"8154-9",0,1,0,0,1,50,0,1476991958534,"true",1,0,"split"
