"gameid","sClicked_2","sClicked_1","lClickedIndex","sClicked_0","sClickedIndex","roundNum","lClicked_2","time","outcome","lClicked_0","lClicked_1","condition"
"8185-2",0,0,1,1,0,42,0,1476988840233,"true",0,1,"split"
"8185-2",0,1,0,0,1,48,0,1476988910713,"true",1,0,"close"
"8185-2",0,0,0,1,0,43,0,1476988849608,"true",1,0,"split"
"8185-2",0,1,0,0,1,49,0,1476988924890,"true",1,0,"close"
"8185-2",0,0,1,1,0,24,0,1476988652029,"true",0,1,"split"
"8185-2",0,0,0,1,0,25,0,1476988663484,"true",1,0,"split"
"8185-2",0,1,1,0,1,26,0,1476988672109,"true",0,1,"split"
"8185-2",1,0,2,0,2,27,1,1476988683213,"true",0,0,"far"
"8185-2",0,1,2,0,1,20,1,1476988590388,"true",0,0,"far"
"8185-2",0,1,2,0,1,21,1,1476988601507,"true",0,0,"close"
"8185-2",1,0,2,0,2,22,1,1476988619256,"true",0,0,"split"
"8185-2",0,0,0,1,0,23,0,1476988631732,"true",1,0,"close"
"8185-2",1,0,1,0,2,46,0,1476988877233,"true",0,1,"split"
"8185-2",1,0,1,0,2,47,0,1476988886506,"true",0,1,"far"
"8185-2",1,0,1,0,2,44,0,1476988857329,"true",0,1,"far"
"8185-2",0,0,2,1,0,45,1,1476988864609,"true",0,0,"far"
"8185-2",0,0,2,1,0,28,1,1476988693029,"true",0,0,"split"
"8185-2",0,0,0,1,0,29,0,1476988704267,"true",1,0,"split"
"8185-2",0,0,2,1,0,40,1,1476988812846,"true",0,0,"far"
"8185-2",0,0,1,1,0,41,0,1476988820815,"true",0,1,"far"
"8185-2",0,1,1,0,1,1,0,1476988265282,"true",0,1,"split"
"8185-2",0,0,0,1,0,3,0,1476988300477,"true",1,0,"split"
"8185-2",1,0,0,0,2,2,0,1476988283729,"true",1,0,"close"
"8185-2",1,0,1,0,2,5,0,1476988327743,"true",0,1,"far"
"8185-2",1,0,0,0,2,4,0,1476988314168,"true",1,0,"far"
"8185-2",0,0,2,1,0,7,1,1476988353823,"true",0,0,"close"
"8185-2",1,0,2,0,2,6,1,1476988339262,"true",0,0,"split"
"8185-2",0,1,1,0,1,9,0,1476988378936,"true",0,1,"close"
"8185-2",0,0,2,1,0,8,1,1476988367967,"true",0,0,"split"
"8185-2",1,0,2,0,2,39,1,1476988805576,"true",0,0,"close"
"8185-2",0,1,0,0,1,38,0,1476988794118,"true",1,0,"far"
"8185-2",1,0,0,0,2,11,0,1476988401063,"true",1,0,"far"
"8185-2",0,0,2,1,0,10,1,1476988391216,"true",0,0,"far"
"8185-2",0,0,0,1,0,13,0,1476988463208,"true",1,0,"close"
"8185-2",1,0,2,0,2,12,1,1476988432977,"true",0,0,"close"
"8185-2",0,0,1,1,0,15,0,1476988505346,"true",0,1,"close"
"8185-2",0,0,2,1,0,14,1,1476988480442,"false",0,0,"split"
"8185-2",0,0,1,1,0,17,0,1476988540988,"true",0,1,"far"
"8185-2",1,0,1,0,2,16,0,1476988529883,"false",0,1,"close"
"8185-2",1,0,2,0,2,19,1,1476988581483,"true",0,0,"close"
"8185-2",0,1,0,0,1,18,0,1476988560267,"true",1,0,"close"
"8185-2",1,0,1,0,2,31,0,1476988722230,"true",0,1,"close"
"8185-2",0,1,2,0,1,30,1,1476988712253,"true",0,0,"far"
"8185-2",0,0,0,1,0,37,0,1476988786311,"true",1,0,"close"
"8185-2",1,0,1,0,2,36,0,1476988776134,"true",0,1,"split"
"8185-2",0,1,2,0,1,35,1,1476988767927,"true",0,0,"close"
"8185-2",0,1,2,0,1,34,1,1476988757014,"true",0,0,"split"
"8185-2",1,0,1,0,2,33,0,1476988748030,"false",0,1,"far"
"8185-2",1,0,1,0,2,32,0,1476988738014,"false",0,1,"split"
"8185-2",0,0,1,1,0,50,0,1476988938682,"true",0,1,"far"
