"gameid","sClicked_2","sClicked_1","lClickedIndex","sClicked_0","sClickedIndex","roundNum","lClicked_2","time","outcome","lClicked_0","lClicked_1","condition"
"8233-7",0,1,1,0,1,42,0,1476992486239,"true",0,1,"far"
"8233-7",0,0,2,1,0,48,1,1476992541982,"true",0,0,"far"
"8233-7",0,0,1,1,0,43,0,1476992493456,"true",0,1,"split"
"8233-7",0,1,2,0,1,49,1,1476992576918,"true",0,0,"close"
"8233-7",0,0,0,1,0,24,0,1476992215127,"true",1,0,"far"
"8233-7",0,1,0,0,1,25,0,1476992226421,"true",1,0,"split"
"8233-7",1,0,0,0,2,26,0,1476992237508,"true",1,0,"close"
"8233-7",1,0,0,0,2,27,0,1476992268033,"true",1,0,"close"
"8233-7",0,1,0,0,1,20,0,1476992170276,"true",1,0,"far"
"8233-7",1,0,0,0,2,21,0,1476992183780,"true",1,0,"split"
"8233-7",0,0,0,1,0,22,0,1476992194618,"true",1,0,"far"
"8233-7",1,0,0,0,2,23,0,1476992208222,"true",1,0,"close"
"8233-7",0,1,2,0,1,46,1,1476992513551,"true",0,0,"far"
"8233-7",1,0,0,0,2,47,0,1476992535878,"true",1,0,"close"
"8233-7",0,0,1,1,0,44,0,1476992500487,"true",0,1,"split"
"8233-7",0,0,1,1,0,45,0,1476992507158,"true",0,1,"far"
"8233-7",0,0,0,1,0,28,0,1476992281715,"true",1,0,"split"
"8233-7",1,0,2,0,2,29,1,1476992290636,"true",0,0,"split"
"8233-7",1,0,0,0,2,40,0,1476992468212,"false",1,0,"close"
"8233-7",0,1,1,0,1,41,0,1476992477614,"true",0,1,"far"
"8233-7",0,1,2,0,1,1,1,1476991923560,"true",0,0,"far"
"8233-7",0,1,0,0,1,3,0,1476991940237,"true",1,0,"far"
"8233-7",0,1,2,0,1,2,1,1476991932769,"true",0,0,"split"
"8233-7",0,0,1,1,0,5,0,1476991984815,"true",0,1,"far"
"8233-7",0,0,2,1,0,4,1,1476991977776,"true",0,0,"close"
"8233-7",0,0,2,1,0,7,1,1476992008271,"true",0,0,"far"
"8233-7",0,1,2,0,1,6,1,1476992001402,"true",0,0,"close"
"8233-7",1,0,0,0,2,9,0,1476992035987,"true",1,0,"close"
"8233-7",1,0,2,0,2,8,1,1476992016070,"true",0,0,"far"
"8233-7",1,0,2,0,2,39,1,1476992449408,"true",0,0,"far"
"8233-7",0,0,0,1,0,38,0,1476992439992,"false",1,0,"close"
"8233-7",0,0,0,1,0,11,0,1476992075182,"true",1,0,"split"
"8233-7",0,0,2,1,0,10,1,1476992068569,"true",0,0,"close"
"8233-7",0,0,0,1,0,13,0,1476992096688,"true",1,0,"split"
"8233-7",0,0,0,1,0,12,0,1476992084936,"true",1,0,"split"
"8233-7",1,0,0,0,2,15,0,1476992114910,"true",1,0,"far"
"8233-7",0,1,0,0,1,14,0,1476992106719,"true",1,0,"split"
"8233-7",0,0,2,1,0,17,1,1476992132503,"true",0,0,"close"
"8233-7",1,0,0,0,2,16,0,1476992122923,"true",1,0,"far"
"8233-7",0,1,1,0,1,19,0,1476992162726,"true",0,1,"split"
"8233-7",0,1,2,0,1,18,1,1476992147255,"false",0,0,"close"
"8233-7",0,0,2,1,0,31,1,1476992322073,"true",0,0,"split"
"8233-7",1,0,1,0,2,30,0,1476992313321,"true",0,1,"close"
"8233-7",0,0,2,1,0,37,1,1476992428017,"true",0,0,"split"
"8233-7",0,1,0,0,1,36,0,1476992416761,"true",1,0,"close"
"8233-7",1,0,2,0,2,35,1,1476992374594,"true",0,0,"close"
"8233-7",0,1,2,0,1,34,1,1476992352857,"true",0,0,"far"
"8233-7",1,0,0,0,2,33,0,1476992345230,"true",1,0,"split"
"8233-7",0,1,2,0,1,32,1,1476992334305,"true",0,0,"split"
"8233-7",0,0,1,1,0,50,0,1476992593281,"true",0,1,"split"
