"gameid","sClicked_2","sClicked_1","lClickedIndex","sClicked_0","sClickedIndex","roundNum","lClicked_2","time","outcome","lClicked_0","lClicked_1","condition"
"8235-6",1,0,1,0,2,42,0,1459877885600,"true",0,1,"close"
"8235-6",1,0,1,0,2,48,0,1459877968068,"true",0,1,"split"
"8235-6",1,0,0,0,2,43,0,1459877895321,"true",1,0,"split"
"8235-6",0,1,0,0,1,49,0,1459877976405,"true",1,0,"far"
"8235-6",0,1,1,0,1,24,0,1459877627085,"true",0,1,"close"
"8235-6",0,1,1,0,1,25,0,1459877648648,"true",0,1,"close"
"8235-6",0,1,2,0,1,26,1,1459877672422,"true",0,0,"close"
"8235-6",1,0,1,0,2,27,0,1459877685079,"true",0,1,"split"
"8235-6",0,0,2,1,0,20,1,1459877534591,"true",0,0,"close"
"8235-6",1,0,1,0,2,21,0,1459877566880,"true",0,1,"split"
"8235-6",0,1,2,0,1,22,1,1459877599853,"true",0,0,"split"
"8235-6",0,1,2,0,1,23,1,1459877614379,"true",0,0,"close"
"8235-6",1,0,2,0,2,46,1,1459877919540,"true",0,0,"far"
"8235-6",1,0,2,0,2,47,1,1459877950282,"true",0,0,"split"
"8235-6",0,0,0,1,0,44,0,1459877903219,"true",1,0,"far"
"8235-6",0,1,1,0,1,45,0,1459877911419,"true",0,1,"split"
"8235-6",0,1,2,0,1,28,1,1459877700345,"true",0,0,"far"
"8235-6",0,1,2,0,1,29,1,1459877723056,"true",0,0,"split"
"8235-6",0,1,2,0,1,40,1,1459877868261,"true",0,0,"close"
"8235-6",0,1,0,0,1,41,0,1459877875847,"true",1,0,"far"
"8235-6",0,0,0,1,0,1,0,1459877229621,"true",1,0,"split"
"8235-6",1,0,1,0,2,3,0,1459877249756,"true",0,1,"far"
"8235-6",0,1,0,0,1,2,0,1459877241811,"true",1,0,"far"
"8235-6",1,0,2,0,2,5,1,1459877283191,"true",0,0,"close"
"8235-6",0,0,0,1,0,4,0,1459877257613,"true",1,0,"far"
"8235-6",1,0,0,0,2,7,0,1459877307724,"true",1,0,"close"
"8235-6",0,0,0,1,0,6,0,1459877293890,"true",1,0,"far"
"8235-6",1,0,2,0,2,9,1,1459877341290,"true",0,0,"split"
"8235-6",1,0,0,0,2,8,0,1459877330182,"true",1,0,"close"
"8235-6",0,1,0,0,1,39,0,1459877853451,"true",1,0,"far"
"8235-6",0,0,0,1,0,38,0,1459877843586,"true",1,0,"close"
"8235-6",0,1,0,0,1,11,0,1459877399936,"true",1,0,"close"
"8235-6",0,0,1,1,0,13,0,1459877422020,"true",0,1,"far"
"8235-6",0,0,2,1,0,12,1,1459877412931,"true",0,0,"far"
"8235-6",0,1,2,0,1,15,1,1459877443841,"true",0,0,"split"
"8235-6",1,0,0,0,2,14,0,1459877431485,"true",1,0,"close"
"8235-6",0,0,2,1,0,17,1,1459877472016,"true",0,0,"split"
"8235-6",0,0,0,1,0,16,0,1459877454170,"true",1,0,"split"
"8235-6",1,0,1,0,2,19,0,1459877515389,"true",0,1,"close"
"8235-6",1,0,1,0,2,18,0,1459877494483,"true",0,1,"close"
"8235-6",1,0,0,0,2,31,0,1459877743729,"true",1,0,"split"
"8235-6",1,0,1,0,2,30,0,1459877730867,"true",0,1,"far"
"8235-6",0,1,1,0,1,37,0,1459877831685,"true",0,1,"far"
"8235-6",0,0,1,1,0,36,0,1459877823236,"true",0,1,"far"
"8235-6",1,0,1,0,2,35,0,1459877807554,"true",0,1,"split"
"8235-6",1,0,1,0,2,34,0,1459877789997,"true",0,1,"split"
"8235-6",0,1,1,0,1,33,0,1459877761004,"true",0,1,"close"
"8235-6",0,1,0,0,1,32,0,1459877751978,"true",1,0,"split"
"8235-6",0,1,0,0,1,50,0,1459878000124,"true",1,0,"far"
