"gameid","sClicked_2","sClicked_1","lClickedIndex","sClicked_0","sClickedIndex","roundNum","lClicked_2","time","outcome","lClicked_0","lClicked_1","condition"
"8236-1",1,0,2,0,2,42,1,1476998590228,"true",0,0,"close"
"8236-1",1,0,1,0,2,48,0,1476998674052,"true",0,1,"close"
"8236-1",1,0,1,0,2,43,0,1476998604108,"false",0,1,"close"
"8236-1",1,0,1,0,2,49,0,1476998692351,"false",0,1,"split"
"8236-1",0,0,1,1,0,24,0,1476998368190,"true",0,1,"far"
"8236-1",0,1,1,0,1,25,0,1476998380940,"true",0,1,"close"
"8236-1",1,0,0,0,2,26,0,1476998389869,"true",1,0,"far"
"8236-1",0,1,2,0,1,27,1,1476998400318,"true",0,0,"split"
"8236-1",0,1,1,0,1,20,0,1476998293347,"true",0,1,"far"
"8236-1",0,1,0,0,1,21,0,1476998300655,"true",1,0,"far"
"8236-1",1,0,0,0,2,22,0,1476998307388,"true",1,0,"far"
"8236-1",0,0,1,1,0,23,0,1476998333836,"true",0,1,"close"
"8236-1",0,0,2,1,0,46,1,1476998657092,"true",0,0,"close"
"8236-1",0,1,2,0,1,47,1,1476998666580,"true",0,0,"close"
"8236-1",0,1,0,0,1,44,0,1476998612297,"true",1,0,"close"
"8236-1",1,0,2,0,2,45,1,1476998636901,"true",0,0,"close"
"8236-1",0,1,1,0,1,28,0,1476998409476,"true",0,1,"split"
"8236-1",0,1,1,0,1,29,0,1476998426045,"true",0,1,"close"
"8236-1",0,0,2,1,0,40,1,1476998567722,"false",0,0,"close"
"8236-1",1,0,1,0,2,41,0,1476998576689,"true",0,1,"far"
"8236-1",0,0,0,1,0,1,0,1476998083432,"true",1,0,"far"
"8236-1",0,0,2,1,0,3,1,1476998101910,"true",0,0,"split"
"8236-1",0,1,0,0,1,2,0,1476998090189,"true",1,0,"far"
"8236-1",0,0,0,1,0,5,0,1476998118335,"true",1,0,"split"
"8236-1",0,0,1,1,0,4,0,1476998110774,"true",0,1,"close"
"8236-1",1,0,1,0,2,7,0,1476998144798,"true",0,1,"close"
"8236-1",1,0,2,0,2,6,1,1476998129519,"true",0,0,"split"
"8236-1",0,0,1,1,0,9,0,1476998178295,"true",0,1,"split"
"8236-1",1,0,1,0,2,8,0,1476998164543,"true",0,1,"close"
"8236-1",0,0,1,1,0,39,0,1476998541947,"true",0,1,"far"
"8236-1",0,0,2,1,0,38,1,1476998532881,"true",0,0,"far"
"8236-1",0,1,2,0,1,11,1,1476998202575,"true",0,0,"split"
"8236-1",1,0,2,0,2,10,1,1476998185967,"true",0,0,"far"
"8236-1",0,1,2,0,1,13,1,1476998218840,"true",0,0,"far"
"8236-1",1,0,2,0,2,12,1,1476998212344,"true",0,0,"far"
"8236-1",0,0,2,1,0,15,1,1476998241981,"true",0,0,"far"
"8236-1",0,0,2,1,0,14,1,1476998232991,"true",0,0,"split"
"8236-1",0,0,1,1,0,17,0,1476998264242,"true",0,1,"split"
"8236-1",0,1,2,0,1,16,1,1476998255065,"true",0,0,"split"
"8236-1",0,0,2,1,0,19,1,1476998285834,"true",0,0,"close"
"8236-1",0,0,0,1,0,18,0,1476998272857,"true",1,0,"split"
"8236-1",1,0,0,0,2,31,0,1476998447036,"true",1,0,"split"
"8236-1",1,0,2,0,2,30,1,1476998434942,"true",0,0,"far"
"8236-1",1,0,2,0,2,37,1,1476998521625,"true",0,0,"split"
"8236-1",0,1,0,0,1,36,0,1476998514210,"true",1,0,"split"
"8236-1",0,0,1,1,0,35,0,1476998505096,"true",0,1,"far"
"8236-1",1,0,1,0,2,34,0,1476998497287,"false",0,1,"close"
"8236-1",1,0,0,0,2,33,0,1476998487694,"true",1,0,"split"
"8236-1",0,0,1,1,0,32,0,1476998477481,"true",0,1,"close"
"8236-1",0,0,0,1,0,50,0,1476998711290,"true",1,0,"far"
