"gameid","sClicked_2","sClicked_1","lClickedIndex","sClicked_0","sClickedIndex","roundNum","lClicked_2","time","outcome","lClicked_0","lClicked_1","condition"
"8261-8",0,0,2,1,0,42,1,1476990852238,"true",0,0,"far"
"8261-8",1,0,1,0,2,48,0,1476990929472,"true",0,1,"far"
"8261-8",0,0,0,1,0,43,0,1476990876668,"true",1,0,"split"
"8261-8",0,1,0,0,1,49,0,1476990941598,"true",1,0,"split"
"8261-8",0,0,1,1,0,24,0,1476990590432,"true",0,1,"far"
"8261-8",0,0,2,1,0,25,1,1476990607448,"true",0,0,"split"
"8261-8",1,0,0,0,2,26,0,1476990631159,"true",1,0,"close"
"8261-8",0,1,0,0,1,27,0,1476990639287,"true",1,0,"far"
"8261-8",0,0,0,1,0,20,0,1476990544604,"true",1,0,"close"
"8261-8",0,1,2,0,1,21,1,1476990556568,"true",0,0,"far"
"8261-8",1,0,2,0,2,22,1,1476990568170,"true",0,0,"split"
"8261-8",0,1,0,0,1,23,0,1476990580084,"true",1,0,"split"
"8261-8",1,0,0,0,2,46,0,1476990910368,"true",1,0,"far"
"8261-8",0,0,0,1,0,47,0,1476990921831,"true",1,0,"split"
"8261-8",0,0,2,1,0,44,1,1476990884288,"true",0,0,"close"
"8261-8",1,0,2,0,2,45,1,1476990898578,"true",0,0,"close"
"8261-8",1,0,2,0,2,28,1,1476990655959,"true",0,0,"close"
"8261-8",0,0,1,1,0,29,0,1476990662469,"true",0,1,"split"
"8261-8",1,0,0,0,2,40,0,1476990838180,"true",1,0,"close"
"8261-8",0,1,1,0,1,41,0,1476990845909,"true",0,1,"split"
"8261-8",0,0,1,1,0,1,0,1476990304952,"true",0,1,"close"
"8261-8",0,0,0,1,0,3,0,1476990342953,"true",1,0,"close"
"8261-8",0,1,0,0,1,2,0,1476990325125,"true",1,0,"close"
"8261-8",1,0,1,0,2,5,0,1476990358688,"true",0,1,"far"
"8261-8",1,0,1,0,2,4,0,1476990351307,"true",0,1,"far"
"8261-8",0,1,0,0,1,7,0,1476990379598,"true",1,0,"split"
"8261-8",0,1,1,0,1,6,0,1476990367327,"true",0,1,"far"
"8261-8",0,1,2,0,1,9,1,1476990395888,"true",0,0,"far"
"8261-8",0,0,0,1,0,8,0,1476990386860,"true",1,0,"split"
"8261-8",0,0,2,1,0,39,1,1476990826449,"true",0,0,"close"
"8261-8",1,0,2,0,2,38,1,1476990813617,"true",0,0,"close"
"8261-8",0,1,0,0,1,11,0,1476990417248,"true",1,0,"close"
"8261-8",1,0,1,0,2,10,0,1476990407158,"true",0,1,"close"
"8261-8",0,0,2,1,0,13,1,1476990439858,"true",0,0,"split"
"8261-8",1,0,0,0,2,12,0,1476990428222,"true",1,0,"close"
"8261-8",1,0,2,0,2,15,1,1476990461971,"true",0,0,"far"
"8261-8",0,1,1,0,1,14,0,1476990447932,"true",0,1,"split"
"8261-8",0,1,0,0,1,17,0,1476990487189,"false",1,0,"far"
"8261-8",0,0,0,1,0,16,0,1476990475339,"false",1,0,"split"
"8261-8",0,1,1,0,1,19,0,1476990529817,"true",0,1,"far"
"8261-8",1,0,1,0,2,18,0,1476990503460,"true",0,1,"split"
"8261-8",0,0,0,1,0,31,0,1476990698292,"true",1,0,"split"
"8261-8",0,1,2,0,1,30,1,1476990689713,"true",0,0,"close"
"8261-8",0,1,2,0,1,37,1,1476990761986,"true",0,0,"far"
"8261-8",0,0,2,1,0,36,1,1476990752709,"true",0,0,"split"
"8261-8",1,0,2,0,2,35,1,1476990740558,"true",0,0,"far"
"8261-8",0,0,2,1,0,34,1,1476990734370,"true",0,0,"split"
"8261-8",0,1,1,0,1,33,0,1476990719256,"true",0,1,"far"
"8261-8",1,0,0,0,2,32,0,1476990711248,"true",1,0,"close"
"8261-8",0,0,1,1,0,50,0,1476990964649,"true",0,1,"far"
