"gameid","sClicked_2","sClicked_1","lClickedIndex","sClicked_0","sClickedIndex","roundNum","lClicked_2","time","outcome","lClicked_0","lClicked_1","condition"
"8270-5",0,1,0,0,1,42,0,1476997883553,"true",1,0,"far"
"8270-5",1,0,2,0,2,48,1,1476997934787,"true",0,0,"far"
"8270-5",1,0,0,0,2,43,0,1476997891675,"true",1,0,"split"
"8270-5",0,0,1,1,0,49,0,1476997946053,"true",0,1,"close"
"8270-5",0,1,2,0,1,24,1,1476997707798,"true",0,0,"split"
"8270-5",0,1,1,0,1,25,0,1476997717707,"true",0,1,"split"
"8270-5",0,0,2,1,0,26,1,1476997725195,"false",0,0,"close"
"8270-5",0,1,1,0,1,27,0,1476997733723,"true",0,1,"far"
"8270-5",0,1,1,0,1,20,0,1476997654926,"true",0,1,"split"
"8270-5",0,1,1,0,1,21,0,1476997674820,"true",0,1,"close"
"8270-5",1,0,1,0,2,22,0,1476997686367,"true",0,1,"split"
"8270-5",0,1,0,0,1,23,0,1476997696178,"true",1,0,"close"
"8270-5",0,0,1,1,0,46,0,1476997918817,"true",0,1,"far"
"8270-5",0,0,0,1,0,47,0,1476997927952,"true",1,0,"close"
"8270-5",0,1,1,0,1,44,0,1476997901246,"true",0,1,"far"
"8270-5",0,0,2,1,0,45,1,1476997908737,"true",0,0,"far"
"8270-5",0,1,1,0,1,28,0,1476997741736,"true",0,1,"split"
"8270-5",0,1,2,0,1,29,1,1476997748050,"true",0,0,"far"
"8270-5",0,0,2,1,0,40,1,1476997867773,"true",0,0,"split"
"8270-5",0,0,2,1,0,41,1,1476997877081,"true",0,0,"close"
"8270-5",0,0,1,1,0,1,0,1476997410937,"true",0,1,"far"
"8270-5",0,0,0,1,0,3,0,1476997436448,"true",1,0,"split"
"8270-5",0,0,1,1,0,2,0,1476997422315,"true",0,1,"far"
"8270-5",1,0,0,0,2,5,0,1476997473776,"true",1,0,"close"
"8270-5",1,0,1,0,2,4,0,1476997461749,"true",0,1,"split"
"8270-5",0,0,2,1,0,7,1,1476997509209,"true",0,0,"close"
"8270-5",1,0,0,0,2,6,0,1476997488788,"true",1,0,"close"
"8270-5",0,0,2,1,0,9,1,1476997525177,"true",0,0,"close"
"8270-5",1,0,2,0,2,8,1,1476997516408,"true",0,0,"far"
"8270-5",0,1,2,0,1,39,1,1476997858813,"true",0,0,"split"
"8270-5",1,0,0,0,2,38,0,1476997846408,"false",1,0,"split"
"8270-5",0,1,2,0,1,11,1,1476997558234,"true",0,0,"split"
"8270-5",0,0,0,1,0,10,0,1476997538151,"false",1,0,"close"
"8270-5",0,0,0,1,0,13,0,1476997582818,"true",1,0,"split"
"8270-5",1,0,2,0,2,12,1,1476997571328,"false",0,0,"split"
"8270-5",0,1,1,0,1,15,0,1476997606771,"true",0,1,"close"
"8270-5",0,1,1,0,1,14,0,1476997590674,"true",0,1,"close"
"8270-5",1,0,1,0,2,17,0,1476997625355,"true",0,1,"far"
"8270-5",0,0,0,1,0,16,0,1476997613690,"true",1,0,"far"
"8270-5",0,1,2,0,1,19,1,1476997644052,"true",0,0,"split"
"8270-5",0,1,2,0,1,18,1,1476997635459,"true",0,0,"far"
"8270-5",0,1,0,0,1,31,0,1476997771733,"true",1,0,"split"
"8270-5",1,0,2,0,2,30,1,1476997755728,"true",0,0,"far"
"8270-5",0,0,1,1,0,37,0,1476997838492,"true",0,1,"far"
"8270-5",0,1,1,0,1,36,0,1476997831022,"true",0,1,"close"
"8270-5",0,0,0,1,0,35,0,1476997819670,"true",1,0,"close"
"8270-5",0,0,1,1,0,34,0,1476997807812,"true",0,1,"close"
"8270-5",0,0,0,1,0,33,0,1476997798066,"true",1,0,"split"
"8270-5",0,1,2,0,1,32,1,1476997788669,"true",0,0,"far"
"8270-5",1,0,1,0,2,50,0,1476997952105,"true",0,1,"far"
