"gameid","sClicked_2","sClicked_1","lClickedIndex","sClicked_0","sClickedIndex","roundNum","lClicked_2","time","outcome","lClicked_0","lClicked_1","condition"
"8274-0",0,1,0,0,1,42,0,1476491627079,"true",1,0,"far"
"8274-0",1,0,0,0,2,48,0,1476491722120,"true",1,0,"split"
"8274-0",0,1,2,0,1,43,1,1476491635258,"true",0,0,"far"
"8274-0",1,0,0,0,2,49,0,1476491745768,"true",1,0,"split"
"8274-0",0,1,2,0,1,24,1,1476491275555,"true",0,0,"close"
"8274-0",0,0,2,1,0,25,1,1476491288321,"true",0,0,"far"
"8274-0",0,0,1,1,0,26,0,1476491305673,"true",0,1,"split"
"8274-0",0,0,1,1,0,27,0,1476491332632,"true",0,1,"far"
"8274-0",1,0,0,0,2,20,0,1476491194655,"true",1,0,"close"
"8274-0",1,0,2,0,2,21,1,1476491221711,"true",0,0,"split"
"8274-0",1,0,2,0,2,22,1,1476491238288,"true",0,0,"split"
"8274-0",0,0,0,1,0,23,0,1476491247912,"true",1,0,"far"
"8274-0",0,0,2,1,0,46,1,1476491697880,"true",0,0,"far"
"8274-0",0,1,0,0,1,47,0,1476491709056,"true",1,0,"close"
"8274-0",0,0,0,1,0,44,0,1476491677321,"true",1,0,"close"
"8274-0",0,0,1,1,0,45,0,1476491688767,"true",0,1,"far"
"8274-0",0,1,1,0,1,28,0,1476491348610,"true",0,1,"close"
"8274-0",1,0,1,0,2,29,0,1476491369089,"true",0,1,"split"
"8274-0",0,1,0,0,1,40,0,1476491600749,"true",1,0,"split"
"8274-0",1,0,1,0,2,41,0,1476491618358,"true",0,1,"far"
"8274-0",1,0,0,0,2,1,0,1476490748269,"true",1,0,"split"
"8274-0",0,1,2,0,1,3,1,1476490793461,"true",0,0,"far"
"8274-0",0,0,1,1,0,2,0,1476490780000,"false",0,1,"far"
"8274-0",0,0,0,1,0,5,0,1476490898204,"false",1,0,"close"
"8274-0",0,1,0,0,1,4,0,1476490875853,"true",1,0,"split"
"8274-0",0,0,1,1,0,7,0,1476490932395,"true",0,1,"split"
"8274-0",0,1,0,0,1,6,0,1476490912707,"true",1,0,"split"
"8274-0",0,0,1,1,0,9,0,1476490979820,"true",0,1,"split"
"8274-0",0,1,0,0,1,8,0,1476490959274,"true",1,0,"close"
"8274-0",0,1,0,0,1,39,0,1476491562071,"true",1,0,"far"
"8274-0",0,1,2,0,1,38,1,1476491553695,"true",0,0,"far"
"8274-0",0,1,2,0,1,11,1,1476491021653,"true",0,0,"close"
"8274-0",0,0,2,1,0,10,1,1476491008757,"true",0,0,"close"
"8274-0",0,1,2,0,1,13,1,1476491051434,"true",0,0,"far"
"8274-0",0,1,1,0,1,12,0,1476491035181,"true",0,1,"close"
"8274-0",1,0,0,0,2,15,0,1476491097654,"true",1,0,"split"
"8274-0",0,1,1,0,1,14,0,1476491066101,"true",0,1,"split"
"8274-0",0,0,2,1,0,17,1,1476491143183,"true",0,0,"far"
"8274-0",1,0,2,0,2,16,1,1476491127759,"true",0,0,"split"
"8274-0",0,1,1,0,1,19,0,1476491171007,"true",0,1,"close"
"8274-0",0,1,0,0,1,18,0,1476491158093,"true",1,0,"far"
"8274-0",1,0,0,0,2,31,0,1476491406811,"false",1,0,"close"
"8274-0",0,1,1,0,1,30,0,1476491384386,"true",0,1,"split"
"8274-0",1,0,0,0,2,37,0,1476491538207,"true",1,0,"close"
"8274-0",1,0,1,0,2,36,0,1476491518676,"true",0,1,"close"
"8274-0",1,0,0,0,2,35,0,1476491505860,"true",1,0,"close"
"8274-0",0,0,1,1,0,34,0,1476491469915,"true",0,1,"far"
"8274-0",0,0,0,1,0,33,0,1476491460292,"true",1,0,"close"
"8274-0",0,1,0,0,1,32,0,1476491442971,"true",1,0,"split"
"8274-0",0,0,2,1,0,50,1,1476491759948,"true",0,0,"far"
