"gameid","sClicked_2","sClicked_1","lClickedIndex","sClicked_0","sClickedIndex","roundNum","lClicked_2","time","outcome","lClicked_0","lClicked_1","condition"
"8292-7",0,1,1,0,1,42,0,1476997388042,"true",0,1,"split"
"8292-7",0,0,2,1,0,48,1,1476997438478,"true",0,0,"split"
"8292-7",1,0,0,0,2,43,0,1476997394889,"true",1,0,"split"
"8292-7",1,0,2,0,2,49,1,1476997444711,"true",0,0,"split"
"8292-7",0,1,0,0,1,24,0,1476997223820,"true",1,0,"close"
"8292-7",0,0,1,1,0,25,0,1476997230657,"true",0,1,"far"
"8292-7",0,1,1,0,1,26,0,1476997236568,"true",0,1,"far"
"8292-7",1,0,0,0,2,27,0,1476997245049,"true",1,0,"far"
"8292-7",0,1,1,0,1,20,0,1476997188960,"true",0,1,"far"
"8292-7",0,0,2,1,0,21,1,1476997200213,"true",0,0,"split"
"8292-7",0,0,2,1,0,22,1,1476997207467,"true",0,0,"far"
"8292-7",0,1,0,0,1,23,0,1476997213922,"true",1,0,"far"
"8292-7",0,1,0,0,1,46,0,1476997424208,"false",1,0,"close"
"8292-7",1,0,0,0,2,47,0,1476997431674,"true",1,0,"split"
"8292-7",1,0,0,0,2,44,0,1476997402721,"true",1,0,"far"
"8292-7",0,0,1,1,0,45,0,1476997409761,"true",0,1,"close"
"8292-7",0,0,1,1,0,28,0,1476997252600,"true",0,1,"split"
"8292-7",0,1,2,0,1,29,1,1476997261672,"true",0,0,"close"
"8292-7",0,1,1,0,1,40,0,1476997366979,"true",0,1,"split"
"8292-7",0,1,0,0,1,41,0,1476997381074,"true",1,0,"split"
"8292-7",0,1,1,0,1,1,0,1476997009231,"true",0,1,"close"
"8292-7",0,0,1,1,0,3,0,1476997025482,"true",0,1,"close"
"8292-7",0,0,0,1,0,2,0,1476997017123,"true",1,0,"close"
"8292-7",1,0,2,0,2,5,1,1476997042913,"true",0,0,"split"
"8292-7",0,0,0,1,0,4,0,1476997034046,"true",1,0,"close"
"8292-7",0,1,0,0,1,7,0,1476997075197,"true",1,0,"close"
"8292-7",0,0,2,1,0,6,1,1476997056649,"true",0,0,"close"
"8292-7",1,0,2,0,2,9,1,1476997095327,"true",0,0,"far"
"8292-7",0,1,2,0,1,8,1,1476997086471,"true",0,0,"close"
"8292-7",0,0,0,1,0,39,0,1476997360739,"true",1,0,"far"
"8292-7",0,0,2,1,0,38,1,1476997351508,"true",0,0,"close"
"8292-7",0,1,1,0,1,11,0,1476997110830,"true",0,1,"split"
"8292-7",0,0,2,1,0,10,1,1476997102309,"true",0,0,"split"
"8292-7",0,1,2,0,1,13,1,1476997123006,"true",0,0,"far"
"8292-7",0,1,2,0,1,12,1,1476997117318,"true",0,0,"far"
"8292-7",1,0,2,0,2,15,1,1476997143851,"true",0,0,"split"
"8292-7",0,0,0,1,0,14,0,1476997134893,"true",1,0,"close"
"8292-7",0,1,0,0,1,17,0,1476997162653,"true",1,0,"split"
"8292-7",1,0,1,0,2,16,0,1476997154845,"true",0,1,"far"
"8292-7",1,0,0,0,2,19,0,1476997181820,"true",1,0,"close"
"8292-7",0,0,0,1,0,18,0,1476997171740,"true",1,0,"far"
"8292-7",1,0,2,0,2,31,1,1476997283294,"true",0,0,"close"
"8292-7",1,0,0,0,2,30,0,1476997275079,"true",1,0,"split"
"8292-7",0,1,0,0,1,37,0,1476997344563,"false",1,0,"close"
"8292-7",0,1,0,0,1,36,0,1476997331964,"true",1,0,"split"
"8292-7",0,1,1,0,1,35,0,1476997326065,"true",0,1,"far"
"8292-7",0,0,1,1,0,34,0,1476997318883,"true",0,1,"far"
"8292-7",1,0,0,0,2,33,0,1476997309869,"true",1,0,"close"
"8292-7",0,1,1,0,1,32,0,1476997292260,"true",0,1,"far"
"8292-7",0,0,0,1,0,50,0,1476997451071,"true",1,0,"split"
