"gameid","sClicked_2","sClicked_1","lClickedIndex","sClicked_0","sClickedIndex","roundNum","lClicked_2","time","outcome","lClicked_0","lClicked_1","condition"
"8295-7",0,1,0,0,1,42,0,1476988803041,"true",1,0,"close"
"8295-7",0,0,2,1,0,48,1,1476988886953,"true",0,0,"close"
"8295-7",0,1,0,0,1,43,0,1476988814288,"true",1,0,"close"
"8295-7",0,0,2,1,0,49,1,1476988894019,"true",0,0,"far"
"8295-7",0,1,0,0,1,24,0,1476988597249,"true",1,0,"split"
"8295-7",0,1,0,0,1,25,0,1476988606206,"true",1,0,"split"
"8295-7",0,1,2,0,1,26,1,1476988614153,"true",0,0,"far"
"8295-7",0,1,1,0,1,27,0,1476988621682,"true",0,1,"close"
"8295-7",0,0,0,1,0,20,0,1476988553735,"true",1,0,"split"
"8295-7",0,1,0,0,1,21,0,1476988567211,"true",1,0,"far"
"8295-7",0,0,1,1,0,22,0,1476988577810,"true",0,1,"split"
"8295-7",1,0,0,0,2,23,0,1476988586086,"false",1,0,"close"
"8295-7",0,0,2,1,0,46,1,1476988870743,"true",0,0,"split"
"8295-7",0,1,0,0,1,47,0,1476988878965,"true",1,0,"close"
"8295-7",0,1,0,0,1,44,0,1476988828264,"true",1,0,"far"
"8295-7",1,0,2,0,2,45,1,1476988863734,"true",0,0,"close"
"8295-7",1,0,2,0,2,28,1,1476988628047,"true",0,0,"far"
"8295-7",0,0,0,1,0,29,0,1476988647832,"true",1,0,"close"
"8295-7",1,0,0,0,2,40,0,1476988790998,"true",1,0,"split"
"8295-7",1,0,0,0,2,41,0,1476988796655,"true",1,0,"far"
"8295-7",0,0,1,1,0,1,0,1476988280597,"true",0,1,"far"
"8295-7",1,0,2,0,2,3,1,1476988300291,"true",0,0,"close"
"8295-7",0,1,0,0,1,2,0,1476988287150,"true",1,0,"far"
"8295-7",0,1,1,0,1,5,0,1476988323580,"false",0,1,"close"
"8295-7",0,1,0,0,1,4,0,1476988306750,"true",1,0,"far"
"8295-7",0,0,2,1,0,7,1,1476988344719,"true",0,0,"split"
"8295-7",0,1,2,0,1,6,1,1476988335783,"true",0,0,"close"
"8295-7",1,0,0,0,2,9,0,1476988404396,"true",1,0,"close"
"8295-7",1,0,2,0,2,8,1,1476988351073,"true",0,0,"split"
"8295-7",0,1,1,0,1,39,0,1476988783166,"false",0,1,"split"
"8295-7",0,0,0,1,0,38,0,1476988772514,"true",1,0,"far"
"8295-7",0,1,2,0,1,11,1,1476988429439,"false",0,0,"close"
"8295-7",0,0,2,1,0,10,1,1476988411856,"true",0,0,"far"
"8295-7",0,1,2,0,1,13,1,1476988462321,"true",0,0,"close"
"8295-7",0,0,0,1,0,12,0,1476988444919,"true",1,0,"split"
"8295-7",0,1,2,0,1,15,1,1476988494195,"false",0,0,"split"
"8295-7",0,0,2,1,0,14,1,1476988480322,"true",0,0,"far"
"8295-7",1,0,0,0,2,17,0,1476988525578,"true",1,0,"far"
"8295-7",1,0,0,0,2,16,0,1476988514599,"true",1,0,"close"
"8295-7",1,0,0,0,2,19,0,1476988545110,"true",1,0,"split"
"8295-7",1,0,1,0,2,18,0,1476988538471,"true",0,1,"close"
"8295-7",0,0,0,1,0,31,0,1476988695572,"false",1,0,"close"
"8295-7",0,1,0,0,1,30,0,1476988671829,"true",1,0,"split"
"8295-7",0,1,0,0,1,37,0,1476988756547,"true",1,0,"split"
"8295-7",1,0,0,0,2,36,0,1476988745031,"true",1,0,"far"
"8295-7",1,0,2,0,2,35,1,1476988734453,"true",0,0,"far"
"8295-7",0,1,2,0,1,34,1,1476988727860,"true",0,0,"far"
"8295-7",0,0,1,1,0,33,0,1476988719555,"false",0,1,"far"
"8295-7",0,0,0,1,0,32,0,1476988710561,"true",1,0,"split"
"8295-7",1,0,0,0,2,50,0,1476988901921,"true",1,0,"split"
