"gameid","sClicked_2","sClicked_1","lClickedIndex","sClicked_0","sClickedIndex","roundNum","lClicked_2","time","outcome","lClicked_0","lClicked_1","condition"
"8320-3",0,1,2,0,1,42,1,1476989159223,"true",0,0,"split"
"8320-3",1,0,1,0,2,48,0,1476989285263,"true",0,1,"far"
"8320-3",0,1,2,0,1,43,1,1476989171393,"true",0,0,"close"
"8320-3",0,1,1,0,1,49,0,1476989300066,"true",0,1,"far"
"8320-3",0,1,1,0,1,24,0,1476988881473,"true",0,1,"close"
"8320-3",0,0,1,1,0,25,0,1476988904023,"true",0,1,"split"
"8320-3",0,0,1,1,0,26,0,1476988913658,"true",0,1,"far"
"8320-3",0,0,1,1,0,27,0,1476988920591,"true",0,1,"far"
"8320-3",0,0,2,1,0,20,1,1476988796013,"true",0,0,"split"
"8320-3",0,0,0,1,0,21,0,1476988835771,"true",1,0,"close"
"8320-3",1,0,2,0,2,22,1,1476988845888,"true",0,0,"close"
"8320-3",1,0,1,0,2,23,0,1476988871465,"true",0,1,"split"
"8320-3",0,1,0,0,1,46,0,1476989257303,"true",1,0,"close"
"8320-3",1,0,1,0,2,47,0,1476989277526,"true",0,1,"split"
"8320-3",0,0,1,1,0,44,0,1476989231636,"true",0,1,"far"
"8320-3",1,0,2,0,2,45,1,1476989244929,"true",0,0,"far"
"8320-3",0,0,2,1,0,28,1,1476988929623,"true",0,0,"far"
"8320-3",0,0,1,1,0,29,0,1476988938403,"true",0,1,"split"
"8320-3",1,0,2,0,2,40,1,1476989121781,"true",0,0,"far"
"8320-3",0,1,2,0,1,41,1,1476989135866,"true",0,0,"far"
"8320-3",0,1,0,0,1,1,0,1476988490268,"true",1,0,"close"
"8320-3",0,1,0,0,1,3,0,1476988518710,"true",1,0,"close"
"8320-3",0,0,2,1,0,2,1,1476988503234,"true",0,0,"split"
"8320-3",0,1,1,0,1,5,0,1476988551308,"false",0,1,"close"
"8320-3",0,0,1,1,0,4,0,1476988530645,"true",0,1,"split"
"8320-3",0,0,0,1,0,7,0,1476988578635,"false",1,0,"split"
"8320-3",1,0,0,0,2,6,0,1476988565663,"true",1,0,"far"
"8320-3",0,1,0,0,1,9,0,1476988609080,"true",1,0,"close"
"8320-3",0,1,0,0,1,8,0,1476988598565,"true",1,0,"close"
"8320-3",1,0,1,0,2,39,0,1476989101983,"false",0,1,"split"
"8320-3",1,0,2,0,2,38,1,1476989081044,"true",0,0,"split"
"8320-3",0,1,0,0,1,11,0,1476988629273,"true",1,0,"close"
"8320-3",0,0,2,1,0,10,1,1476988617062,"true",0,0,"split"
"8320-3",1,0,0,0,2,13,0,1476988671263,"true",1,0,"close"
"8320-3",1,0,2,0,2,12,1,1476988659962,"true",0,0,"close"
"8320-3",1,0,1,0,2,15,0,1476988691520,"true",0,1,"close"
"8320-3",1,0,0,0,2,14,0,1476988680450,"true",1,0,"close"
"8320-3",0,0,0,1,0,17,0,1476988726958,"true",1,0,"split"
"8320-3",0,0,2,1,0,16,1,1476988713238,"true",0,0,"split"
"8320-3",1,0,1,0,2,19,0,1476988780760,"true",0,1,"split"
"8320-3",0,0,1,1,0,18,0,1476988768913,"true",0,1,"close"
"8320-3",0,1,1,0,1,31,0,1476988971981,"false",0,1,"split"
"8320-3",0,1,0,0,1,30,0,1476988952460,"true",1,0,"split"
"8320-3",1,0,0,0,2,37,0,1476989054043,"true",1,0,"far"
"8320-3",1,0,0,0,2,36,0,1476989040151,"true",1,0,"far"
"8320-3",0,1,0,0,1,35,0,1476989032213,"true",1,0,"far"
"8320-3",0,1,0,0,1,34,0,1476989014726,"true",1,0,"close"
"8320-3",0,1,2,0,1,33,1,1476988995088,"true",0,0,"far"
"8320-3",1,0,1,0,2,32,0,1476988982971,"false",0,1,"far"
"8320-3",1,0,1,0,2,50,0,1476989311664,"true",0,1,"far"
