"gameid","sClicked_2","sClicked_1","lClickedIndex","sClicked_0","sClickedIndex","roundNum","lClicked_2","time","outcome","lClicked_0","lClicked_1","condition"
"8330-f",0,1,0,0,1,42,0,1476484344119,"true",1,0,"close"
"8330-f",0,0,1,1,0,48,0,1476484404032,"true",0,1,"split"
"8330-f",0,1,1,0,1,43,0,1476484349815,"true",0,1,"far"
"8330-f",0,0,0,1,0,49,0,1476484419233,"false",1,0,"split"
"8330-f",1,0,0,0,2,24,0,1476484144909,"true",1,0,"close"
"8330-f",0,0,1,1,0,25,0,1476484153852,"true",0,1,"far"
"8330-f",0,1,0,0,1,26,0,1476484167068,"false",1,0,"close"
"8330-f",0,1,0,0,1,27,0,1476484174576,"true",1,0,"split"
"8330-f",0,1,1,0,1,20,0,1476484091492,"true",0,1,"far"
"8330-f",1,0,0,0,2,21,0,1476484102684,"false",1,0,"close"
"8330-f",1,0,0,0,2,22,0,1476484115904,"true",1,0,"split"
"8330-f",1,0,0,0,2,23,0,1476484132250,"true",1,0,"close"
"8330-f",0,1,2,0,1,46,1,1476484381807,"false",0,0,"close"
"8330-f",1,0,1,0,2,47,0,1476484396256,"true",0,1,"close"
"8330-f",0,0,0,1,0,44,0,1476484361144,"true",1,0,"split"
"8330-f",0,0,1,1,0,45,0,1476484367799,"true",0,1,"far"
"8330-f",0,1,1,0,1,28,0,1476484182597,"true",0,1,"close"
"8330-f",0,0,2,1,0,29,1,1476484190798,"true",0,0,"far"
"8330-f",0,1,2,0,1,40,1,1476484329183,"true",0,0,"far"
"8330-f",0,1,0,0,1,41,0,1476484337287,"true",1,0,"split"
"8330-f",0,1,2,0,1,1,1,1476483795041,"false",0,0,"close"
"8330-f",0,0,1,1,0,3,0,1476483818456,"true",0,1,"split"
"8330-f",1,0,1,0,2,2,0,1476483808600,"true",0,1,"split"
"8330-f",0,1,2,0,1,5,1,1476483846040,"true",0,0,"close"
"8330-f",0,1,1,0,1,4,0,1476483832080,"true",0,1,"far"
"8330-f",1,0,0,0,2,7,0,1476483867274,"true",1,0,"far"
"8330-f",0,0,2,1,0,6,1,1476483856288,"true",0,0,"far"
"8330-f",0,0,0,1,0,9,0,1476483891889,"true",1,0,"split"
"8330-f",0,0,2,1,0,8,1,1476483879352,"true",0,0,"split"
"8330-f",1,0,1,0,2,39,0,1476484321623,"true",0,1,"close"
"8330-f",0,1,2,0,1,38,1,1476484298075,"false",0,0,"split"
"8330-f",0,0,1,1,0,11,0,1476483927762,"true",0,1,"split"
"8330-f",0,1,0,0,1,10,0,1476483909544,"true",1,0,"far"
"8330-f",0,0,0,1,0,13,0,1476483959170,"false",1,0,"split"
"8330-f",1,0,1,0,2,12,0,1476483939298,"true",0,1,"far"
"8330-f",0,0,2,1,0,15,1,1476483980973,"true",0,0,"far"
"8330-f",0,0,0,1,0,14,0,1476483969066,"true",1,0,"far"
"8330-f",0,1,0,0,1,17,0,1476484014629,"false",1,0,"close"
"8330-f",1,0,2,0,2,16,1,1476483994667,"true",0,0,"far"
"8330-f",0,1,1,0,1,19,0,1476484081251,"true",0,1,"close"
"8330-f",0,0,2,1,0,18,1,1476484059259,"true",0,0,"close"
"8330-f",0,1,0,0,1,31,0,1476484209269,"false",1,0,"split"
"8330-f",0,1,0,0,1,30,0,1476484200861,"true",1,0,"close"
"8330-f",0,1,2,0,1,37,1,1476484281646,"true",0,0,"far"
"8330-f",0,1,1,0,1,36,0,1476484270246,"true",0,1,"split"
"8330-f",0,1,1,0,1,35,0,1476484255318,"true",0,1,"far"
"8330-f",1,0,2,0,2,34,1,1476484241982,"false",0,0,"close"
"8330-f",1,0,0,0,2,33,0,1476484229421,"true",1,0,"far"
"8330-f",0,1,2,0,1,32,1,1476484218669,"true",0,0,"split"
"8330-f",1,0,0,0,2,50,0,1476484440441,"true",1,0,"split"
