"gameid","sClicked_2","sClicked_1","lClickedIndex","sClicked_0","sClickedIndex","roundNum","lClicked_2","time","outcome","lClicked_0","lClicked_1","condition"
"8333-5",0,1,1,0,1,42,0,1476990502712,"true",0,1,"far"
"8333-5",0,1,2,0,1,48,1,1476990592735,"true",0,0,"far"
"8333-5",0,0,1,1,0,43,0,1476990513762,"true",0,1,"close"
"8333-5",1,0,0,0,2,49,0,1476990608672,"true",1,0,"far"
"8333-5",0,1,1,0,1,24,0,1476990274425,"true",0,1,"split"
"8333-5",0,0,2,1,0,25,1,1476990287428,"true",0,0,"close"
"8333-5",0,1,1,0,1,26,0,1476990297460,"true",0,1,"split"
"8333-5",0,1,1,0,1,27,0,1476990304797,"true",0,1,"far"
"8333-5",0,1,0,0,1,20,0,1476990209311,"true",1,0,"close"
"8333-5",1,0,2,0,2,21,1,1476990218606,"true",0,0,"close"
"8333-5",0,1,2,0,1,22,1,1476990240295,"true",0,0,"split"
"8333-5",0,0,2,1,0,23,1,1476990252842,"true",0,0,"far"
"8333-5",0,0,1,1,0,46,0,1476990566116,"true",0,1,"close"
"8333-5",1,0,2,0,2,47,1,1476990581680,"true",0,0,"split"
"8333-5",1,0,2,0,2,44,1,1476990542649,"false",0,0,"split"
"8333-5",0,0,0,1,0,45,0,1476990552860,"true",1,0,"far"
"8333-5",0,0,1,1,0,28,0,1476990321014,"true",0,1,"split"
"8333-5",0,1,1,0,1,29,0,1476990332175,"true",0,1,"close"
"8333-5",0,0,2,1,0,40,1,1476990485843,"true",0,0,"close"
"8333-5",0,0,1,1,0,41,0,1476990494408,"true",0,1,"far"
"8333-5",0,0,0,1,0,1,0,1476989941878,"true",1,0,"far"
"8333-5",0,0,1,1,0,3,0,1476989976025,"true",0,1,"close"
"8333-5",1,0,0,0,2,2,0,1476989959905,"true",1,0,"close"
"8333-5",0,0,2,1,0,5,1,1476989995253,"true",0,0,"far"
"8333-5",0,1,1,0,1,4,0,1476989987548,"true",0,1,"far"
"8333-5",0,0,2,1,0,7,1,1476990013750,"true",0,0,"split"
"8333-5",0,0,1,1,0,6,0,1476990005600,"true",0,1,"split"
"8333-5",0,0,2,1,0,9,1,1476990037877,"true",0,0,"split"
"8333-5",1,0,2,0,2,8,1,1476990027466,"true",0,0,"far"
"8333-5",1,0,2,0,2,39,1,1476990452902,"true",0,0,"split"
"8333-5",1,0,2,0,2,38,1,1476990439511,"true",0,0,"split"
"8333-5",1,0,2,0,2,11,1,1476990062423,"true",0,0,"close"
"8333-5",1,0,1,0,2,10,0,1476990045315,"true",0,1,"far"
"8333-5",1,0,2,0,2,13,1,1476990084287,"false",0,0,"far"
"8333-5",1,0,0,0,2,12,0,1476990070226,"true",1,0,"far"
"8333-5",0,1,1,0,1,15,0,1476990134338,"true",0,1,"close"
"8333-5",1,0,1,0,2,14,0,1476990097373,"true",0,1,"close"
"8333-5",0,0,1,1,0,17,0,1476990167923,"true",0,1,"split"
"8333-5",0,1,0,0,1,16,0,1476990142628,"true",1,0,"split"
"8333-5",1,0,1,0,2,19,0,1476990198246,"true",0,1,"split"
"8333-5",0,1,0,0,1,18,0,1476990184396,"true",1,0,"close"
"8333-5",1,0,1,0,2,31,0,1476990359337,"true",0,1,"far"
"8333-5",1,0,1,0,2,30,0,1476990345367,"true",0,1,"far"
"8333-5",0,0,1,1,0,37,0,1476990424243,"true",0,1,"close"
"8333-5",0,0,1,1,0,36,0,1476990414648,"true",0,1,"close"
"8333-5",1,0,2,0,2,35,1,1476990391506,"true",0,0,"close"
"8333-5",0,0,0,1,0,34,0,1476990383583,"true",1,0,"split"
"8333-5",0,1,1,0,1,33,0,1476990375163,"true",0,1,"split"
"8333-5",0,1,2,0,1,32,1,1476990367433,"true",0,0,"far"
"8333-5",0,1,0,0,1,50,0,1476990628633,"false",1,0,"close"
