"gameid","sClicked_2","sClicked_1","lClickedIndex","sClicked_0","sClickedIndex","roundNum","lClicked_2","time","outcome","lClicked_0","lClicked_1","condition"
"8343-3",0,1,1,0,1,48,0,1476469397666,"true",0,1,"split"
"8343-3",0,0,1,1,0,50,0,1476469452697,"true",0,1,"split"
"8343-3",0,1,2,0,1,24,1,1476468306463,"true",0,0,"close"
"8343-3",0,0,2,1,0,25,1,1476468318509,"true",0,0,"far"
"8343-3",0,1,1,0,1,26,0,1476468340389,"true",0,1,"far"
"8343-3",0,1,2,0,1,27,1,1476468419084,"false",0,0,"split"
"8343-3",1,0,0,0,2,20,0,1476468198815,"true",1,0,"far"
"8343-3",1,0,0,0,2,21,0,1476468212431,"true",1,0,"split"
"8343-3",0,0,1,1,0,22,0,1476468268768,"true",0,1,"close"
"8343-3",0,0,1,1,0,23,0,1476468282455,"true",0,1,"far"
"8343-3",1,0,2,0,2,46,1,1476469347475,"true",0,0,"split"
"8343-3",1,0,1,0,2,47,0,1476469358522,"true",0,1,"far"
"8343-3",1,0,0,0,2,44,0,1476469294140,"true",1,0,"close"
"8343-3",0,1,1,0,1,45,0,1476469315211,"true",0,1,"close"
"8343-3",0,0,0,1,0,42,0,1476469175038,"true",1,0,"split"
"8343-3",0,0,0,1,0,29,0,1476468470972,"true",1,0,"far"
"8343-3",0,1,2,0,1,40,1,1476469090714,"true",0,0,"split"
"8343-3",0,1,2,0,1,41,1,1476469133774,"true",0,0,"far"
"8343-3",0,1,0,0,1,1,0,1476467925508,"true",1,0,"far"
"8343-3",1,0,2,0,2,3,1,1476467954212,"true",0,0,"split"
"8343-3",0,1,1,0,1,2,0,1476467936334,"true",0,1,"far"
"8343-3",1,0,1,0,2,5,0,1476467974678,"true",0,1,"far"
"8343-3",0,0,2,1,0,4,1,1476467963756,"true",0,0,"close"
"8343-3",0,1,0,0,1,7,0,1476468000460,"true",1,0,"split"
"8343-3",0,0,2,1,0,6,1,1476467989716,"true",0,0,"close"
"8343-3",0,1,2,0,1,9,1,1476468033019,"true",0,0,"split"
"8343-3",0,0,2,1,0,8,1,1476468021858,"true",0,0,"close"
"8343-3",0,1,0,0,1,11,0,1476468059915,"true",1,0,"split"
"8343-3",1,0,2,0,2,10,1,1476468048910,"true",0,0,"close"
"8343-3",0,0,2,1,0,13,1,1476468086266,"true",0,0,"far"
"8343-3",0,0,2,1,0,12,1,1476468077187,"true",0,0,"split"
"8343-3",1,0,0,0,2,15,0,1476468125329,"true",1,0,"close"
"8343-3",0,1,0,0,1,14,0,1476468110970,"true",1,0,"close"
"8343-3",1,0,1,0,2,17,0,1476468151210,"true",0,1,"close"
"8343-3",0,1,0,0,1,16,0,1476468138063,"true",1,0,"far"
"8343-3",1,0,1,0,2,19,0,1476468184328,"true",0,1,"close"
"8343-3",0,0,2,1,0,18,1,1476468163505,"true",0,0,"split"
"8343-3",1,0,1,0,2,31,0,1476468557834,"true",0,1,"close"
"8343-3",0,0,0,1,0,49,0,1476469413553,"true",1,0,"far"
"8343-3",1,0,1,0,2,36,0,1476468752015,"true",0,1,"split"
"8343-3",0,1,2,0,1,35,1,1476468711839,"true",0,0,"split"
"8343-3",1,0,0,0,2,34,0,1476468640104,"true",1,0,"far"
"8343-3",0,0,2,1,0,33,1,1476468582794,"true",0,0,"far"
"8343-3",0,0,0,1,0,32,0,1476468571448,"true",1,0,"far"
