"gameid","sClicked_2","sClicked_1","lClickedIndex","sClicked_0","sClickedIndex","roundNum","lClicked_2","time","outcome","lClicked_0","lClicked_1","condition"
"8343-d",1,0,1,0,2,42,0,1476503128668,"true",0,1,"close"
"8343-d",0,0,2,1,0,48,1,1476503206977,"true",0,0,"split"
"8343-d",0,0,1,1,0,43,0,1476503160905,"false",0,1,"close"
"8343-d",0,0,2,1,0,49,1,1476503214899,"true",0,0,"split"
"8343-d",0,0,1,1,0,24,0,1476502895936,"true",0,1,"far"
"8343-d",0,1,0,0,1,25,0,1476502909049,"true",1,0,"split"
"8343-d",1,0,2,0,2,26,1,1476502916900,"true",0,0,"far"
"8343-d",0,0,2,1,0,27,1,1476502932767,"true",0,0,"close"
"8343-d",1,0,1,0,2,20,0,1476502841874,"true",0,1,"far"
"8343-d",0,1,1,0,1,21,0,1476502849245,"true",0,1,"split"
"8343-d",1,0,2,0,2,22,1,1476502856723,"true",0,0,"far"
"8343-d",1,0,0,0,2,23,0,1476502882576,"true",1,0,"close"
"8343-d",0,0,0,1,0,46,0,1476503188289,"true",1,0,"close"
"8343-d",0,0,2,1,0,47,1,1476503195446,"true",0,0,"far"
"8343-d",0,0,1,1,0,44,0,1476503168335,"true",0,1,"far"
"8343-d",1,0,1,0,2,45,0,1476503176048,"false",0,1,"close"
"8343-d",0,1,2,0,1,28,1,1476502942359,"false",0,0,"split"
"8343-d",0,1,1,0,1,29,0,1476502950095,"true",0,1,"far"
"8343-d",1,0,2,0,2,40,1,1476503104029,"true",0,0,"split"
"8343-d",0,0,0,1,0,41,0,1476503117478,"true",1,0,"split"
"8343-d",1,0,1,0,2,1,0,1476502627162,"true",0,1,"split"
"8343-d",0,1,2,0,1,3,1,1476502648095,"true",0,0,"split"
"8343-d",0,1,2,0,1,2,1,1476502640985,"true",0,0,"close"
"8343-d",0,1,2,0,1,5,1,1476502672851,"true",0,0,"close"
"8343-d",1,0,2,0,2,4,1,1476502661477,"true",0,0,"close"
"8343-d",0,1,1,0,1,7,0,1476502705793,"true",0,1,"split"
"8343-d",0,1,2,0,1,6,1,1476502696478,"true",0,0,"close"
"8343-d",0,0,0,1,0,9,0,1476502723907,"true",1,0,"split"
"8343-d",0,0,1,1,0,8,0,1476502713114,"true",0,1,"far"
"8343-d",0,0,0,1,0,39,0,1476503087202,"true",1,0,"close"
"8343-d",1,0,1,0,2,38,0,1476503078583,"true",0,1,"close"
"8343-d",0,0,0,1,0,11,0,1476502747309,"true",1,0,"far"
"8343-d",1,0,2,0,2,10,1,1476502731729,"true",0,0,"far"
"8343-d",0,1,1,0,1,13,0,1476502763609,"true",0,1,"far"
"8343-d",1,0,0,0,2,12,0,1476502756113,"true",1,0,"split"
"8343-d",1,0,2,0,2,15,1,1476502781855,"true",0,0,"split"
"8343-d",0,0,2,1,0,14,1,1476502771308,"true",0,0,"far"
"8343-d",0,0,0,1,0,17,0,1476502810660,"false",1,0,"close"
"8343-d",0,1,1,0,1,16,0,1476502791458,"false",0,1,"far"
"8343-d",1,0,2,0,2,19,1,1476502833577,"true",0,0,"far"
"8343-d",0,0,0,1,0,18,0,1476502824645,"true",1,0,"split"
"8343-d",0,0,2,1,0,31,1,1476502983496,"true",0,0,"far"
"8343-d",0,0,0,1,0,30,0,1476502969871,"true",1,0,"close"
"8343-d",0,1,2,0,1,37,1,1476503068733,"true",0,0,"far"
"8343-d",0,1,0,0,1,36,0,1476503061263,"true",1,0,"split"
"8343-d",1,0,2,0,2,35,1,1476503050799,"true",0,0,"close"
"8343-d",1,0,2,0,2,34,1,1476503030488,"false",0,0,"close"
"8343-d",0,1,1,0,1,33,0,1476503015482,"true",0,1,"split"
"8343-d",1,0,2,0,2,32,1,1476502992295,"true",0,0,"split"
"8343-d",0,1,1,0,1,50,0,1476503236367,"true",0,1,"close"
