"gameid","sClicked_2","sClicked_1","lClickedIndex","sClicked_0","sClickedIndex","roundNum","lClicked_2","time","outcome","lClicked_0","lClicked_1","condition"
"8351-5",0,0,0,1,0,42,0,1476989846833,"true",1,0,"split"
"8351-5",0,1,1,0,1,48,0,1476989974154,"true",0,1,"split"
"8351-5",0,1,1,0,1,43,0,1476989855911,"true",0,1,"far"
"8351-5",1,0,0,0,2,49,0,1476989987668,"true",1,0,"close"
"8351-5",0,1,1,0,1,24,0,1476989351118,"true",0,1,"close"
"8351-5",0,1,2,0,1,25,1,1476989372920,"true",0,0,"split"
"8351-5",0,1,2,0,1,26,1,1476989395521,"true",0,0,"close"
"8351-5",0,1,2,0,1,27,1,1476989406846,"true",0,0,"far"
"8351-5",0,1,0,0,1,20,0,1476989279419,"true",1,0,"close"
"8351-5",0,0,0,1,0,21,0,1476989293838,"true",1,0,"split"
"8351-5",1,0,0,0,2,22,0,1476989317630,"true",1,0,"split"
"8351-5",0,0,0,1,0,23,0,1476989336292,"true",1,0,"far"
"8351-5",0,1,0,0,1,46,0,1476989928372,"false",1,0,"close"
"8351-5",0,0,0,1,0,47,0,1476989962058,"true",1,0,"close"
"8351-5",0,0,0,1,0,44,0,1476989877511,"true",1,0,"split"
"8351-5",1,0,2,0,2,45,1,1476989908690,"true",0,0,"close"
"8351-5",0,1,0,0,1,28,0,1476989446939,"false",1,0,"split"
"8351-5",0,1,1,0,1,29,0,1476989509921,"true",0,1,"far"
"8351-5",0,0,0,1,0,40,0,1476989823716,"true",1,0,"far"
"8351-5",1,0,2,0,2,41,1,1476989832977,"true",0,0,"far"
"8351-5",0,0,0,1,0,1,0,1476988725678,"false",1,0,"close"
"8351-5",1,0,0,0,2,3,0,1476988800662,"true",1,0,"close"
"8351-5",1,0,1,0,2,2,0,1476988749179,"true",0,1,"far"
"8351-5",1,0,1,0,2,5,0,1476988840932,"true",0,1,"far"
"8351-5",0,1,2,0,1,4,1,1476988823483,"true",0,0,"split"
"8351-5",0,1,2,0,1,7,1,1476988904859,"true",0,0,"split"
"8351-5",1,0,0,0,2,6,0,1476988873499,"true",1,0,"close"
"8351-5",1,0,1,0,2,9,0,1476988983064,"true",0,1,"far"
"8351-5",0,1,1,0,1,8,0,1476988970449,"true",0,1,"close"
"8351-5",0,1,0,0,1,39,0,1476989813939,"true",1,0,"far"
"8351-5",0,1,1,0,1,38,0,1476989796969,"true",0,1,"far"
"8351-5",0,0,0,1,0,11,0,1476989043218,"true",1,0,"split"
"8351-5",1,0,1,0,2,10,0,1476988998558,"true",0,1,"far"
"8351-5",0,1,0,0,1,13,0,1476989080017,"true",1,0,"close"
"8351-5",0,0,1,1,0,12,0,1476989056161,"true",0,1,"far"
"8351-5",0,1,0,0,1,15,0,1476989148510,"true",1,0,"far"
"8351-5",0,0,1,1,0,14,0,1476989129787,"true",0,1,"split"
"8351-5",0,1,0,0,1,17,0,1476989199994,"false",1,0,"far"
"8351-5",0,0,0,1,0,16,0,1476989162833,"true",1,0,"close"
"8351-5",1,0,0,0,2,19,0,1476989247745,"true",1,0,"far"
"8351-5",0,0,0,1,0,18,0,1476989221748,"true",1,0,"split"
"8351-5",0,0,1,1,0,31,0,1476989553169,"true",0,1,"split"
"8351-5",1,0,0,0,2,30,0,1476989539553,"true",1,0,"split"
"8351-5",1,0,2,0,2,37,1,1476989784423,"true",0,0,"split"
"8351-5",1,0,2,0,2,36,1,1476989764176,"true",0,0,"close"
"8351-5",0,0,1,1,0,35,0,1476989726733,"true",0,1,"close"
"8351-5",0,1,0,0,1,34,0,1476989704855,"true",1,0,"split"
"8351-5",0,1,1,0,1,33,0,1476989679165,"true",0,1,"split"
"8351-5",1,0,0,0,2,32,0,1476989565819,"true",1,0,"far"
"8351-5",0,0,1,1,0,50,0,1476990011476,"true",0,1,"close"
