"gameid","sClicked_2","sClicked_1","lClickedIndex","sClicked_0","sClickedIndex","roundNum","lClicked_2","time","outcome","lClicked_0","lClicked_1","condition"
"8354-d",1,0,1,0,2,42,0,1476995677148,"true",0,1,"split"
"8354-d",1,0,0,0,2,48,0,1476995734703,"true",1,0,"far"
"8354-d",1,0,1,0,2,43,0,1476995690383,"true",0,1,"close"
"8354-d",1,0,1,0,2,49,0,1476995746079,"true",0,1,"split"
"8354-d",0,0,2,1,0,24,1,1476995398422,"true",0,0,"split"
"8354-d",0,0,2,1,0,25,1,1476995406038,"true",0,0,"far"
"8354-d",0,0,2,1,0,26,1,1476995427161,"true",0,0,"split"
"8354-d",1,0,1,0,2,27,0,1476995451948,"true",0,1,"close"
"8354-d",1,0,2,0,2,20,1,1476995298851,"true",0,0,"split"
"8354-d",1,0,2,0,2,21,1,1476995373122,"true",0,0,"close"
"8354-d",0,1,2,0,1,22,1,1476995381929,"true",0,0,"split"
"8354-d",1,0,0,0,2,23,0,1476995389823,"true",1,0,"far"
"8354-d",0,1,1,0,1,46,0,1476995720694,"false",0,1,"close"
"8354-d",0,0,2,1,0,47,1,1476995727945,"true",0,0,"far"
"8354-d",0,1,0,0,1,44,0,1476995703292,"true",1,0,"close"
"8354-d",1,0,1,0,2,45,0,1476995709874,"true",0,1,"far"
"8354-d",1,0,2,0,2,28,1,1476995462313,"true",0,0,"split"
"8354-d",0,1,2,0,1,29,1,1476995470278,"true",0,0,"far"
"8354-d",0,1,0,0,1,40,0,1476995647699,"true",1,0,"split"
"8354-d",1,0,2,0,2,41,1,1476995660978,"true",0,0,"close"
"8354-d",0,1,2,0,1,1,1,1476994915865,"true",0,0,"far"
"8354-d",1,0,1,0,2,3,0,1476994977999,"true",0,1,"far"
"8354-d",0,0,2,1,0,2,1,1476994951302,"false",0,0,"close"
"8354-d",0,1,2,0,1,5,1,1476995037801,"true",0,0,"close"
"8354-d",1,0,2,0,2,4,1,1476995018655,"false",0,0,"close"
"8354-d",0,1,0,0,1,7,0,1476995081747,"true",1,0,"far"
"8354-d",0,0,1,1,0,6,0,1476995074281,"true",0,1,"close"
"8354-d",1,0,0,0,2,9,0,1476995098777,"true",1,0,"far"
"8354-d",1,0,0,0,2,8,0,1476995088831,"true",1,0,"split"
"8354-d",0,0,1,1,0,39,0,1476995634134,"true",0,1,"far"
"8354-d",0,0,0,1,0,38,0,1476995625695,"true",1,0,"far"
"8354-d",0,0,2,1,0,11,1,1476995123519,"true",0,0,"close"
"8354-d",1,0,0,0,2,10,0,1476995107311,"true",1,0,"split"
"8354-d",0,0,1,1,0,13,0,1476995144470,"true",0,1,"far"
"8354-d",0,0,1,1,0,12,0,1476995133209,"true",0,1,"far"
"8354-d",1,0,2,0,2,15,1,1476995163100,"true",0,0,"far"
"8354-d",0,0,2,1,0,14,1,1476995153013,"true",0,0,"far"
"8354-d",1,0,1,0,2,17,0,1476995227999,"true",0,1,"close"
"8354-d",0,1,0,0,1,16,0,1476995201929,"true",1,0,"far"
"8354-d",0,1,1,0,1,19,0,1476995270338,"false",0,1,"close"
"8354-d",1,0,2,0,2,18,1,1476995242876,"true",0,0,"split"
"8354-d",0,1,1,0,1,31,0,1476995512706,"true",0,1,"close"
"8354-d",0,0,1,1,0,30,0,1476995494425,"true",0,1,"close"
"8354-d",0,0,1,1,0,37,0,1476995608812,"true",0,1,"close"
"8354-d",1,0,1,0,2,36,0,1476995588659,"true",0,1,"split"
"8354-d",0,0,2,1,0,35,1,1476995579321,"true",0,0,"split"
"8354-d",1,0,1,0,2,34,0,1476995571129,"true",0,1,"split"
"8354-d",0,1,0,0,1,33,0,1476995557299,"true",1,0,"split"
"8354-d",0,0,1,1,0,32,0,1476995549516,"true",0,1,"close"
"8354-d",0,1,0,0,1,50,0,1476995755401,"true",1,0,"split"
