"gameid","sClicked_2","sClicked_1","lClickedIndex","sClicked_0","sClickedIndex","roundNum","lClicked_2","time","outcome","lClicked_0","lClicked_1","condition"
"8358-9",0,0,1,1,0,42,0,1459898721010,"true",0,1,"split"
"8358-9",0,1,0,0,1,48,0,1459898808505,"true",1,0,"far"
"8358-9",1,0,0,0,2,43,0,1459898742939,"true",1,0,"close"
"8358-9",1,0,0,0,2,49,0,1459898820932,"true",1,0,"close"
"8358-9",1,0,2,0,2,24,1,1459898405335,"true",0,0,"close"
"8358-9",0,1,1,0,1,25,0,1459898422795,"true",0,1,"far"
"8358-9",0,0,1,1,0,26,0,1459898438545,"true",0,1,"close"
"8358-9",0,1,2,0,1,27,1,1459898452380,"true",0,0,"split"
"8358-9",1,0,0,0,2,20,0,1459898310181,"true",1,0,"far"
"8358-9",0,0,0,1,0,21,0,1459898333668,"true",1,0,"split"
"8358-9",0,1,0,0,1,22,0,1459898345813,"true",1,0,"far"
"8358-9",1,0,1,0,2,23,0,1459898379475,"true",0,1,"far"
"8358-9",0,1,2,0,1,46,1,1459898784737,"true",0,0,"split"
"8358-9",0,0,2,1,0,47,1,1459898794321,"true",0,0,"split"
"8358-9",0,1,1,0,1,44,0,1459898757669,"true",0,1,"far"
"8358-9",0,0,2,1,0,45,1,1459898770896,"true",0,0,"far"
"8358-9",0,1,0,0,1,28,0,1459898478807,"true",1,0,"far"
"8358-9",0,0,0,1,0,29,0,1459898494346,"true",1,0,"close"
"8358-9",0,0,1,1,0,40,0,1459898697064,"true",0,1,"split"
"8358-9",1,0,0,0,2,41,0,1459898707618,"true",1,0,"far"
"8358-9",0,0,1,1,0,1,0,1459897945688,"true",0,1,"split"
"8358-9",0,0,2,1,0,3,1,1459897983124,"true",0,0,"split"
"8358-9",0,1,2,0,1,2,1,1459897961695,"true",0,0,"split"
"8358-9",0,1,1,0,1,5,0,1459898006874,"true",0,1,"split"
"8358-9",0,1,1,0,1,4,0,1459897997135,"true",0,1,"close"
"8358-9",0,0,1,1,0,7,0,1459898037705,"true",0,1,"split"
"8358-9",0,1,0,0,1,6,0,1459898020717,"false",1,0,"far"
"8358-9",0,1,1,0,1,9,0,1459898096674,"true",0,1,"close"
"8358-9",0,1,2,0,1,8,1,1459898078060,"false",0,0,"close"
"8358-9",0,1,1,0,1,39,0,1459898677605,"true",0,1,"far"
"8358-9",0,1,0,0,1,38,0,1459898657681,"true",1,0,"close"
"8358-9",1,0,1,0,2,11,0,1459898131839,"true",0,1,"far"
"8358-9",0,1,0,0,1,10,0,1459898117291,"true",1,0,"close"
"8358-9",1,0,0,0,2,13,0,1459898160949,"true",1,0,"close"
"8358-9",0,1,2,0,1,12,1,1459898149042,"true",0,0,"split"
"8358-9",1,0,0,0,2,15,0,1459898203797,"true",1,0,"split"
"8358-9",1,0,0,0,2,14,0,1459898190379,"true",1,0,"split"
"8358-9",1,0,0,0,2,17,0,1459898249088,"true",1,0,"close"
"8358-9",1,0,0,0,2,16,0,1459898220308,"true",1,0,"far"
"8358-9",1,0,0,0,2,19,0,1459898275172,"true",1,0,"split"
"8358-9",1,0,0,0,2,18,0,1459898265547,"true",1,0,"split"
"8358-9",0,0,1,1,0,31,0,1459898533005,"true",0,1,"far"
"8358-9",0,1,1,0,1,30,0,1459898520834,"true",0,1,"split"
"8358-9",0,1,1,0,1,37,0,1459898628356,"true",0,1,"close"
"8358-9",0,0,2,1,0,36,1,1459898611105,"false",0,0,"far"
"8358-9",0,1,0,0,1,35,0,1459898595615,"true",1,0,"close"
"8358-9",1,0,1,0,2,34,0,1459898572137,"true",0,1,"close"
"8358-9",1,0,1,0,2,33,0,1459898559096,"true",0,1,"far"
"8358-9",0,1,2,0,1,32,1,1459898548123,"true",0,0,"close"
"8358-9",0,0,2,1,0,50,1,1459898910309,"true",0,0,"far"
