"gameid","sClicked_2","sClicked_1","lClickedIndex","sClicked_0","sClickedIndex","roundNum","lClicked_2","time","outcome","lClicked_0","lClicked_1","condition"
"8366-5",0,0,1,1,0,42,0,1476993625375,"true",0,1,"close"
"8366-5",0,1,2,0,1,48,1,1476993683888,"true",0,0,"far"
"8366-5",0,1,0,0,1,43,0,1476993643351,"true",1,0,"close"
"8366-5",1,0,1,0,2,49,0,1476993693261,"true",0,1,"split"
"8366-5",1,0,1,0,2,24,0,1476993433687,"true",0,1,"far"
"8366-5",1,0,2,0,2,25,1,1476993451197,"true",0,0,"close"
"8366-5",1,0,2,0,2,26,1,1476993458646,"true",0,0,"split"
"8366-5",0,0,1,1,0,27,0,1476993477249,"true",0,1,"close"
"8366-5",1,0,2,0,2,20,1,1476993390477,"true",0,0,"close"
"8366-5",0,0,2,1,0,21,1,1476993404235,"true",0,0,"split"
"8366-5",1,0,2,0,2,22,1,1476993413743,"true",0,0,"far"
"8366-5",0,0,2,1,0,23,1,1476993424968,"true",0,0,"close"
"8366-5",0,1,1,0,1,46,0,1476993667676,"true",0,1,"far"
"8366-5",0,0,0,1,0,47,0,1476993674617,"true",1,0,"far"
"8366-5",1,0,0,0,2,44,0,1476993649502,"true",1,0,"far"
"8366-5",0,0,2,1,0,45,1,1476993655825,"true",0,0,"far"
"8366-5",0,0,0,1,0,28,0,1476993491052,"true",1,0,"close"
"8366-5",1,0,2,0,2,29,1,1476993501143,"true",0,0,"far"
"8366-5",1,0,2,0,2,40,1,1476993604234,"true",0,0,"split"
"8366-5",0,1,2,0,1,41,1,1476993611492,"true",0,0,"far"
"8366-5",0,1,2,0,1,1,1,1476993148155,"true",0,0,"split"
"8366-5",0,1,0,0,1,3,0,1476993197878,"true",1,0,"close"
"8366-5",0,1,2,0,1,2,1,1476993158647,"false",0,0,"close"
"8366-5",0,1,2,0,1,5,1,1476993214214,"true",0,0,"split"
"8366-5",1,0,1,0,2,4,0,1476993204987,"true",0,1,"far"
"8366-5",0,1,1,0,1,7,0,1476993234968,"true",0,1,"close"
"8366-5",0,0,1,1,0,6,0,1476993225498,"true",0,1,"far"
"8366-5",1,0,2,0,2,9,1,1476993256607,"true",0,0,"split"
"8366-5",0,1,2,0,1,8,1,1476993242260,"true",0,0,"split"
"8366-5",1,0,1,0,2,39,0,1476993597470,"true",0,1,"split"
"8366-5",1,0,1,0,2,38,0,1476993586266,"true",0,1,"split"
"8366-5",0,0,2,1,0,11,1,1476993273416,"true",0,0,"close"
"8366-5",0,0,0,1,0,10,0,1476993265742,"true",1,0,"close"
"8366-5",0,1,1,0,1,13,0,1476993294236,"true",0,1,"close"
"8366-5",1,0,2,0,2,12,1,1476993283064,"true",0,0,"far"
"8366-5",0,1,1,0,1,15,0,1476993325426,"true",0,1,"far"
"8366-5",1,0,2,0,2,14,1,1476993317808,"true",0,0,"close"
"8366-5",0,1,0,0,1,17,0,1476993353082,"true",1,0,"split"
"8366-5",0,0,2,1,0,16,1,1476993338755,"true",0,0,"split"
"8366-5",0,1,2,0,1,19,1,1476993371885,"true",0,0,"close"
"8366-5",1,0,2,0,2,18,1,1476993361725,"true",0,0,"far"
"8366-5",0,0,1,1,0,31,0,1476993519996,"true",0,1,"split"
"8366-5",0,1,0,0,1,30,0,1476993509001,"true",1,0,"split"
"8366-5",1,0,2,0,2,37,1,1476993575645,"true",0,0,"far"
"8366-5",0,1,0,0,1,36,0,1476993569096,"true",1,0,"far"
"8366-5",0,1,1,0,1,35,0,1476993560477,"true",0,1,"split"
"8366-5",1,0,0,0,2,34,0,1476993552924,"true",1,0,"split"
"8366-5",0,0,0,1,0,33,0,1476993542915,"true",1,0,"close"
"8366-5",0,0,1,1,0,32,0,1476993528958,"true",0,1,"split"
"8366-5",0,0,1,1,0,50,0,1476993705265,"true",0,1,"far"
