"gameid","sClicked_2","sClicked_1","lClickedIndex","sClicked_0","sClickedIndex","roundNum","lClicked_2","time","outcome","lClicked_0","lClicked_1","condition"
"8366-0",0,1,1,0,1,42,0,1476475166970,"true",0,1,"split"
"8366-0",0,1,0,0,1,48,0,1476475266327,"true",1,0,"close"
"8366-0",1,0,2,0,2,43,1,1476475181328,"true",0,0,"split"
"8366-0",1,0,0,0,2,49,0,1476475307478,"true",1,0,"close"
"8366-0",0,0,2,1,0,24,1,1476474841184,"true",0,0,"close"
"8366-0",0,1,1,0,1,25,0,1476474851702,"true",0,1,"far"
"8366-0",1,0,2,0,2,26,1,1476474872471,"true",0,0,"split"
"8366-0",1,0,0,0,2,27,0,1476474889479,"true",1,0,"close"
"8366-0",1,0,1,0,2,20,0,1476474780875,"true",0,1,"close"
"8366-0",1,0,1,0,2,21,0,1476474795671,"true",0,1,"far"
"8366-0",0,0,0,1,0,22,0,1476474805538,"true",1,0,"close"
"8366-0",0,0,1,1,0,23,0,1476474814897,"true",0,1,"far"
"8366-0",0,1,0,0,1,46,0,1476475210744,"true",1,0,"far"
"8366-0",0,0,1,1,0,47,0,1476475228927,"true",0,1,"far"
"8366-0",0,0,0,1,0,44,0,1476475190481,"true",1,0,"split"
"8366-0",1,0,2,0,2,45,1,1476475198976,"true",0,0,"split"
"8366-0",1,0,2,0,2,28,1,1476474910615,"true",0,0,"close"
"8366-0",1,0,0,0,2,29,0,1476474935598,"true",1,0,"close"
"8366-0",1,0,2,0,2,40,1,1476475135216,"true",0,0,"far"
"8366-0",0,1,2,0,1,41,1,1476475154825,"true",0,0,"far"
"8366-0",0,1,1,0,1,1,0,1476474398860,"true",0,1,"split"
"8366-0",1,0,2,0,2,3,1,1476474448831,"true",0,0,"close"
"8366-0",0,1,2,0,1,2,1,1476474426448,"true",0,0,"close"
"8366-0",1,0,2,0,2,5,1,1476474481225,"false",0,0,"split"
"8366-0",0,1,2,0,1,4,1,1476474464720,"true",0,0,"split"
"8366-0",0,1,2,0,1,7,1,1476474570566,"true",0,0,"split"
"8366-0",0,1,1,0,1,6,0,1476474537982,"false",0,1,"split"
"8366-0",1,0,1,0,2,9,0,1476474606141,"true",0,1,"far"
"8366-0",0,0,0,1,0,8,0,1476474583796,"true",1,0,"close"
"8366-0",0,1,1,0,1,39,0,1476475122801,"true",0,1,"close"
"8366-0",0,0,1,1,0,38,0,1476475103291,"true",0,1,"split"
"8366-0",0,1,0,0,1,11,0,1476474663652,"true",1,0,"split"
"8366-0",0,0,1,1,0,10,0,1476474631884,"true",0,1,"far"
"8366-0",0,1,2,0,1,13,1,1476474694299,"true",0,0,"split"
"8366-0",1,0,1,0,2,12,0,1476474679267,"true",0,1,"close"
"8366-0",1,0,1,0,2,15,0,1476474716074,"true",0,1,"far"
"8366-0",1,0,2,0,2,14,1,1476474706756,"true",0,0,"far"
"8366-0",0,0,2,1,0,17,1,1476474746290,"true",0,0,"close"
"8366-0",1,0,1,0,2,16,0,1476474724779,"true",0,1,"far"
"8366-0",0,0,2,1,0,19,1,1476474769905,"true",0,0,"close"
"8366-0",0,0,0,1,0,18,0,1476474757880,"true",1,0,"split"
"8366-0",0,1,2,0,1,31,1,1476474957429,"true",0,0,"far"
"8366-0",1,0,0,0,2,30,0,1476474945349,"true",1,0,"split"
"8366-0",0,1,1,0,1,36,0,1476475017012,"true",0,1,"far"
"8366-0",1,0,1,0,2,35,0,1476475008613,"true",0,1,"far"
"8366-0",0,1,0,0,1,34,0,1476474999965,"true",1,0,"far"
"8366-0",0,1,2,0,1,33,1,1476474992053,"true",0,0,"far"
"8366-0",0,1,1,0,1,32,0,1476474975532,"false",0,1,"close"
"8366-0",1,0,2,0,2,50,1,1476475326549,"false",0,0,"split"
