"gameid","sClicked_2","sClicked_1","lClickedIndex","sClicked_0","sClickedIndex","roundNum","lClicked_2","time","outcome","lClicked_0","lClicked_1","condition"
"8367-b",1,0,0,0,2,42,0,1476992734561,"true",1,0,"far"
"8367-b",1,0,2,0,2,48,1,1476992785498,"true",0,0,"split"
"8367-b",0,1,0,0,1,43,0,1476992739897,"true",1,0,"split"
"8367-b",0,1,0,0,1,49,0,1476992791273,"true",1,0,"far"
"8367-b",1,0,2,0,2,24,1,1476992496832,"true",0,0,"close"
"8367-b",0,0,0,1,0,25,0,1476992508984,"true",1,0,"far"
"8367-b",0,1,2,0,1,26,1,1476992518704,"true",0,0,"close"
"8367-b",0,1,1,0,1,27,0,1476992533892,"false",0,1,"close"
"8367-b",0,1,1,0,1,20,0,1476992458753,"true",0,1,"split"
"8367-b",0,0,0,1,0,21,0,1476992469804,"true",1,0,"close"
"8367-b",0,1,2,0,1,22,1,1476992477493,"true",0,0,"far"
"8367-b",0,0,0,1,0,23,0,1476992485718,"true",1,0,"close"
"8367-b",1,0,0,0,2,46,0,1476992767577,"true",1,0,"far"
"8367-b",1,0,2,0,2,47,1,1476992774563,"true",0,0,"far"
"8367-b",1,0,0,0,2,44,0,1476992751999,"true",1,0,"far"
"8367-b",0,1,1,0,1,45,0,1476992761505,"true",0,1,"close"
"8367-b",1,0,1,0,2,28,0,1476992583708,"true",0,1,"close"
"8367-b",1,0,2,0,2,29,1,1476992591793,"true",0,0,"split"
"8367-b",1,0,1,0,2,40,0,1476992718406,"true",0,1,"split"
"8367-b",1,0,0,0,2,41,0,1476992728042,"true",1,0,"far"
"8367-b",0,0,1,1,0,1,0,1476992264031,"true",0,1,"far"
"8367-b",1,0,1,0,2,3,0,1476992277502,"true",0,1,"far"
"8367-b",0,0,1,1,0,2,0,1476992271186,"true",0,1,"far"
"8367-b",1,0,1,0,2,5,0,1476992295143,"true",0,1,"split"
"8367-b",1,0,0,0,2,4,0,1476992283872,"true",1,0,"far"
"8367-b",1,0,2,0,2,7,1,1476992316303,"true",0,0,"close"
"8367-b",1,0,2,0,2,6,1,1476992308513,"true",0,0,"close"
"8367-b",1,0,0,0,2,9,0,1476992341622,"true",1,0,"close"
"8367-b",1,0,0,0,2,8,0,1476992327770,"true",1,0,"split"
"8367-b",0,1,0,0,1,39,0,1476992708694,"true",1,0,"close"
"8367-b",1,0,1,0,2,38,0,1476992699707,"false",0,1,"split"
"8367-b",1,0,0,0,2,11,0,1476992362179,"true",1,0,"close"
"8367-b",1,0,2,0,2,10,1,1476992347992,"true",0,0,"far"
"8367-b",0,0,1,1,0,13,0,1476992382839,"true",0,1,"split"
"8367-b",0,0,1,1,0,12,0,1476992369559,"true",0,1,"far"
"8367-b",0,0,2,1,0,15,1,1476992402574,"false",0,0,"close"
"8367-b",0,1,0,0,1,14,0,1476992389779,"true",1,0,"split"
"8367-b",0,1,1,0,1,17,0,1476992429023,"true",0,1,"close"
"8367-b",0,0,1,1,0,16,0,1476992409507,"true",0,1,"split"
"8367-b",0,1,1,0,1,19,0,1476992452732,"true",0,1,"split"
"8367-b",0,1,0,0,1,18,0,1476992446477,"true",1,0,"close"
"8367-b",0,1,2,0,1,31,1,1476992615009,"true",0,0,"split"
"8367-b",0,1,1,0,1,30,0,1476992606347,"true",0,1,"close"
"8367-b",0,1,2,0,1,37,1,1476992691898,"true",0,0,"far"
"8367-b",0,1,1,0,1,36,0,1476992680740,"true",0,1,"split"
"8367-b",1,0,0,0,2,35,0,1476992649778,"true",1,0,"split"
"8367-b",0,0,0,1,0,34,0,1476992640792,"true",1,0,"far"
"8367-b",1,0,2,0,2,33,1,1476992634702,"true",0,0,"far"
"8367-b",0,1,1,0,1,32,0,1476992628240,"true",0,1,"split"
"8367-b",1,0,1,0,2,50,0,1476992798735,"true",0,1,"close"
