"gameid","sClicked_2","sClicked_1","lClickedIndex","sClicked_0","sClickedIndex","roundNum","lClicked_2","time","outcome","lClicked_0","lClicked_1","condition"
"8378-2",0,0,0,1,0,42,0,1476480410113,"true",1,0,"far"
"8378-2",1,0,2,0,2,48,1,1476480530302,"true",0,0,"split"
"8378-2",1,0,1,0,2,43,0,1476480418228,"true",0,1,"far"
"8378-2",0,0,1,1,0,49,0,1476480550468,"false",0,1,"close"
"8378-2",1,0,0,0,2,24,0,1476480113715,"true",1,0,"close"
"8378-2",0,0,2,1,0,25,1,1476480130943,"true",0,0,"split"
"8378-2",0,1,0,0,1,26,0,1476480142561,"true",1,0,"far"
"8378-2",1,0,1,0,2,27,0,1476480162210,"true",0,1,"split"
"8378-2",0,1,2,0,1,20,1,1476480028078,"true",0,0,"far"
"8378-2",1,0,1,0,2,21,0,1476480053577,"true",0,1,"close"
"8378-2",0,0,0,1,0,22,0,1476480075945,"true",1,0,"split"
"8378-2",1,0,1,0,2,23,0,1476480105327,"true",0,1,"close"
"8378-2",0,0,2,1,0,46,1,1476480499761,"true",0,0,"far"
"8378-2",0,1,1,0,1,47,0,1476480511639,"true",0,1,"close"
"8378-2",0,1,2,0,1,44,1,1476480433655,"true",0,0,"close"
"8378-2",1,0,0,0,2,45,0,1476480481024,"true",1,0,"close"
"8378-2",0,0,2,1,0,28,1,1476480174325,"true",0,0,"split"
"8378-2",0,1,1,0,1,29,0,1476480184905,"true",0,1,"split"
"8378-2",1,0,1,0,2,40,0,1476480358124,"false",0,1,"far"
"8378-2",0,0,0,1,0,41,0,1476480401213,"true",1,0,"close"
"8378-2",0,0,1,1,0,1,0,1476479721008,"true",0,1,"close"
"8378-2",0,0,0,1,0,3,0,1476479735914,"true",1,0,"far"
"8378-2",1,0,2,0,2,2,1,1476479728676,"true",0,0,"far"
"8378-2",0,0,1,1,0,5,0,1476479795867,"true",0,1,"close"
"8378-2",1,0,0,0,2,4,0,1476479747815,"true",1,0,"far"
"8378-2",0,1,1,0,1,7,0,1476479822317,"true",0,1,"close"
"8378-2",0,1,1,0,1,6,0,1476479814741,"true",0,1,"close"
"8378-2",0,0,0,1,0,9,0,1476479843667,"true",1,0,"split"
"8378-2",0,0,2,1,0,8,1,1476479834453,"true",0,0,"close"
"8378-2",0,1,1,0,1,39,0,1476480346782,"true",0,1,"split"
"8378-2",1,0,1,0,2,38,0,1476480328119,"true",0,1,"split"
"8378-2",0,1,1,0,1,11,0,1476479858787,"true",0,1,"far"
"8378-2",1,0,0,0,2,10,0,1476479850858,"true",1,0,"far"
"8378-2",0,1,2,0,1,13,1,1476479880556,"true",0,0,"close"
"8378-2",1,0,0,0,2,12,0,1476479867844,"true",1,0,"far"
"8378-2",1,0,1,0,2,15,0,1476479925472,"true",0,1,"far"
"8378-2",0,1,1,0,1,14,0,1476479918075,"true",0,1,"close"
"8378-2",0,1,2,0,1,17,1,1476479953034,"true",0,0,"split"
"8378-2",0,0,1,1,0,16,0,1476479936167,"true",0,1,"split"
"8378-2",0,1,2,0,1,19,1,1476480020290,"true",0,0,"close"
"8378-2",1,0,2,0,2,18,1,1476479978020,"true",0,0,"split"
"8378-2",0,1,2,0,1,31,1,1476480213936,"true",0,0,"split"
"8378-2",0,1,1,0,1,30,0,1476480204286,"false",0,1,"split"
"8378-2",1,0,2,0,2,37,1,1476480307652,"true",0,0,"far"
"8378-2",0,0,1,1,0,36,0,1476480297866,"false",0,1,"split"
"8378-2",1,0,1,0,2,35,0,1476480288328,"false",0,1,"close"
"8378-2",0,1,2,0,1,34,1,1476480254911,"true",0,0,"split"
"8378-2",0,0,0,1,0,33,0,1476480244956,"true",1,0,"far"
"8378-2",0,1,0,0,1,32,0,1476480231957,"true",1,0,"split"
"8378-2",0,1,0,0,1,50,0,1476480568465,"true",1,0,"far"
