"gameid","sClicked_2","sClicked_1","lClickedIndex","sClicked_0","sClickedIndex","roundNum","lClicked_2","time","outcome","lClicked_0","lClicked_1","condition"
"8393-1",1,0,1,0,2,42,0,1476990230804,"true",0,1,"split"
"8393-1",0,0,0,1,0,48,0,1476990424081,"true",1,0,"far"
"8393-1",0,0,1,1,0,43,0,1476990276381,"true",0,1,"close"
"8393-1",1,0,0,0,2,49,0,1476990446729,"true",1,0,"close"
"8393-1",1,0,0,0,2,24,0,1476989579670,"true",1,0,"split"
"8393-1",0,1,2,0,1,25,1,1476989606535,"true",0,0,"close"
"8393-1",0,1,0,0,1,26,0,1476989632511,"true",1,0,"far"
"8393-1",0,1,2,0,1,27,1,1476989643055,"true",0,0,"split"
"8393-1",0,0,0,1,0,20,0,1476989488252,"true",1,0,"close"
"8393-1",0,0,0,1,0,21,0,1476989510420,"true",1,0,"split"
"8393-1",1,0,2,0,2,22,1,1476989535981,"true",0,0,"far"
"8393-1",1,0,0,0,2,23,0,1476989556967,"false",1,0,"split"
"8393-1",0,1,0,0,1,46,0,1476990378046,"true",1,0,"split"
"8393-1",0,1,1,0,1,47,0,1476990402705,"true",0,1,"far"
"8393-1",1,0,0,0,2,44,0,1476990302702,"true",1,0,"far"
"8393-1",1,0,0,0,2,45,0,1476990324582,"true",1,0,"far"
"8393-1",0,1,2,0,1,28,1,1476989655736,"true",0,0,"split"
"8393-1",0,1,2,0,1,29,1,1476989707071,"false",0,0,"close"
"8393-1",0,0,2,1,0,40,1,1476990146060,"true",0,0,"split"
"8393-1",0,1,2,0,1,41,1,1476990205459,"true",0,0,"close"
"8393-1",1,0,1,0,2,1,0,1476988550963,"true",0,1,"far"
"8393-1",0,0,1,1,0,3,0,1476988676866,"true",0,1,"close"
"8393-1",0,1,1,0,1,2,0,1476988654354,"false",0,1,"close"
"8393-1",1,0,0,0,2,5,0,1476988770407,"true",1,0,"split"
"8393-1",1,0,2,0,2,4,1,1476988747437,"false",0,0,"split"
"8393-1",0,0,1,1,0,7,0,1476988822254,"true",0,1,"far"
"8393-1",0,1,0,0,1,6,0,1476988806177,"true",1,0,"close"
"8393-1",0,0,1,1,0,9,0,1476988985667,"true",0,1,"split"
"8393-1",0,0,2,1,0,8,1,1476988958121,"false",0,0,"far"
"8393-1",1,0,2,0,2,39,1,1476990097123,"true",0,0,"close"
"8393-1",0,1,1,0,1,38,0,1476990056177,"true",0,1,"split"
"8393-1",1,0,1,0,2,11,0,1476989169254,"true",0,1,"close"
"8393-1",1,0,2,0,2,10,1,1476989096884,"false",0,0,"close"
"8393-1",0,0,2,1,0,13,1,1476989266799,"true",0,0,"split"
"8393-1",0,0,2,1,0,12,1,1476989213575,"true",0,0,"split"
"8393-1",1,0,0,0,2,15,0,1476989332170,"false",1,0,"close"
"8393-1",1,0,0,0,2,14,0,1476989315608,"true",1,0,"far"
"8393-1",1,0,0,0,2,17,0,1476989383819,"false",1,0,"split"
"8393-1",1,0,1,0,2,16,0,1476989361088,"true",0,1,"close"
"8393-1",0,0,2,1,0,19,1,1476989446587,"true",0,0,"far"
"8393-1",0,1,0,0,1,18,0,1476989429402,"true",1,0,"split"
"8393-1",0,0,2,1,0,31,1,1476989758753,"true",0,0,"split"
"8393-1",0,0,0,1,0,30,0,1476989728692,"true",1,0,"far"
"8393-1",0,1,2,0,1,37,1,1476990024534,"true",0,0,"far"
"8393-1",0,0,1,1,0,36,0,1476990000698,"true",0,1,"far"
"8393-1",1,0,0,0,2,35,0,1476989979518,"false",1,0,"close"
"8393-1",0,0,0,1,0,34,0,1476989923197,"true",1,0,"close"
"8393-1",1,0,0,0,2,33,0,1476989822170,"true",1,0,"far"
"8393-1",1,0,0,0,2,32,0,1476989798611,"true",1,0,"far"
"8393-1",0,1,2,0,1,50,1,1476990467281,"true",0,0,"far"
