"gameid","sClicked_2","sClicked_1","lClickedIndex","sClicked_0","sClickedIndex","roundNum","lClicked_2","time","outcome","lClicked_0","lClicked_1","condition"
"8436-e",1,0,0,0,2,42,0,1476998503331,"true",1,0,"split"
"8436-e",0,0,2,1,0,48,1,1476998562204,"true",0,0,"far"
"8436-e",0,1,0,0,1,43,0,1476998519004,"true",1,0,"split"
"8436-e",0,1,0,0,1,49,0,1476998570280,"true",1,0,"close"
"8436-e",0,1,1,0,1,24,0,1476998294989,"true",0,1,"far"
"8436-e",0,0,1,1,0,25,0,1476998303470,"true",0,1,"far"
"8436-e",0,0,1,1,0,26,0,1476998314564,"true",0,1,"split"
"8436-e",1,0,2,0,2,27,1,1476998323334,"true",0,0,"far"
"8436-e",0,0,2,1,0,20,1,1476998250194,"true",0,0,"close"
"8436-e",1,0,1,0,2,21,0,1476998260054,"true",0,1,"split"
"8436-e",0,1,0,0,1,22,0,1476998272531,"true",1,0,"close"
"8436-e",1,0,0,0,2,23,0,1476998288013,"true",1,0,"split"
"8436-e",0,0,0,1,0,46,0,1476998547089,"true",1,0,"close"
"8436-e",1,0,2,0,2,47,1,1476998555969,"true",0,0,"far"
"8436-e",0,0,1,1,0,44,0,1476998526101,"true",0,1,"far"
"8436-e",1,0,2,0,2,45,1,1476998532112,"true",0,0,"far"
"8436-e",0,0,0,1,0,28,0,1476998333303,"true",1,0,"close"
"8436-e",0,0,0,1,0,29,0,1476998343663,"true",1,0,"close"
"8436-e",0,0,0,1,0,40,0,1476998467460,"true",1,0,"split"
"8436-e",1,0,1,0,2,41,0,1476998482492,"true",0,1,"close"
"8436-e",0,1,2,0,1,1,1,1476998016222,"true",0,0,"far"
"8436-e",0,0,2,1,0,3,1,1476998046760,"true",0,0,"close"
"8436-e",0,0,0,1,0,2,0,1476998028670,"true",1,0,"split"
"8436-e",0,0,0,1,0,5,0,1476998061392,"true",1,0,"far"
"8436-e",0,0,1,1,0,4,0,1476998054523,"true",0,1,"far"
"8436-e",1,0,0,0,2,7,0,1476998084159,"false",1,0,"split"
"8436-e",0,0,0,1,0,6,0,1476998068141,"true",1,0,"split"
"8436-e",0,1,2,0,1,9,1,1476998119888,"false",0,0,"close"
"8436-e",1,0,2,0,2,8,1,1476998093460,"true",0,0,"far"
"8436-e",0,0,1,1,0,39,0,1476998452263,"true",0,1,"split"
"8436-e",1,0,1,0,2,38,0,1476998444602,"true",0,1,"close"
"8436-e",1,0,1,0,2,11,0,1476998137341,"true",0,1,"far"
"8436-e",1,0,1,0,2,10,0,1476998128524,"true",0,1,"close"
"8436-e",1,0,1,0,2,13,0,1476998161283,"true",0,1,"far"
"8436-e",0,1,1,0,1,12,0,1476998149981,"true",0,1,"close"
"8436-e",1,0,2,0,2,15,1,1476998188466,"true",0,0,"far"
"8436-e",1,0,2,0,2,14,1,1476998181753,"true",0,0,"close"
"8436-e",0,0,2,1,0,17,1,1476998219661,"true",0,0,"split"
"8436-e",1,0,0,0,2,16,0,1476998213493,"true",1,0,"close"
"8436-e",1,0,0,0,2,19,0,1476998234572,"true",1,0,"far"
"8436-e",0,0,0,1,0,18,0,1476998226444,"true",1,0,"split"
"8436-e",0,1,1,0,1,31,0,1476998364012,"true",0,1,"split"
"8436-e",1,0,0,0,2,30,0,1476998355013,"true",1,0,"far"
"8436-e",0,1,0,0,1,37,0,1476998430648,"true",1,0,"close"
"8436-e",0,0,2,1,0,36,1,1476998422039,"true",0,0,"close"
"8436-e",1,0,0,0,2,35,0,1476998407123,"true",1,0,"close"
"8436-e",0,0,1,1,0,34,0,1476998398681,"true",0,1,"split"
"8436-e",0,1,2,0,1,33,1,1476998389533,"true",0,0,"far"
"8436-e",0,1,0,0,1,32,0,1476998381129,"true",1,0,"split"
"8436-e",0,0,2,1,0,50,1,1476998579523,"true",0,0,"split"
