"gameid","sClicked_2","sClicked_1","lClickedIndex","sClicked_0","sClickedIndex","roundNum","lClicked_2","time","outcome","lClicked_0","lClicked_1","condition"
"8441-d",1,0,2,0,2,42,1,1459895622604,"true",0,0,"far"
"8441-d",0,1,1,0,1,48,0,1459895809169,"true",0,1,"split"
"8441-d",0,1,0,0,1,43,0,1459895639327,"true",1,0,"far"
"8441-d",0,1,0,0,1,49,0,1459895826107,"true",1,0,"close"
"8441-d",0,1,1,0,1,24,0,1459895099186,"true",0,1,"far"
"8441-d",0,1,2,0,1,25,1,1459895131561,"true",0,0,"far"
"8441-d",0,1,2,0,1,26,1,1459895159548,"true",0,0,"close"
"8441-d",1,0,2,0,2,27,1,1459895189693,"true",0,0,"split"
"8441-d",0,0,0,1,0,20,0,1459894967623,"false",1,0,"close"
"8441-d",0,0,0,1,0,21,0,1459895001167,"true",1,0,"close"
"8441-d",0,1,2,0,1,22,1,1459895017178,"true",0,0,"split"
"8441-d",0,1,1,0,1,23,0,1459895055126,"true",0,1,"far"
"8441-d",1,0,0,0,2,46,0,1459895736510,"true",1,0,"close"
"8441-d",1,0,1,0,2,47,0,1459895754154,"true",0,1,"far"
"8441-d",1,0,0,0,2,44,0,1459895661745,"true",1,0,"far"
"8441-d",0,1,2,0,1,45,1,1459895713120,"true",0,0,"split"
"8441-d",1,0,2,0,2,28,1,1459895217742,"true",0,0,"split"
"8441-d",0,0,2,1,0,29,1,1459895274347,"true",0,0,"split"
"8441-d",0,0,2,1,0,40,1,1459895554389,"true",0,0,"split"
"8441-d",1,0,0,0,2,41,0,1459895592911,"true",1,0,"close"
"8441-d",1,0,0,0,2,1,0,1459894394281,"true",1,0,"split"
"8441-d",0,1,0,0,1,3,0,1459894458918,"true",1,0,"split"
"8441-d",0,0,0,1,0,2,0,1459894422158,"false",1,0,"close"
"8441-d",1,0,1,0,2,5,0,1459894528598,"true",0,1,"split"
"8441-d",0,0,2,1,0,4,1,1459894485138,"true",0,0,"far"
"8441-d",1,0,0,0,2,7,0,1459894588206,"true",1,0,"far"
"8441-d",1,0,1,0,2,6,0,1459894559416,"false",0,1,"split"
"8441-d",1,0,2,0,2,9,1,1459894632980,"true",0,0,"split"
"8441-d",0,0,2,1,0,8,1,1459894606077,"true",0,0,"far"
"8441-d",1,0,0,0,2,39,0,1459895534236,"true",1,0,"close"
"8441-d",0,1,0,0,1,38,0,1459895514077,"true",1,0,"close"
"8441-d",0,1,2,0,1,11,1,1459894677289,"true",0,0,"close"
"8441-d",1,0,1,0,2,10,0,1459894654512,"true",0,1,"split"
"8441-d",0,0,2,1,0,13,1,1459894725032,"true",0,0,"split"
"8441-d",0,0,0,1,0,12,0,1459894706389,"false",1,0,"close"
"8441-d",1,0,0,0,2,15,0,1459894794534,"true",1,0,"close"
"8441-d",0,0,0,1,0,14,0,1459894744098,"true",1,0,"far"
"8441-d",0,0,0,1,0,17,0,1459894855587,"true",1,0,"far"
"8441-d",0,0,1,1,0,16,0,1459894817104,"false",0,1,"close"
"8441-d",1,0,1,0,2,19,0,1459894943483,"false",0,1,"split"
"8441-d",0,0,1,1,0,18,0,1459894890503,"false",0,1,"close"
"8441-d",1,0,2,0,2,31,1,1459895330797,"true",0,0,"close"
"8441-d",0,1,2,0,1,30,1,1459895305612,"true",0,0,"far"
"8441-d",0,1,2,0,1,37,1,1459895479226,"true",0,0,"far"
"8441-d",1,0,2,0,2,36,1,1459895456496,"true",0,0,"close"
"8441-d",0,0,1,1,0,35,0,1459895427874,"true",0,1,"far"
"8441-d",0,1,0,0,1,34,0,1459895406253,"true",1,0,"far"
"8441-d",1,0,2,0,2,33,1,1459895388822,"true",0,0,"far"
"8441-d",1,0,1,0,2,32,0,1459895361686,"true",0,1,"close"
"8441-d",0,1,1,0,1,50,0,1459895854836,"true",0,1,"split"
