"gameid","sClicked_2","sClicked_1","lClickedIndex","sClicked_0","sClickedIndex","roundNum","lClicked_2","time","outcome","lClicked_0","lClicked_1","condition"
"8446-8",1,0,1,0,2,42,0,1476988793419,"true",0,1,"far"
"8446-8",0,1,0,0,1,48,0,1476988854105,"false",1,0,"close"
"8446-8",0,1,1,0,1,43,0,1476988805376,"true",0,1,"split"
"8446-8",1,0,0,0,2,49,0,1476988863125,"true",1,0,"far"
"8446-8",0,1,2,0,1,24,1,1476988609202,"true",0,0,"close"
"8446-8",1,0,0,0,2,25,0,1476988620510,"true",1,0,"far"
"8446-8",1,0,0,0,2,26,0,1476988629982,"true",1,0,"close"
"8446-8",0,1,0,0,1,27,0,1476988639893,"true",1,0,"split"
"8446-8",0,0,2,1,0,20,1,1476988563732,"true",0,0,"far"
"8446-8",0,1,1,0,1,21,0,1476988574826,"false",0,1,"close"
"8446-8",0,0,1,1,0,22,0,1476988588734,"true",0,1,"split"
"8446-8",1,0,0,0,2,23,0,1476988599566,"true",1,0,"far"
"8446-8",0,0,1,1,0,46,0,1476988833833,"true",0,1,"split"
"8446-8",1,0,0,0,2,47,0,1476988842345,"false",1,0,"split"
"8446-8",0,1,2,0,1,44,1,1476988815127,"true",0,0,"split"
"8446-8",1,0,0,0,2,45,0,1476988825506,"true",1,0,"close"
"8446-8",0,1,1,0,1,28,0,1476988653030,"false",0,1,"split"
"8446-8",1,0,1,0,2,29,0,1476988661153,"true",0,1,"split"
"8446-8",1,0,2,0,2,40,1,1476988776679,"true",0,0,"far"
"8446-8",0,1,1,0,1,41,0,1476988785307,"true",0,1,"close"
"8446-8",0,1,2,0,1,1,1,1476988337497,"true",0,0,"far"
"8446-8",0,0,2,1,0,3,1,1476988363985,"true",0,0,"far"
"8446-8",0,1,0,0,1,2,0,1476988349297,"true",1,0,"far"
"8446-8",0,1,2,0,1,5,1,1476988389310,"true",0,0,"far"
"8446-8",1,0,1,0,2,4,0,1476988378633,"true",0,1,"close"
"8446-8",0,1,1,0,1,7,0,1476988424128,"false",0,1,"close"
"8446-8",0,0,1,1,0,6,0,1476988414050,"false",0,1,"close"
"8446-8",1,0,0,0,2,9,0,1476988446954,"true",1,0,"far"
"8446-8",1,0,0,0,2,8,0,1476988436329,"false",1,0,"close"
"8446-8",0,1,1,0,1,39,0,1476988766564,"true",0,1,"close"
"8446-8",1,0,1,0,2,38,0,1476988751698,"true",0,1,"close"
"8446-8",0,1,0,0,1,11,0,1476988466439,"true",1,0,"close"
"8446-8",0,0,0,1,0,10,0,1476988456402,"true",1,0,"split"
"8446-8",0,0,2,1,0,13,1,1476988487557,"true",0,0,"far"
"8446-8",1,0,1,0,2,12,0,1476988477424,"true",0,1,"split"
"8446-8",0,1,1,0,1,15,0,1476988509181,"true",0,1,"close"
"8446-8",0,1,0,0,1,14,0,1476988498967,"true",1,0,"split"
"8446-8",0,0,0,1,0,17,0,1476988531111,"true",1,0,"close"
"8446-8",1,0,0,0,2,16,0,1476988518808,"true",1,0,"split"
"8446-8",1,0,0,0,2,19,0,1476988554604,"false",1,0,"far"
"8446-8",0,0,1,1,0,18,0,1476988544322,"true",0,1,"far"
"8446-8",0,1,1,0,1,31,0,1476988681489,"true",0,1,"far"
"8446-8",0,0,0,1,0,30,0,1476988671726,"true",1,0,"close"
"8446-8",1,0,0,0,2,37,0,1476988739821,"true",1,0,"split"
"8446-8",0,0,2,1,0,36,1,1476988728636,"false",0,0,"close"
"8446-8",0,1,1,0,1,35,0,1476988717910,"false",0,1,"split"
"8446-8",1,0,1,0,2,34,0,1476988708610,"true",0,1,"far"
"8446-8",0,1,2,0,1,33,1,1476988701246,"true",0,0,"far"
"8446-8",0,0,2,1,0,32,1,1476988693190,"true",0,0,"split"
"8446-8",0,1,2,0,1,50,1,1476988871705,"true",0,0,"split"
