"gameid","sClicked_2","sClicked_1","lClickedIndex","sClicked_0","sClickedIndex","roundNum","lClicked_2","time","outcome","lClicked_0","lClicked_1","condition"
"8452-c",0,1,1,0,1,42,0,1476989178318,"false",0,1,"split"
"8452-c",0,0,0,1,0,48,0,1476989247981,"true",1,0,"split"
"8452-c",1,0,0,0,2,43,0,1476989187656,"true",1,0,"far"
"8452-c",0,1,1,0,1,49,0,1476989256506,"true",0,1,"far"
"8452-c",0,1,1,0,1,24,0,1476988860221,"true",0,1,"split"
"8452-c",0,0,0,1,0,25,0,1476988867871,"true",1,0,"far"
"8452-c",0,0,1,1,0,26,0,1476988889519,"true",0,1,"close"
"8452-c",0,1,0,0,1,27,0,1476988898641,"true",1,0,"split"
"8452-c",0,0,1,1,0,20,0,1476988776711,"true",0,1,"split"
"8452-c",0,1,0,0,1,21,0,1476988788018,"true",1,0,"split"
"8452-c",1,0,1,0,2,22,0,1476988826711,"true",0,1,"split"
"8452-c",1,0,2,0,2,23,1,1476988851769,"true",0,0,"close"
"8452-c",0,1,1,0,1,46,0,1476989216100,"true",0,1,"far"
"8452-c",0,0,0,1,0,47,0,1476989234550,"true",1,0,"close"
"8452-c",1,0,2,0,2,44,1,1476989196051,"true",0,0,"far"
"8452-c",1,0,1,0,2,45,0,1476989204759,"true",0,1,"far"
"8452-c",0,0,0,1,0,28,0,1476988912221,"true",1,0,"close"
"8452-c",0,1,0,0,1,29,0,1476988921101,"true",1,0,"far"
"8452-c",1,0,2,0,2,40,1,1476989152223,"true",0,0,"close"
"8452-c",1,0,2,0,2,41,1,1476989164111,"true",0,0,"split"
"8452-c",0,0,2,1,0,1,1,1476988395731,"true",0,0,"split"
"8452-c",0,1,0,0,1,3,0,1476988425183,"true",1,0,"far"
"8452-c",1,0,0,0,2,2,0,1476988414202,"true",1,0,"split"
"8452-c",0,1,1,0,1,5,0,1476988471041,"true",0,1,"far"
"8452-c",0,1,0,0,1,4,0,1476988442529,"true",1,0,"close"
"8452-c",0,0,1,1,0,7,0,1476988498761,"true",0,1,"far"
"8452-c",0,1,2,0,1,6,1,1476988482909,"true",0,0,"split"
"8452-c",0,0,2,1,0,9,1,1476988535711,"false",0,0,"split"
"8452-c",1,0,2,0,2,8,1,1476988508241,"true",0,0,"far"
"8452-c",0,1,2,0,1,39,1,1476989139811,"false",0,0,"close"
"8452-c",0,1,1,0,1,38,0,1476989122148,"true",0,1,"far"
"8452-c",0,0,1,1,0,10,0,1476988550301,"true",0,1,"split"
"8452-c",1,0,1,0,2,13,0,1476988662701,"true",0,1,"split"
"8452-c",0,0,0,1,0,12,0,1476988645912,"true",1,0,"split"
"8452-c",1,0,2,0,2,15,1,1476988695170,"true",0,0,"close"
"8452-c",0,1,0,0,1,14,0,1476988678511,"true",1,0,"far"
"8452-c",0,1,2,0,1,17,1,1476988748748,"true",0,0,"far"
"8452-c",0,1,2,0,1,16,1,1476988739973,"true",0,0,"close"
"8452-c",1,0,0,0,2,19,0,1476988768640,"true",1,0,"split"
"8452-c",1,0,1,0,2,18,0,1476988757520,"true",0,1,"far"
"8452-c",0,0,2,1,0,31,1,1476988942871,"true",0,0,"close"
"8452-c",0,1,2,0,1,30,1,1476988930931,"true",0,0,"close"
"8452-c",0,0,0,1,0,37,0,1476989113681,"true",1,0,"close"
"8452-c",0,0,0,1,0,36,0,1476989094220,"true",1,0,"close"
"8452-c",0,0,2,1,0,35,1,1476989026910,"true",0,0,"close"
"8452-c",0,1,0,0,1,34,0,1476989016641,"true",1,0,"close"
"8452-c",1,0,1,0,2,33,0,1476989006621,"true",0,1,"split"
"8452-c",0,0,1,1,0,32,0,1476988984640,"true",0,1,"close"
"8452-c",1,0,1,0,2,50,0,1476989276231,"true",0,1,"far"
