"gameid","sClicked_2","sClicked_1","lClickedIndex","sClicked_0","sClickedIndex","roundNum","lClicked_2","time","outcome","lClicked_0","lClicked_1","condition"
"8452-5",0,0,1,1,0,42,0,1477005104813,"true",0,1,"far"
"8452-5",0,1,2,0,1,48,1,1477005151423,"true",0,0,"split"
"8452-5",0,1,0,0,1,43,0,1477005112106,"true",1,0,"far"
"8452-5",0,1,2,0,1,49,1,1477005158655,"true",0,0,"far"
"8452-5",1,0,0,0,2,24,0,1477004891943,"true",1,0,"close"
"8452-5",1,0,0,0,2,25,0,1477004900773,"true",1,0,"split"
"8452-5",1,0,1,0,2,26,0,1477004908693,"true",0,1,"far"
"8452-5",1,0,0,0,2,27,0,1477004920225,"false",1,0,"close"
"8452-5",1,0,2,0,2,20,1,1477004853924,"true",0,0,"close"
"8452-5",1,0,2,0,2,21,1,1477004861879,"true",0,0,"close"
"8452-5",1,0,1,0,2,22,0,1477004872443,"true",0,1,"split"
"8452-5",0,1,2,0,1,23,1,1477004882526,"true",0,0,"close"
"8452-5",0,1,1,0,1,46,0,1477005135490,"true",0,1,"close"
"8452-5",1,0,2,0,2,47,1,1477005143829,"true",0,0,"split"
"8452-5",0,1,0,0,1,44,0,1477005119834,"true",1,0,"far"
"8452-5",0,1,2,0,1,45,1,1477005128035,"true",0,0,"far"
"8452-5",0,0,2,1,0,28,1,1477004929483,"true",0,0,"split"
"8452-5",0,1,2,0,1,29,1,1477004937223,"true",0,0,"close"
"8452-5",0,0,1,1,0,40,0,1477005086928,"true",0,1,"close"
"8452-5",0,0,2,1,0,41,1,1477005096453,"true",0,0,"split"
"8452-5",0,0,0,1,0,1,0,1477004599189,"true",1,0,"far"
"8452-5",0,1,1,0,1,3,0,1477004615555,"true",0,1,"close"
"8452-5",0,1,2,0,1,2,1,1477004607492,"true",0,0,"far"
"8452-5",0,0,0,1,0,5,0,1477004629870,"true",1,0,"far"
"8452-5",1,0,2,0,2,4,1,1477004622172,"true",0,0,"far"
"8452-5",0,0,1,1,0,7,0,1477004645585,"true",0,1,"far"
"8452-5",0,1,2,0,1,6,1,1477004636811,"true",0,0,"far"
"8452-5",0,0,1,1,0,9,0,1477004694539,"false",0,1,"split"
"8452-5",0,0,2,1,0,8,1,1477004685480,"true",0,0,"close"
"8452-5",0,0,1,1,0,39,0,1477005074533,"true",0,1,"far"
"8452-5",0,1,2,0,1,38,1,1477005066707,"true",0,0,"far"
"8452-5",0,0,0,1,0,11,0,1477004720224,"true",1,0,"far"
"8452-5",0,0,0,1,0,10,0,1477004711364,"true",1,0,"close"
"8452-5",1,0,0,0,2,13,0,1477004737848,"true",1,0,"split"
"8452-5",0,1,0,0,1,12,0,1477004727226,"true",1,0,"far"
"8452-5",1,0,0,0,2,15,0,1477004759588,"false",1,0,"split"
"8452-5",0,1,1,0,1,14,0,1477004746615,"true",0,1,"close"
"8452-5",1,0,1,0,2,17,0,1477004788160,"true",0,1,"split"
"8452-5",1,0,0,0,2,16,0,1477004779738,"true",1,0,"close"
"8452-5",0,1,2,0,1,19,1,1477004815036,"true",0,0,"close"
"8452-5",0,0,1,1,0,18,0,1477004803535,"true",0,1,"far"
"8452-5",0,0,2,1,0,31,1,1477004955876,"true",0,0,"close"
"8452-5",0,0,1,1,0,30,0,1477004944933,"true",0,1,"split"
"8452-5",0,0,0,1,0,37,0,1477005055885,"true",1,0,"split"
"8452-5",1,0,2,0,2,36,1,1477005046844,"true",0,0,"close"
"8452-5",1,0,2,0,2,35,1,1477005039043,"true",0,0,"close"
"8452-5",0,0,0,1,0,34,0,1477005020556,"true",1,0,"split"
"8452-5",0,1,0,0,1,33,0,1477004997374,"true",1,0,"split"
"8452-5",1,0,0,0,2,32,0,1477004969667,"true",1,0,"split"
"8452-5",0,0,1,1,0,50,0,1477005174543,"false",0,1,"split"
