"gameid","sClicked_2","sClicked_1","lClickedIndex","sClicked_0","sClickedIndex","roundNum","lClicked_2","time","outcome","lClicked_0","lClicked_1","condition"
"8455-f",0,1,1,0,1,42,0,1476491634794,"false",0,1,"far"
"8455-f",0,1,0,0,1,48,0,1476491797529,"true",1,0,"split"
"8455-f",0,0,1,1,0,43,0,1476491683019,"true",0,1,"close"
"8455-f",0,0,0,1,0,49,0,1476491818352,"true",1,0,"close"
"8455-f",0,0,0,1,0,24,0,1476490871549,"true",1,0,"far"
"8455-f",0,1,1,0,1,25,0,1476490977606,"true",0,1,"close"
"8455-f",0,1,2,0,1,26,1,1476490999190,"true",0,0,"split"
"8455-f",0,0,1,1,0,27,0,1476491008081,"true",0,1,"far"
"8455-f",0,0,1,1,0,20,0,1476490704632,"true",0,1,"close"
"8455-f",1,0,0,0,2,21,0,1476490805537,"true",1,0,"close"
"8455-f",0,1,0,0,1,22,0,1476490824249,"true",1,0,"split"
"8455-f",1,0,1,0,2,23,0,1476490862799,"true",0,1,"close"
"8455-f",0,0,2,1,0,46,1,1476491719306,"true",0,0,"close"
"8455-f",1,0,0,0,2,47,0,1476491736745,"true",1,0,"close"
"8455-f",0,1,1,0,1,44,0,1476491691505,"true",0,1,"far"
"8455-f",1,0,2,0,2,45,1,1476491705051,"true",0,0,"split"
"8455-f",0,0,2,1,0,28,1,1476491027894,"true",0,0,"split"
"8455-f",0,0,1,1,0,29,0,1476491173534,"false",0,1,"close"
"8455-f",1,0,0,0,2,40,0,1476491597146,"true",1,0,"split"
"8455-f",0,0,1,1,0,41,0,1476491620771,"true",0,1,"far"
"8455-f",0,0,0,1,0,1,0,1476490414874,"true",1,0,"far"
"8455-f",0,1,0,0,1,3,0,1476490488036,"true",1,0,"split"
"8455-f",1,0,2,0,2,2,1,1476490433932,"true",0,0,"split"
"8455-f",1,0,0,0,2,5,0,1476490504067,"true",1,0,"far"
"8455-f",0,0,2,1,0,4,1,1476490496867,"true",0,0,"far"
"8455-f",0,0,0,1,0,7,0,1476490528836,"true",1,0,"close"
"8455-f",0,1,2,0,1,6,1,1476490513978,"true",0,0,"far"
"8455-f",1,0,2,0,2,9,1,1476490542195,"true",0,0,"close"
"8455-f",0,1,1,0,1,8,0,1476490535433,"true",0,1,"far"
"8455-f",0,1,0,0,1,39,0,1476491562107,"true",1,0,"far"
"8455-f",0,1,0,0,1,38,0,1476491553411,"true",1,0,"split"
"8455-f",1,0,1,0,2,11,0,1476490584018,"true",0,1,"split"
"8455-f",0,1,0,0,1,10,0,1476490549328,"true",1,0,"split"
"8455-f",0,1,0,0,1,13,0,1476490604918,"true",1,0,"split"
"8455-f",1,0,0,0,2,12,0,1476490596201,"true",1,0,"close"
"8455-f",0,0,2,1,0,15,1,1476490624233,"true",0,0,"far"
"8455-f",0,1,2,0,1,14,1,1476490617068,"true",0,0,"far"
"8455-f",0,0,1,1,0,17,0,1476490663436,"true",0,1,"split"
"8455-f",0,1,0,0,1,16,0,1476490632465,"true",1,0,"far"
"8455-f",0,1,0,0,1,19,0,1476490691440,"true",1,0,"close"
"8455-f",0,1,2,0,1,18,1,1476490674707,"true",0,0,"close"
"8455-f",1,0,2,0,2,31,1,1476491198840,"true",0,0,"split"
"8455-f",0,1,2,0,1,30,1,1476491182245,"true",0,0,"split"
"8455-f",0,0,0,1,0,37,0,1476491540059,"true",1,0,"far"
"8455-f",0,0,1,1,0,36,0,1476491519827,"true",0,1,"split"
"8455-f",1,0,2,0,2,35,1,1476491508914,"true",0,0,"far"
"8455-f",0,0,2,1,0,33,1,1476491425920,"true",0,0,"split"
"8455-f",0,1,0,0,1,32,0,1476491292420,"false",1,0,"close"
"8455-f",1,0,2,0,2,50,1,1476491894223,"true",0,0,"close"
