"gameid","sClicked_2","sClicked_1","lClickedIndex","sClicked_0","sClickedIndex","roundNum","lClicked_2","time","outcome","lClicked_0","lClicked_1","condition"
"8456-e",0,1,1,0,1,42,0,1476992972771,"true",0,1,"close"
"8456-e",1,0,2,0,2,43,1,1476992982380,"true",0,0,"far"
"8456-e",1,0,2,0,2,49,1,1476993118169,"true",0,0,"split"
"8456-e",0,0,0,1,0,24,0,1476992560046,"true",1,0,"far"
"8456-e",0,0,2,1,0,25,1,1476992582694,"true",0,0,"close"
"8456-e",1,0,0,0,2,26,0,1476992600206,"false",1,0,"split"
"8456-e",0,1,0,0,1,27,0,1476992615223,"true",1,0,"split"
"8456-e",0,1,1,0,1,20,0,1476992463634,"true",0,1,"far"
"8456-e",0,1,0,0,1,21,0,1476992473098,"true",1,0,"far"
"8456-e",0,0,1,1,0,48,0,1476993095215,"true",0,1,"close"
"8456-e",0,1,1,0,1,23,0,1476992547085,"true",0,1,"close"
"8456-e",0,1,1,0,1,46,0,1476993033229,"true",0,1,"close"
"8456-e",1,0,1,0,2,47,0,1476993073199,"true",0,1,"close"
"8456-e",0,0,1,1,0,44,0,1476993012740,"true",0,1,"close"
"8456-e",1,0,1,0,2,45,0,1476993021316,"true",0,1,"split"
"8456-e",0,1,0,0,1,28,0,1476992639232,"true",1,0,"close"
"8456-e",1,0,2,0,2,29,1,1476992661648,"true",0,0,"split"
"8456-e",1,0,2,0,2,40,1,1476992944379,"false",0,0,"split"
"8456-e",0,1,2,0,1,41,1,1476992957634,"true",0,0,"far"
"8456-e",0,1,1,0,1,1,0,1476992036151,"true",0,1,"close"
"8456-e",1,0,2,0,2,3,1,1476992069934,"true",0,0,"far"
"8456-e",0,0,0,1,0,2,0,1476992051030,"false",1,0,"far"
"8456-e",1,0,0,0,2,5,0,1476992099202,"true",1,0,"far"
"8456-e",0,1,1,0,1,4,0,1476992085542,"true",0,1,"split"
"8456-e",1,0,0,0,2,7,0,1476992125473,"true",1,0,"far"
"8456-e",0,1,2,0,1,6,1,1476992113031,"true",0,0,"far"
"8456-e",1,0,1,0,2,9,0,1476992189449,"true",0,1,"far"
"8456-e",0,1,0,0,1,8,0,1476992162680,"true",1,0,"close"
"8456-e",0,1,2,0,1,39,1,1476992908682,"true",0,0,"split"
"8456-e",0,0,2,1,0,38,1,1476992895153,"true",0,0,"far"
"8456-e",0,1,0,0,1,11,0,1476992231059,"true",1,0,"split"
"8456-e",0,1,0,0,1,10,0,1476992207746,"true",1,0,"close"
"8456-e",1,0,2,0,2,13,1,1476992301252,"true",0,0,"close"
"8456-e",0,1,1,0,1,12,0,1476992276230,"true",0,1,"split"
"8456-e",0,1,2,0,1,15,1,1476992358566,"true",0,0,"far"
"8456-e",0,0,0,1,0,14,0,1476992347929,"true",1,0,"close"
"8456-e",0,1,0,0,1,17,0,1476992421545,"true",1,0,"far"
"8456-e",0,0,2,1,0,16,1,1476992396247,"true",0,0,"split"
"8456-e",0,1,2,0,1,19,1,1476992450626,"true",0,0,"far"
"8456-e",1,0,1,0,2,18,0,1476992442180,"true",0,1,"split"
"8456-e",1,0,0,0,2,30,0,1476992673195,"true",1,0,"split"
"8456-e",0,0,0,1,0,37,0,1476992887817,"true",1,0,"close"
"8456-e",1,0,0,0,2,36,0,1476992868549,"true",1,0,"split"
"8456-e",0,1,1,0,1,35,0,1476992804653,"true",0,1,"close"
"8456-e",1,0,1,0,2,34,0,1476992773293,"true",0,1,"split"
"8456-e",1,0,1,0,2,33,0,1476992757020,"true",0,1,"split"
"8456-e",0,1,0,0,1,32,0,1476992727731,"true",1,0,"far"
