"gameid","sClicked_2","sClicked_1","lClickedIndex","sClicked_0","sClickedIndex","roundNum","lClicked_2","time","outcome","lClicked_0","lClicked_1","condition"
"8458-5",0,0,1,1,0,42,0,1476474632425,"true",0,1,"close"
"8458-5",1,0,0,0,2,48,0,1476474703154,"true",1,0,"close"
"8458-5",0,0,1,1,0,43,0,1476474642008,"true",0,1,"far"
"8458-5",0,1,0,0,1,49,0,1476474711538,"true",1,0,"far"
"8458-5",1,0,0,0,2,24,0,1476474374132,"true",1,0,"far"
"8458-5",0,0,1,1,0,25,0,1476474384725,"true",0,1,"split"
"8458-5",0,0,2,1,0,26,1,1476474397977,"true",0,0,"split"
"8458-5",0,1,2,0,1,27,1,1476474448128,"true",0,0,"split"
"8458-5",0,0,0,1,0,20,0,1476474311278,"true",1,0,"far"
"8458-5",0,0,2,1,0,21,1,1476474337601,"true",0,0,"close"
"8458-5",0,0,1,1,0,22,0,1476474345742,"true",0,1,"far"
"8458-5",1,0,1,0,2,23,0,1476474358327,"true",0,1,"close"
"8458-5",1,0,2,0,2,46,1,1476474682001,"true",0,0,"close"
"8458-5",1,0,2,0,2,47,1,1476474693557,"true",0,0,"close"
"8458-5",1,0,2,0,2,44,1,1476474654969,"false",0,0,"split"
"8458-5",0,1,2,0,1,45,1,1476474667552,"true",0,0,"split"
"8458-5",0,1,0,0,1,28,0,1476474459912,"true",1,0,"close"
"8458-5",0,0,1,1,0,29,0,1476474472144,"true",0,1,"close"
"8458-5",1,0,0,0,2,40,0,1476474612857,"true",1,0,"far"
"8458-5",0,0,2,1,0,41,1,1476474623212,"true",0,0,"split"
"8458-5",0,1,2,0,1,1,1,1476474059252,"true",0,0,"split"
"8458-5",0,1,1,0,1,3,0,1476474079780,"true",0,1,"close"
"8458-5",1,0,0,0,2,2,0,1476474070425,"true",1,0,"far"
"8458-5",0,1,2,0,1,5,1,1476474101100,"true",0,0,"split"
"8458-5",1,0,2,0,2,4,1,1476474088812,"true",0,0,"far"
"8458-5",0,1,2,0,1,7,1,1476474125861,"true",0,0,"far"
"8458-5",0,1,2,0,1,6,1,1476474116732,"true",0,0,"close"
"8458-5",0,0,1,1,0,9,0,1476474149975,"true",0,1,"split"
"8458-5",1,0,1,0,2,8,0,1476474136073,"true",0,1,"far"
"8458-5",0,0,0,1,0,39,0,1476474604022,"true",1,0,"far"
"8458-5",0,1,0,0,1,38,0,1476474594082,"true",1,0,"split"
"8458-5",0,0,1,1,0,11,0,1476474176285,"true",0,1,"close"
"8458-5",1,0,1,0,2,10,0,1476474162948,"true",0,1,"close"
"8458-5",0,1,2,0,1,13,1,1476474202184,"true",0,0,"close"
"8458-5",0,1,1,0,1,12,0,1476474184630,"true",0,1,"split"
"8458-5",0,0,1,1,0,15,0,1476474220898,"true",0,1,"split"
"8458-5",0,1,2,0,1,14,1,1476474211802,"true",0,0,"far"
"8458-5",0,0,2,1,0,17,1,1476474259537,"true",0,0,"split"
"8458-5",0,0,2,1,0,16,1,1476474236464,"true",0,0,"split"
"8458-5",0,0,1,1,0,19,0,1476474292867,"true",0,1,"far"
"8458-5",0,0,0,1,0,18,0,1476474269778,"true",1,0,"far"
"8458-5",1,0,2,0,2,31,1,1476474492542,"true",0,0,"split"
"8458-5",1,0,1,0,2,30,0,1476474482731,"true",0,1,"split"
"8458-5",1,0,1,0,2,37,0,1476474581868,"true",0,1,"close"
"8458-5",0,1,1,0,1,36,0,1476474566802,"true",0,1,"far"
"8458-5",0,0,2,1,0,35,1,1476474547858,"true",0,0,"close"
"8458-5",0,1,0,0,1,34,0,1476474538876,"true",1,0,"close"
"8458-5",0,0,1,1,0,33,0,1476474515840,"true",0,1,"split"
"8458-5",0,1,2,0,1,32,1,1476474501675,"true",0,0,"far"
"8458-5",0,1,1,0,1,50,0,1476474719200,"true",0,1,"far"
