"gameid","sClicked_2","sClicked_1","lClickedIndex","sClicked_0","sClickedIndex","roundNum","lClicked_2","time","outcome","lClicked_0","lClicked_1","condition"
"8461-d",0,1,1,0,1,42,0,1476995926928,"true",0,1,"close"
"8461-d",0,1,2,0,1,48,1,1476996122624,"false",0,0,"close"
"8461-d",0,1,2,0,1,43,1,1476995935266,"true",0,0,"split"
"8461-d",0,1,1,0,1,49,0,1476996147252,"true",0,1,"split"
"8461-d",1,0,1,0,2,24,0,1476995556649,"true",0,1,"close"
"8461-d",0,1,0,0,1,25,0,1476995567707,"true",1,0,"far"
"8461-d",1,0,1,0,2,26,0,1476995597480,"true",0,1,"split"
"8461-d",1,0,1,0,2,27,0,1476995607302,"true",0,1,"far"
"8461-d",0,0,0,1,0,20,0,1476995478066,"true",1,0,"far"
"8461-d",0,0,0,1,0,21,0,1476995485905,"true",1,0,"far"
"8461-d",0,0,1,1,0,22,0,1476995508253,"true",0,1,"far"
"8461-d",0,1,1,0,1,23,0,1476995520283,"true",0,1,"far"
"8461-d",0,1,1,0,1,46,0,1476996058570,"false",0,1,"close"
"8461-d",1,0,1,0,2,47,0,1476996097297,"true",0,1,"close"
"8461-d",0,0,1,1,0,44,0,1476995941111,"true",0,1,"far"
"8461-d",1,0,0,0,2,45,0,1476995958437,"true",1,0,"split"
"8461-d",0,1,1,0,1,28,0,1476995616256,"true",0,1,"split"
"8461-d",1,0,1,0,2,29,0,1476995640161,"true",0,1,"close"
"8461-d",0,0,0,1,0,40,0,1476995852769,"false",1,0,"split"
"8461-d",0,0,2,1,0,41,1,1476995888414,"true",0,0,"split"
"8461-d",0,0,2,1,0,1,1,1476995094393,"true",0,0,"far"
"8461-d",1,0,0,0,2,3,0,1476995127428,"false",1,0,"far"
"8461-d",0,0,2,1,0,2,1,1476995105606,"true",0,0,"close"
"8461-d",0,0,2,1,0,5,1,1476995155472,"true",0,0,"split"
"8461-d",1,0,2,0,2,4,1,1476995140016,"true",0,0,"split"
"8461-d",0,0,2,1,0,7,1,1476995176812,"true",0,0,"far"
"8461-d",0,0,1,1,0,6,0,1476995166083,"true",0,1,"split"
"8461-d",0,1,2,0,1,9,1,1476995215287,"true",0,0,"split"
"8461-d",0,1,0,0,1,8,0,1476995200809,"true",1,0,"close"
"8461-d",1,0,0,0,2,39,0,1476995825514,"true",1,0,"split"
"8461-d",0,0,2,1,0,38,1,1476995797291,"false",0,0,"split"
"8461-d",0,0,1,1,0,11,0,1476995246625,"true",0,1,"close"
"8461-d",0,0,1,1,0,10,0,1476995223455,"true",0,1,"far"
"8461-d",1,0,2,0,2,13,1,1476995259793,"true",0,0,"far"
"8461-d",0,0,2,1,0,12,1,1476995252923,"true",0,0,"far"
"8461-d",0,0,1,1,0,15,0,1476995335064,"true",0,1,"close"
"8461-d",0,0,1,1,0,14,0,1476995301479,"true",0,1,"split"
"8461-d",1,0,1,0,2,17,0,1476995367400,"true",0,1,"far"
"8461-d",0,1,0,0,1,16,0,1476995353506,"true",1,0,"far"
"8461-d",0,1,0,0,1,19,0,1476995442647,"true",1,0,"far"
"8461-d",0,1,2,0,1,18,1,1476995436741,"true",0,0,"close"
"8461-d",1,0,2,0,2,31,1,1476995660892,"true",0,0,"close"
"8461-d",1,0,2,0,2,30,1,1476995649488,"true",0,0,"close"
"8461-d",0,0,1,1,0,37,0,1476995779507,"true",0,1,"close"
"8461-d",0,0,1,1,0,36,0,1476995752747,"false",0,1,"close"
"8461-d",1,0,0,0,2,35,0,1476995727958,"true",1,0,"close"
"8461-d",0,1,1,0,1,34,0,1476995705507,"true",0,1,"split"
"8461-d",1,0,1,0,2,33,0,1476995689436,"true",0,1,"close"
"8461-d",0,1,2,0,1,32,1,1476995668828,"true",0,0,"far"
"8461-d",1,0,2,0,2,50,1,1476996158689,"true",0,0,"split"
