"gameid","sClicked_2","sClicked_1","lClickedIndex","sClicked_0","sClickedIndex","roundNum","lClicked_2","time","outcome","lClicked_0","lClicked_1","condition"
"8464-1",0,0,1,1,0,42,0,1476493844215,"true",0,1,"split"
"8464-1",0,1,2,0,1,48,1,1476493981156,"true",0,0,"close"
"8464-1",0,0,0,1,0,43,0,1476493860273,"true",1,0,"split"
"8464-1",1,0,1,0,2,49,0,1476493992284,"true",0,1,"split"
"8464-1",0,0,0,1,0,24,0,1476493538894,"true",1,0,"close"
"8464-1",0,0,2,1,0,25,1,1476493567391,"true",0,0,"split"
"8464-1",1,0,2,0,2,26,1,1476493585206,"true",0,0,"split"
"8464-1",0,0,1,1,0,27,0,1476493609246,"true",0,1,"far"
"8464-1",0,1,1,0,1,20,0,1476493462433,"true",0,1,"far"
"8464-1",1,0,0,0,2,21,0,1476493480636,"true",1,0,"split"
"8464-1",1,0,0,0,2,22,0,1476493491968,"true",1,0,"split"
"8464-1",0,0,1,1,0,23,0,1476493516300,"true",0,1,"split"
"8464-1",0,0,0,1,0,46,0,1476493931503,"true",1,0,"close"
"8464-1",0,1,0,0,1,47,0,1476493950221,"true",1,0,"close"
"8464-1",0,0,2,1,0,44,1,1476493875759,"true",0,0,"split"
"8464-1",0,0,0,1,0,45,0,1476493906561,"true",1,0,"close"
"8464-1",0,1,2,0,1,28,1,1476493624245,"true",0,0,"far"
"8464-1",1,0,1,0,2,29,0,1476493637030,"true",0,1,"far"
"8464-1",1,0,0,0,2,40,0,1476493810963,"true",1,0,"far"
"8464-1",1,0,1,0,2,41,0,1476493825942,"true",0,1,"close"
"8464-1",0,1,0,0,1,1,0,1476493084575,"true",1,0,"close"
"8464-1",0,1,2,0,1,3,1,1476493168150,"true",0,0,"split"
"8464-1",0,0,1,1,0,2,0,1476493114537,"true",0,1,"split"
"8464-1",1,0,1,0,2,5,0,1476493188180,"true",0,1,"close"
"8464-1",1,0,0,0,2,4,0,1476493176502,"true",1,0,"far"
"8464-1",0,0,2,1,0,7,1,1476493215334,"true",0,0,"far"
"8464-1",0,0,0,1,0,6,0,1476493201184,"true",1,0,"far"
"8464-1",0,1,1,0,1,9,0,1476493243240,"true",0,1,"far"
"8464-1",1,0,1,0,2,8,0,1476493232220,"true",0,1,"split"
"8464-1",0,1,1,0,1,39,0,1476493799929,"true",0,1,"split"
"8464-1",0,0,0,1,0,38,0,1476493782743,"true",1,0,"far"
"8464-1",0,0,0,1,0,11,0,1476493262511,"true",1,0,"split"
"8464-1",0,1,0,0,1,10,0,1476493253293,"true",1,0,"far"
"8464-1",0,0,1,1,0,13,0,1476493296599,"false",0,1,"close"
"8464-1",0,0,0,1,0,12,0,1476493282061,"true",1,0,"close"
"8464-1",0,0,2,1,0,15,1,1476493361370,"true",0,0,"close"
"8464-1",0,1,1,0,1,14,0,1476493308139,"true",0,1,"far"
"8464-1",1,0,1,0,2,17,0,1476493408548,"false",0,1,"close"
"8464-1",0,0,0,1,0,16,0,1476493383888,"true",1,0,"close"
"8464-1",0,1,2,0,1,19,1,1476493443311,"true",0,0,"close"
"8464-1",0,0,0,1,0,18,0,1476493419109,"true",1,0,"far"
"8464-1",0,0,2,1,0,31,1,1476493678437,"true",0,0,"split"
"8464-1",1,0,0,0,2,30,0,1476493647866,"true",1,0,"split"
"8464-1",1,0,0,0,2,37,0,1476493774648,"true",1,0,"far"
"8464-1",0,0,1,1,0,36,0,1476493764679,"true",0,1,"far"
"8464-1",1,0,0,0,2,35,0,1476493756113,"true",1,0,"close"
"8464-1",1,0,1,0,2,34,0,1476493732905,"true",0,1,"close"
"8464-1",0,0,0,1,0,33,0,1476493717084,"true",1,0,"close"
"8464-1",1,0,0,0,2,32,0,1476493692667,"true",1,0,"far"
"8464-1",1,0,1,0,2,50,0,1476494021941,"true",0,1,"split"
