"gameid","sClicked_2","sClicked_1","lClickedIndex","sClicked_0","sClickedIndex","roundNum","lClicked_2","time","outcome","lClicked_0","lClicked_1","condition"
"8487-9",1,0,0,0,2,42,0,1476479663429,"true",1,0,"close"
"8487-9",0,0,1,1,0,48,0,1476479737361,"true",0,1,"close"
"8487-9",0,0,1,1,0,43,0,1476479686768,"false",0,1,"close"
"8487-9",1,0,2,0,2,49,1,1476479751590,"true",0,0,"split"
"8487-9",1,0,2,0,2,24,1,1476479415418,"true",0,0,"split"
"8487-9",0,0,0,1,0,25,0,1476479437688,"true",1,0,"split"
"8487-9",0,0,1,1,0,26,0,1476479452438,"true",0,1,"close"
"8487-9",0,1,0,0,1,27,0,1476479477331,"true",1,0,"close"
"8487-9",1,0,2,0,2,20,1,1476479363476,"true",0,0,"far"
"8487-9",0,1,0,0,1,21,0,1476479369592,"true",1,0,"far"
"8487-9",0,1,0,0,1,22,0,1476479387581,"true",1,0,"split"
"8487-9",0,0,2,1,0,23,1,1476479395038,"true",0,0,"far"
"8487-9",1,0,1,0,2,46,0,1476479713772,"true",0,1,"split"
"8487-9",1,0,1,0,2,47,0,1476479722601,"true",0,1,"split"
"8487-9",0,1,2,0,1,44,1,1476479693801,"true",0,0,"far"
"8487-9",0,0,1,1,0,45,0,1476479699883,"true",0,1,"close"
"8487-9",0,0,2,1,0,28,1,1476479486386,"false",0,0,"far"
"8487-9",1,0,0,0,2,29,0,1476479499271,"true",1,0,"close"
"8487-9",1,0,1,0,2,40,0,1476479636065,"true",0,1,"close"
"8487-9",0,1,2,0,1,41,1,1476479652371,"true",0,0,"split"
"8487-9",1,0,0,0,2,1,0,1476479162646,"true",1,0,"split"
"8487-9",0,0,2,1,0,3,1,1476479183604,"true",0,0,"split"
"8487-9",1,0,1,0,2,2,0,1476479176826,"true",0,1,"split"
"8487-9",1,0,2,0,2,5,1,1476479199413,"true",0,0,"far"
"8487-9",0,1,2,0,1,4,1,1476479189453,"true",0,0,"far"
"8487-9",0,1,2,0,1,7,1,1476479215580,"true",0,0,"far"
"8487-9",0,0,0,1,0,6,0,1476479209549,"true",1,0,"split"
"8487-9",0,1,2,0,1,9,1,1476479240231,"true",0,0,"close"
"8487-9",0,1,0,0,1,8,0,1476479229208,"true",1,0,"close"
"8487-9",0,1,0,0,1,39,0,1476479610048,"true",1,0,"far"
"8487-9",0,1,0,0,1,38,0,1476479604456,"true",1,0,"split"
"8487-9",0,1,0,0,1,11,0,1476479258682,"true",1,0,"far"
"8487-9",0,1,0,0,1,10,0,1476479252521,"true",1,0,"far"
"8487-9",0,0,2,1,0,13,1,1476479284095,"true",0,0,"split"
"8487-9",1,0,2,0,2,12,1,1476479272831,"false",0,0,"close"
"8487-9",0,0,1,1,0,15,0,1476479308887,"true",0,1,"close"
"8487-9",0,1,0,0,1,14,0,1476479299167,"true",1,0,"close"
"8487-9",0,0,0,1,0,17,0,1476479324292,"true",1,0,"split"
"8487-9",0,1,2,0,1,16,1,1476479315297,"true",0,0,"far"
"8487-9",0,0,2,1,0,19,1,1476479357326,"true",0,0,"far"
"8487-9",0,0,0,1,0,18,0,1476479351049,"true",1,0,"split"
"8487-9",0,1,0,0,1,31,0,1476479521308,"true",1,0,"far"
"8487-9",0,1,1,0,1,30,0,1476479512568,"false",0,1,"split"
"8487-9",0,1,0,0,1,37,0,1476479593855,"true",1,0,"close"
"8487-9",1,0,1,0,2,36,0,1476479577503,"true",0,1,"far"
"8487-9",0,0,2,1,0,35,1,1476479570793,"true",0,0,"close"
"8487-9",0,0,1,1,0,34,0,1476479553396,"true",0,1,"far"
"8487-9",1,0,1,0,2,33,0,1476479546089,"true",0,1,"split"
"8487-9",0,0,1,1,0,32,0,1476479531048,"true",0,1,"close"
"8487-9",0,0,0,1,0,50,0,1476479758756,"true",1,0,"far"
