"gameid","sClicked_2","sClicked_1","lClickedIndex","sClicked_0","sClickedIndex","roundNum","lClicked_2","time","outcome","lClicked_0","lClicked_1","condition"
"8502-d",0,1,2,0,1,42,1,1476996271708,"true",0,0,"far"
"8502-d",0,0,1,1,0,48,0,1476996322922,"true",0,1,"close"
"8502-d",0,0,0,1,0,43,0,1476996278512,"true",1,0,"split"
"8502-d",1,0,0,0,2,49,0,1476996329485,"true",1,0,"split"
"8502-d",0,1,1,0,1,24,0,1476996103456,"true",0,1,"close"
"8502-d",0,0,2,1,0,25,1,1476996117264,"true",0,0,"close"
"8502-d",0,0,1,1,0,26,0,1476996124871,"true",0,1,"close"
"8502-d",0,1,0,0,1,27,0,1476996134639,"true",1,0,"far"
"8502-d",0,0,1,1,0,20,0,1476996068944,"true",0,1,"close"
"8502-d",0,0,2,1,0,21,1,1476996076863,"true",0,0,"far"
"8502-d",1,0,2,0,2,22,1,1476996087206,"true",0,0,"split"
"8502-d",1,0,1,0,2,23,0,1476996093778,"true",0,1,"far"
"8502-d",0,0,1,1,0,46,0,1476996302350,"true",0,1,"split"
"8502-d",0,1,1,0,1,47,0,1476996315000,"true",0,1,"split"
"8502-d",1,0,2,0,2,44,1,1476996286171,"true",0,0,"split"
"8502-d",1,0,0,0,2,45,0,1476996295392,"true",1,0,"split"
"8502-d",1,0,1,0,2,28,0,1476996142557,"true",0,1,"close"
"8502-d",0,1,0,0,1,29,0,1476996149665,"true",1,0,"far"
"8502-d",1,0,0,0,2,40,0,1476996256067,"true",1,0,"close"
"8502-d",0,0,0,1,0,41,0,1476996265135,"true",1,0,"close"
"8502-d",0,1,2,0,1,1,1,1476995844166,"false",0,0,"close"
"8502-d",0,1,1,0,1,3,0,1476995866043,"true",0,1,"close"
"8502-d",0,0,2,1,0,2,1,1476995858030,"true",0,0,"split"
"8502-d",0,1,2,0,1,5,1,1476995896368,"true",0,0,"close"
"8502-d",0,0,0,1,0,4,0,1476995885921,"true",1,0,"far"
"8502-d",0,1,2,0,1,7,1,1476995918905,"true",0,0,"split"
"8502-d",0,0,2,1,0,6,1,1476995910683,"true",0,0,"split"
"8502-d",0,1,2,0,1,9,1,1476995954274,"true",0,0,"split"
"8502-d",0,1,2,0,1,8,1,1476995948027,"true",0,0,"close"
"8502-d",1,0,1,0,2,39,0,1476996247676,"true",0,1,"split"
"8502-d",0,0,1,1,0,38,0,1476996237869,"true",0,1,"close"
"8502-d",0,1,1,0,1,11,0,1476995969666,"true",0,1,"far"
"8502-d",0,1,1,0,1,10,0,1476995963775,"true",0,1,"split"
"8502-d",0,0,0,1,0,13,0,1476996013137,"true",1,0,"close"
"8502-d",0,1,1,0,1,12,0,1476995979122,"true",0,1,"close"
"8502-d",0,0,1,1,0,15,0,1476996028751,"true",0,1,"far"
"8502-d",0,0,1,1,0,14,0,1476996020024,"true",0,1,"far"
"8502-d",0,0,2,1,0,17,1,1476996044463,"true",0,0,"far"
"8502-d",1,0,1,0,2,16,0,1476996035731,"true",0,1,"split"
"8502-d",1,0,1,0,2,19,0,1476996057958,"true",0,1,"far"
"8502-d",0,0,0,1,0,18,0,1476996051341,"true",1,0,"far"
"8502-d",0,0,1,1,0,31,0,1476996178745,"true",0,1,"split"
"8502-d",1,0,2,0,2,30,1,1476996161458,"true",0,0,"close"
"8502-d",0,1,1,0,1,37,0,1476996227697,"true",0,1,"far"
"8502-d",1,0,2,0,2,36,1,1476996220601,"true",0,0,"far"
"8502-d",1,0,0,0,2,35,0,1476996212914,"true",1,0,"far"
"8502-d",0,0,1,1,0,34,0,1476996205746,"true",0,1,"far"
"8502-d",0,0,2,1,0,33,1,1476996199331,"true",0,0,"close"
"8502-d",0,0,1,1,0,32,0,1476996186620,"true",0,1,"far"
"8502-d",1,0,2,0,2,50,1,1476996340795,"true",0,0,"split"
