"gameid","sClicked_2","sClicked_1","lClickedIndex","sClicked_0","sClickedIndex","roundNum","lClicked_2","time","outcome","lClicked_0","lClicked_1","condition"
"8514-f",1,0,0,0,2,42,0,1476482037985,"false",1,0,"split"
"8514-f",0,1,2,0,1,48,1,1476482120737,"true",0,0,"far"
"8514-f",1,0,0,0,2,43,0,1476482048521,"true",1,0,"close"
"8514-f",1,0,2,0,2,49,1,1476482129344,"true",0,0,"far"
"8514-f",0,1,1,0,1,24,0,1476481814627,"false",0,1,"close"
"8514-f",0,1,1,0,1,25,0,1476481825449,"true",0,1,"split"
"8514-f",0,1,2,0,1,26,1,1476481841301,"true",0,0,"split"
"8514-f",1,0,1,0,2,27,0,1476481850023,"true",0,1,"split"
"8514-f",0,1,2,0,1,20,1,1476481744276,"true",0,0,"close"
"8514-f",0,0,1,1,0,21,0,1476481763736,"false",0,1,"close"
"8514-f",0,0,1,1,0,22,0,1476481774768,"true",0,1,"far"
"8514-f",0,0,0,1,0,23,0,1476481793017,"false",1,0,"close"
"8514-f",1,0,0,0,2,46,0,1476482093982,"true",1,0,"close"
"8514-f",1,0,2,0,2,47,1,1476482112052,"true",0,0,"far"
"8514-f",0,1,0,0,1,44,0,1476482068625,"true",1,0,"close"
"8514-f",0,1,1,0,1,45,0,1476482082195,"true",0,1,"far"
"8514-f",0,0,1,1,0,28,0,1476481860214,"true",0,1,"far"
"8514-f",0,1,1,0,1,29,0,1476481869661,"true",0,1,"far"
"8514-f",0,0,2,1,0,40,1,1476482013681,"true",0,0,"far"
"8514-f",1,0,0,0,2,41,0,1476482024374,"true",1,0,"split"
"8514-f",1,0,2,0,2,1,1,1476481392425,"false",0,0,"split"
"8514-f",1,0,0,0,2,3,0,1476481412867,"true",1,0,"split"
"8514-f",1,0,2,0,2,2,1,1476481402133,"true",0,0,"close"
"8514-f",1,0,1,0,2,5,0,1476481462908,"true",0,1,"far"
"8514-f",1,0,2,0,2,4,1,1476481448463,"true",0,0,"close"
"8514-f",0,1,2,0,1,7,1,1476481489169,"true",0,0,"split"
"8514-f",0,1,2,0,1,6,1,1476481475687,"true",0,0,"far"
"8514-f",1,0,2,0,2,9,1,1476481523011,"true",0,0,"split"
"8514-f",1,0,1,0,2,8,0,1476481502246,"true",0,1,"split"
"8514-f",0,1,0,0,1,39,0,1476482003917,"true",1,0,"close"
"8514-f",1,0,1,0,2,38,0,1476481986405,"true",0,1,"close"
"8514-f",1,0,0,0,2,11,0,1476481549423,"false",1,0,"split"
"8514-f",1,0,2,0,2,10,1,1476481535644,"true",0,0,"split"
"8514-f",0,0,0,1,0,13,0,1476481578833,"true",1,0,"far"
"8514-f",0,1,1,0,1,12,0,1476481566988,"false",0,1,"split"
"8514-f",0,1,2,0,1,15,1,1476481664839,"false",0,0,"close"
"8514-f",0,0,0,1,0,14,0,1476481589968,"true",1,0,"far"
"8514-f",1,0,1,0,2,17,0,1476481705800,"true",0,1,"close"
"8514-f",0,0,2,1,0,16,1,1476481679042,"true",0,0,"far"
"8514-f",0,0,1,1,0,19,0,1476481728438,"false",0,1,"close"
"8514-f",0,1,1,0,1,18,0,1476481716999,"true",0,1,"split"
"8514-f",1,0,1,0,2,31,0,1476481889227,"true",0,1,"far"
"8514-f",0,0,0,1,0,30,0,1476481880410,"true",1,0,"split"
"8514-f",0,0,2,1,0,37,1,1476481968443,"true",0,0,"far"
"8514-f",0,0,2,1,0,36,1,1476481955528,"false",0,0,"close"
"8514-f",0,0,0,1,0,35,0,1476481940282,"true",1,0,"far"
"8514-f",0,0,2,1,0,34,1,1476481931252,"true",0,0,"split"
"8514-f",1,0,0,0,2,33,0,1476481918217,"false",1,0,"close"
"8514-f",0,1,0,0,1,32,0,1476481901426,"true",1,0,"far"
"8514-f",1,0,0,0,2,50,0,1476482141667,"true",1,0,"close"
