"gameid","sClicked_2","sClicked_1","lClickedIndex","sClicked_0","sClickedIndex","roundNum","lClicked_2","time","outcome","lClicked_0","lClicked_1","condition"
"8516-9",0,0,2,1,0,42,1,1459895726205,"true",0,0,"split"
"8516-9",1,0,0,0,2,48,0,1459895787629,"true",1,0,"far"
"8516-9",0,1,1,0,1,43,0,1459895733293,"true",0,1,"far"
"8516-9",0,1,1,0,1,49,0,1459895798141,"true",0,1,"close"
"8516-9",0,0,2,1,0,24,1,1459895517963,"true",0,0,"far"
"8516-9",1,0,2,0,2,25,1,1459895526037,"true",0,0,"far"
"8516-9",0,1,2,0,1,26,1,1459895542583,"true",0,0,"close"
"8516-9",0,0,1,1,0,27,0,1459895553949,"true",0,1,"close"
"8516-9",0,1,0,0,1,20,0,1459895461957,"true",1,0,"split"
"8516-9",1,0,2,0,2,21,1,1459895473525,"true",0,0,"close"
"8516-9",0,1,2,0,1,22,1,1459895481221,"true",0,0,"close"
"8516-9",1,0,1,0,2,23,0,1459895508997,"false",0,1,"split"
"8516-9",1,0,1,0,2,46,0,1459895769749,"true",0,1,"split"
"8516-9",1,0,0,0,2,47,0,1459895779461,"true",1,0,"far"
"8516-9",0,0,2,1,0,44,1,1459895740421,"true",0,0,"close"
"8516-9",1,0,1,0,2,45,0,1459895749957,"true",0,1,"close"
"8516-9",1,0,1,0,2,28,0,1459895563293,"true",0,1,"close"
"8516-9",1,0,1,0,2,29,0,1459895570821,"true",0,1,"close"
"8516-9",1,0,2,0,2,40,1,1459895707391,"true",0,0,"split"
"8516-9",0,0,0,1,0,41,0,1459895714445,"true",1,0,"split"
"8516-9",0,1,1,0,1,1,0,1459895180902,"true",0,1,"far"
"8516-9",1,0,1,0,2,3,0,1459895233708,"true",0,1,"far"
"8516-9",1,0,0,0,2,2,0,1459895226053,"true",1,0,"close"
"8516-9",0,0,0,1,0,5,0,1459895248380,"true",1,0,"split"
"8516-9",0,1,0,0,1,4,0,1459895240980,"true",1,0,"close"
"8516-9",0,1,2,0,1,7,1,1459895286653,"true",0,0,"split"
"8516-9",0,1,2,0,1,6,1,1459895257892,"true",0,0,"far"
"8516-9",0,1,1,0,1,9,0,1459895314052,"true",0,1,"split"
"8516-9",1,0,0,0,2,8,0,1459895299389,"true",1,0,"far"
"8516-9",0,0,2,1,0,39,1,1459895699686,"true",0,0,"close"
"8516-9",0,0,2,1,0,38,1,1459895660013,"true",0,0,"close"
"8516-9",1,0,0,0,2,11,0,1459895338269,"true",1,0,"split"
"8516-9",1,0,0,0,2,10,0,1459895330580,"true",1,0,"far"
"8516-9",0,0,2,1,0,13,1,1459895353933,"true",0,0,"far"
"8516-9",1,0,1,0,2,12,0,1459895345189,"true",0,1,"far"
"8516-9",1,0,0,0,2,15,0,1459895400557,"true",1,0,"far"
"8516-9",0,0,1,1,0,14,0,1459895393885,"true",0,1,"split"
"8516-9",0,1,1,0,1,17,0,1459895418893,"true",0,1,"far"
"8516-9",1,0,0,0,2,16,0,1459895411291,"false",1,0,"close"
"8516-9",0,1,0,0,1,19,0,1459895447145,"true",1,0,"split"
"8516-9",1,0,2,0,2,18,1,1459895428709,"true",0,0,"far"
"8516-9",0,1,1,0,1,31,0,1459895590290,"true",0,1,"close"
"8516-9",0,1,1,0,1,30,0,1459895579485,"true",0,1,"far"
"8516-9",0,1,1,0,1,37,0,1459895645126,"true",0,1,"split"
"8516-9",0,1,2,0,1,36,1,1459895630199,"true",0,0,"far"
"8516-9",0,0,1,1,0,35,0,1459895623173,"true",0,1,"split"
"8516-9",1,0,1,0,2,34,0,1459895616878,"true",0,1,"close"
"8516-9",0,1,2,0,1,33,1,1459895606573,"true",0,0,"split"
"8516-9",0,1,0,0,1,32,0,1459895597733,"true",1,0,"split"
"8516-9",0,0,0,1,0,50,0,1459895811341,"true",1,0,"split"
