"gameid","sClicked_2","sClicked_1","lClickedIndex","sClicked_0","sClickedIndex","roundNum","lClicked_2","time","outcome","lClicked_0","lClicked_1","condition"
"8520-2",0,0,2,1,0,42,1,1476994627278,"true",0,0,"close"
"8520-2",0,1,1,0,1,48,0,1476994714098,"true",0,1,"close"
"8520-2",0,0,1,1,0,43,0,1476994636722,"true",0,1,"far"
"8520-2",0,0,0,1,0,49,0,1476994721352,"true",1,0,"far"
"8520-2",0,1,2,0,1,24,1,1476994325786,"true",0,0,"split"
"8520-2",0,1,0,0,1,25,0,1476994345847,"false",1,0,"close"
"8520-2",0,1,2,0,1,26,1,1476994368272,"false",0,0,"close"
"8520-2",1,0,0,0,2,27,0,1476994379719,"true",1,0,"split"
"8520-2",1,0,1,0,2,20,0,1476994222024,"true",0,1,"split"
"8520-2",0,1,1,0,1,21,0,1476994259814,"true",0,1,"close"
"8520-2",1,0,0,0,2,22,0,1476994285474,"false",1,0,"close"
"8520-2",0,1,2,0,1,23,1,1476994304081,"true",0,0,"close"
"8520-2",0,0,1,1,0,46,0,1476994674855,"true",0,1,"split"
"8520-2",0,0,2,1,0,47,1,1476994682139,"true",0,0,"split"
"8520-2",0,1,0,0,1,44,0,1476994644494,"true",1,0,"far"
"8520-2",0,1,0,0,1,45,0,1476994651370,"true",1,0,"far"
"8520-2",0,1,2,0,1,28,1,1476994396955,"true",0,0,"far"
"8520-2",0,1,0,0,1,29,0,1476994427503,"true",1,0,"split"
"8520-2",0,1,2,0,1,40,1,1476994604476,"true",0,0,"far"
"8520-2",1,0,1,0,2,41,0,1476994617700,"true",0,1,"close"
"8520-2",0,1,1,0,1,1,0,1476993926837,"true",0,1,"far"
"8520-2",0,0,0,1,0,3,0,1476993941335,"true",1,0,"split"
"8520-2",0,1,0,0,1,2,0,1476993934823,"true",1,0,"far"
"8520-2",1,0,2,0,2,5,1,1476993965933,"false",0,0,"split"
"8520-2",0,1,2,0,1,4,1,1476993948373,"true",0,0,"far"
"8520-2",0,1,2,0,1,7,1,1476993995252,"true",0,0,"split"
"8520-2",0,0,1,1,0,6,0,1476993987494,"true",0,1,"split"
"8520-2",0,1,0,0,1,9,0,1476994013020,"true",1,0,"split"
"8520-2",0,0,2,1,0,8,1,1476994003336,"true",0,0,"close"
"8520-2",1,0,1,0,2,39,0,1476994597039,"true",0,1,"far"
"8520-2",1,0,0,0,2,38,0,1476994590287,"true",1,0,"close"
"8520-2",0,1,1,0,1,11,0,1476994060982,"true",0,1,"close"
"8520-2",0,1,2,0,1,10,1,1476994022642,"true",0,0,"split"
"8520-2",0,1,2,0,1,13,1,1476994095195,"true",0,0,"close"
"8520-2",0,1,1,0,1,12,0,1476994068011,"true",0,1,"far"
"8520-2",0,0,2,1,0,15,1,1476994109996,"true",0,0,"far"
"8520-2",0,1,2,0,1,14,1,1476994103449,"true",0,0,"far"
"8520-2",0,1,2,0,1,17,1,1476994147612,"true",0,0,"close"
"8520-2",0,0,0,1,0,16,0,1476994134897,"true",1,0,"close"
"8520-2",0,1,1,0,1,19,0,1476994177620,"false",0,1,"close"
"8520-2",0,1,0,0,1,18,0,1476994158748,"true",1,0,"split"
"8520-2",1,0,1,0,2,31,0,1476994454620,"true",0,1,"far"
"8520-2",0,0,0,1,0,30,0,1476994435910,"true",1,0,"far"
"8520-2",1,0,1,0,2,37,0,1476994580698,"true",0,1,"close"
"8520-2",1,0,1,0,2,36,0,1476994546997,"true",0,1,"split"
"8520-2",0,0,0,1,0,35,0,1476994523955,"true",1,0,"far"
"8520-2",0,0,1,1,0,34,0,1476994505154,"true",0,1,"far"
"8520-2",1,0,0,0,2,33,0,1476994495892,"true",1,0,"close"
"8520-2",0,1,0,0,1,32,0,1476994465412,"true",1,0,"split"
"8520-2",0,0,2,1,0,50,1,1476994737066,"true",0,0,"split"
