"gameid","sClicked_2","sClicked_1","lClickedIndex","sClicked_0","sClickedIndex","roundNum","lClicked_2","time","outcome","lClicked_0","lClicked_1","condition"
"8535-b",1,0,0,0,2,42,0,1476993276070,"true",1,0,"close"
"8535-b",0,1,0,0,1,48,0,1476993375838,"true",1,0,"close"
"8535-b",0,0,1,1,0,43,0,1476993303180,"true",0,1,"close"
"8535-b",1,0,0,0,2,49,0,1476993382260,"true",1,0,"close"
"8535-b",1,0,1,0,2,24,0,1476993038417,"false",0,1,"close"
"8535-b",0,0,0,1,0,25,0,1476993048764,"true",1,0,"split"
"8535-b",0,0,2,1,0,26,1,1476993061023,"true",0,0,"far"
"8535-b",1,0,1,0,2,27,0,1476993075005,"true",0,1,"close"
"8535-b",0,1,2,0,1,20,1,1476992952209,"true",0,0,"close"
"8535-b",0,0,0,1,0,21,0,1476992962805,"true",1,0,"split"
"8535-b",0,1,1,0,1,22,0,1476992991039,"true",0,1,"split"
"8535-b",1,0,0,0,2,23,0,1476993008491,"true",1,0,"split"
"8535-b",0,1,0,0,1,46,0,1476993333816,"true",1,0,"far"
"8535-b",0,1,1,0,1,47,0,1476993354569,"true",0,1,"split"
"8535-b",1,0,0,0,2,44,0,1476993313318,"true",1,0,"far"
"8535-b",0,0,0,1,0,45,0,1476993323640,"true",1,0,"far"
"8535-b",1,0,1,0,2,28,0,1476993086427,"true",0,1,"far"
"8535-b",1,0,0,0,2,29,0,1476993095376,"true",1,0,"far"
"8535-b",0,1,2,0,1,40,1,1476993254654,"true",0,0,"split"
"8535-b",1,0,0,0,2,41,0,1476993265284,"true",1,0,"close"
"8535-b",0,0,1,1,0,1,0,1476992633420,"true",0,1,"close"
"8535-b",0,0,2,1,0,3,1,1476992671342,"true",0,0,"close"
"8535-b",1,0,0,0,2,2,0,1476992646490,"false",1,0,"close"
"8535-b",0,1,1,0,1,5,0,1476992714407,"true",0,1,"close"
"8535-b",1,0,2,0,2,4,1,1476992692490,"true",0,0,"split"
"8535-b",0,0,0,1,0,7,0,1476992735791,"true",1,0,"far"
"8535-b",1,0,0,0,2,6,0,1476992728756,"true",1,0,"far"
"8535-b",1,0,0,0,2,9,0,1476992753794,"true",1,0,"far"
"8535-b",0,1,1,0,1,8,0,1476992743639,"true",0,1,"far"
"8535-b",0,1,2,0,1,39,1,1476993241568,"true",0,0,"far"
"8535-b",0,0,1,1,0,38,0,1476993229222,"true",0,1,"split"
"8535-b",1,0,2,0,2,11,1,1476992798976,"true",0,0,"split"
"8535-b",0,0,0,1,0,10,0,1476992784528,"false",1,0,"close"
"8535-b",0,0,2,1,0,13,1,1476992831961,"true",0,0,"far"
"8535-b",0,1,0,0,1,12,0,1476992819112,"true",1,0,"far"
"8535-b",0,1,2,0,1,15,1,1476992851870,"true",0,0,"far"
"8535-b",1,0,0,0,2,14,0,1476992842690,"true",1,0,"close"
"8535-b",1,0,1,0,2,17,0,1476992892348,"true",0,1,"close"
"8535-b",0,0,2,1,0,16,1,1476992862199,"true",0,0,"split"
"8535-b",1,0,1,0,2,19,0,1476992930307,"true",0,1,"split"
"8535-b",0,1,2,0,1,18,1,1476992912441,"true",0,0,"split"
"8535-b",0,0,2,1,0,31,1,1476993136414,"true",0,0,"far"
"8535-b",0,0,1,1,0,30,0,1476993126463,"false",0,1,"close"
"8535-b",0,0,2,1,0,37,1,1476993219612,"true",0,0,"far"
"8535-b",0,1,2,0,1,36,1,1476993211181,"true",0,0,"split"
"8535-b",1,0,2,0,2,35,1,1476993200942,"false",0,0,"close"
"8535-b",0,1,1,0,1,34,0,1476993164976,"true",0,1,"far"
"8535-b",0,1,2,0,1,33,1,1476993157675,"true",0,0,"split"
"8535-b",1,0,1,0,2,32,0,1476993148055,"true",0,1,"split"
"8535-b",0,1,0,0,1,50,0,1476993389386,"true",1,0,"split"
