"gameid","sClicked_2","sClicked_1","lClickedIndex","sClicked_0","sClickedIndex","roundNum","lClicked_2","time","outcome","lClicked_0","lClicked_1","condition"
"8538-2",0,0,2,1,0,42,1,1476499095550,"true",0,0,"close"
"8538-2",0,1,1,0,1,43,0,1476499103421,"true",0,1,"far"
"8538-2",1,0,2,0,2,49,1,1476499157258,"true",0,0,"far"
"8538-2",1,0,1,0,2,24,0,1476498795400,"true",0,1,"split"
"8538-2",1,0,2,0,2,25,1,1476498809377,"true",0,0,"split"
"8538-2",0,1,0,0,1,26,0,1476498829525,"true",1,0,"split"
"8538-2",1,0,2,0,2,27,1,1476498836676,"true",0,0,"far"
"8538-2",1,0,0,0,2,20,0,1476498735656,"true",1,0,"far"
"8538-2",0,1,0,0,1,21,0,1476498749022,"true",1,0,"close"
"8538-2",0,0,2,1,0,22,1,1476498770370,"true",0,0,"close"
"8538-2",1,0,1,0,2,23,0,1476498781403,"true",0,1,"split"
"8538-2",1,0,0,0,2,46,0,1476499134461,"true",1,0,"split"
"8538-2",0,1,1,0,1,47,0,1476499141002,"true",0,1,"far"
"8538-2",0,1,2,0,1,44,1,1476499116076,"true",0,0,"close"
"8538-2",1,0,2,0,2,45,1,1476499124443,"true",0,0,"far"
"8538-2",0,0,0,1,0,28,0,1476498852582,"true",1,0,"split"
"8538-2",0,0,2,1,0,29,1,1476498866092,"true",0,0,"split"
"8538-2",1,0,0,0,2,40,0,1476499067666,"true",1,0,"split"
"8538-2",0,1,1,0,1,41,0,1476499085579,"true",0,1,"close"
"8538-2",0,1,0,0,1,1,0,1476498279824,"true",1,0,"far"
"8538-2",0,1,0,0,1,3,0,1476498314213,"true",1,0,"far"
"8538-2",0,1,1,0,1,2,0,1476498294303,"false",0,1,"close"
"8538-2",1,0,1,0,2,5,0,1476498368908,"true",0,1,"close"
"8538-2",0,1,1,0,1,4,0,1476498330825,"true",0,1,"split"
"8538-2",0,0,0,1,0,7,0,1476498437341,"false",1,0,"split"
"8538-2",0,0,1,1,0,6,0,1476498387415,"true",0,1,"far"
"8538-2",0,1,1,0,1,9,0,1476498460314,"true",0,1,"split"
"8538-2",1,0,1,0,2,8,0,1476498446034,"true",0,1,"far"
"8538-2",1,0,0,0,2,39,0,1476499050406,"false",1,0,"close"
"8538-2",1,0,1,0,2,38,0,1476499038088,"true",0,1,"split"
"8538-2",0,1,1,0,1,11,0,1476498497416,"true",0,1,"close"
"8538-2",1,0,1,0,2,10,0,1476498467543,"true",0,1,"far"
"8538-2",1,0,1,0,2,13,0,1476498527941,"true",0,1,"split"
"8538-2",1,0,1,0,2,12,0,1476498507849,"true",0,1,"far"
"8538-2",0,1,2,0,1,15,1,1476498623004,"true",0,0,"far"
"8538-2",1,0,1,0,2,14,0,1476498612600,"true",0,1,"close"
"8538-2",0,0,0,1,0,17,0,1476498640778,"true",1,0,"far"
"8538-2",0,0,0,1,0,16,0,1476498632272,"true",1,0,"close"
"8538-2",0,1,1,0,1,19,0,1476498727505,"true",0,1,"close"
"8538-2",0,1,0,0,1,32,0,1476498920390,"true",1,0,"far"
"8538-2",0,0,2,1,0,31,1,1476498906513,"true",0,0,"split"
"8538-2",1,0,0,0,2,30,0,1476498889652,"false",1,0,"split"
"8538-2",0,1,1,0,1,37,0,1476499026244,"true",0,1,"split"
"8538-2",0,0,2,1,0,36,1,1476499013734,"true",0,0,"far"
"8538-2",0,1,2,0,1,35,1,1476499005948,"true",0,0,"close"
"8538-2",0,0,0,1,0,34,0,1476498957776,"false",1,0,"close"
"8538-2",0,0,0,1,0,33,0,1476498931482,"true",1,0,"far"
"8538-2",0,0,2,1,0,48,1,1476499148958,"true",0,0,"split"
"8538-2",0,1,0,0,1,50,0,1476499164644,"true",1,0,"close"
