"gameid","sClicked_2","sClicked_1","lClickedIndex","sClicked_0","sClickedIndex","roundNum","lClicked_2","time","outcome","lClicked_0","lClicked_1","condition"
"8547-9",0,0,1,1,0,42,0,1476991270773,"true",0,1,"far"
"8547-9",0,1,0,0,1,48,0,1476991341536,"true",1,0,"far"
"8547-9",0,0,2,1,0,43,1,1476991289075,"true",0,0,"close"
"8547-9",0,0,0,1,0,49,0,1476991362593,"true",1,0,"split"
"8547-9",1,0,2,0,2,24,1,1476990918788,"true",0,0,"split"
"8547-9",0,0,2,1,0,25,1,1476990955966,"true",0,0,"close"
"8547-9",1,0,0,0,2,26,0,1476990991133,"true",1,0,"split"
"8547-9",0,1,0,0,1,27,0,1476991012500,"true",1,0,"close"
"8547-9",1,0,0,0,2,20,0,1476990828620,"true",1,0,"close"
"8547-9",1,0,1,0,2,21,0,1476990857831,"true",0,1,"close"
"8547-9",0,1,1,0,1,22,0,1476990878886,"true",0,1,"split"
"8547-9",0,0,2,1,0,23,1,1476990887960,"true",0,0,"far"
"8547-9",1,0,2,0,2,46,1,1476991318979,"true",0,0,"far"
"8547-9",1,0,0,0,2,47,0,1476991333353,"true",1,0,"close"
"8547-9",0,0,0,1,0,44,0,1476991299376,"true",1,0,"close"
"8547-9",1,0,1,0,2,45,0,1476991312092,"true",0,1,"split"
"8547-9",0,1,1,0,1,28,0,1476991055954,"true",0,1,"far"
"8547-9",0,1,2,0,1,29,1,1476991070072,"false",0,0,"close"
"8547-9",0,0,2,1,0,40,1,1476991251099,"true",0,0,"split"
"8547-9",1,0,2,0,2,41,1,1476991263935,"true",0,0,"close"
"8547-9",0,1,1,0,1,1,0,1476990399094,"true",0,1,"close"
"8547-9",0,0,0,1,0,3,0,1476990426622,"true",1,0,"close"
"8547-9",0,0,2,1,0,2,1,1476990411806,"true",0,0,"far"
"8547-9",0,1,1,0,1,5,0,1476990460851,"true",0,1,"far"
"8547-9",0,0,2,1,0,4,1,1476990439962,"true",0,0,"far"
"8547-9",0,0,1,1,0,7,0,1476990498618,"false",0,1,"close"
"8547-9",1,0,0,0,2,6,0,1476990477958,"true",1,0,"far"
"8547-9",0,0,1,1,0,9,0,1476990547077,"false",0,1,"close"
"8547-9",0,1,0,0,1,8,0,1476990517011,"true",1,0,"far"
"8547-9",1,0,0,0,2,39,0,1476991239787,"true",1,0,"close"
"8547-9",1,0,2,0,2,38,1,1476991208699,"true",0,0,"split"
"8547-9",1,0,1,0,2,11,0,1476990577564,"true",0,1,"split"
"8547-9",0,0,2,1,0,10,1,1476990566734,"true",0,0,"split"
"8547-9",1,0,1,0,2,13,0,1476990625739,"true",0,1,"split"
"8547-9",1,0,2,0,2,12,1,1476990598317,"true",0,0,"far"
"8547-9",1,0,0,0,2,15,0,1476990674348,"true",1,0,"far"
"8547-9",1,0,0,0,2,14,0,1476990654909,"true",1,0,"split"
"8547-9",0,1,2,0,1,17,1,1476990728653,"true",0,0,"close"
"8547-9",1,0,2,0,2,16,1,1476990684616,"true",0,0,"split"
"8547-9",0,0,1,1,0,19,0,1476990777243,"true",0,1,"close"
"8547-9",0,0,1,1,0,18,0,1476990750316,"true",0,1,"far"
"8547-9",0,1,0,0,1,31,0,1476991116215,"true",1,0,"split"
"8547-9",0,0,2,1,0,30,1,1476991100543,"true",0,0,"close"
"8547-9",0,1,2,0,1,37,1,1476991197469,"true",0,0,"far"
"8547-9",0,0,2,1,0,36,1,1476991187445,"true",0,0,"split"
"8547-9",0,1,1,0,1,35,0,1476991166548,"true",0,1,"far"
"8547-9",0,0,1,1,0,34,0,1476991157059,"true",0,1,"far"
"8547-9",1,0,0,0,2,33,0,1476991145913,"true",1,0,"split"
"8547-9",0,0,1,1,0,32,0,1476991127745,"true",0,1,"far"
"8547-9",0,1,2,0,1,50,1,1476991379856,"true",0,0,"split"
