"gameid","sClicked_2","sClicked_1","lClickedIndex","sClicked_0","sClickedIndex","roundNum","lClicked_2","time","outcome","lClicked_0","lClicked_1","condition"
"8551-1",1,0,1,0,2,42,0,1476501503473,"true",0,1,"split"
"8551-1",1,0,0,0,2,48,0,1476501582660,"true",1,0,"far"
"8551-1",0,0,0,1,0,43,0,1476501521608,"false",1,0,"close"
"8551-1",1,0,2,0,2,49,1,1476501589786,"true",0,0,"far"
"8551-1",1,0,2,0,2,24,1,1476501287268,"true",0,0,"far"
"8551-1",1,0,2,0,2,25,1,1476501297070,"false",0,0,"far"
"8551-1",1,0,1,0,2,26,0,1476501309070,"true",0,1,"split"
"8551-1",0,1,1,0,1,27,0,1476501317739,"true",0,1,"far"
"8551-1",0,1,1,0,1,20,0,1476501248686,"true",0,1,"split"
"8551-1",0,0,1,1,0,21,0,1476501260340,"true",0,1,"split"
"8551-1",0,1,0,0,1,22,0,1476501269554,"true",1,0,"far"
"8551-1",0,1,0,0,1,23,0,1476501278351,"true",1,0,"split"
"8551-1",0,0,0,1,0,46,0,1476501565485,"true",1,0,"close"
"8551-1",0,1,1,0,1,47,0,1476501572817,"true",0,1,"far"
"8551-1",1,0,0,0,2,44,0,1476501538204,"true",1,0,"close"
"8551-1",0,1,1,0,1,45,0,1476501550596,"true",0,1,"close"
"8551-1",1,0,0,0,2,28,0,1476501330910,"true",1,0,"split"
"8551-1",1,0,2,0,2,29,1,1476501340374,"true",0,0,"split"
"8551-1",0,0,2,1,0,40,1,1476501488990,"true",0,0,"far"
"8551-1",1,0,2,0,2,41,1,1476501496042,"true",0,0,"far"
"8551-1",1,0,2,0,2,1,1,1476501017647,"true",0,0,"far"
"8551-1",0,1,2,0,1,3,1,1476501036326,"true",0,0,"far"
"8551-1",0,1,2,0,1,2,1,1476501028410,"true",0,0,"close"
"8551-1",0,1,2,0,1,5,1,1476501074164,"true",0,0,"far"
"8551-1",0,0,2,1,0,4,1,1476501059830,"true",0,0,"close"
"8551-1",0,0,0,1,0,7,0,1476501097506,"true",1,0,"close"
"8551-1",0,0,0,1,0,6,0,1476501082531,"true",1,0,"far"
"8551-1",1,0,2,0,2,9,1,1476501121336,"true",0,0,"split"
"8551-1",0,1,2,0,1,8,1,1476501114516,"true",0,0,"close"
"8551-1",0,1,0,0,1,39,0,1476501480642,"true",1,0,"close"
"8551-1",0,1,2,0,1,38,1,1476501467934,"true",0,0,"close"
"8551-1",0,1,1,0,1,11,0,1476501156520,"true",0,1,"far"
"8551-1",0,1,0,0,1,10,0,1476501145558,"true",1,0,"split"
"8551-1",1,0,1,0,2,13,0,1476501175356,"true",0,1,"far"
"8551-1",0,0,0,1,0,12,0,1476501165761,"true",1,0,"close"
"8551-1",1,0,1,0,2,15,0,1476501201890,"false",0,1,"far"
"8551-1",0,0,2,1,0,14,1,1476501188879,"true",0,0,"close"
"8551-1",0,0,0,1,0,17,0,1476501216814,"true",1,0,"split"
"8551-1",0,0,1,1,0,16,0,1476501209736,"true",0,1,"close"
"8551-1",1,0,2,0,2,19,1,1476501237401,"true",0,0,"close"
"8551-1",0,1,0,0,1,18,0,1476501227814,"true",1,0,"split"
"8551-1",0,1,1,0,1,31,0,1476501367770,"true",0,1,"split"
"8551-1",1,0,0,0,2,30,0,1476501353864,"true",1,0,"split"
"8551-1",0,1,0,0,1,37,0,1476501454185,"true",1,0,"split"
"8551-1",0,1,0,0,1,36,0,1476501447659,"true",1,0,"split"
"8551-1",1,0,1,0,2,35,0,1476501433220,"true",0,1,"close"
"8551-1",1,0,0,0,2,34,0,1476501404554,"true",1,0,"close"
"8551-1",0,1,0,0,1,33,0,1476501394516,"true",1,0,"far"
"8551-1",0,0,2,1,0,32,1,1476501382445,"true",0,0,"split"
"8551-1",0,1,0,0,1,50,0,1476501597882,"true",1,0,"split"
