"gameid","sClicked_2","sClicked_1","lClickedIndex","sClicked_0","sClickedIndex","roundNum","lClicked_2","time","outcome","lClicked_0","lClicked_1","condition"
"8557-6",0,1,2,0,1,42,1,1476999283757,"true",0,0,"far"
"8557-6",1,0,2,0,2,48,1,1476999355083,"true",0,0,"close"
"8557-6",0,1,1,0,1,43,0,1476999292273,"true",0,1,"split"
"8557-6",0,0,0,1,0,49,0,1476999365928,"true",1,0,"close"
"8557-6",0,1,2,0,1,24,1,1476999155501,"true",0,0,"far"
"8557-6",1,0,1,0,2,25,0,1476999164142,"true",0,1,"split"
"8557-6",0,0,1,1,0,26,0,1476999170031,"true",0,1,"close"
"8557-6",1,0,1,0,2,27,0,1476999175877,"true",0,1,"far"
"8557-6",0,1,0,0,1,20,0,1476999118751,"true",1,0,"close"
"8557-6",0,1,2,0,1,21,1,1476999126903,"true",0,0,"close"
"8557-6",0,0,2,1,0,22,1,1476999141642,"true",0,0,"split"
"8557-6",1,0,2,0,2,23,1,1476999149056,"true",0,0,"split"
"8557-6",0,0,2,1,0,46,1,1476999318102,"true",0,0,"split"
"8557-6",0,0,1,1,0,47,0,1476999343649,"false",0,1,"close"
"8557-6",0,1,2,0,1,44,1,1476999300347,"true",0,0,"split"
"8557-6",0,0,2,1,0,45,1,1476999307552,"true",0,0,"close"
"8557-6",0,0,0,1,0,28,0,1476999182036,"true",1,0,"split"
"8557-6",0,1,1,0,1,29,0,1476999188427,"true",0,1,"far"
"8557-6",0,0,0,1,0,40,0,1476999271092,"true",1,0,"far"
"8557-6",0,0,0,1,0,41,0,1476999277241,"true",1,0,"far"
"8557-6",0,1,1,0,1,1,0,1476998942037,"true",0,1,"close"
"8557-6",0,0,0,1,0,3,0,1476998969353,"true",1,0,"close"
"8557-6",0,0,1,1,0,2,0,1476998962495,"true",0,1,"split"
"8557-6",1,0,2,0,2,5,1,1476998984446,"true",0,0,"split"
"8557-6",1,0,2,0,2,4,1,1476998978271,"true",0,0,"split"
"8557-6",0,1,0,0,1,7,0,1476999012811,"true",1,0,"close"
"8557-6",0,1,2,0,1,6,1,1476998995106,"true",0,0,"split"
"8557-6",1,0,2,0,2,9,1,1476999024426,"true",0,0,"split"
"8557-6",0,1,2,0,1,8,1,1476999018492,"true",0,0,"far"
"8557-6",1,0,1,0,2,39,0,1476999264626,"true",0,1,"close"
"8557-6",1,0,0,0,2,38,0,1476999257622,"true",1,0,"far"
"8557-6",0,1,2,0,1,11,1,1476999042256,"true",0,0,"far"
"8557-6",0,1,1,0,1,10,0,1476999035352,"true",0,1,"close"
"8557-6",0,0,0,1,0,13,0,1476999064547,"false",1,0,"close"
"8557-6",0,1,0,0,1,12,0,1476999048251,"true",1,0,"far"
"8557-6",0,1,1,0,1,15,0,1476999080314,"true",0,1,"split"
"8557-6",0,1,2,0,1,14,1,1476999071958,"true",0,0,"far"
"8557-6",0,1,0,0,1,17,0,1476999097759,"true",1,0,"split"
"8557-6",0,1,0,0,1,16,0,1476999086428,"true",1,0,"far"
"8557-6",0,1,2,0,1,19,1,1476999111556,"true",0,0,"split"
"8557-6",1,0,0,0,2,18,0,1476999104241,"true",1,0,"split"
"8557-6",1,0,0,0,2,31,0,1476999208418,"true",1,0,"far"
"8557-6",0,0,0,1,0,30,0,1476999198676,"true",1,0,"close"
"8557-6",1,0,0,0,2,37,0,1476999251261,"true",1,0,"close"
"8557-6",1,0,2,0,2,36,1,1476999244069,"true",0,0,"far"
"8557-6",1,0,1,0,2,35,0,1476999236619,"true",0,1,"far"
"8557-6",0,1,2,0,1,34,1,1476999229593,"true",0,0,"split"
"8557-6",1,0,2,0,2,33,1,1476999223058,"true",0,0,"close"
"8557-6",1,0,1,0,2,32,0,1476999215036,"true",0,1,"far"
"8557-6",1,0,1,0,2,50,0,1476999374438,"true",0,1,"close"
