"gameid","sClicked_2","sClicked_1","lClickedIndex","sClicked_0","sClickedIndex","roundNum","lClicked_2","time","outcome","lClicked_0","lClicked_1","condition"
"8569-c",0,1,1,0,1,42,0,1476995672099,"true",0,1,"split"
"8569-c",0,1,1,0,1,48,0,1476995770392,"true",0,1,"close"
"8569-c",0,0,2,1,0,43,1,1476995679073,"true",0,0,"far"
"8569-c",0,1,1,0,1,49,0,1476995785968,"true",0,1,"split"
"8569-c",0,0,0,1,0,24,0,1476995380178,"true",1,0,"far"
"8569-c",1,0,0,0,2,25,0,1476995393038,"true",1,0,"split"
"8569-c",0,1,0,0,1,26,0,1476995411068,"true",1,0,"split"
"8569-c",0,0,0,1,0,27,0,1476995421808,"true",1,0,"close"
"8569-c",0,0,0,1,0,20,0,1476995336125,"true",1,0,"split"
"8569-c",0,0,2,1,0,21,1,1476995347231,"true",0,0,"split"
"8569-c",0,0,2,1,0,22,1,1476995362790,"true",0,0,"close"
"8569-c",0,0,2,1,0,23,1,1476995372692,"true",0,0,"far"
"8569-c",0,1,0,0,1,46,0,1476995722892,"true",1,0,"split"
"8569-c",0,0,0,1,0,47,0,1476995754982,"true",1,0,"split"
"8569-c",0,1,0,0,1,44,0,1476995687943,"true",1,0,"far"
"8569-c",0,1,0,0,1,45,0,1476995706993,"false",1,0,"close"
"8569-c",0,1,0,0,1,28,0,1476995429929,"true",1,0,"far"
"8569-c",0,0,0,1,0,29,0,1476995447200,"true",1,0,"split"
"8569-c",1,0,0,0,2,40,0,1476995645391,"false",1,0,"close"
"8569-c",1,0,2,0,2,41,1,1476995656304,"true",0,0,"split"
"8569-c",0,0,2,1,0,1,1,1476995094382,"true",0,0,"close"
"8569-c",1,0,1,0,2,3,0,1476995114651,"true",0,1,"far"
"8569-c",1,0,1,0,2,2,0,1476995101734,"true",0,1,"far"
"8569-c",1,0,0,0,2,5,0,1476995134514,"true",1,0,"far"
"8569-c",0,1,1,0,1,4,0,1476995121957,"true",0,1,"far"
"8569-c",0,1,2,0,1,7,1,1476995214521,"false",0,0,"close"
"8569-c",0,1,2,0,1,6,1,1476995150700,"true",0,0,"close"
"8569-c",0,0,2,1,0,9,1,1476995232074,"true",0,0,"close"
"8569-c",0,0,1,1,0,8,0,1476995224226,"true",0,1,"far"
"8569-c",0,1,1,0,1,39,0,1476995633424,"false",0,1,"close"
"8569-c",0,1,2,0,1,38,1,1476995591167,"true",0,0,"close"
"8569-c",0,0,1,1,0,11,0,1476995248606,"true",0,1,"split"
"8569-c",1,0,1,0,2,10,0,1476995239619,"true",0,1,"close"
"8569-c",0,1,1,0,1,13,0,1476995264009,"true",0,1,"far"
"8569-c",1,0,2,0,2,12,1,1476995256368,"true",0,0,"close"
"8569-c",0,1,0,0,1,15,0,1476995291184,"true",1,0,"split"
"8569-c",0,0,2,1,0,14,1,1476995283694,"false",0,0,"close"
"8569-c",1,0,2,0,2,17,1,1476995313493,"true",0,0,"split"
"8569-c",0,1,2,0,1,16,1,1476995298486,"true",0,0,"far"
"8569-c",0,0,1,1,0,19,0,1476995328698,"true",0,1,"far"
"8569-c",0,0,1,1,0,18,0,1476995321391,"true",0,1,"close"
"8569-c",0,0,2,1,0,31,1,1476995480946,"false",0,0,"split"
"8569-c",0,0,1,1,0,30,0,1476995464750,"true",0,1,"close"
"8569-c",0,0,2,1,0,37,1,1476995551434,"true",0,0,"far"
"8569-c",1,0,1,0,2,36,0,1476995538323,"true",0,1,"split"
"8569-c",1,0,2,0,2,35,1,1476995528481,"true",0,0,"split"
"8569-c",1,0,0,0,2,34,0,1476995520548,"true",1,0,"close"
"8569-c",0,0,1,1,0,33,0,1476995497400,"true",0,1,"far"
"8569-c",0,1,0,0,1,32,0,1476995489122,"true",1,0,"far"
"8569-c",0,1,0,0,1,50,0,1476995792901,"true",1,0,"far"
