"gameid","sClicked_2","sClicked_1","lClickedIndex","sClicked_0","sClickedIndex","roundNum","lClicked_2","time","outcome","lClicked_0","lClicked_1","condition"
"8571-7",0,0,1,1,0,42,0,1476490288843,"true",0,1,"far"
"8571-7",0,1,1,0,1,48,0,1476490347829,"true",0,1,"far"
"8571-7",1,0,0,0,2,43,0,1476490299009,"true",1,0,"far"
"8571-7",0,1,0,0,1,49,0,1476490366107,"true",1,0,"split"
"8571-7",0,1,0,0,1,24,0,1476490058504,"true",1,0,"far"
"8571-7",1,0,2,0,2,25,1,1476490067361,"true",0,0,"far"
"8571-7",0,1,1,0,1,26,0,1476490084581,"true",0,1,"split"
"8571-7",0,0,2,1,0,27,1,1476490093281,"true",0,0,"far"
"8571-7",0,0,1,1,0,20,0,1476490016219,"true",0,1,"far"
"8571-7",0,0,0,1,0,21,0,1476490028360,"true",1,0,"split"
"8571-7",0,0,1,1,0,22,0,1476490041208,"true",0,1,"split"
"8571-7",0,1,1,0,1,23,0,1476490050731,"true",0,1,"split"
"8571-7",0,1,1,0,1,46,0,1476490328808,"true",0,1,"close"
"8571-7",1,0,1,0,2,47,0,1476490337969,"true",0,1,"far"
"8571-7",1,0,2,0,2,44,1,1476490310446,"true",0,0,"close"
"8571-7",1,0,1,0,2,45,0,1476490318040,"true",0,1,"far"
"8571-7",0,0,0,1,0,28,0,1476490101608,"true",1,0,"far"
"8571-7",1,0,1,0,2,29,0,1476490112420,"false",0,1,"close"
"8571-7",0,1,0,0,1,40,0,1476490267787,"true",1,0,"split"
"8571-7",0,1,1,0,1,41,0,1476490277736,"true",0,1,"split"
"8571-7",0,0,0,1,0,1,0,1476489794609,"true",1,0,"split"
"8571-7",0,0,0,1,0,3,0,1476489814174,"false",1,0,"split"
"8571-7",0,0,1,1,0,2,0,1476489805355,"false",0,1,"split"
"8571-7",0,0,0,1,0,5,0,1476489838197,"true",1,0,"close"
"8571-7",0,0,2,1,0,4,1,1476489828766,"false",0,0,"far"
"8571-7",1,0,2,0,2,7,1,1476489859467,"true",0,0,"far"
"8571-7",1,0,2,0,2,6,1,1476489850414,"true",0,0,"close"
"8571-7",0,1,1,0,1,9,0,1476489880197,"true",0,1,"close"
"8571-7",1,0,1,0,2,8,0,1476489868376,"true",0,1,"close"
"8571-7",0,0,2,1,0,39,1,1476490253633,"true",0,0,"far"
"8571-7",0,1,0,0,1,38,0,1476490239154,"false",1,0,"close"
"8571-7",1,0,0,0,2,11,0,1476489900958,"true",1,0,"split"
"8571-7",0,1,1,0,1,10,0,1476489887969,"true",0,1,"far"
"8571-7",1,0,0,0,2,13,0,1476489935368,"true",1,0,"close"
"8571-7",0,0,1,1,0,12,0,1476489913336,"true",0,1,"close"
"8571-7",0,0,1,1,0,15,0,1476489953342,"true",0,1,"far"
"8571-7",0,0,0,1,0,14,0,1476489945173,"true",1,0,"far"
"8571-7",0,1,0,0,1,17,0,1476489986984,"false",1,0,"split"
"8571-7",0,0,1,1,0,16,0,1476489968568,"true",0,1,"close"
"8571-7",0,0,1,1,0,19,0,1476490009611,"true",0,1,"split"
"8571-7",1,0,2,0,2,18,1,1476489995758,"true",0,0,"close"
"8571-7",0,0,2,1,0,31,1,1476490133781,"true",0,0,"split"
"8571-7",0,1,1,0,1,30,0,1476490122139,"true",0,1,"close"
"8571-7",0,1,1,0,1,37,0,1476490216517,"true",0,1,"close"
"8571-7",0,0,0,1,0,36,0,1476490201246,"true",1,0,"close"
"8571-7",0,1,2,0,1,35,1,1476490188315,"true",0,0,"split"
"8571-7",1,0,0,0,2,34,0,1476490172971,"false",1,0,"close"
"8571-7",0,1,0,0,1,33,0,1476490156901,"true",1,0,"split"
"8571-7",1,0,1,0,2,32,0,1476490143486,"true",0,1,"close"
"8571-7",0,0,1,1,0,50,0,1476490374213,"true",0,1,"split"
