"gameid","sClicked_2","sClicked_1","lClickedIndex","sClicked_0","sClickedIndex","roundNum","lClicked_2","time","outcome","lClicked_0","lClicked_1","condition"
"8574-6",1,0,2,0,2,42,1,1476991907621,"true",0,0,"close"
"8574-6",0,0,2,1,0,48,1,1476991974419,"true",0,0,"far"
"8574-6",0,1,1,0,1,43,0,1476991918172,"true",0,1,"split"
"8574-6",1,0,1,0,2,49,0,1476991981061,"true",0,1,"split"
"8574-6",0,0,0,1,0,24,0,1476991717971,"true",1,0,"close"
"8574-6",1,0,2,0,2,25,1,1476991728340,"true",0,0,"close"
"8574-6",0,0,1,1,0,26,0,1476991738279,"true",0,1,"far"
"8574-6",0,0,2,1,0,27,1,1476991754422,"true",0,0,"far"
"8574-6",1,0,0,0,2,20,0,1476991675350,"true",1,0,"far"
"8574-6",1,0,2,0,2,21,1,1476991689459,"true",0,0,"split"
"8574-6",0,1,2,0,1,22,1,1476991698084,"true",0,0,"split"
"8574-6",0,0,1,1,0,23,0,1476991707307,"true",0,1,"far"
"8574-6",0,1,1,0,1,46,0,1476991958523,"true",0,1,"far"
"8574-6",0,1,1,0,1,47,0,1476991968445,"true",0,1,"far"
"8574-6",1,0,1,0,2,44,0,1476991941882,"true",0,1,"close"
"8574-6",0,1,1,0,1,45,0,1476991950777,"true",0,1,"close"
"8574-6",0,0,0,1,0,28,0,1476991763658,"true",1,0,"close"
"8574-6",1,0,1,0,2,29,0,1476991772628,"true",0,1,"close"
"8574-6",0,1,0,0,1,40,0,1476991892733,"true",1,0,"split"
"8574-6",0,0,1,1,0,41,0,1476991900141,"true",0,1,"close"
"8574-6",0,0,2,1,0,1,1,1476991381749,"true",0,0,"close"
"8574-6",0,0,2,1,0,3,1,1476991408756,"true",0,0,"split"
"8574-6",0,0,0,1,0,2,0,1476991392174,"true",1,0,"far"
"8574-6",1,0,0,0,2,5,0,1476991444863,"true",1,0,"split"
"8574-6",0,1,1,0,1,4,0,1476991423947,"true",0,1,"split"
"8574-6",0,1,2,0,1,7,1,1476991471649,"true",0,0,"close"
"8574-6",0,0,2,1,0,6,1,1476991452300,"true",0,0,"close"
"8574-6",0,0,1,1,0,9,0,1476991514566,"true",0,1,"split"
"8574-6",1,0,0,0,2,8,0,1476991501977,"true",1,0,"split"
"8574-6",0,0,2,1,0,39,1,1476991885022,"true",0,0,"far"
"8574-6",0,0,2,1,0,38,1,1476991876478,"true",0,0,"split"
"8574-6",0,1,0,0,1,11,0,1476991540972,"false",1,0,"far"
"8574-6",0,1,2,0,1,10,1,1476991527930,"true",0,0,"split"
"8574-6",1,0,2,0,2,13,1,1476991592627,"true",0,0,"split"
"8574-6",0,1,0,0,1,12,0,1476991580899,"true",1,0,"close"
"8574-6",0,0,2,1,0,15,1,1476991610932,"true",0,0,"far"
"8574-6",0,1,1,0,1,14,0,1476991600390,"true",0,1,"far"
"8574-6",0,1,1,0,1,17,0,1476991638315,"true",0,1,"split"
"8574-6",0,0,0,1,0,16,0,1476991619670,"true",1,0,"far"
"8574-6",0,1,0,0,1,19,0,1476991666770,"true",1,0,"close"
"8574-6",1,0,2,0,2,18,1,1476991649486,"false",0,0,"close"
"8574-6",1,0,0,0,2,31,0,1476991810888,"true",1,0,"split"
"8574-6",1,0,0,0,2,30,0,1476991791310,"true",1,0,"close"
"8574-6",0,1,2,0,1,37,1,1476991868412,"true",0,0,"far"
"8574-6",0,0,1,1,0,36,0,1476991860232,"true",0,1,"split"
"8574-6",0,0,0,1,0,35,0,1476991842260,"true",1,0,"close"
"8574-6",1,0,2,0,2,34,1,1476991833115,"true",0,0,"split"
"8574-6",1,0,1,0,2,33,0,1476991826740,"true",0,1,"far"
"8574-6",1,0,0,0,2,32,0,1476991818083,"true",1,0,"far"
"8574-6",1,0,1,0,2,50,0,1476991987553,"true",0,1,"far"
