"gameid","sClicked_2","sClicked_1","lClickedIndex","sClicked_0","sClickedIndex","roundNum","lClicked_2","time","outcome","lClicked_0","lClicked_1","condition"
"8578-5",0,1,0,0,1,48,0,1476482932223,"true",1,0,"close"
"8578-5",1,0,2,0,2,43,1,1476482845604,"true",0,0,"far"
"8578-5",1,0,2,0,2,24,1,1476482462594,"true",0,0,"far"
"8578-5",0,1,1,0,1,25,0,1476482472889,"true",0,1,"close"
"8578-5",0,0,0,1,0,26,0,1476482485470,"true",1,0,"close"
"8578-5",0,0,2,1,0,27,1,1476482513030,"true",0,0,"close"
"8578-5",0,0,0,1,0,20,0,1476482387037,"true",1,0,"close"
"8578-5",1,0,0,0,2,22,0,1476482432210,"true",1,0,"split"
"8578-5",0,1,0,0,1,23,0,1476482451669,"true",1,0,"close"
"8578-5",0,0,2,1,0,46,1,1476482897957,"true",0,0,"close"
"8578-5",0,1,1,0,1,47,0,1476482906469,"true",0,1,"far"
"8578-5",0,1,0,0,1,44,0,1476482856948,"true",1,0,"far"
"8578-5",0,0,0,1,0,45,0,1476482870302,"true",1,0,"split"
"8578-5",0,0,0,1,0,28,0,1476482524991,"true",1,0,"far"
"8578-5",1,0,1,0,2,29,0,1476482543590,"true",0,1,"split"
"8578-5",1,0,1,0,2,40,0,1476482795247,"true",0,1,"split"
"8578-5",0,0,2,1,0,41,1,1476482805836,"true",0,0,"far"
"8578-5",0,0,1,1,0,1,0,1476482059243,"false",0,1,"split"
"8578-5",0,1,2,0,1,3,1,1476482097555,"true",0,0,"close"
"8578-5",0,1,2,0,1,2,1,1476482079696,"true",0,0,"far"
"8578-5",0,0,1,1,0,5,0,1476482132662,"true",0,1,"far"
"8578-5",1,0,2,0,2,4,1,1476482119612,"true",0,0,"split"
"8578-5",0,1,1,0,1,7,0,1476482164027,"true",0,1,"split"
"8578-5",0,1,2,0,1,6,1,1476482151191,"true",0,0,"far"
"8578-5",1,0,0,0,2,9,0,1476482214094,"true",1,0,"close"
"8578-5",0,1,2,0,1,8,1,1476482190680,"true",0,0,"split"
"8578-5",0,1,0,0,1,39,0,1476482775664,"true",1,0,"far"
"8578-5",0,0,1,1,0,38,0,1476482765315,"true",0,1,"close"
"8578-5",1,0,1,0,2,11,0,1476482240923,"true",0,1,"far"
"8578-5",0,1,0,0,1,10,0,1476482231204,"true",1,0,"split"
"8578-5",1,0,0,0,2,13,0,1476482276243,"true",1,0,"far"
"8578-5",0,1,0,0,1,12,0,1476482258852,"true",1,0,"far"
"8578-5",0,0,0,1,0,15,0,1476482301307,"true",1,0,"far"
"8578-5",0,1,1,0,1,14,0,1476482291833,"true",0,1,"split"
"8578-5",1,0,1,0,2,17,0,1476482328082,"true",0,1,"far"
"8578-5",0,1,1,0,1,16,0,1476482317382,"true",0,1,"close"
"8578-5",0,0,1,1,0,19,0,1476482352073,"true",0,1,"far"
"8578-5",1,0,1,0,2,18,0,1476482341967,"true",0,1,"close"
"8578-5",0,0,0,1,0,31,0,1476482601093,"true",1,0,"split"
"8578-5",1,0,0,0,2,49,0,1476482947385,"true",1,0,"close"
"8578-5",0,1,1,0,1,37,0,1476482715126,"true",0,1,"split"
"8578-5",0,1,1,0,1,36,0,1476482701321,"true",0,1,"split"
"8578-5",0,0,0,1,0,35,0,1476482675710,"true",1,0,"split"
"8578-5",0,1,2,0,1,34,1,1476482661834,"true",0,0,"close"
"8578-5",1,0,0,0,2,33,0,1476482637328,"true",1,0,"split"
"8578-5",1,0,2,0,2,32,1,1476482617799,"true",0,0,"split"
"8578-5",0,1,2,0,1,50,1,1476482987183,"true",0,0,"split"
