"gameid","sClicked_2","sClicked_1","lClickedIndex","sClicked_0","sClickedIndex","roundNum","lClicked_2","time","outcome","lClicked_0","lClicked_1","condition"
"8580-e",0,1,2,0,1,42,1,1476989084567,"true",0,0,"far"
"8580-e",0,1,2,0,1,48,1,1476989172295,"true",0,0,"close"
"8580-e",1,0,1,0,2,43,0,1476989104550,"true",0,1,"split"
"8580-e",0,1,1,0,1,24,0,1476988725974,"true",0,1,"split"
"8580-e",0,0,0,1,0,25,0,1476988734894,"true",1,0,"far"
"8580-e",0,1,1,0,1,26,0,1476988810366,"true",0,1,"split"
"8580-e",0,1,2,0,1,27,1,1476988826531,"true",0,0,"split"
"8580-e",0,0,2,1,0,20,1,1476988590090,"true",0,0,"far"
"8580-e",0,0,2,1,0,21,1,1476988607497,"true",0,0,"far"
"8580-e",1,0,0,0,2,22,0,1476988622080,"true",1,0,"split"
"8580-e",0,1,2,0,1,49,1,1476989200290,"false",0,0,"close"
"8580-e",0,0,0,1,0,46,0,1476989136359,"true",1,0,"far"
"8580-e",0,1,1,0,1,47,0,1476989149955,"true",0,1,"far"
"8580-e",1,0,2,0,2,44,1,1476989121512,"true",0,0,"split"
"8580-e",1,0,0,0,2,45,0,1476989129720,"true",1,0,"far"
"8580-e",0,1,1,0,1,28,0,1476988838947,"true",0,1,"far"
"8580-e",0,0,0,1,0,29,0,1476988863845,"true",1,0,"close"
"8580-e",0,0,2,1,0,40,1,1476989057161,"true",0,0,"far"
"8580-e",1,0,0,0,2,41,0,1476989074180,"true",1,0,"split"
"8580-e",1,0,1,0,2,1,0,1476988320369,"true",0,1,"split"
"8580-e",0,0,0,1,0,3,0,1476988345039,"true",1,0,"far"
"8580-e",0,0,2,1,0,2,1,1476988336104,"true",0,0,"split"
"8580-e",0,1,2,0,1,5,1,1476988362907,"true",0,0,"split"
"8580-e",1,0,0,0,2,4,0,1476988355125,"true",1,0,"far"
"8580-e",1,0,2,0,2,7,1,1476988386775,"true",0,0,"far"
"8580-e",1,0,0,0,2,6,0,1476988378856,"true",1,0,"close"
"8580-e",0,1,1,0,1,9,0,1476988400465,"true",0,1,"close"
"8580-e",0,1,2,0,1,8,1,1476988393510,"true",0,0,"far"
"8580-e",0,0,1,1,0,39,0,1476989049965,"false",0,1,"split"
"8580-e",0,0,0,1,0,38,0,1476989034554,"false",1,0,"close"
"8580-e",1,0,0,0,2,11,0,1476988427846,"true",1,0,"close"
"8580-e",1,0,0,0,2,10,0,1476988410510,"true",1,0,"split"
"8580-e",0,0,2,1,0,13,1,1476988460194,"true",0,0,"split"
"8580-e",0,1,0,0,1,12,0,1476988436980,"true",1,0,"close"
"8580-e",0,1,0,0,1,15,0,1476988505400,"true",1,0,"far"
"8580-e",1,0,1,0,2,14,0,1476988496529,"true",0,1,"close"
"8580-e",1,0,1,0,2,17,0,1476988534741,"true",0,1,"far"
"8580-e",1,0,1,0,2,16,0,1476988521536,"true",0,1,"close"
"8580-e",0,0,1,1,0,19,0,1476988572888,"true",0,1,"close"
"8580-e",0,1,0,0,1,18,0,1476988557135,"true",1,0,"split"
"8580-e",1,0,1,0,2,31,0,1476988909455,"true",0,1,"split"
"8580-e",0,0,1,1,0,30,0,1476988886620,"true",0,1,"close"
"8580-e",0,0,1,1,0,37,0,1476989006562,"true",0,1,"close"
"8580-e",1,0,2,0,2,36,1,1476988989377,"true",0,0,"far"
"8580-e",1,0,0,0,2,35,0,1476988975541,"true",1,0,"close"
"8580-e",1,0,2,0,2,34,1,1476988950019,"true",0,0,"close"
"8580-e",0,1,1,0,1,33,0,1476988932470,"true",0,1,"close"
"8580-e",1,0,2,0,2,32,1,1476988917029,"true",0,0,"far"
"8580-e",0,1,2,0,1,50,1,1476989219462,"true",0,0,"split"
