"gameid","sClicked_2","sClicked_1","lClickedIndex","sClicked_0","sClickedIndex","roundNum","lClicked_2","time","outcome","lClicked_0","lClicked_1","condition"
"8584-1",0,1,0,0,1,42,0,1476467754636,"true",1,0,"close"
"8584-1",1,0,1,0,2,48,0,1476467948072,"true",0,1,"split"
"8584-1",0,0,0,1,0,43,0,1476467782019,"true",1,0,"far"
"8584-1",0,1,0,0,1,49,0,1476467960774,"true",1,0,"split"
"8584-1",0,0,2,1,0,24,1,1476467259000,"true",0,0,"far"
"8584-1",0,1,1,0,1,25,0,1476467269246,"false",0,1,"split"
"8584-1",0,0,2,1,0,26,1,1476467300707,"false",0,0,"close"
"8584-1",1,0,2,0,2,27,1,1476467336079,"true",0,0,"close"
"8584-1",0,1,2,0,1,20,1,1476467201085,"true",0,0,"split"
"8584-1",1,0,2,0,2,21,1,1476467210903,"true",0,0,"far"
"8584-1",0,1,2,0,1,22,1,1476467228985,"true",0,0,"close"
"8584-1",0,0,1,1,0,23,0,1476467239351,"true",0,1,"far"
"8584-1",1,0,0,0,2,46,0,1476467867740,"true",1,0,"split"
"8584-1",0,1,2,0,1,47,1,1476467907635,"true",0,0,"split"
"8584-1",0,0,1,1,0,44,0,1476467792088,"true",0,1,"far"
"8584-1",0,0,1,1,0,45,0,1476467827891,"true",0,1,"close"
"8584-1",1,0,1,0,2,28,0,1476467343737,"true",0,1,"split"
"8584-1",0,0,1,1,0,29,0,1476467398284,"true",0,1,"split"
"8584-1",0,0,2,1,0,40,1,1476467704171,"true",0,0,"split"
"8584-1",0,1,1,0,1,41,0,1476467746745,"true",0,1,"close"
"8584-1",0,0,1,1,0,1,0,1476466731869,"false",0,1,"close"
"8584-1",0,1,1,0,1,3,0,1476466754175,"true",0,1,"close"
"8584-1",1,0,1,0,2,2,0,1476466741713,"true",0,1,"far"
"8584-1",0,0,2,1,0,5,1,1476466772168,"true",0,0,"far"
"8584-1",0,1,2,0,1,4,1,1476466764004,"true",0,0,"far"
"8584-1",0,1,1,0,1,7,0,1476466822355,"true",0,1,"far"
"8584-1",0,1,1,0,1,6,0,1476466815285,"true",0,1,"split"
"8584-1",1,0,1,0,2,9,0,1476466854738,"true",0,1,"split"
"8584-1",0,1,1,0,1,8,0,1476466831836,"true",0,1,"split"
"8584-1",1,0,1,0,2,39,0,1476467685050,"true",0,1,"close"
"8584-1",0,1,2,0,1,38,1,1476467646328,"false",0,0,"split"
"8584-1",0,1,1,0,1,11,0,1476466882224,"true",0,1,"split"
"8584-1",1,0,0,0,2,10,0,1476466862193,"true",1,0,"split"
"8584-1",0,1,0,0,1,13,0,1476467020026,"true",1,0,"close"
"8584-1",0,0,1,1,0,12,0,1476466900025,"true",0,1,"close"
"8584-1",1,0,2,0,2,15,1,1476467126838,"true",0,0,"close"
"8584-1",1,0,0,0,2,14,0,1476467054779,"true",1,0,"close"
"8584-1",0,0,0,1,0,17,0,1476467146236,"true",1,0,"far"
"8584-1",1,0,1,0,2,16,0,1476467136456,"true",0,1,"split"
"8584-1",1,0,0,0,2,19,0,1476467190393,"true",1,0,"split"
"8584-1",0,0,2,1,0,18,1,1476467157749,"true",0,0,"far"
"8584-1",0,0,1,1,0,31,0,1476467422072,"true",0,1,"far"
"8584-1",1,0,2,0,2,30,1,1476467411057,"true",0,0,"far"
"8584-1",1,0,0,0,2,37,0,1476467613715,"false",1,0,"close"
"8584-1",1,0,0,0,2,36,0,1476467496167,"true",1,0,"far"
"8584-1",0,1,2,0,1,35,1,1476467487234,"true",0,0,"far"
"8584-1",0,1,2,0,1,34,1,1476467468320,"true",0,0,"close"
"8584-1",1,0,2,0,2,33,1,1476467457603,"true",0,0,"close"
"8584-1",1,0,0,0,2,32,0,1476467435045,"true",1,0,"close"
"8584-1",0,0,0,1,0,50,0,1476467992961,"true",1,0,"far"
