"gameid","sClicked_2","sClicked_1","lClickedIndex","sClicked_0","sClickedIndex","roundNum","lClicked_2","time","outcome","lClicked_0","lClicked_1","condition"
"8589-7",1,0,1,0,2,42,0,1476468879276,"true",0,1,"close"
"8589-7",0,1,1,0,1,48,0,1476468980058,"true",0,1,"close"
"8589-7",1,0,1,0,2,43,0,1476468906311,"true",0,1,"close"
"8589-7",0,1,0,0,1,49,0,1476468991666,"true",1,0,"close"
"8589-7",0,1,1,0,1,24,0,1476468583914,"true",0,1,"split"
"8589-7",1,0,0,0,2,25,0,1476468602029,"true",1,0,"far"
"8589-7",0,0,0,1,0,26,0,1476468612718,"true",1,0,"split"
"8589-7",1,0,2,0,2,27,1,1476468621966,"true",0,0,"far"
"8589-7",0,0,0,1,0,20,0,1476468509039,"true",1,0,"far"
"8589-7",0,1,1,0,1,21,0,1476468517689,"true",0,1,"far"
"8589-7",0,1,0,0,1,22,0,1476468551046,"false",1,0,"close"
"8589-7",0,0,0,1,0,23,0,1476468569768,"false",1,0,"close"
"8589-7",0,1,0,0,1,46,0,1476468962311,"true",1,0,"split"
"8589-7",0,1,0,0,1,47,0,1476468970346,"true",1,0,"far"
"8589-7",0,1,2,0,1,44,1,1476468913919,"true",0,0,"far"
"8589-7",0,1,2,0,1,45,1,1476468946556,"true",0,0,"close"
"8589-7",0,0,2,1,0,28,1,1476468641000,"true",0,0,"split"
"8589-7",0,1,1,0,1,29,0,1476468661475,"true",0,1,"split"
"8589-7",0,1,2,0,1,40,1,1476468834037,"true",0,0,"close"
"8589-7",0,0,1,1,0,41,0,1476468849167,"true",0,1,"split"
"8589-7",1,0,2,0,2,1,1,1476468304168,"true",0,0,"split"
"8589-7",0,1,1,0,1,3,0,1476468346436,"true",0,1,"close"
"8589-7",0,1,2,0,1,2,1,1476468327011,"true",0,0,"close"
"8589-7",0,0,0,1,0,5,0,1476468363747,"true",1,0,"close"
"8589-7",1,0,0,0,2,4,0,1476468354945,"true",1,0,"far"
"8589-7",0,0,2,1,0,7,1,1476468377804,"true",0,0,"far"
"8589-7",1,0,0,0,2,6,0,1476468370712,"true",1,0,"far"
"8589-7",0,0,1,1,0,9,0,1476468401311,"true",0,1,"close"
"8589-7",0,0,0,1,0,8,0,1476468385381,"true",1,0,"far"
"8589-7",0,1,1,0,1,39,0,1476468821227,"true",0,1,"close"
"8589-7",0,1,1,0,1,38,0,1476468780190,"true",0,1,"split"
"8589-7",0,1,0,0,1,11,0,1476468417217,"true",1,0,"far"
"8589-7",1,0,2,0,2,10,1,1476468408290,"true",0,0,"far"
"8589-7",0,0,1,1,0,13,0,1476468442061,"true",0,1,"split"
"8589-7",0,1,0,0,1,12,0,1476468431740,"false",1,0,"split"
"8589-7",0,1,2,0,1,15,1,1476468461017,"true",0,0,"split"
"8589-7",0,1,0,0,1,14,0,1476468449630,"true",1,0,"far"
"8589-7",0,1,2,0,1,17,1,1476468483570,"true",0,0,"close"
"8589-7",1,0,1,0,2,16,0,1476468472626,"true",0,1,"far"
"8589-7",0,0,1,1,0,19,0,1476468501990,"true",0,1,"close"
"8589-7",0,1,0,0,1,18,0,1476468493589,"true",1,0,"split"
"8589-7",1,0,2,0,2,31,1,1476468683407,"true",0,0,"split"
"8589-7",0,1,2,0,1,30,1,1476468672829,"true",0,0,"split"
"8589-7",0,1,0,0,1,37,0,1476468771469,"true",1,0,"far"
"8589-7",0,1,2,0,1,36,1,1476468764674,"true",0,0,"split"
"8589-7",0,0,1,1,0,35,0,1476468754147,"true",0,1,"far"
"8589-7",0,1,2,0,1,34,1,1476468741628,"false",0,0,"split"
"8589-7",0,0,1,1,0,33,0,1476468727677,"true",0,1,"close"
"8589-7",0,0,0,1,0,32,0,1476468699578,"true",1,0,"close"
"8589-7",0,0,2,1,0,50,1,1476468997996,"true",0,0,"far"
