"gameid","sClicked_2","sClicked_1","lClickedIndex","sClicked_0","sClickedIndex","roundNum","lClicked_2","time","outcome","lClicked_0","lClicked_1","condition"
"8595-6",1,0,1,0,2,42,0,1476992861892,"true",0,1,"split"
"8595-6",0,0,2,1,0,48,1,1476992960634,"true",0,0,"split"
"8595-6",1,0,0,0,2,43,0,1476992875522,"true",1,0,"far"
"8595-6",1,0,2,0,2,49,1,1476992982889,"true",0,0,"split"
"8595-6",1,0,1,0,2,24,0,1476992483706,"true",0,1,"close"
"8595-6",1,0,2,0,2,25,1,1476992494739,"true",0,0,"close"
"8595-6",1,0,0,0,2,26,0,1476992523665,"false",1,0,"close"
"8595-6",1,0,2,0,2,27,1,1476992552708,"true",0,0,"far"
"8595-6",0,1,0,0,1,20,0,1476992417400,"true",1,0,"split"
"8595-6",0,1,0,0,1,21,0,1476992426397,"true",1,0,"far"
"8595-6",0,1,0,0,1,22,0,1476992434419,"true",1,0,"far"
"8595-6",0,0,2,1,0,23,1,1476992445636,"true",0,0,"split"
"8595-6",0,1,0,0,1,46,0,1476992918868,"true",1,0,"far"
"8595-6",1,0,2,0,2,47,1,1476992927869,"true",0,0,"split"
"8595-6",0,1,1,0,1,44,0,1476992894702,"true",0,1,"split"
"8595-6",1,0,2,0,2,45,1,1476992909625,"true",0,0,"split"
"8595-6",1,0,2,0,2,28,1,1476992561929,"true",0,0,"far"
"8595-6",0,1,0,0,1,29,0,1476992575693,"true",1,0,"far"
"8595-6",1,0,1,0,2,40,0,1476992764703,"false",0,1,"close"
"8595-6",0,0,1,1,0,41,0,1476992839892,"true",0,1,"split"
"8595-6",0,1,2,0,1,1,1,1476992066939,"true",0,0,"split"
"8595-6",0,0,0,1,0,3,0,1476992105126,"false",1,0,"close"
"8595-6",1,0,0,0,2,2,0,1476992079656,"true",1,0,"split"
"8595-6",0,1,0,0,1,5,0,1476992147457,"true",1,0,"close"
"8595-6",0,0,2,1,0,4,1,1476992133653,"true",0,0,"split"
"8595-6",0,1,0,0,1,7,0,1476992202668,"true",1,0,"close"
"8595-6",0,0,2,1,0,6,1,1476992183438,"true",0,0,"close"
"8595-6",0,0,0,1,0,9,0,1476992226954,"true",1,0,"close"
"8595-6",0,0,2,1,0,8,1,1476992216222,"true",0,0,"far"
"8595-6",0,1,1,0,1,39,0,1476992737304,"true",0,1,"far"
"8595-6",1,0,2,0,2,38,1,1476992729558,"true",0,0,"far"
"8595-6",1,0,2,0,2,11,1,1476992244540,"true",0,0,"far"
"8595-6",1,0,1,0,2,10,0,1476992236370,"true",0,1,"close"
"8595-6",0,0,2,1,0,13,1,1476992276330,"true",0,0,"far"
"8595-6",0,0,0,1,0,12,0,1476992268028,"false",1,0,"close"
"8595-6",1,0,0,0,2,15,0,1476992311681,"true",1,0,"close"
"8595-6",1,0,0,0,2,14,0,1476992285017,"true",1,0,"far"
"8595-6",0,1,2,0,1,17,1,1476992353341,"true",0,0,"close"
"8595-6",1,0,2,0,2,16,1,1476992331049,"true",0,0,"split"
"8595-6",0,0,0,1,0,19,0,1476992390284,"true",1,0,"split"
"8595-6",0,1,2,0,1,18,1,1476992368921,"true",0,0,"split"
"8595-6",0,0,1,1,0,31,0,1476992625596,"true",0,1,"close"
"8595-6",0,1,1,0,1,30,0,1476992610048,"true",0,1,"close"
"8595-6",0,1,2,0,1,37,1,1476992722979,"true",0,0,"split"
"8595-6",1,0,1,0,2,36,0,1476992713728,"true",0,1,"far"
"8595-6",1,0,1,0,2,35,0,1476992705210,"false",0,1,"split"
"8595-6",1,0,1,0,2,34,0,1476992668735,"true",0,1,"far"
"8595-6",0,1,0,0,1,33,0,1476992658943,"true",1,0,"close"
"8595-6",0,1,0,0,1,32,0,1476992633110,"true",1,0,"far"
"8595-6",0,1,1,0,1,50,0,1476992990684,"true",0,1,"far"
