"gameid","sClicked_2","sClicked_1","lClickedIndex","sClicked_0","sClickedIndex","roundNum","lClicked_2","time","outcome","lClicked_0","lClicked_1","condition"
"8636-b",1,0,1,0,2,42,0,1476998135563,"true",0,1,"far"
"8636-b",1,0,2,0,2,48,1,1476998210958,"true",0,0,"far"
"8636-b",1,0,2,0,2,43,1,1476998149237,"true",0,0,"split"
"8636-b",1,0,0,0,2,49,0,1476998229817,"true",1,0,"close"
"8636-b",1,0,2,0,2,24,1,1476997818123,"true",0,0,"split"
"8636-b",0,1,0,0,1,25,0,1476997833044,"true",1,0,"close"
"8636-b",1,0,2,0,2,26,1,1476997853400,"true",0,0,"far"
"8636-b",0,0,0,1,0,27,0,1476997862541,"true",1,0,"far"
"8636-b",0,0,0,1,0,20,0,1476997762968,"true",1,0,"close"
"8636-b",1,0,1,0,2,21,0,1476997793912,"true",0,1,"close"
"8636-b",0,1,0,0,1,22,0,1476997801684,"true",1,0,"split"
"8636-b",0,1,0,0,1,23,0,1476997809422,"true",1,0,"far"
"8636-b",0,0,2,1,0,46,1,1476998191427,"false",0,0,"close"
"8636-b",0,0,0,1,0,47,0,1476998201208,"true",1,0,"split"
"8636-b",1,0,0,0,2,44,0,1476998156632,"true",1,0,"far"
"8636-b",0,0,0,1,0,45,0,1476998178832,"true",1,0,"split"
"8636-b",0,0,2,1,0,28,1,1476997875813,"true",0,0,"split"
"8636-b",0,1,1,0,1,29,0,1476997884348,"true",0,1,"close"
"8636-b",1,0,0,0,2,40,0,1476998116243,"true",1,0,"far"
"8636-b",1,0,1,0,2,41,0,1476998128449,"true",0,1,"close"
"8636-b",0,0,2,1,0,1,1,1476997310982,"true",0,0,"split"
"8636-b",1,0,1,0,2,3,0,1476997385791,"true",0,1,"split"
"8636-b",0,1,1,0,1,2,0,1476997366684,"true",0,1,"close"
"8636-b",0,0,2,1,0,5,1,1476997405479,"true",0,0,"far"
"8636-b",0,1,1,0,1,4,0,1476997398165,"true",0,1,"close"
"8636-b",1,0,0,0,2,7,0,1476997451967,"true",1,0,"close"
"8636-b",1,0,1,0,2,6,0,1476997433954,"true",0,1,"split"
"8636-b",0,1,0,0,1,9,0,1476997493713,"true",1,0,"split"
"8636-b",0,1,2,0,1,8,1,1476997481411,"true",0,0,"split"
"8636-b",1,0,1,0,2,39,0,1476998106837,"true",0,1,"close"
"8636-b",0,0,0,1,0,38,0,1476998094814,"true",1,0,"far"
"8636-b",0,0,2,1,0,11,1,1476997535836,"true",0,0,"far"
"8636-b",1,0,1,0,2,10,0,1476997501057,"true",0,1,"far"
"8636-b",1,0,0,0,2,13,0,1476997629437,"true",1,0,"close"
"8636-b",0,1,1,0,1,12,0,1476997565591,"false",0,1,"close"
"8636-b",0,1,2,0,1,15,1,1476997677557,"true",0,0,"close"
"8636-b",0,0,2,1,0,14,1,1476997665493,"true",0,0,"split"
"8636-b",0,0,0,1,0,17,0,1476997704522,"true",1,0,"split"
"8636-b",1,0,1,0,2,16,0,1476997692797,"false",0,1,"split"
"8636-b",0,0,0,1,0,19,0,1476997739460,"false",1,0,"close"
"8636-b",0,0,1,1,0,18,0,1476997713080,"true",0,1,"far"
"8636-b",0,1,0,0,1,31,0,1476997943498,"true",1,0,"far"
"8636-b",1,0,1,0,2,30,0,1476997933335,"true",0,1,"far"
"8636-b",0,1,1,0,1,37,0,1476998072494,"false",0,1,"split"
"8636-b",0,1,2,0,1,36,1,1476998022406,"false",0,0,"far"
"8636-b",0,0,2,1,0,35,1,1476998008343,"true",0,0,"close"
"8636-b",1,0,1,0,2,34,0,1476997978264,"true",0,1,"split"
"8636-b",0,1,1,0,1,33,0,1476997964162,"true",0,1,"far"
"8636-b",0,0,1,1,0,32,0,1476997953998,"true",0,1,"far"
"8636-b",1,0,0,0,2,50,0,1476998239041,"true",1,0,"split"
