"gameid","sClicked_2","sClicked_1","lClickedIndex","sClicked_0","sClickedIndex","roundNum","lClicked_2","time","outcome","lClicked_0","lClicked_1","condition"
"8642-0",1,0,1,0,2,42,0,1476994252257,"true",0,1,"close"
"8642-0",1,0,1,0,2,48,0,1476994320617,"true",0,1,"far"
"8642-0",0,1,0,0,1,43,0,1476994258880,"true",1,0,"far"
"8642-0",0,0,0,1,0,49,0,1476994340414,"true",1,0,"split"
"8642-0",0,1,2,0,1,24,1,1476994055600,"true",0,0,"split"
"8642-0",1,0,2,0,2,25,1,1476994062565,"true",0,0,"split"
"8642-0",0,0,1,1,0,26,0,1476994069637,"true",0,1,"far"
"8642-0",1,0,2,0,2,27,1,1476994082614,"true",0,0,"close"
"8642-0",0,0,1,1,0,20,0,1476994024210,"true",0,1,"close"
"8642-0",0,1,1,0,1,21,0,1476994033065,"true",0,1,"split"
"8642-0",0,1,2,0,1,22,1,1476994042012,"true",0,0,"far"
"8642-0",0,1,0,0,1,23,0,1476994047822,"true",1,0,"far"
"8642-0",0,1,2,0,1,46,1,1476994294758,"true",0,0,"far"
"8642-0",0,1,0,0,1,47,0,1476994313539,"true",1,0,"split"
"8642-0",0,0,0,1,0,44,0,1476994279761,"true",1,0,"close"
"8642-0",0,0,2,1,0,45,1,1476994288357,"true",0,0,"far"
"8642-0",1,0,2,0,2,28,1,1476994091955,"true",0,0,"close"
"8642-0",0,0,2,1,0,29,1,1476994098402,"true",0,0,"far"
"8642-0",0,0,2,1,0,40,1,1476994221219,"true",0,0,"far"
"8642-0",1,0,1,0,2,41,0,1476994237013,"true",0,1,"split"
"8642-0",0,0,1,1,0,1,0,1476993835186,"true",0,1,"split"
"8642-0",0,0,1,1,0,3,0,1476993860953,"true",0,1,"close"
"8642-0",1,0,2,0,2,2,1,1476993848636,"true",0,0,"close"
"8642-0",0,0,0,1,0,5,0,1476993879584,"false",1,0,"close"
"8642-0",0,1,2,0,1,4,1,1476993870620,"true",0,0,"split"
"8642-0",0,1,2,0,1,7,1,1476993905240,"true",0,0,"close"
"8642-0",0,0,1,1,0,6,0,1476993886900,"true",0,1,"far"
"8642-0",0,1,0,0,1,9,0,1476993931083,"true",1,0,"close"
"8642-0",0,0,1,1,0,8,0,1476993920701,"true",0,1,"split"
"8642-0",1,0,2,0,2,39,1,1476994214893,"true",0,0,"close"
"8642-0",1,0,1,0,2,38,0,1476994201415,"true",0,1,"split"
"8642-0",0,0,1,1,0,11,0,1476993947245,"true",0,1,"split"
"8642-0",0,1,0,0,1,10,0,1476993939369,"true",1,0,"split"
"8642-0",1,0,2,0,2,13,1,1476993959234,"true",0,0,"far"
"8642-0",0,0,1,1,0,12,0,1476993952998,"true",0,1,"split"
"8642-0",0,0,1,1,0,15,0,1476993972269,"true",0,1,"far"
"8642-0",0,0,2,1,0,14,1,1476993965206,"true",0,0,"far"
"8642-0",0,1,0,0,1,17,0,1476993992667,"true",1,0,"far"
"8642-0",0,1,1,0,1,16,0,1476993978875,"true",0,1,"split"
"8642-0",0,1,0,0,1,19,0,1476994015873,"true",1,0,"close"
"8642-0",1,0,0,0,2,18,0,1476994009089,"true",1,0,"close"
"8642-0",1,0,0,0,2,31,0,1476994120761,"true",1,0,"far"
"8642-0",1,0,2,0,2,30,1,1476994112100,"true",0,0,"close"
"8642-0",0,0,1,1,0,37,0,1476994189053,"false",0,1,"close"
"8642-0",0,0,0,1,0,36,0,1476994179018,"true",1,0,"far"
"8642-0",1,0,1,0,2,35,0,1476994173293,"false",0,1,"split"
"8642-0",0,0,1,1,0,34,0,1476994160956,"true",0,1,"far"
"8642-0",0,0,1,1,0,33,0,1476994149754,"false",0,1,"split"
"8642-0",1,0,1,0,2,32,0,1476994134139,"false",0,1,"close"
"8642-0",1,0,2,0,2,50,1,1476994353543,"true",0,0,"close"
