"gameid","sClicked_2","sClicked_1","lClickedIndex","sClicked_0","sClickedIndex","roundNum","lClicked_2","time","outcome","lClicked_0","lClicked_1","condition"
"8659-4",1,0,2,0,2,42,1,1476487638375,"true",0,0,"split"
"8659-4",0,1,0,0,1,48,0,1476487729249,"true",1,0,"split"
"8659-4",0,0,1,1,0,43,0,1476487646063,"true",0,1,"far"
"8659-4",0,0,0,1,0,49,0,1476487740969,"true",1,0,"close"
"8659-4",0,1,1,0,1,24,0,1476487431786,"true",0,1,"split"
"8659-4",0,1,2,0,1,25,1,1476487438821,"true",0,0,"far"
"8659-4",1,0,2,0,2,26,1,1476487449219,"true",0,0,"close"
"8659-4",0,0,1,1,0,27,0,1476487461132,"true",0,1,"far"
"8659-4",0,0,1,1,0,20,0,1476487370754,"true",0,1,"close"
"8659-4",0,1,2,0,1,21,1,1476487391218,"true",0,0,"far"
"8659-4",0,0,2,1,0,22,1,1476487398708,"true",0,0,"far"
"8659-4",1,0,0,0,2,23,0,1476487414387,"true",1,0,"split"
"8659-4",0,0,1,1,0,46,0,1476487688048,"false",0,1,"split"
"8659-4",1,0,0,0,2,47,0,1476487709960,"true",1,0,"split"
"8659-4",0,1,1,0,1,44,0,1476487659263,"false",0,1,"close"
"8659-4",0,1,1,0,1,45,0,1476487672687,"true",0,1,"close"
"8659-4",0,0,2,1,0,28,1,1476487476700,"true",0,0,"far"
"8659-4",0,1,1,0,1,29,0,1476487488173,"true",0,1,"split"
"8659-4",0,1,2,0,1,40,1,1476487606902,"true",0,0,"close"
"8659-4",0,0,1,1,0,41,0,1476487623127,"true",0,1,"close"
"8659-4",1,0,0,0,2,1,0,1476487116815,"true",1,0,"close"
"8659-4",0,0,0,1,0,3,0,1476487145207,"true",1,0,"split"
"8659-4",0,1,1,0,1,2,0,1476487129998,"true",0,1,"close"
"8659-4",0,0,1,1,0,5,0,1476487167038,"true",0,1,"split"
"8659-4",0,0,2,1,0,4,1,1476487154247,"true",0,0,"far"
"8659-4",0,1,2,0,1,7,1,1476487195870,"true",0,0,"far"
"8659-4",1,0,0,0,2,6,0,1476487183143,"false",1,0,"split"
"8659-4",0,1,2,0,1,9,1,1476487218367,"true",0,0,"close"
"8659-4",0,1,2,0,1,8,1,1476487207128,"true",0,0,"split"
"8659-4",1,0,1,0,2,39,0,1476487598830,"true",0,1,"far"
"8659-4",0,1,1,0,1,38,0,1476487590615,"true",0,1,"split"
"8659-4",0,0,1,1,0,11,0,1476487246592,"true",0,1,"far"
"8659-4",0,0,2,1,0,10,1,1476487227561,"true",0,0,"split"
"8659-4",0,0,0,1,0,13,0,1476487270280,"false",1,0,"close"
"8659-4",0,0,2,1,0,12,1,1476487255856,"true",0,0,"split"
"8659-4",0,1,2,0,1,15,1,1476487296336,"true",0,0,"far"
"8659-4",0,1,1,0,1,14,0,1476487280728,"true",0,1,"far"
"8659-4",0,0,1,1,0,17,0,1476487323329,"false",0,1,"close"
"8659-4",0,1,2,0,1,16,1,1476487308065,"true",0,0,"close"
"8659-4",0,1,1,0,1,19,0,1476487350898,"true",0,1,"split"
"8659-4",0,0,2,1,0,18,1,1476487341379,"true",0,0,"close"
"8659-4",0,0,2,1,0,31,1,1476487507301,"true",0,0,"far"
"8659-4",0,1,2,0,1,30,1,1476487498772,"true",0,0,"close"
"8659-4",1,0,0,0,2,37,0,1476487574919,"true",1,0,"close"
"8659-4",0,1,2,0,1,36,1,1476487562141,"true",0,0,"far"
"8659-4",0,1,1,0,1,35,0,1476487550254,"true",0,1,"far"
"8659-4",0,1,0,0,1,34,0,1476487540157,"true",1,0,"far"
"8659-4",0,1,2,0,1,33,1,1476487530342,"true",0,0,"split"
"8659-4",0,0,0,1,0,32,0,1476487517541,"true",1,0,"far"
"8659-4",1,0,0,0,2,50,0,1476487753409,"true",1,0,"close"
