"gameid","sClicked_2","sClicked_1","lClickedIndex","sClicked_0","sClickedIndex","roundNum","lClicked_2","time","outcome","lClicked_0","lClicked_1","condition"
"8663-3",0,0,1,1,0,42,0,1476504636219,"true",0,1,"close"
"8663-3",1,0,2,0,2,48,1,1476504716992,"true",0,0,"close"
"8663-3",1,0,1,0,2,43,0,1476504652644,"true",0,1,"far"
"8663-3",0,1,0,0,1,49,0,1476504811878,"true",1,0,"close"
"8663-3",0,1,1,0,1,24,0,1476504415543,"true",0,1,"split"
"8663-3",0,0,0,1,0,25,0,1476504424974,"true",1,0,"close"
"8663-3",0,0,0,1,0,26,0,1476504434301,"true",1,0,"far"
"8663-3",0,0,1,1,0,27,0,1476504443532,"true",0,1,"close"
"8663-3",0,1,1,0,1,20,0,1476504366350,"true",0,1,"far"
"8663-3",0,0,1,1,0,21,0,1476504379537,"false",0,1,"close"
"8663-3",0,0,0,1,0,22,0,1476504386317,"true",1,0,"far"
"8663-3",0,1,2,0,1,23,1,1476504397819,"true",0,0,"split"
"8663-3",1,0,2,0,2,46,1,1476504686822,"true",0,0,"far"
"8663-3",1,0,2,0,2,47,1,1476504696254,"true",0,0,"far"
"8663-3",0,0,2,1,0,44,1,1476504662580,"true",0,0,"split"
"8663-3",1,0,1,0,2,45,0,1476504673135,"true",0,1,"far"
"8663-3",0,0,0,1,0,28,0,1476504458267,"true",1,0,"far"
"8663-3",0,0,2,1,0,29,1,1476504465699,"true",0,0,"close"
"8663-3",1,0,0,0,2,40,0,1476504586441,"false",1,0,"split"
"8663-3",0,1,0,0,1,41,0,1476504611891,"true",1,0,"split"
"8663-3",0,0,2,1,0,1,1,1476504014888,"true",0,0,"far"
"8663-3",1,0,2,0,2,3,1,1476504078611,"false",0,0,"close"
"8663-3",0,0,1,1,0,2,0,1476504063612,"true",0,1,"split"
"8663-3",1,0,0,0,2,5,0,1476504104909,"true",1,0,"split"
"8663-3",0,1,0,0,1,4,0,1476504091267,"true",1,0,"far"
"8663-3",1,0,0,0,2,7,0,1476504138457,"false",1,0,"far"
"8663-3",0,1,1,0,1,6,0,1476504111300,"true",0,1,"far"
"8663-3",1,0,1,0,2,9,0,1476504188496,"false",0,1,"split"
"8663-3",1,0,2,0,2,8,1,1476504171889,"true",0,0,"close"
"8663-3",0,0,1,1,0,39,0,1476504576098,"true",0,1,"far"
"8663-3",0,0,1,1,0,38,0,1476504570349,"true",0,1,"far"
"8663-3",0,1,2,0,1,11,1,1476504206470,"true",0,0,"close"
"8663-3",0,1,1,0,1,10,0,1476504197200,"true",0,1,"split"
"8663-3",0,0,1,1,0,13,0,1476504234898,"false",0,1,"close"
"8663-3",0,1,0,0,1,12,0,1476504218448,"true",1,0,"close"
"8663-3",0,1,2,0,1,15,1,1476504272654,"false",0,0,"close"
"8663-3",0,0,2,1,0,14,1,1476504244430,"true",0,0,"split"
"8663-3",0,1,1,0,1,17,0,1476504313649,"true",0,1,"close"
"8663-3",1,0,0,0,2,16,0,1476504289485,"true",1,0,"split"
"8663-3",1,0,2,0,2,19,1,1476504346298,"true",0,0,"split"
"8663-3",0,1,1,0,1,18,0,1476504334431,"true",0,1,"split"
"8663-3",0,1,1,0,1,31,0,1476504479861,"true",0,1,"split"
"8663-3",1,0,2,0,2,30,1,1476504472690,"true",0,0,"close"
"8663-3",0,0,2,1,0,37,1,1476504563460,"true",0,0,"split"
"8663-3",1,0,1,0,2,36,0,1476504554810,"true",0,1,"far"
"8663-3",0,0,2,1,0,35,1,1476504546021,"true",0,0,"far"
"8663-3",1,0,0,0,2,34,0,1476504533901,"true",1,0,"split"
"8663-3",1,0,0,0,2,33,0,1476504505979,"true",1,0,"close"
"8663-3",0,1,0,0,1,32,0,1476504491349,"true",1,0,"split"
"8663-3",0,0,0,1,0,50,0,1476504887950,"false",1,0,"close"
