"gameid","sClicked_2","sClicked_1","lClickedIndex","sClicked_0","sClickedIndex","roundNum","lClicked_2","time","outcome","lClicked_0","lClicked_1","condition"
"8680-3",0,1,1,0,1,42,0,1476990588969,"true",0,1,"close"
"8680-3",1,0,2,0,2,48,1,1476990646306,"true",0,0,"split"
"8680-3",0,1,1,0,1,43,0,1476990598218,"true",0,1,"far"
"8680-3",0,0,2,1,0,49,1,1476990659508,"true",0,0,"split"
"8680-3",1,0,0,0,2,24,0,1476990405809,"true",1,0,"close"
"8680-3",1,0,2,0,2,25,1,1476990415437,"true",0,0,"close"
"8680-3",1,0,1,0,2,26,0,1476990424746,"true",0,1,"split"
"8680-3",1,0,1,0,2,27,0,1476990439315,"true",0,1,"close"
"8680-3",0,0,0,1,0,20,0,1476990362260,"true",1,0,"far"
"8680-3",0,1,2,0,1,21,1,1476990375632,"true",0,0,"close"
"8680-3",1,0,1,0,2,22,0,1476990388632,"true",0,1,"far"
"8680-3",1,0,2,0,2,23,1,1476990397107,"true",0,0,"split"
"8680-3",0,0,2,1,0,46,1,1476990628712,"true",0,0,"far"
"8680-3",0,1,2,0,1,47,1,1476990635195,"true",0,0,"close"
"8680-3",1,0,1,0,2,44,0,1476990605586,"true",0,1,"far"
"8680-3",0,1,1,0,1,45,0,1476990619747,"true",0,1,"split"
"8680-3",1,0,2,0,2,28,1,1476990451918,"true",0,0,"split"
"8680-3",1,0,2,0,2,29,1,1476990460870,"true",0,0,"split"
"8680-3",1,0,2,0,2,40,1,1476990563608,"true",0,0,"far"
"8680-3",1,0,0,0,2,41,0,1476990580560,"true",1,0,"far"
"8680-3",0,1,2,0,1,1,1,1476990143778,"true",0,0,"split"
"8680-3",0,1,2,0,1,3,1,1476990163472,"true",0,0,"split"
"8680-3",0,0,0,1,0,2,0,1476990151888,"true",1,0,"far"
"8680-3",0,1,2,0,1,5,1,1476990183009,"true",0,0,"far"
"8680-3",0,0,0,1,0,4,0,1476990171336,"true",1,0,"far"
"8680-3",0,0,0,1,0,7,0,1476990209456,"true",1,0,"close"
"8680-3",0,1,2,0,1,6,1,1476990199676,"true",0,0,"close"
"8680-3",1,0,0,0,2,9,0,1476990240019,"true",1,0,"close"
"8680-3",1,0,1,0,2,8,0,1476990229599,"true",0,1,"far"
"8680-3",1,0,0,0,2,39,0,1476990555035,"true",1,0,"split"
"8680-3",0,1,0,0,1,38,0,1476990548452,"true",1,0,"split"
"8680-3",1,0,2,0,2,11,1,1476990260971,"false",0,0,"close"
"8680-3",0,1,2,0,1,10,1,1476990249614,"true",0,0,"split"
"8680-3",1,0,2,0,2,13,1,1476990286375,"true",0,0,"close"
"8680-3",0,1,1,0,1,12,0,1476990270619,"false",0,1,"split"
"8680-3",1,0,1,0,2,15,0,1476990303630,"true",0,1,"far"
"8680-3",0,1,1,0,1,14,0,1476990295393,"true",0,1,"split"
"8680-3",0,0,1,1,0,17,0,1476990324330,"true",0,1,"far"
"8680-3",1,0,2,0,2,16,1,1476990311728,"true",0,0,"close"
"8680-3",0,0,1,1,0,19,0,1476990347427,"false",0,1,"close"
"8680-3",1,0,1,0,2,18,0,1476990335928,"true",0,1,"far"
"8680-3",0,0,2,1,0,31,1,1476990481393,"true",0,0,"close"
"8680-3",1,0,0,0,2,30,0,1476990470707,"true",1,0,"split"
"8680-3",0,1,2,0,1,37,1,1476990540270,"true",0,0,"far"
"8680-3",0,1,1,0,1,36,0,1476990532902,"true",0,1,"split"
"8680-3",0,0,0,1,0,35,0,1476990523612,"true",1,0,"far"
"8680-3",0,0,2,1,0,34,1,1476990516427,"true",0,0,"close"
"8680-3",0,1,1,0,1,33,0,1476990509688,"true",0,1,"close"
"8680-3",0,0,2,1,0,32,1,1476990497844,"false",0,0,"split"
"8680-3",0,0,0,1,0,50,0,1476990667817,"true",1,0,"far"
