"gameid","sClicked_2","sClicked_1","lClickedIndex","sClicked_0","sClickedIndex","roundNum","lClicked_2","time","outcome","lClicked_0","lClicked_1","condition"
"8695-0",0,1,2,0,1,42,1,1476991078159,"true",0,0,"far"
"8695-0",1,0,1,0,2,48,0,1476991267403,"true",0,1,"split"
"8695-0",0,1,1,0,1,43,0,1476991088919,"true",0,1,"far"
"8695-0",0,1,2,0,1,49,1,1476991351729,"true",0,0,"close"
"8695-0",1,0,1,0,2,24,0,1476990462713,"true",0,1,"close"
"8695-0",0,0,0,1,0,25,0,1476990496464,"true",1,0,"close"
"8695-0",1,0,1,0,2,26,0,1476990540508,"true",0,1,"close"
"8695-0",1,0,2,0,2,27,1,1476990580748,"true",0,0,"close"
"8695-0",1,0,0,0,2,20,0,1476990369933,"true",1,0,"far"
"8695-0",0,1,0,0,1,21,0,1476990391270,"true",1,0,"far"
"8695-0",0,1,1,0,1,22,0,1476990402270,"true",0,1,"far"
"8695-0",0,0,0,1,0,23,0,1476990424128,"true",1,0,"split"
"8695-0",0,0,1,1,0,46,0,1476991237556,"true",0,1,"close"
"8695-0",0,1,0,0,1,47,0,1476991255785,"true",1,0,"split"
"8695-0",0,0,0,1,0,44,0,1476991113710,"true",1,0,"far"
"8695-0",0,1,0,0,1,45,0,1476991214505,"true",1,0,"close"
"8695-0",0,0,1,1,0,28,0,1476990601406,"true",0,1,"split"
"8695-0",0,0,1,1,0,29,0,1476990612387,"true",0,1,"far"
"8695-0",0,1,2,0,1,40,1,1476991054984,"true",0,0,"close"
"8695-0",0,0,2,1,0,41,1,1476991067492,"true",0,0,"split"
"8695-0",0,0,0,1,0,1,0,1476989929568,"true",1,0,"close"
"8695-0",0,0,1,1,0,3,0,1476989964937,"true",0,1,"split"
"8695-0",0,0,0,1,0,2,0,1476989949373,"true",1,0,"close"
"8695-0",0,0,1,1,0,5,0,1476989995643,"true",0,1,"close"
"8695-0",1,0,2,0,2,4,1,1476989976689,"true",0,0,"far"
"8695-0",1,0,2,0,2,7,1,1476990025441,"true",0,0,"split"
"8695-0",1,0,2,0,2,6,1,1476990009746,"true",0,0,"far"
"8695-0",1,0,0,0,2,9,0,1476990072387,"true",1,0,"far"
"8695-0",0,0,2,1,0,8,1,1476990059055,"true",0,0,"close"
"8695-0",0,1,0,0,1,39,0,1476991007139,"true",1,0,"far"
"8695-0",0,0,2,1,0,38,1,1476990992988,"true",0,0,"far"
"8695-0",1,0,0,0,2,11,0,1476990129852,"true",1,0,"split"
"8695-0",0,1,1,0,1,10,0,1476990112509,"true",0,1,"close"
"8695-0",0,1,0,0,1,13,0,1476990169531,"true",1,0,"close"
"8695-0",1,0,2,0,2,12,1,1476990147044,"true",0,0,"split"
"8695-0",0,0,0,1,0,15,0,1476990216452,"true",1,0,"far"
"8695-0",0,1,0,0,1,14,0,1476990195341,"true",1,0,"split"
"8695-0",0,1,1,0,1,17,0,1476990272884,"false",0,1,"split"
"8695-0",0,1,1,0,1,16,0,1476990248581,"true",0,1,"split"
"8695-0",1,0,2,0,2,19,1,1476990328779,"true",0,0,"split"
"8695-0",0,0,0,1,0,18,0,1476990314917,"true",1,0,"split"
"8695-0",0,0,2,1,0,31,1,1476990692053,"true",0,0,"far"
"8695-0",0,0,0,1,0,30,0,1476990624043,"true",1,0,"far"
"8695-0",0,0,1,1,0,37,0,1476990941631,"true",0,1,"split"
"8695-0",1,0,1,0,2,36,0,1476990840848,"true",0,1,"split"
"8695-0",0,1,1,0,1,35,0,1476990818859,"true",0,1,"split"
"8695-0",0,1,1,0,1,34,0,1476990801266,"true",0,1,"close"
"8695-0",0,1,2,0,1,33,1,1476990758016,"true",0,0,"close"
"8695-0",0,0,0,1,0,32,0,1476990720387,"true",1,0,"far"
"8695-0",1,0,1,0,2,50,0,1476991389562,"true",0,1,"far"
