"gameid","sClicked_2","sClicked_1","lClickedIndex","sClicked_0","sClickedIndex","roundNum","lClicked_2","time","outcome","lClicked_0","lClicked_1","condition"
"8719-a",0,0,2,1,0,42,1,1476988927214,"true",0,0,"far"
"8719-a",0,0,1,1,0,48,0,1476989084600,"true",0,1,"close"
"8719-a",0,1,0,0,1,43,0,1476988946740,"true",1,0,"split"
"8719-a",1,0,1,0,2,49,0,1476989117769,"true",0,1,"far"
"8719-a",1,0,2,0,2,24,1,1476988557952,"false",0,0,"split"
"8719-a",1,0,0,0,2,25,0,1476988566687,"true",1,0,"close"
"8719-a",0,0,2,1,0,26,1,1476988612359,"true",0,0,"close"
"8719-a",1,0,1,0,2,27,0,1476988638930,"true",0,1,"close"
"8719-a",0,1,2,0,1,20,1,1476988453409,"true",0,0,"close"
"8719-a",1,0,0,0,2,21,0,1476988476283,"true",1,0,"split"
"8719-a",0,0,0,1,0,22,0,1476988484748,"true",1,0,"split"
"8719-a",1,0,1,0,2,23,0,1476988496347,"true",0,1,"far"
"8719-a",0,1,0,0,1,46,0,1476989028173,"true",1,0,"close"
"8719-a",0,1,1,0,1,47,0,1476989040919,"true",0,1,"close"
"8719-a",0,1,2,0,1,44,1,1476988992989,"true",0,0,"close"
"8719-a",0,0,1,1,0,45,0,1476989002645,"true",0,1,"far"
"8719-a",0,1,2,0,1,28,1,1476988658757,"true",0,0,"split"
"8719-a",0,1,0,0,1,29,0,1476988672493,"true",1,0,"split"
"8719-a",0,1,1,0,1,40,0,1476988873053,"true",0,1,"far"
"8719-a",0,0,2,1,0,41,1,1476988910479,"true",0,0,"close"
"8719-a",1,0,0,0,2,1,0,1476988155882,"true",1,0,"close"
"8719-a",0,0,2,1,0,3,1,1476988195557,"true",0,0,"far"
"8719-a",0,0,1,1,0,2,0,1476988174997,"false",0,1,"split"
"8719-a",0,0,1,1,0,5,0,1476988217042,"true",0,1,"far"
"8719-a",0,0,2,1,0,4,1,1476988210392,"true",0,0,"far"
"8719-a",0,1,1,0,1,7,0,1476988231515,"true",0,1,"split"
"8719-a",0,1,1,0,1,6,0,1476988224648,"true",0,1,"far"
"8719-a",1,0,2,0,2,9,1,1476988245948,"true",0,0,"split"
"8719-a",1,0,1,0,2,8,0,1476988237409,"true",0,1,"far"
"8719-a",1,0,0,0,2,39,0,1476988865931,"true",1,0,"far"
"8719-a",0,1,1,0,1,38,0,1476988859391,"false",0,1,"split"
"8719-a",0,0,0,1,0,11,0,1476988293712,"true",1,0,"split"
"8719-a",0,0,2,1,0,10,1,1476988279382,"true",0,0,"close"
"8719-a",0,0,1,1,0,13,0,1476988336302,"true",0,1,"split"
"8719-a",1,0,2,0,2,12,1,1476988328450,"true",0,0,"split"
"8719-a",0,1,0,0,1,15,0,1476988359745,"true",1,0,"far"
"8719-a",1,0,2,0,2,14,1,1476988351730,"true",0,0,"split"
"8719-a",0,1,1,0,1,17,0,1476988410647,"true",0,1,"far"
"8719-a",1,0,2,0,2,16,1,1476988403232,"true",0,0,"close"
"8719-a",0,0,1,1,0,19,0,1476988443907,"true",0,1,"split"
"8719-a",1,0,2,0,2,18,1,1476988420888,"true",0,0,"far"
"8719-a",1,0,2,0,2,31,1,1476988692399,"true",0,0,"split"
"8719-a",0,0,0,1,0,30,0,1476988678940,"true",1,0,"far"
"8719-a",0,1,1,0,1,37,0,1476988846153,"true",0,1,"far"
"8719-a",0,1,2,0,1,36,1,1476988840680,"true",0,0,"split"
"8719-a",1,0,0,0,2,35,0,1476988833095,"true",1,0,"close"
"8719-a",0,0,0,1,0,34,0,1476988808587,"true",1,0,"close"
"8719-a",0,1,2,0,1,33,1,1476988788123,"true",0,0,"close"
"8719-a",0,0,1,1,0,32,0,1476988737452,"true",0,1,"close"
"8719-a",0,0,0,1,0,50,0,1476989123809,"true",1,0,"far"
