"gameid","sClicked_2","sClicked_1","lClickedIndex","sClicked_0","sClickedIndex","roundNum","lClicked_2","time","outcome","lClicked_0","lClicked_1","condition"
"8727-a",0,1,0,0,1,42,0,1476488604479,"false",1,0,"split"
"8727-a",1,0,2,0,2,48,1,1476488736323,"true",0,0,"far"
"8727-a",0,0,0,1,0,43,0,1476488620164,"true",1,0,"far"
"8727-a",0,1,2,0,1,49,1,1476488746884,"true",0,0,"close"
"8727-a",0,1,0,0,1,24,0,1476488192135,"true",1,0,"far"
"8727-a",0,1,2,0,1,25,1,1476488210145,"true",0,0,"split"
"8727-a",0,1,1,0,1,27,0,1476488259015,"true",0,1,"far"
"8727-a",1,0,0,0,2,20,0,1476488091884,"true",1,0,"close"
"8727-a",0,1,1,0,1,21,0,1476488110425,"true",0,1,"far"
"8727-a",1,0,2,0,2,22,1,1476488133464,"true",0,0,"close"
"8727-a",1,0,2,0,2,23,1,1476488182855,"true",0,0,"far"
"8727-a",0,1,2,0,1,46,1,1476488666287,"true",0,0,"far"
"8727-a",0,0,2,1,0,47,1,1476488724964,"true",0,0,"close"
"8727-a",0,0,0,1,0,44,0,1476488647754,"true",1,0,"close"
"8727-a",1,0,0,0,2,45,0,1476488655264,"true",1,0,"far"
"8727-a",1,0,2,0,2,28,1,1476488291484,"false",0,0,"split"
"8727-a",1,0,2,0,2,29,1,1476488311264,"true",0,0,"split"
"8727-a",0,1,1,0,1,40,0,1476488511699,"false",0,1,"close"
"8727-a",0,1,2,0,1,41,1,1476488547015,"true",0,0,"split"
"8727-a",1,0,2,0,2,1,1,1476487638526,"true",0,0,"close"
"8727-a",0,0,2,1,0,3,1,1476487657895,"true",0,0,"split"
"8727-a",0,0,2,1,0,2,1,1476487648181,"true",0,0,"close"
"8727-a",1,0,1,0,2,5,0,1476487710333,"true",0,1,"split"
"8727-a",0,0,2,1,0,4,1,1476487667974,"true",0,0,"close"
"8727-a",0,1,2,0,1,7,1,1476487735027,"true",0,0,"close"
"8727-a",1,0,2,0,2,6,1,1476487721646,"true",0,0,"split"
"8727-a",0,1,2,0,1,9,1,1476487765246,"true",0,0,"close"
"8727-a",0,0,2,1,0,8,1,1476487742656,"true",0,0,"far"
"8727-a",0,1,1,0,1,39,0,1476488468603,"true",0,1,"far"
"8727-a",0,0,0,1,0,38,0,1476488456171,"true",1,0,"split"
"8727-a",0,0,0,1,0,11,0,1476487854783,"true",1,0,"split"
"8727-a",1,0,2,0,2,10,1,1476487843218,"true",0,0,"split"
"8727-a",0,0,0,1,0,13,0,1476487893984,"true",1,0,"split"
"8727-a",0,1,0,0,1,12,0,1476487862316,"true",1,0,"far"
"8727-a",0,0,1,1,0,15,0,1476487929875,"true",0,1,"split"
"8727-a",1,0,2,0,2,14,1,1476487901704,"true",0,0,"far"
"8727-a",1,0,2,0,2,17,1,1476487960625,"true",0,0,"close"
"8727-a",1,0,2,0,2,16,1,1476487948284,"true",0,0,"split"
"8727-a",0,1,2,0,1,19,1,1476487998803,"true",0,0,"split"
"8727-a",0,1,1,0,1,18,0,1476487973845,"true",0,1,"far"
"8727-a",0,0,1,1,0,31,0,1476488345005,"true",0,1,"far"
"8727-a",1,0,2,0,2,30,1,1476488324844,"true",0,0,"close"
"8727-a",0,0,1,1,0,37,0,1476488445794,"true",0,1,"close"
"8727-a",0,0,2,1,0,36,1,1476488430384,"true",0,0,"split"
"8727-a",0,0,1,1,0,35,0,1476488413636,"true",0,1,"far"
"8727-a",1,0,0,0,2,34,0,1476488406805,"true",1,0,"far"
"8727-a",0,0,0,1,0,33,0,1476488397156,"true",1,0,"close"
"8727-a",1,0,2,0,2,32,1,1476488371845,"true",0,0,"close"
"8727-a",1,0,1,0,2,50,0,1476488775434,"true",0,1,"far"
