"gameid","sClicked_2","sClicked_1","lClickedIndex","sClicked_0","sClickedIndex","roundNum","lClicked_2","time","outcome","lClicked_0","lClicked_1","condition"
"8730-c",0,1,1,0,1,42,0,1459891873188,"true",0,1,"close"
"8730-c",0,1,0,0,1,48,0,1459891976985,"true",1,0,"split"
"8730-c",1,0,0,0,2,43,0,1459891885760,"true",1,0,"split"
"8730-c",0,1,2,0,1,49,1,1459891989431,"false",0,0,"split"
"8730-c",0,0,2,1,0,24,1,1459891646121,"true",0,0,"split"
"8730-c",1,0,2,0,2,25,1,1459891660373,"true",0,0,"split"
"8730-c",0,1,0,0,1,26,0,1459891677222,"true",1,0,"split"
"8730-c",0,1,0,0,1,27,0,1459891689680,"true",1,0,"split"
"8730-c",0,0,0,1,0,20,0,1459891578904,"true",1,0,"far"
"8730-c",0,0,1,1,0,21,0,1459891594975,"false",0,1,"close"
"8730-c",0,0,0,1,0,22,0,1459891624872,"true",1,0,"close"
"8730-c",0,1,2,0,1,23,1,1459891635210,"true",0,0,"split"
"8730-c",0,0,1,1,0,46,0,1459891943507,"true",0,1,"close"
"8730-c",1,0,2,0,2,47,1,1459891960238,"false",0,0,"close"
"8730-c",1,0,2,0,2,44,1,1459891916979,"true",0,0,"split"
"8730-c",1,0,2,0,2,45,1,1459891931766,"true",0,0,"split"
"8730-c",0,1,1,0,1,28,0,1459891705620,"true",0,1,"close"
"8730-c",1,0,0,0,2,29,0,1459891720145,"false",1,0,"close"
"8730-c",0,1,2,0,1,40,1,1459891840454,"true",0,0,"far"
"8730-c",1,0,1,0,2,41,0,1459891848269,"true",0,1,"far"
"8730-c",0,1,0,0,1,1,0,1459891298054,"false",1,0,"close"
"8730-c",0,0,2,1,0,3,1,1459891349316,"true",0,0,"split"
"8730-c",1,0,1,0,2,2,0,1459891321148,"true",0,1,"close"
"8730-c",0,0,0,1,0,5,0,1459891382147,"true",1,0,"far"
"8730-c",0,0,1,1,0,4,0,1459891366176,"true",0,1,"far"
"8730-c",1,0,1,0,2,7,0,1459891407185,"true",0,1,"close"
"8730-c",1,0,0,0,2,6,0,1459891392682,"true",1,0,"far"
"8730-c",1,0,1,0,2,9,0,1459891434814,"true",0,1,"split"
"8730-c",1,0,0,0,2,8,0,1459891417214,"true",1,0,"far"
"8730-c",1,0,2,0,2,39,1,1459891825748,"false",0,0,"close"
"8730-c",0,0,2,1,0,38,1,1459891814393,"true",0,0,"far"
"8730-c",0,1,0,0,1,11,0,1459891460201,"true",1,0,"close"
"8730-c",1,0,0,0,2,10,0,1459891449669,"true",1,0,"close"
"8730-c",0,0,2,1,0,13,1,1459891478141,"true",0,0,"split"
"8730-c",0,1,0,0,1,12,0,1459891467150,"true",1,0,"far"
"8730-c",1,0,1,0,2,15,0,1459891504688,"true",0,1,"close"
"8730-c",1,0,1,0,2,14,0,1459891490815,"true",0,1,"split"
"8730-c",1,0,2,0,2,17,1,1459891523671,"true",0,0,"far"
"8730-c",0,1,0,0,1,16,0,1459891514285,"true",1,0,"far"
"8730-c",1,0,1,0,2,19,0,1459891569422,"true",0,1,"split"
"8730-c",0,1,0,0,1,18,0,1459891552392,"true",1,0,"close"
"8730-c",0,1,2,0,1,31,1,1459891739420,"true",0,0,"split"
"8730-c",0,1,2,0,1,30,1,1459891730865,"true",0,0,"far"
"8730-c",0,1,1,0,1,37,0,1459891805970,"true",0,1,"far"
"8730-c",0,1,2,0,1,36,1,1459891795779,"true",0,0,"close"
"8730-c",0,0,2,1,0,35,1,1459891785504,"true",0,0,"close"
"8730-c",0,0,0,1,0,34,0,1459891774214,"true",1,0,"far"
"8730-c",0,1,1,0,1,33,0,1459891765075,"true",0,1,"far"
"8730-c",1,0,2,0,2,32,1,1459891749215,"true",0,0,"far"
"8730-c",0,0,0,1,0,50,0,1459891997810,"true",1,0,"far"
