"gameid","sClicked_2","sClicked_1","lClickedIndex","sClicked_0","sClickedIndex","roundNum","lClicked_2","time","outcome","lClicked_0","lClicked_1","condition"
"8757-5",1,0,2,0,2,42,1,1459898287822,"true",0,0,"far"
"8757-5",0,1,0,0,1,48,0,1459898376997,"true",1,0,"split"
"8757-5",0,1,1,0,1,43,0,1459898308201,"true",0,1,"split"
"8757-5",0,1,2,0,1,49,1,1459898394948,"true",0,0,"split"
"8757-5",0,0,2,1,0,24,1,1459897910681,"false",0,0,"close"
"8757-5",0,0,1,1,0,25,0,1459897927448,"true",0,1,"far"
"8757-5",0,0,2,1,0,26,1,1459897949150,"false",0,0,"close"
"8757-5",1,0,2,0,2,27,1,1459897975086,"true",0,0,"close"
"8757-5",1,0,1,0,2,20,0,1459897819129,"true",0,1,"split"
"8757-5",0,1,1,0,1,21,0,1459897833648,"true",0,1,"far"
"8757-5",0,0,1,1,0,22,0,1459897874249,"true",0,1,"close"
"8757-5",0,0,2,1,0,23,1,1459897896661,"true",0,0,"far"
"8757-5",1,0,2,0,2,46,1,1459898337791,"true",0,0,"far"
"8757-5",1,0,0,0,2,47,0,1459898360542,"true",1,0,"close"
"8757-5",1,0,0,0,2,44,0,1459898319890,"true",1,0,"close"
"8757-5",0,1,1,0,1,45,0,1459898327744,"true",0,1,"far"
"8757-5",0,0,2,1,0,28,1,1459897991649,"false",0,0,"split"
"8757-5",0,0,1,1,0,29,0,1459898031704,"true",0,1,"far"
"8757-5",0,0,1,1,0,40,0,1459898239441,"true",0,1,"close"
"8757-5",0,0,2,1,0,41,1,1459898270323,"false",0,0,"split"
"8757-5",0,0,1,1,0,1,0,1459897141454,"true",0,1,"split"
"8757-5",1,0,2,0,2,3,1,1459897182910,"true",0,0,"split"
"8757-5",1,0,1,0,2,2,0,1459897162361,"false",0,1,"split"
"8757-5",0,0,2,1,0,5,1,1459897247471,"true",0,0,"split"
"8757-5",1,0,1,0,2,4,0,1459897231671,"true",0,1,"close"
"8757-5",1,0,0,0,2,7,0,1459897309175,"true",1,0,"close"
"8757-5",1,0,2,0,2,6,1,1459897273993,"true",0,0,"far"
"8757-5",0,1,2,0,1,9,1,1459897415074,"false",0,0,"far"
"8757-5",1,0,2,0,2,8,1,1459897370416,"false",0,0,"split"
"8757-5",0,1,0,0,1,39,0,1459898226759,"true",1,0,"split"
"8757-5",0,1,0,0,1,38,0,1459898207362,"true",1,0,"split"
"8757-5",1,0,1,0,2,11,0,1459897538110,"false",0,1,"close"
"8757-5",1,0,0,0,2,10,0,1459897472476,"false",1,0,"close"
"8757-5",0,1,1,0,1,13,0,1459897636909,"true",0,1,"far"
"8757-5",0,1,0,0,1,12,0,1459897620050,"true",1,0,"close"
"8757-5",0,0,1,1,0,15,0,1459897686184,"false",0,1,"close"
"8757-5",1,0,0,0,2,14,0,1459897656019,"true",1,0,"far"
"8757-5",0,0,2,1,0,17,1,1459897728342,"true",0,0,"far"
"8757-5",1,0,0,0,2,16,0,1459897699088,"true",1,0,"far"
"8757-5",1,0,1,0,2,19,0,1459897807484,"true",0,1,"split"
"8757-5",1,0,2,0,2,18,1,1459897755142,"true",0,0,"close"
"8757-5",1,0,1,0,2,31,0,1459898066090,"true",0,1,"split"
"8757-5",0,0,2,1,0,30,1,1459898044380,"true",0,0,"far"
"8757-5",0,1,2,0,1,37,1,1459898193978,"true",0,0,"close"
"8757-5",1,0,2,0,2,36,1,1459898176496,"true",0,0,"far"
"8757-5",0,0,2,1,0,35,1,1459898164744,"true",0,0,"close"
"8757-5",0,1,2,0,1,34,1,1459898140846,"true",0,0,"close"
"8757-5",0,0,2,1,0,32,1,1459898085658,"true",0,0,"split"
"8757-5",0,1,2,0,1,50,1,1459898406047,"true",0,0,"split"
