"gameid","sClicked_2","sClicked_1","lClickedIndex","sClicked_0","sClickedIndex","roundNum","lClicked_2","time","outcome","lClicked_0","lClicked_1","condition"
"8762-f",1,0,2,0,2,42,1,1477005760804,"true",0,0,"close"
"8762-f",0,0,2,1,0,48,1,1477005842580,"true",0,0,"close"
"8762-f",0,0,2,1,0,43,1,1477005770481,"true",0,0,"far"
"8762-f",0,1,1,0,1,49,0,1477005890910,"true",0,1,"close"
"8762-f",0,1,1,0,1,24,0,1477005497397,"false",0,1,"split"
"8762-f",0,0,2,1,0,25,1,1477005521220,"true",0,0,"far"
"8762-f",1,0,1,0,2,26,0,1477005530497,"true",0,1,"close"
"8762-f",0,0,0,1,0,27,0,1477005541336,"true",1,0,"split"
"8762-f",1,0,2,0,2,20,1,1477005409035,"true",0,0,"split"
"8762-f",0,0,0,1,0,21,0,1477005468056,"false",1,0,"close"
"8762-f",0,1,1,0,1,22,0,1477005477912,"true",0,1,"far"
"8762-f",0,1,0,0,1,23,0,1477005486757,"true",1,0,"far"
"8762-f",0,0,2,1,0,46,1,1477005806849,"true",0,0,"split"
"8762-f",0,0,1,1,0,47,0,1477005817188,"true",0,1,"split"
"8762-f",0,1,2,0,1,44,1,1477005782580,"true",0,0,"close"
"8762-f",0,1,1,0,1,45,0,1477005791861,"true",0,1,"split"
"8762-f",0,1,1,0,1,28,0,1477005549921,"true",0,1,"far"
"8762-f",1,0,0,0,2,29,0,1477005581490,"false",1,0,"far"
"8762-f",0,0,0,1,0,40,0,1477005715800,"true",1,0,"far"
"8762-f",1,0,2,0,2,41,1,1477005734062,"true",0,0,"close"
"8762-f",0,1,1,0,1,1,0,1477005087362,"true",0,1,"split"
"8762-f",0,0,1,1,0,3,0,1477005118082,"false",0,1,"close"
"8762-f",0,1,2,0,1,2,1,1477005100520,"true",0,0,"far"
"8762-f",1,0,2,0,2,5,1,1477005155787,"true",0,0,"split"
"8762-f",0,1,0,0,1,4,0,1477005141067,"true",1,0,"split"
"8762-f",0,0,2,1,0,7,1,1477005192459,"true",0,0,"far"
"8762-f",1,0,0,0,2,6,0,1477005182040,"true",1,0,"split"
"8762-f",1,0,2,0,2,9,1,1477005239787,"true",0,0,"close"
"8762-f",1,0,2,0,2,8,1,1477005208734,"true",0,0,"split"
"8762-f",1,0,0,0,2,39,0,1477005707128,"true",1,0,"far"
"8762-f",1,0,2,0,2,38,1,1477005697326,"false",0,0,"close"
"8762-f",0,1,0,0,1,11,0,1477005270603,"true",1,0,"far"
"8762-f",0,1,2,0,1,10,1,1477005260670,"true",0,0,"close"
"8762-f",0,1,1,0,1,13,0,1477005299611,"true",0,1,"split"
"8762-f",0,1,2,0,1,12,1,1477005279883,"true",0,0,"far"
"8762-f",0,0,1,1,0,15,0,1477005347073,"true",0,1,"close"
"8762-f",1,0,1,0,2,14,0,1477005333458,"true",0,1,"far"
"8762-f",0,0,1,1,0,17,0,1477005376613,"true",0,1,"close"
"8762-f",0,0,0,1,0,16,0,1477005366507,"true",1,0,"split"
"8762-f",0,1,2,0,1,19,1,1477005398584,"true",0,0,"far"
"8762-f",0,0,1,1,0,18,0,1477005388043,"true",0,1,"split"
"8762-f",0,1,0,0,1,31,0,1477005600046,"true",1,0,"split"
"8762-f",1,0,0,0,2,30,0,1477005589947,"true",1,0,"split"
"8762-f",0,1,2,0,1,37,1,1477005684779,"true",0,0,"close"
"8762-f",0,0,1,1,0,36,0,1477005667771,"true",0,1,"close"
"8762-f",1,0,1,0,2,35,0,1477005646952,"true",0,1,"close"
"8762-f",0,0,1,1,0,34,0,1477005632775,"true",0,1,"far"
"8762-f",0,1,0,0,1,33,0,1477005617000,"true",1,0,"split"
"8762-f",1,0,0,0,2,32,0,1477005607918,"true",1,0,"far"
"8762-f",1,0,0,0,2,50,0,1477005909857,"true",1,0,"far"
