"gameid","sClicked_2","sClicked_1","lClickedIndex","sClicked_0","sClickedIndex","roundNum","lClicked_2","time","outcome","lClicked_0","lClicked_1","condition"
"8767-6",0,0,0,1,0,42,0,1476991406894,"true",1,0,"far"
"8767-6",1,0,0,0,2,48,0,1476991477146,"true",1,0,"split"
"8767-6",0,1,2,0,1,43,1,1476991413797,"true",0,0,"far"
"8767-6",0,1,2,0,1,49,1,1476991484171,"true",0,0,"far"
"8767-6",1,0,1,0,2,24,0,1476991202758,"true",0,1,"split"
"8767-6",0,1,2,0,1,25,1,1476991222596,"false",0,0,"split"
"8767-6",1,0,0,0,2,26,0,1476991233876,"true",1,0,"split"
"8767-6",0,1,1,0,1,27,0,1476991249844,"true",0,1,"close"
"8767-6",0,1,2,0,1,20,1,1476991154423,"true",0,0,"close"
"8767-6",1,0,0,0,2,21,0,1476991169998,"false",1,0,"close"
"8767-6",0,1,2,0,1,22,1,1476991178198,"true",0,0,"far"
"8767-6",0,1,1,0,1,23,0,1476991194646,"true",0,1,"close"
"8767-6",0,0,1,1,0,46,0,1476991449532,"true",0,1,"split"
"8767-6",0,1,2,0,1,47,1,1476991468339,"true",0,0,"close"
"8767-6",0,1,0,0,1,44,0,1476991431884,"true",1,0,"close"
"8767-6",0,1,0,0,1,45,0,1476991440908,"true",1,0,"split"
"8767-6",0,1,2,0,1,28,1,1476991261371,"true",0,0,"close"
"8767-6",1,0,0,0,2,29,0,1476991270003,"true",1,0,"split"
"8767-6",0,1,2,0,1,40,1,1476991384197,"true",0,0,"far"
"8767-6",0,0,2,1,0,41,1,1476991397302,"true",0,0,"close"
"8767-6",0,1,0,0,1,1,0,1476990951536,"true",1,0,"close"
"8767-6",0,1,1,0,1,3,0,1476990975823,"true",0,1,"split"
"8767-6",0,1,1,0,1,2,0,1476990966320,"true",0,1,"split"
"8767-6",0,0,1,1,0,5,0,1476990996975,"true",0,1,"far"
"8767-6",1,0,1,0,2,4,0,1476990987431,"true",0,1,"split"
"8767-6",1,0,0,0,2,7,0,1476991019404,"false",1,0,"close"
"8767-6",0,1,2,0,1,6,1,1476991003020,"true",0,0,"far"
"8767-6",1,0,2,0,2,9,1,1476991039914,"false",0,0,"close"
"8767-6",1,0,0,0,2,8,0,1476991027140,"true",1,0,"far"
"8767-6",0,1,2,0,1,39,1,1476991376902,"true",0,0,"far"
"8767-6",0,0,2,1,0,38,1,1476991361407,"true",0,0,"far"
"8767-6",1,0,0,0,2,11,0,1476991059691,"true",1,0,"split"
"8767-6",0,1,0,0,1,10,0,1476991047163,"true",1,0,"far"
"8767-6",1,0,1,0,2,13,0,1476991079273,"true",0,1,"far"
"8767-6",0,0,1,1,0,12,0,1476991072210,"true",0,1,"close"
"8767-6",1,0,0,0,2,15,0,1476991101817,"true",1,0,"far"
"8767-6",0,1,0,0,1,14,0,1476991090145,"true",1,0,"close"
"8767-6",1,0,2,0,2,17,1,1476991121807,"true",0,0,"split"
"8767-6",1,0,0,0,2,16,0,1476991113473,"true",1,0,"far"
"8767-6",0,1,0,0,1,19,0,1476991142479,"true",1,0,"close"
"8767-6",0,1,2,0,1,18,1,1476991135775,"true",0,0,"split"
"8767-6",0,1,0,0,1,31,0,1476991291267,"true",1,0,"split"
"8767-6",0,0,2,1,0,30,1,1476991283419,"true",0,0,"close"
"8767-6",0,0,1,1,0,37,0,1476991355031,"true",0,1,"far"
"8767-6",1,0,1,0,2,36,0,1476991348527,"true",0,1,"far"
"8767-6",0,0,2,1,0,35,1,1476991338975,"true",0,0,"split"
"8767-6",0,1,0,0,1,34,0,1476991323209,"true",1,0,"split"
"8767-6",0,0,0,1,0,33,0,1476991316585,"false",1,0,"close"
"8767-6",1,0,0,0,2,32,0,1476991302674,"true",1,0,"split"
"8767-6",0,0,1,1,0,50,0,1476991498938,"true",0,1,"close"
