"gameid","sClicked_2","sClicked_1","lClickedIndex","sClicked_0","sClickedIndex","roundNum","lClicked_2","time","outcome","lClicked_0","lClicked_1","condition"
"8772-f",1,0,0,0,2,42,0,1476480460448,"true",1,0,"far"
"8772-f",0,1,1,0,1,48,0,1476480607979,"true",0,1,"far"
"8772-f",0,0,1,1,0,43,0,1476480486403,"true",0,1,"far"
"8772-f",0,1,0,0,1,49,0,1476480617264,"true",1,0,"far"
"8772-f",0,0,2,1,0,24,1,1476480118103,"true",0,0,"split"
"8772-f",0,1,2,0,1,25,1,1476480128051,"true",0,0,"far"
"8772-f",0,1,1,0,1,26,0,1476480145783,"false",0,1,"close"
"8772-f",0,0,2,1,0,27,1,1476480154384,"true",0,0,"far"
"8772-f",0,0,1,1,0,20,0,1476479998182,"true",0,1,"far"
"8772-f",0,1,2,0,1,21,1,1476480064523,"false",0,0,"close"
"8772-f",0,1,1,0,1,22,0,1476480074303,"true",0,1,"far"
"8772-f",0,1,1,0,1,23,0,1476480091033,"true",0,1,"far"
"8772-f",0,1,0,0,1,46,0,1476480572128,"true",1,0,"close"
"8772-f",1,0,0,0,2,47,0,1476480597850,"false",1,0,"split"
"8772-f",1,0,2,0,2,44,1,1476480502394,"true",0,0,"split"
"8772-f",0,1,1,0,1,45,0,1476480558108,"true",0,1,"split"
"8772-f",0,0,2,1,0,28,1,1476480177506,"true",0,0,"far"
"8772-f",1,0,2,0,2,29,1,1476480190601,"true",0,0,"far"
"8772-f",0,1,0,0,1,40,0,1476480435566,"true",1,0,"split"
"8772-f",1,0,2,0,2,41,1,1476480448418,"true",0,0,"far"
"8772-f",0,0,0,1,0,1,0,1476479568184,"false",1,0,"close"
"8772-f",1,0,2,0,2,3,1,1476479628583,"true",0,0,"close"
"8772-f",0,1,2,0,1,2,1,1476479583014,"true",0,0,"split"
"8772-f",0,0,0,1,0,5,0,1476479704005,"true",1,0,"close"
"8772-f",0,1,2,0,1,4,1,1476479639731,"true",0,0,"split"
"8772-f",1,0,0,0,2,7,0,1476479742408,"true",1,0,"split"
"8772-f",1,0,2,0,2,6,1,1476479721336,"true",0,0,"split"
"8772-f",1,0,1,0,2,9,0,1476479815299,"true",0,1,"split"
"8772-f",0,0,1,1,0,8,0,1476479775321,"true",0,1,"close"
"8772-f",0,1,0,0,1,39,0,1476480427933,"true",1,0,"close"
"8772-f",1,0,2,0,2,38,1,1476480401053,"true",0,0,"close"
"8772-f",0,1,0,0,1,11,0,1476479842654,"true",1,0,"close"
"8772-f",0,1,1,0,1,10,0,1476479829239,"true",0,1,"far"
"8772-f",0,1,2,0,1,13,1,1476479877540,"true",0,0,"close"
"8772-f",0,1,1,0,1,12,0,1476479858659,"true",0,1,"split"
"8772-f",1,0,1,0,2,15,0,1476479918269,"true",0,1,"far"
"8772-f",1,0,0,0,2,14,0,1476479906248,"true",1,0,"far"
"8772-f",1,0,1,0,2,17,0,1476479962053,"true",0,1,"split"
"8772-f",0,0,2,1,0,16,1,1476479949524,"true",0,0,"close"
"8772-f",1,0,0,0,2,19,0,1476479983376,"true",1,0,"split"
"8772-f",0,0,1,1,0,18,0,1476479973269,"true",0,1,"split"
"8772-f",0,1,2,0,1,31,1,1476480231904,"true",0,0,"split"
"8772-f",1,0,1,0,2,30,0,1476480212156,"false",0,1,"split"
"8772-f",1,0,0,0,2,37,0,1476480387698,"false",1,0,"close"
"8772-f",0,0,0,1,0,36,0,1476480367180,"true",1,0,"far"
"8772-f",0,0,2,1,0,35,1,1476480353764,"true",0,0,"close"
"8772-f",0,1,2,0,1,34,1,1476480342775,"true",0,0,"close"
"8772-f",0,0,1,1,0,33,0,1476480314253,"true",0,1,"far"
"8772-f",1,0,2,0,2,32,1,1476480303119,"true",0,0,"close"
"8772-f",1,0,2,0,2,50,1,1476480639075,"true",0,0,"split"
