"gameid","sClicked_2","sClicked_1","lClickedIndex","sClicked_0","sClickedIndex","roundNum","lClicked_2","time","outcome","lClicked_0","lClicked_1","condition"
"8773-e",0,1,1,0,1,42,0,1476489328083,"true",0,1,"split"
"8773-e",0,1,0,0,1,48,0,1476489395007,"true",1,0,"close"
"8773-e",0,0,0,1,0,43,0,1476489334744,"true",1,0,"far"
"8773-e",0,0,0,1,0,49,0,1476489416027,"true",1,0,"far"
"8773-e",0,0,0,1,0,24,0,1476489126394,"true",1,0,"far"
"8773-e",0,0,0,1,0,25,0,1476489141946,"true",1,0,"close"
"8773-e",0,1,0,0,1,26,0,1476489148739,"true",1,0,"close"
"8773-e",1,0,0,0,2,27,0,1476489158426,"true",1,0,"far"
"8773-e",1,0,2,0,2,20,1,1476489091048,"true",0,0,"split"
"8773-e",1,0,1,0,2,21,0,1476489097881,"true",0,1,"far"
"8773-e",0,1,2,0,1,22,1,1476489105419,"true",0,0,"far"
"8773-e",0,0,2,1,0,23,1,1476489118116,"true",0,0,"far"
"8773-e",0,1,0,0,1,46,0,1476489364910,"true",1,0,"split"
"8773-e",1,0,1,0,2,47,0,1476489378601,"true",0,1,"split"
"8773-e",0,0,1,1,0,44,0,1476489345491,"false",0,1,"close"
"8773-e",0,1,1,0,1,45,0,1476489355933,"true",0,1,"close"
"8773-e",0,0,2,1,0,28,1,1476489166843,"true",0,0,"far"
"8773-e",0,0,0,1,0,29,0,1476489178583,"true",1,0,"close"
"8773-e",1,0,2,0,2,40,1,1476489305674,"true",0,0,"split"
"8773-e",0,0,2,1,0,41,1,1476489320477,"true",0,0,"close"
"8773-e",0,1,1,0,1,1,0,1476488802761,"true",0,1,"far"
"8773-e",0,0,1,1,0,3,0,1476488837700,"true",0,1,"far"
"8773-e",0,0,0,1,0,2,0,1476488828693,"true",1,0,"close"
"8773-e",0,1,1,0,1,5,0,1476488876647,"true",0,1,"far"
"8773-e",1,0,0,0,2,4,0,1476488865323,"true",1,0,"close"
"8773-e",0,1,0,0,1,7,0,1476488890569,"true",1,0,"split"
"8773-e",1,0,2,0,2,6,1,1476488883638,"true",0,0,"far"
"8773-e",1,0,2,0,2,9,1,1476488919877,"true",0,0,"far"
"8773-e",0,1,0,0,1,8,0,1476488912379,"false",1,0,"close"
"8773-e",0,1,2,0,1,39,1,1476489298050,"true",0,0,"far"
"8773-e",0,0,0,1,0,38,0,1476489291221,"true",1,0,"close"
"8773-e",1,0,2,0,2,11,1,1476488968368,"true",0,0,"split"
"8773-e",0,0,2,1,0,10,1,1476488961017,"true",0,0,"close"
"8773-e",0,1,1,0,1,13,0,1476488996393,"true",0,1,"far"
"8773-e",0,1,0,0,1,12,0,1476488989364,"true",1,0,"split"
"8773-e",0,0,0,1,0,15,0,1476489014649,"true",1,0,"split"
"8773-e",1,0,2,0,2,14,1,1476489008086,"true",0,0,"close"
"8773-e",0,0,2,1,0,17,1,1476489044752,"true",0,0,"close"
"8773-e",1,0,0,0,2,16,0,1476489027167,"false",1,0,"close"
"8773-e",1,0,2,0,2,19,1,1476489079175,"true",0,0,"split"
"8773-e",0,0,1,1,0,18,0,1476489055829,"true",0,1,"split"
"8773-e",1,0,0,0,2,31,0,1476489203075,"true",1,0,"split"
"8773-e",0,1,0,0,1,30,0,1476489194353,"true",1,0,"split"
"8773-e",0,0,2,1,0,37,1,1476489280147,"true",0,0,"far"
"8773-e",1,0,2,0,2,36,1,1476489273238,"true",0,0,"close"
"8773-e",1,0,0,0,2,35,0,1476489262049,"true",1,0,"split"
"8773-e",0,0,1,1,0,34,0,1476489254726,"true",0,1,"far"
"8773-e",1,0,2,0,2,33,1,1476489243584,"true",0,0,"split"
"8773-e",0,0,1,1,0,32,0,1476489215218,"true",0,1,"split"
"8773-e",0,0,1,1,0,50,0,1476489426835,"true",0,1,"split"
