"gameid","sClicked_2","sClicked_1","lClickedIndex","sClicked_0","sClickedIndex","roundNum","lClicked_2","time","outcome","lClicked_0","lClicked_1","condition"
"8774-f",0,1,0,0,1,42,0,1476994508176,"true",1,0,"split"
"8774-f",0,0,1,1,0,48,0,1476994719125,"false",0,1,"close"
"8774-f",0,0,0,1,0,43,0,1476994557538,"true",1,0,"close"
"8774-f",1,0,2,0,2,49,1,1476994735421,"true",0,0,"far"
"8774-f",0,1,0,0,1,24,0,1476993957032,"true",1,0,"close"
"8774-f",1,0,0,0,2,25,0,1476994019828,"false",1,0,"close"
"8774-f",1,0,1,0,2,26,0,1476994069146,"true",0,1,"close"
"8774-f",0,0,0,1,0,27,0,1476994089035,"true",1,0,"close"
"8774-f",1,0,0,0,2,20,0,1476993859609,"true",1,0,"split"
"8774-f",0,1,2,0,1,21,1,1476993887097,"true",0,0,"close"
"8774-f",0,0,1,1,0,22,0,1476993900322,"true",0,1,"far"
"8774-f",0,1,0,0,1,23,0,1476993915621,"true",1,0,"split"
"8774-f",1,0,0,0,2,46,0,1476994650310,"true",1,0,"close"
"8774-f",0,0,2,1,0,47,1,1476994670848,"true",0,0,"far"
"8774-f",0,0,1,1,0,44,0,1476994595792,"false",0,1,"close"
"8774-f",0,0,0,1,0,45,0,1476994622156,"true",1,0,"far"
"8774-f",1,0,0,0,2,28,0,1476994114718,"false",1,0,"split"
"8774-f",0,0,0,1,0,29,0,1476994138128,"true",1,0,"split"
"8774-f",0,0,2,1,0,40,1,1476994447388,"true",0,0,"far"
"8774-f",1,0,0,0,2,41,0,1476994463708,"true",1,0,"close"
"8774-f",0,1,1,0,1,1,0,1476993371177,"true",0,1,"close"
"8774-f",0,0,1,1,0,3,0,1476993407597,"true",0,1,"far"
"8774-f",0,0,0,1,0,2,0,1476993389447,"true",1,0,"far"
"8774-f",0,0,1,1,0,5,0,1476993453532,"true",0,1,"close"
"8774-f",1,0,0,0,2,4,0,1476993423539,"true",1,0,"far"
"8774-f",1,0,0,0,2,7,0,1476993504724,"false",1,0,"split"
"8774-f",0,1,1,0,1,6,0,1476993474642,"false",0,1,"split"
"8774-f",0,1,2,0,1,9,1,1476993588740,"true",0,0,"split"
"8774-f",0,1,1,0,1,8,0,1476993566740,"true",0,1,"split"
"8774-f",1,0,0,0,2,39,0,1476994425239,"true",1,0,"far"
"8774-f",0,1,2,0,1,38,1,1476994399981,"true",0,0,"split"
"8774-f",0,0,0,1,0,11,0,1476993629891,"true",1,0,"split"
"8774-f",1,0,1,0,2,10,0,1476993613674,"true",0,1,"far"
"8774-f",1,0,0,0,2,13,0,1476993711225,"false",1,0,"split"
"8774-f",1,0,2,0,2,12,1,1476993685883,"true",0,0,"split"
"8774-f",1,0,1,0,2,15,0,1476993765395,"true",0,1,"split"
"8774-f",0,1,1,0,1,14,0,1476993739289,"true",0,1,"split"
"8774-f",0,1,0,0,1,17,0,1476993792503,"true",1,0,"split"
"8774-f",0,1,2,0,1,16,1,1476993777435,"true",0,0,"far"
"8774-f",1,0,0,0,2,19,0,1476993842003,"false",1,0,"far"
"8774-f",1,0,0,0,2,18,0,1476993809174,"true",1,0,"close"
"8774-f",0,0,1,1,0,31,0,1476994228409,"false",0,1,"far"
"8774-f",0,1,0,0,1,30,0,1476994212721,"false",1,0,"close"
"8774-f",0,1,1,0,1,37,0,1476994371753,"true",0,1,"far"
"8774-f",1,0,0,0,2,36,0,1476994346831,"true",1,0,"split"
"8774-f",0,1,1,0,1,35,0,1476994328555,"true",0,1,"close"
"8774-f",0,0,0,1,0,34,0,1476994302259,"true",1,0,"far"
"8774-f",0,0,1,1,0,33,0,1476994289505,"true",0,1,"far"
"8774-f",1,0,2,0,2,32,1,1476994276807,"true",0,0,"close"
"8774-f",0,1,1,0,1,50,0,1476994753459,"true",0,1,"far"
