"gameid","sClicked_2","sClicked_1","lClickedIndex","sClicked_0","sClickedIndex","roundNum","lClicked_2","time","outcome","lClicked_0","lClicked_1","condition"
"8775-2",0,0,1,1,0,42,0,1476992941411,"true",0,1,"split"
"8775-2",0,0,2,1,0,48,1,1476993020559,"true",0,0,"far"
"8775-2",0,0,0,1,0,43,0,1476992964287,"true",1,0,"close"
"8775-2",0,0,2,1,0,49,1,1476993032848,"false",0,0,"split"
"8775-2",0,1,2,0,1,24,1,1476992699283,"true",0,0,"far"
"8775-2",1,0,1,0,2,25,0,1476992714631,"true",0,1,"close"
"8775-2",0,0,1,1,0,26,0,1476992724250,"true",0,1,"split"
"8775-2",0,0,2,1,0,27,1,1476992736260,"true",0,0,"close"
"8775-2",1,0,2,0,2,20,1,1476992642525,"true",0,0,"far"
"8775-2",1,0,0,0,2,21,0,1476992653226,"true",1,0,"split"
"8775-2",0,1,1,0,1,22,0,1476992668297,"true",0,1,"close"
"8775-2",0,1,2,0,1,23,1,1476992686780,"true",0,0,"split"
"8775-2",0,1,0,0,1,46,0,1476993003157,"true",1,0,"close"
"8775-2",0,0,0,1,0,47,0,1476993013040,"true",1,0,"split"
"8775-2",0,0,2,1,0,44,1,1476992977621,"true",0,0,"far"
"8775-2",0,1,0,0,1,45,0,1476992991337,"false",1,0,"close"
"8775-2",0,0,2,1,0,28,1,1476992749947,"true",0,0,"split"
"8775-2",1,0,2,0,2,29,1,1476992761809,"true",0,0,"far"
"8775-2",0,0,1,1,0,40,0,1476992913797,"true",0,1,"far"
"8775-2",0,0,0,1,0,41,0,1476992933744,"true",1,0,"split"
"8775-2",0,1,0,0,1,1,0,1476992406319,"true",1,0,"split"
"8775-2",1,0,1,0,2,3,0,1476992432410,"true",0,1,"split"
"8775-2",1,0,2,0,2,2,1,1476992418704,"true",0,0,"far"
"8775-2",0,1,2,0,1,5,1,1476992452481,"true",0,0,"far"
"8775-2",0,1,0,0,1,4,0,1476992442406,"true",1,0,"close"
"8775-2",0,1,0,0,1,7,0,1476992476595,"true",1,0,"close"
"8775-2",0,0,1,1,0,6,0,1476992463718,"true",0,1,"split"
"8775-2",1,0,1,0,2,9,0,1476992495773,"true",0,1,"close"
"8775-2",0,0,2,1,0,8,1,1476992486698,"true",0,0,"close"
"8775-2",1,0,0,0,2,39,0,1476992902899,"true",1,0,"close"
"8775-2",0,1,2,0,1,38,1,1476992889282,"true",0,0,"split"
"8775-2",0,0,1,1,0,11,0,1476992518107,"true",0,1,"close"
"8775-2",1,0,1,0,2,10,0,1476992504705,"true",0,1,"split"
"8775-2",0,1,1,0,1,13,0,1476992556604,"true",0,1,"close"
"8775-2",0,0,1,1,0,12,0,1476992533712,"true",0,1,"far"
"8775-2",0,1,0,0,1,15,0,1476992576260,"true",1,0,"split"
"8775-2",1,0,2,0,2,14,1,1476992565353,"true",0,0,"far"
"8775-2",1,0,0,0,2,17,0,1476992596475,"true",1,0,"far"
"8775-2",0,0,2,1,0,16,1,1476992586059,"true",0,0,"far"
"8775-2",0,1,1,0,1,19,0,1476992634958,"true",0,1,"close"
"8775-2",1,0,2,0,2,18,1,1476992608329,"true",0,0,"far"
"8775-2",0,0,2,1,0,31,1,1476992787920,"true",0,0,"split"
"8775-2",0,0,2,1,0,30,1,1476992775328,"true",0,0,"close"
"8775-2",0,0,2,1,0,37,1,1476992860120,"true",0,0,"far"
"8775-2",1,0,0,0,2,36,0,1476992851268,"true",1,0,"close"
"8775-2",0,1,1,0,1,35,0,1476992837163,"true",0,1,"split"
"8775-2",0,0,1,1,0,34,0,1476992828103,"true",0,1,"far"
"8775-2",0,1,2,0,1,33,1,1476992818830,"true",0,0,"far"
"8775-2",1,0,1,0,2,32,0,1476992797395,"true",0,1,"split"
"8775-2",0,0,2,1,0,50,1,1476993048542,"true",0,0,"far"
