"gameid","sClicked_2","sClicked_1","lClickedIndex","sClicked_0","sClickedIndex","roundNum","lClicked_2","time","outcome","lClicked_0","lClicked_1","condition"
"8782-f",1,0,1,0,2,42,0,1476489857523,"true",0,1,"split"
"8782-f",0,1,0,0,1,48,0,1476490001841,"true",1,0,"close"
"8782-f",0,0,2,1,0,43,1,1476489879827,"true",0,0,"split"
"8782-f",1,0,2,0,2,49,1,1476490009151,"true",0,0,"split"
"8782-f",0,1,1,0,1,24,0,1476489629152,"true",0,1,"close"
"8782-f",0,1,1,0,1,25,0,1476489642453,"true",0,1,"split"
"8782-f",0,0,0,1,0,26,0,1476489653882,"true",1,0,"split"
"8782-f",0,0,1,1,0,27,0,1476489665388,"true",0,1,"far"
"8782-f",0,0,2,1,0,20,1,1476489589590,"true",0,0,"close"
"8782-f",0,1,2,0,1,21,1,1476489597337,"true",0,0,"close"
"8782-f",0,1,1,0,1,22,0,1476489610237,"false",0,1,"close"
"8782-f",0,1,0,0,1,23,0,1476489616995,"true",1,0,"far"
"8782-f",1,0,0,0,2,46,0,1476489966492,"true",1,0,"close"
"8782-f",0,1,2,0,1,47,1,1476489975166,"true",0,0,"split"
"8782-f",0,1,1,0,1,44,0,1476489921933,"false",0,1,"split"
"8782-f",0,1,2,0,1,45,1,1476489934773,"true",0,0,"far"
"8782-f",0,1,1,0,1,28,0,1476489676185,"true",0,1,"far"
"8782-f",1,0,0,0,2,29,0,1476489682281,"true",1,0,"far"
"8782-f",0,0,2,1,0,40,1,1476489811254,"true",0,0,"split"
"8782-f",0,1,2,0,1,41,1,1476489833853,"true",0,0,"close"
"8782-f",0,1,2,0,1,1,1,1476489317308,"true",0,0,"split"
"8782-f",0,0,0,1,0,3,0,1476489334578,"true",1,0,"split"
"8782-f",1,0,2,0,2,2,1,1476489326324,"true",0,0,"far"
"8782-f",0,0,2,1,0,5,1,1476489352489,"true",0,0,"far"
"8782-f",0,1,2,0,1,4,1,1476489343823,"false",0,0,"close"
"8782-f",0,0,0,1,0,7,0,1476489384333,"true",1,0,"close"
"8782-f",1,0,0,0,2,6,0,1476489361218,"true",1,0,"far"
"8782-f",1,0,1,0,2,9,0,1476489415211,"true",0,1,"far"
"8782-f",0,1,0,0,1,8,0,1476489408027,"true",1,0,"split"
"8782-f",1,0,2,0,2,39,1,1476489797769,"false",0,0,"close"
"8782-f",0,1,0,0,1,38,0,1476489785253,"true",1,0,"close"
"8782-f",0,0,1,1,0,11,0,1476489449750,"true",0,1,"close"
"8782-f",0,0,1,1,0,10,0,1476489422812,"true",0,1,"split"
"8782-f",0,0,2,1,0,13,1,1476489489775,"true",0,0,"close"
"8782-f",0,0,1,1,0,12,0,1476489473527,"true",0,1,"split"
"8782-f",0,1,1,0,1,15,0,1476489513763,"true",0,1,"far"
"8782-f",0,1,1,0,1,14,0,1476489505094,"true",0,1,"split"
"8782-f",0,1,2,0,1,16,1,1476489522013,"true",0,0,"close"
"8782-f",0,0,1,1,0,19,0,1476489583403,"true",0,1,"far"
"8782-f",0,1,1,0,1,18,0,1476489576469,"true",0,1,"far"
"8782-f",1,0,0,0,2,31,0,1476489701239,"false",1,0,"far"
"8782-f",0,1,0,0,1,30,0,1476489695116,"true",1,0,"far"
"8782-f",0,0,0,1,0,37,0,1476489775226,"true",1,0,"far"
"8782-f",0,1,1,0,1,36,0,1476489768504,"true",0,1,"close"
"8782-f",0,0,1,1,0,35,0,1476489757632,"true",0,1,"close"
"8782-f",0,0,0,1,0,34,0,1476489725692,"true",1,0,"split"
"8782-f",1,0,2,0,2,33,1,1476489718414,"true",0,0,"split"
"8782-f",0,1,2,0,1,32,1,1476489709799,"true",0,0,"far"
"8782-f",0,1,0,0,1,50,0,1476490020079,"true",1,0,"split"
