"gameid","sClicked_2","sClicked_1","lClickedIndex","sClicked_0","sClickedIndex","roundNum","lClicked_2","time","outcome","lClicked_0","lClicked_1","condition"
"8792-7",1,0,0,0,2,42,0,1476495915892,"true",1,0,"far"
"8792-7",0,0,0,1,0,48,0,1476496059901,"true",1,0,"split"
"8792-7",0,0,2,1,0,43,1,1476495955663,"true",0,0,"split"
"8792-7",0,1,1,0,1,49,0,1476496070712,"true",0,1,"far"
"8792-7",0,1,2,0,1,24,1,1476495531627,"true",0,0,"far"
"8792-7",1,0,1,0,2,25,0,1476495558029,"false",0,1,"close"
"8792-7",0,1,1,0,1,26,0,1476495591801,"false",0,1,"close"
"8792-7",0,1,2,0,1,27,1,1476495605056,"true",0,0,"close"
"8792-7",0,0,0,1,0,20,0,1476495478985,"true",1,0,"close"
"8792-7",0,0,0,1,0,21,0,1476495487602,"true",1,0,"far"
"8792-7",0,0,1,1,0,22,0,1476495499933,"true",0,1,"close"
"8792-7",1,0,2,0,2,23,1,1476495523954,"true",0,0,"split"
"8792-7",0,0,1,1,0,46,0,1476496030412,"true",0,1,"far"
"8792-7",0,0,1,1,0,47,0,1476496038545,"false",0,1,"close"
"8792-7",1,0,0,0,2,44,0,1476496010304,"true",1,0,"close"
"8792-7",0,0,0,1,0,45,0,1476496021540,"true",1,0,"split"
"8792-7",0,1,0,0,1,28,0,1476495614852,"true",1,0,"split"
"8792-7",0,1,2,0,1,29,1,1476495657627,"true",0,0,"split"
"8792-7",1,0,1,0,2,40,0,1476495863110,"true",0,1,"close"
"8792-7",0,0,2,1,0,41,1,1476495875518,"true",0,0,"far"
"8792-7",0,1,0,0,1,1,0,1476495132832,"true",1,0,"split"
"8792-7",0,0,1,1,0,3,0,1476495162390,"false",0,1,"close"
"8792-7",0,0,2,1,0,2,1,1476495143635,"true",0,0,"far"
"8792-7",0,1,2,0,1,5,1,1476495189458,"true",0,0,"far"
"8792-7",0,1,1,0,1,4,0,1476495175339,"true",0,1,"far"
"8792-7",1,0,1,0,2,7,0,1476495214512,"true",0,1,"close"
"8792-7",1,0,2,0,2,6,1,1476495203779,"true",0,0,"far"
"8792-7",0,0,1,1,0,9,0,1476495269020,"true",0,1,"split"
"8792-7",1,0,2,0,2,8,1,1476495257295,"true",0,0,"close"
"8792-7",1,0,2,0,2,39,1,1476495805651,"true",0,0,"split"
"8792-7",0,0,1,1,0,38,0,1476495791406,"true",0,1,"split"
"8792-7",1,0,0,0,2,11,0,1476495289546,"true",1,0,"split"
"8792-7",0,1,1,0,1,10,0,1476495276927,"true",0,1,"far"
"8792-7",0,0,2,1,0,13,1,1476495322834,"false",0,0,"split"
"8792-7",0,1,1,0,1,12,0,1476495297502,"true",0,1,"far"
"8792-7",0,1,1,0,1,15,0,1476495353905,"false",0,1,"close"
"8792-7",0,0,0,1,0,14,0,1476495337661,"true",1,0,"split"
"8792-7",1,0,2,0,2,17,1,1476495404572,"true",0,0,"split"
"8792-7",0,1,0,0,1,16,0,1476495368478,"true",1,0,"split"
"8792-7",0,1,2,0,1,19,1,1476495441605,"true",0,0,"far"
"8792-7",1,0,0,0,2,18,0,1476495433072,"true",1,0,"close"
"8792-7",0,0,2,1,0,31,1,1476495701398,"true",0,0,"split"
"8792-7",1,0,0,0,2,30,0,1476495667261,"true",1,0,"far"
"8792-7",0,1,0,0,1,37,0,1476495758479,"true",1,0,"close"
"8792-7",0,0,0,1,0,36,0,1476495746924,"true",1,0,"close"
"8792-7",1,0,1,0,2,35,0,1476495733136,"true",0,1,"far"
"8792-7",0,0,2,1,0,34,1,1476495725689,"true",0,0,"close"
"8792-7",1,0,2,0,2,33,1,1476495716939,"true",0,0,"far"
"8792-7",0,1,0,0,1,32,0,1476495709179,"true",1,0,"far"
"8792-7",0,0,2,1,0,50,1,1476496081365,"true",0,0,"split"
