"gameid","sClicked_2","sClicked_1","lClickedIndex","sClicked_0","sClickedIndex","roundNum","lClicked_2","time","outcome","lClicked_0","lClicked_1","condition"
"8794-6",1,0,0,0,2,42,0,1476990697059,"true",1,0,"far"
"8794-6",0,0,2,1,0,48,1,1476990790081,"true",0,0,"close"
"8794-6",0,1,2,0,1,43,1,1476990729686,"false",0,0,"close"
"8794-6",1,0,2,0,2,49,1,1476990799885,"true",0,0,"far"
"8794-6",0,1,2,0,1,24,1,1476990356387,"true",0,0,"far"
"8794-6",1,0,0,0,2,25,0,1476990366597,"true",1,0,"split"
"8794-6",1,0,2,0,2,26,1,1476990378917,"true",0,0,"split"
"8794-6",1,0,0,0,2,27,0,1476990396473,"true",1,0,"far"
"8794-6",0,1,0,0,1,20,0,1476990277602,"true",1,0,"split"
"8794-6",0,0,1,1,0,21,0,1476990308037,"true",0,1,"split"
"8794-6",1,0,2,0,2,22,1,1476990325708,"true",0,0,"far"
"8794-6",1,0,2,0,2,23,1,1476990344646,"true",0,0,"split"
"8794-6",1,0,0,0,2,46,0,1476990765152,"true",1,0,"far"
"8794-6",0,0,1,1,0,47,0,1476990774281,"true",0,1,"split"
"8794-6",0,1,0,0,1,44,0,1476990742450,"true",1,0,"far"
"8794-6",0,0,0,1,0,45,0,1476990754700,"true",1,0,"close"
"8794-6",0,0,1,1,0,28,0,1476990414363,"true",0,1,"close"
"8794-6",1,0,1,0,2,29,0,1476990425484,"true",0,1,"far"
"8794-6",1,0,2,0,2,40,1,1476990665819,"true",0,0,"split"
"8794-6",0,0,2,1,0,41,1,1476990686973,"true",0,0,"close"
"8794-6",0,0,0,1,0,1,0,1476989936527,"true",1,0,"far"
"8794-6",1,0,0,0,2,3,0,1476989960390,"true",1,0,"split"
"8794-6",0,0,2,1,0,2,1,1476989949125,"true",0,0,"split"
"8794-6",0,0,1,1,0,5,0,1476990004551,"true",0,1,"close"
"8794-6",0,1,0,0,1,4,0,1476989975360,"true",1,0,"split"
"8794-6",0,0,2,1,0,7,1,1476990031942,"true",0,0,"far"
"8794-6",1,0,0,0,2,6,0,1476990017922,"true",1,0,"far"
"8794-6",0,1,2,0,1,9,1,1476990077156,"true",0,0,"far"
"8794-6",0,0,0,1,0,8,0,1476990064049,"true",1,0,"split"
"8794-6",1,0,1,0,2,39,0,1476990642491,"true",0,1,"split"
"8794-6",1,0,1,0,2,38,0,1476990626846,"false",0,1,"split"
"8794-6",0,1,0,0,1,11,0,1476990112048,"true",1,0,"split"
"8794-6",0,1,1,0,1,10,0,1476990093114,"false",0,1,"close"
"8794-6",0,0,1,1,0,13,0,1476990158688,"true",0,1,"far"
"8794-6",1,0,1,0,2,12,0,1476990137734,"true",0,1,"close"
"8794-6",0,0,1,1,0,15,0,1476990210203,"true",0,1,"close"
"8794-6",0,1,1,0,1,14,0,1476990169103,"true",0,1,"far"
"8794-6",0,1,0,0,1,17,0,1476990242292,"true",1,0,"close"
"8794-6",0,1,0,0,1,16,0,1476990223425,"true",1,0,"split"
"8794-6",0,1,2,0,1,19,1,1476990264830,"true",0,0,"far"
"8794-6",1,0,2,0,2,18,1,1476990254152,"true",0,0,"close"
"8794-6",0,0,1,1,0,31,0,1476990465880,"true",0,1,"far"
"8794-6",0,1,0,0,1,30,0,1476990439793,"true",1,0,"far"
"8794-6",0,0,2,1,0,37,1,1476990598098,"true",0,0,"close"
"8794-6",1,0,2,0,2,36,1,1476990581766,"true",0,0,"split"
"8794-6",0,1,0,0,1,35,0,1476990569509,"true",1,0,"close"
"8794-6",0,0,1,1,0,34,0,1476990548156,"true",0,1,"close"
"8794-6",0,1,1,0,1,33,0,1476990534375,"true",0,1,"close"
"8794-6",0,1,2,0,1,32,1,1476990516825,"true",0,0,"close"
"8794-6",0,0,0,1,0,50,0,1476990825604,"true",1,0,"close"
