"gameid","sClicked_2","sClicked_1","lClickedIndex","sClicked_0","sClickedIndex","roundNum","lClicked_2","time","outcome","lClicked_0","lClicked_1","condition"
"8799-c",0,0,2,1,0,42,1,1459883258944,"true",0,0,"far"
"8799-c",0,0,0,1,0,48,0,1459883316955,"false",1,0,"close"
"8799-c",0,0,2,1,0,43,1,1459883270108,"true",0,0,"split"
"8799-c",1,0,1,0,2,49,0,1459883326292,"true",0,1,"far"
"8799-c",0,1,1,0,1,24,0,1459883077121,"true",0,1,"close"
"8799-c",0,1,1,0,1,25,0,1459883084106,"true",0,1,"far"
"8799-c",1,0,0,0,2,26,0,1459883100411,"true",1,0,"split"
"8799-c",0,1,0,0,1,27,0,1459883112383,"true",1,0,"split"
"8799-c",1,0,2,0,2,20,1,1459883022937,"true",0,0,"split"
"8799-c",0,1,1,0,1,21,0,1459883042036,"true",0,1,"close"
"8799-c",1,0,2,0,2,22,1,1459883055042,"true",0,0,"close"
"8799-c",0,1,2,0,1,23,1,1459883068878,"true",0,0,"close"
"8799-c",0,1,2,0,1,46,1,1459883298400,"false",0,0,"close"
"8799-c",1,0,0,0,2,47,0,1459883306445,"true",1,0,"split"
"8799-c",0,0,0,1,0,44,0,1459883277015,"true",1,0,"far"
"8799-c",1,0,1,0,2,45,0,1459883283702,"true",0,1,"far"
"8799-c",1,0,0,0,2,28,0,1459883119010,"true",1,0,"far"
"8799-c",0,1,1,0,1,29,0,1459883126201,"true",0,1,"far"
"8799-c",0,0,2,1,0,40,1,1459883238855,"true",0,0,"far"
"8799-c",0,1,0,0,1,41,0,1459883248710,"true",1,0,"close"
"8799-c",0,0,0,1,0,1,0,1459882795130,"true",1,0,"far"
"8799-c",0,0,2,1,0,3,1,1459882820088,"true",0,0,"close"
"8799-c",0,0,2,1,0,2,1,1459882806488,"true",0,0,"split"
"8799-c",1,0,1,0,2,5,0,1459882844101,"true",0,1,"close"
"8799-c",0,0,2,1,0,4,1,1459882829155,"false",0,0,"split"
"8799-c",1,0,0,0,2,7,0,1459882859179,"false",1,0,"far"
"8799-c",0,1,2,0,1,6,1,1459882851680,"true",0,0,"far"
"8799-c",0,0,0,1,0,9,0,1459882876994,"true",1,0,"split"
"8799-c",1,0,2,0,2,8,1,1459882866865,"true",0,0,"far"
"8799-c",1,0,2,0,2,39,1,1459883229666,"true",0,0,"far"
"8799-c",0,0,2,1,0,38,1,1459883216018,"true",0,0,"split"
"8799-c",0,0,0,1,0,11,0,1459882902134,"true",1,0,"far"
"8799-c",0,1,0,0,1,10,0,1459882893280,"true",1,0,"close"
"8799-c",0,0,0,1,0,13,0,1459882928765,"true",1,0,"split"
"8799-c",1,0,1,0,2,12,0,1459882913991,"true",0,1,"split"
"8799-c",1,0,0,0,2,15,0,1459882958170,"true",1,0,"split"
"8799-c",1,0,2,0,2,14,1,1459882941908,"true",0,0,"split"
"8799-c",0,0,0,1,0,17,0,1459882986290,"true",1,0,"far"
"8799-c",0,1,0,0,1,16,0,1459882977103,"false",1,0,"close"
"8799-c",0,0,0,1,0,19,0,1459883008909,"true",1,0,"close"
"8799-c",0,0,1,1,0,18,0,1459883001874,"false",0,1,"split"
"8799-c",0,1,0,0,1,31,0,1459883147842,"true",1,0,"close"
"8799-c",1,0,0,0,2,30,0,1459883133572,"true",1,0,"split"
"8799-c",1,0,2,0,2,37,1,1459883201872,"true",0,0,"far"
"8799-c",0,0,2,1,0,36,1,1459883194449,"true",0,0,"split"
"8799-c",0,0,1,1,0,35,0,1459883185790,"true",0,1,"far"
"8799-c",0,0,1,1,0,34,0,1459883179166,"true",0,1,"close"
"8799-c",0,0,2,1,0,33,1,1459883169059,"true",0,0,"close"
"8799-c",1,0,0,0,2,32,0,1459883161818,"true",1,0,"close"
"8799-c",0,1,1,0,1,50,0,1459883333297,"true",0,1,"split"
