"gameid","sClicked_2","sClicked_1","lClickedIndex","sClicked_0","sClickedIndex","roundNum","lClicked_2","time","outcome","lClicked_0","lClicked_1","condition"
"8814-1",0,1,1,0,1,42,0,1476990732240,"true",0,1,"split"
"8814-1",1,0,0,0,2,48,0,1476990837311,"true",1,0,"far"
"8814-1",0,0,2,1,0,43,1,1476990742858,"true",0,0,"far"
"8814-1",0,0,2,1,0,49,1,1476990848273,"true",0,0,"split"
"8814-1",0,1,0,0,1,24,0,1476990400066,"true",1,0,"close"
"8814-1",0,0,0,1,0,25,0,1476990417757,"true",1,0,"close"
"8814-1",1,0,2,0,2,26,1,1476990433031,"true",0,0,"split"
"8814-1",0,0,0,1,0,27,0,1476990442547,"true",1,0,"far"
"8814-1",0,0,0,1,0,20,0,1476990309214,"true",1,0,"far"
"8814-1",0,0,1,1,0,21,0,1476990336904,"true",0,1,"close"
"8814-1",1,0,1,0,2,22,0,1476990353805,"true",0,1,"split"
"8814-1",1,0,0,0,2,23,0,1476990374775,"true",1,0,"split"
"8814-1",1,0,0,0,2,46,0,1476990814201,"true",1,0,"far"
"8814-1",0,1,0,0,1,47,0,1476990829191,"true",1,0,"close"
"8814-1",0,0,1,1,0,44,0,1476990764170,"true",0,1,"far"
"8814-1",0,1,1,0,1,45,0,1476990803110,"false",0,1,"close"
"8814-1",0,0,2,1,0,28,1,1476990452358,"true",0,0,"far"
"8814-1",0,1,2,0,1,29,1,1476990459927,"true",0,0,"far"
"8814-1",0,0,2,1,0,40,1,1476990708778,"true",0,0,"far"
"8814-1",1,0,2,0,2,41,1,1476990718818,"true",0,0,"far"
"8814-1",1,0,2,0,2,1,1,1476989938538,"false",0,0,"close"
"8814-1",1,0,2,0,2,3,1,1476989993651,"true",0,0,"close"
"8814-1",0,0,1,1,0,2,0,1476989973371,"false",0,1,"close"
"8814-1",1,0,2,0,2,5,1,1476990046423,"true",0,0,"far"
"8814-1",0,0,1,1,0,4,0,1476990032063,"true",0,1,"close"
"8814-1",1,0,1,0,2,7,0,1476990086006,"true",0,1,"split"
"8814-1",0,1,1,0,1,6,0,1476990057940,"true",0,1,"far"
"8814-1",1,0,2,0,2,9,1,1476990109416,"true",0,0,"close"
"8814-1",0,1,0,0,1,8,0,1476990096314,"true",1,0,"far"
"8814-1",0,0,2,1,0,39,1,1476990699708,"true",0,0,"split"
"8814-1",0,1,1,0,1,38,0,1476990684116,"false",0,1,"split"
"8814-1",0,1,2,0,1,11,1,1476990162688,"true",0,0,"split"
"8814-1",0,1,2,0,1,10,1,1476990131546,"false",0,0,"split"
"8814-1",1,0,2,0,2,13,1,1476990211580,"true",0,0,"close"
"8814-1",0,1,1,0,1,12,0,1476990190409,"true",0,1,"close"
"8814-1",1,0,2,0,2,15,1,1476990238504,"false",0,0,"split"
"8814-1",0,1,1,0,1,14,0,1476990219230,"true",0,1,"split"
"8814-1",1,0,1,0,2,17,0,1476990265761,"false",0,1,"split"
"8814-1",0,1,2,0,1,16,1,1476990255060,"true",0,0,"far"
"8814-1",0,0,2,1,0,19,1,1476990300272,"true",0,0,"far"
"8814-1",0,1,1,0,1,18,0,1476990292332,"true",0,1,"close"
"8814-1",1,0,0,0,2,31,0,1476990508032,"true",1,0,"far"
"8814-1",1,0,1,0,2,30,0,1476990495590,"true",0,1,"split"
"8814-1",1,0,0,0,2,37,0,1476990656237,"false",1,0,"close"
"8814-1",0,0,2,1,0,36,1,1476990638906,"true",0,0,"close"
"8814-1",0,0,0,1,0,35,0,1476990598913,"true",1,0,"split"
"8814-1",0,1,2,0,1,34,1,1476990572632,"true",0,0,"close"
"8814-1",0,1,1,0,1,33,0,1476990555004,"true",0,1,"split"
"8814-1",1,0,1,0,2,32,0,1476990522808,"true",0,1,"far"
"8814-1",1,0,1,0,2,50,0,1476990866914,"true",0,1,"split"
