"gameid","sClicked_2","sClicked_1","lClickedIndex","sClicked_0","sClickedIndex","roundNum","lClicked_2","time","outcome","lClicked_0","lClicked_1","condition"
"8816-8",0,1,0,0,1,42,0,1476480382569,"true",1,0,"close"
"8816-8",1,0,1,0,2,48,0,1476480438530,"true",0,1,"far"
"8816-8",1,0,0,0,2,43,0,1476480391885,"false",1,0,"close"
"8816-8",1,0,1,0,2,49,0,1476480455580,"false",0,1,"close"
"8816-8",0,0,2,1,0,24,1,1476480191865,"false",0,0,"split"
"8816-8",0,0,0,1,0,25,0,1476480204986,"true",1,0,"split"
"8816-8",0,1,1,0,1,26,0,1476480215758,"true",0,1,"far"
"8816-8",0,0,0,1,0,27,0,1476480225672,"true",1,0,"far"
"8816-8",0,0,0,1,0,20,0,1476480136674,"false",1,0,"close"
"8816-8",0,1,1,0,1,21,0,1476480146166,"true",0,1,"far"
"8816-8",0,1,2,0,1,22,1,1476480160560,"false",0,0,"split"
"8816-8",1,0,1,0,2,23,0,1476480182815,"false",0,1,"close"
"8816-8",0,1,2,0,1,46,1,1476480421071,"false",0,0,"close"
"8816-8",0,0,0,1,0,47,0,1476480431097,"true",1,0,"split"
"8816-8",1,0,0,0,2,44,0,1476480399607,"true",1,0,"split"
"8816-8",0,1,2,0,1,45,1,1476480407002,"true",0,0,"far"
"8816-8",0,1,1,0,1,28,0,1476480237895,"false",0,1,"close"
"8816-8",0,0,1,1,0,29,0,1476480248971,"true",0,1,"split"
"8816-8",0,0,1,1,0,40,0,1476480367029,"true",0,1,"far"
"8816-8",0,1,2,0,1,41,1,1476480375016,"true",0,0,"split"
"8816-8",1,0,2,0,2,1,1,1476479892947,"true",0,0,"close"
"8816-8",1,0,2,0,2,3,1,1476479923748,"true",0,0,"close"
"8816-8",0,0,2,1,0,2,1,1476479906394,"true",0,0,"close"
"8816-8",0,0,0,1,0,5,0,1476479944048,"true",1,0,"far"
"8816-8",0,0,2,1,0,4,1,1476479934829,"true",0,0,"split"
"8816-8",0,0,1,1,0,7,0,1476479962001,"true",0,1,"far"
"8816-8",1,0,1,0,2,6,0,1476479952068,"true",0,1,"far"
"8816-8",0,0,0,1,0,9,0,1476479980084,"true",1,0,"split"
"8816-8",1,0,2,0,2,8,1,1476479970554,"true",0,0,"far"
"8816-8",0,0,0,1,0,39,0,1476480358583,"true",1,0,"far"
"8816-8",0,1,1,0,1,38,0,1476480351390,"false",0,1,"close"
"8816-8",0,1,1,0,1,11,0,1476480018994,"true",0,1,"close"
"8816-8",0,1,2,0,1,10,1,1476480000935,"true",0,0,"split"
"8816-8",0,1,0,0,1,13,0,1476480042253,"true",1,0,"close"
"8816-8",0,0,2,1,0,12,1,1476480025804,"true",0,0,"split"
"8816-8",0,0,0,1,0,15,0,1476480067608,"true",1,0,"split"
"8816-8",0,0,1,1,0,14,0,1476480054470,"true",0,1,"close"
"8816-8",0,0,0,1,0,17,0,1476480093094,"true",1,0,"far"
"8816-8",0,1,2,0,1,16,1,1476480080283,"true",0,0,"split"
"8816-8",0,0,0,1,0,19,0,1476480122120,"true",1,0,"split"
"8816-8",0,0,0,1,0,18,0,1476480103189,"false",1,0,"split"
"8816-8",0,0,0,1,0,31,0,1476480271078,"false",1,0,"far"
"8816-8",0,0,0,1,0,30,0,1476480263405,"true",1,0,"close"
"8816-8",0,1,0,0,1,37,0,1476480339219,"true",1,0,"split"
"8816-8",1,0,0,0,2,36,0,1476480328363,"true",1,0,"split"
"8816-8",1,0,0,0,2,35,0,1476480320851,"true",1,0,"far"
"8816-8",0,0,2,1,0,34,1,1476480310920,"false",0,0,"close"
"8816-8",1,0,0,0,2,33,0,1476480299701,"true",1,0,"far"
"8816-8",0,1,2,0,1,32,1,1476480284985,"true",0,0,"far"
"8816-8",0,0,0,1,0,50,0,1476480465040,"false",1,0,"close"
