"gameid","sClicked_2","sClicked_1","lClickedIndex","sClicked_0","sClickedIndex","roundNum","lClicked_2","time","outcome","lClicked_0","lClicked_1","condition"
"8844-9",0,0,0,1,0,42,0,1476994311483,"true",1,0,"far"
"8844-9",0,0,2,1,0,48,1,1476994365283,"true",0,0,"far"
"8844-9",1,0,0,0,2,43,0,1476994318231,"true",1,0,"close"
"8844-9",0,1,1,0,1,49,0,1476994373993,"true",0,1,"split"
"8844-9",0,1,1,0,1,24,0,1476994114803,"true",0,1,"close"
"8844-9",1,0,0,0,2,25,0,1476994122394,"true",1,0,"close"
"8844-9",0,1,0,0,1,26,0,1476994129420,"true",1,0,"split"
"8844-9",0,1,2,0,1,27,1,1476994136461,"true",0,0,"far"
"8844-9",1,0,0,0,2,20,0,1476994077801,"true",1,0,"split"
"8844-9",1,0,2,0,2,21,1,1476994090723,"true",0,0,"far"
"8844-9",0,1,1,0,1,22,0,1476994097250,"true",0,1,"far"
"8844-9",1,0,0,0,2,23,0,1476994105722,"true",1,0,"split"
"8844-9",0,1,1,0,1,46,0,1476994342523,"true",0,1,"split"
"8844-9",1,0,0,0,2,47,0,1476994350552,"true",1,0,"far"
"8844-9",0,0,2,1,0,44,1,1476994326572,"true",0,0,"split"
"8844-9",0,1,0,0,1,45,0,1476994334993,"true",1,0,"close"
"8844-9",1,0,0,0,2,28,0,1476994143953,"true",1,0,"far"
"8844-9",1,0,0,0,2,29,0,1476994164012,"false",1,0,"split"
"8844-9",1,0,2,0,2,40,1,1476994292353,"true",0,0,"close"
"8844-9",0,0,1,1,0,41,0,1476994301301,"true",0,1,"close"
"8844-9",0,1,0,0,1,1,0,1476993851245,"true",1,0,"close"
"8844-9",0,0,2,1,0,3,1,1476993883663,"false",0,0,"close"
"8844-9",0,0,0,1,0,2,0,1476993864833,"true",1,0,"close"
"8844-9",0,0,2,1,0,5,1,1476993910523,"false",0,0,"split"
"8844-9",0,1,2,0,1,4,1,1476993892203,"true",0,0,"far"
"8844-9",0,1,0,0,1,7,0,1476993934714,"false",1,0,"close"
"8844-9",0,0,2,1,0,6,1,1476993919823,"true",0,0,"close"
"8844-9",1,0,2,0,2,9,1,1476993964233,"true",0,0,"far"
"8844-9",1,0,2,0,2,8,1,1476993954262,"true",0,0,"split"
"8844-9",0,0,2,1,0,39,1,1476994278573,"true",0,0,"close"
"8844-9",0,0,2,1,0,38,1,1476994261101,"false",0,0,"close"
"8844-9",1,0,2,0,2,11,1,1476993985123,"true",0,0,"far"
"8844-9",1,0,1,0,2,10,0,1476993973881,"true",0,1,"close"
"8844-9",0,0,1,1,0,13,0,1476993999693,"true",0,1,"far"
"8844-9",1,0,1,0,2,12,0,1476993992412,"true",0,1,"far"
"8844-9",0,1,2,0,1,15,1,1476994031112,"true",0,0,"split"
"8844-9",0,0,2,1,0,14,1,1476994016251,"false",0,0,"split"
"8844-9",1,0,0,0,2,17,0,1476994050312,"true",1,0,"far"
"8844-9",1,0,0,0,2,16,0,1476994041532,"true",1,0,"far"
"8844-9",1,0,1,0,2,19,0,1476994070023,"true",0,1,"far"
"8844-9",1,0,0,0,2,18,0,1476994062113,"true",1,0,"close"
"8844-9",1,0,2,0,2,31,1,1476994184972,"true",0,0,"split"
"8844-9",0,0,2,1,0,30,1,1476994171642,"true",0,0,"close"
"8844-9",0,0,1,1,0,37,0,1476994250822,"true",0,1,"far"
"8844-9",0,0,0,1,0,36,0,1476994242430,"true",1,0,"split"
"8844-9",0,0,2,1,0,35,1,1476994228963,"true",0,0,"split"
"8844-9",1,0,0,0,2,34,0,1476994218910,"true",1,0,"split"
"8844-9",0,0,0,1,0,33,0,1476994207771,"true",1,0,"split"
"8844-9",1,0,1,0,2,32,0,1476994194352,"true",0,1,"far"
"8844-9",0,0,1,1,0,50,0,1476994387682,"true",0,1,"split"
