"gameid","sClicked_2","sClicked_1","lClickedIndex","sClicked_0","sClickedIndex","roundNum","lClicked_2","time","outcome","lClicked_0","lClicked_1","condition"
"8855-6",1,0,0,0,2,42,0,1477003298388,"true",1,0,"close"
"8855-6",0,1,1,0,1,48,0,1477003426121,"true",0,1,"close"
"8855-6",0,1,2,0,1,43,1,1477003314771,"true",0,0,"far"
"8855-6",1,0,1,0,2,49,0,1477003433938,"true",0,1,"far"
"8855-6",0,0,2,1,0,24,1,1477002925033,"true",0,0,"split"
"8855-6",0,1,1,0,1,25,0,1477002943757,"true",0,1,"far"
"8855-6",1,0,1,0,2,26,0,1477002965998,"true",0,1,"split"
"8855-6",0,0,1,1,0,27,0,1477002993129,"true",0,1,"close"
"8855-6",0,1,0,0,1,20,0,1477002835280,"true",1,0,"split"
"8855-6",1,0,0,0,2,21,0,1477002849339,"false",1,0,"close"
"8855-6",0,1,0,0,1,22,0,1477002881658,"true",1,0,"close"
"8855-6",0,0,1,1,0,23,0,1477002915866,"true",0,1,"close"
"8855-6",0,1,1,0,1,46,0,1477003355538,"true",0,1,"close"
"8855-6",0,1,2,0,1,47,1,1477003380250,"true",0,0,"close"
"8855-6",0,1,0,0,1,44,0,1477003328284,"true",1,0,"far"
"8855-6",0,1,0,0,1,45,0,1477003344997,"true",1,0,"split"
"8855-6",0,1,0,0,1,28,0,1477003010709,"true",1,0,"far"
"8855-6",0,0,0,1,0,29,0,1477003032501,"true",1,0,"split"
"8855-6",0,0,1,1,0,40,0,1477003279510,"true",0,1,"split"
"8855-6",0,0,0,1,0,41,0,1477003290218,"true",1,0,"close"
"8855-6",0,1,1,0,1,1,0,1477002343865,"true",0,1,"split"
"8855-6",1,0,1,0,2,3,0,1477002422848,"false",0,1,"close"
"8855-6",1,0,0,0,2,2,0,1477002366933,"true",1,0,"split"
"8855-6",1,0,0,0,2,5,0,1477002449453,"true",1,0,"far"
"8855-6",0,0,1,1,0,4,0,1477002440830,"true",0,1,"far"
"8855-6",0,1,2,0,1,7,1,1477002507065,"true",0,0,"far"
"8855-6",0,0,2,1,0,6,1,1477002482576,"true",0,0,"split"
"8855-6",0,0,0,1,0,9,0,1477002573140,"true",1,0,"close"
"8855-6",1,0,2,0,2,8,1,1477002538622,"true",0,0,"far"
"8855-6",0,0,2,1,0,39,1,1477003263072,"true",0,0,"far"
"8855-6",1,0,1,0,2,38,0,1477003240789,"true",0,1,"close"
"8855-6",0,1,0,0,1,11,0,1477002617193,"true",1,0,"far"
"8855-6",1,0,1,0,2,10,0,1477002603474,"true",0,1,"split"
"8855-6",0,1,2,0,1,13,1,1477002674216,"true",0,0,"close"
"8855-6",0,1,2,0,1,12,1,1477002636804,"true",0,0,"close"
"8855-6",0,0,1,1,0,15,0,1477002708024,"true",0,1,"far"
"8855-6",0,0,2,1,0,14,1,1477002697598,"true",0,0,"split"
"8855-6",0,1,1,0,1,17,0,1477002754866,"true",0,1,"far"
"8855-6",0,1,1,0,1,16,0,1477002729578,"true",0,1,"close"
"8855-6",0,1,0,0,1,19,0,1477002791928,"true",1,0,"far"
"8855-6",1,0,1,0,2,18,0,1477002767525,"true",0,1,"split"
"8855-6",1,0,1,0,2,31,0,1477003053508,"true",0,1,"split"
"8855-6",1,0,1,0,2,30,0,1477003045421,"true",0,1,"split"
"8855-6",0,1,0,0,1,37,0,1477003231039,"true",1,0,"far"
"8855-6",0,0,1,1,0,36,0,1477003218107,"false",0,1,"close"
"8855-6",0,0,1,1,0,35,0,1477003188573,"true",0,1,"split"
"8855-6",0,1,0,0,1,34,0,1477003173832,"true",1,0,"far"
"8855-6",0,1,1,0,1,33,0,1477003162944,"true",0,1,"split"
"8855-6",1,0,2,0,2,32,1,1477003074531,"false",0,0,"close"
"8855-6",0,0,1,1,0,50,0,1477003452741,"true",0,1,"far"
