"gameid","sClicked_2","sClicked_1","lClickedIndex","sClicked_0","sClickedIndex","roundNum","lClicked_2","time","outcome","lClicked_0","lClicked_1","condition"
"8858-2",0,0,2,1,0,42,1,1476992163909,"true",0,0,"far"
"8858-2",0,0,1,1,0,48,0,1476992270342,"true",0,1,"far"
"8858-2",0,0,1,1,0,43,0,1476992177133,"true",0,1,"split"
"8858-2",1,0,0,0,2,49,0,1476992282540,"true",1,0,"split"
"8858-2",0,1,0,0,1,24,0,1476991829988,"true",1,0,"close"
"8858-2",0,0,2,1,0,25,1,1476991846276,"true",0,0,"far"
"8858-2",1,0,1,0,2,26,0,1476991871740,"true",0,1,"split"
"8858-2",0,0,0,1,0,27,0,1476991904894,"true",1,0,"close"
"8858-2",0,1,0,0,1,20,0,1476991743827,"true",1,0,"split"
"8858-2",0,1,1,0,1,21,0,1476991765131,"true",0,1,"close"
"8858-2",0,0,0,1,0,22,0,1476991775148,"true",1,0,"close"
"8858-2",1,0,1,0,2,23,0,1476991806780,"true",0,1,"split"
"8858-2",1,0,1,0,2,46,0,1476992253581,"true",0,1,"close"
"8858-2",0,1,1,0,1,47,0,1476992262077,"true",0,1,"far"
"8858-2",0,0,0,1,0,44,0,1476992185604,"true",1,0,"far"
"8858-2",0,0,0,1,0,45,0,1476992231149,"true",1,0,"close"
"8858-2",1,0,1,0,2,28,0,1476991916924,"true",0,1,"split"
"8858-2",1,0,2,0,2,29,1,1476991927844,"true",0,0,"far"
"8858-2",0,1,1,0,1,40,0,1476992123044,"true",0,1,"close"
"8858-2",1,0,2,0,2,41,1,1476992136492,"true",0,0,"close"
"8858-2",0,0,1,1,0,1,0,1476991395484,"false",0,1,"split"
"8858-2",1,0,1,0,2,3,0,1476991418378,"true",0,1,"close"
"8858-2",0,0,1,1,0,2,0,1476991406219,"true",0,1,"split"
"8858-2",0,0,2,1,0,5,1,1476991456355,"false",0,0,"close"
"8858-2",1,0,0,0,2,4,0,1476991429035,"true",1,0,"split"
"8858-2",1,0,1,0,2,7,0,1476991503547,"true",0,1,"far"
"8858-2",0,1,2,0,1,6,1,1476991495243,"true",0,0,"split"
"8858-2",0,0,1,1,0,9,0,1476991539314,"true",0,1,"split"
"8858-2",0,1,1,0,1,8,0,1476991527932,"true",0,1,"close"
"8858-2",0,1,2,0,1,39,1,1476992082860,"true",0,0,"split"
"8858-2",0,0,0,1,0,38,0,1476992070452,"true",1,0,"split"
"8858-2",0,0,2,1,0,11,1,1476991556523,"true",0,0,"far"
"8858-2",0,1,0,0,1,10,0,1476991548915,"true",1,0,"far"
"8858-2",0,1,2,0,1,13,1,1476991615380,"true",0,0,"far"
"8858-2",1,0,1,0,2,12,0,1476991607291,"true",0,1,"close"
"8858-2",0,1,2,0,1,15,1,1476991635651,"true",0,0,"far"
"8858-2",0,1,2,0,1,14,1,1476991629413,"true",0,0,"close"
"8858-2",0,1,1,0,1,17,0,1476991679580,"true",0,1,"close"
"8858-2",1,0,0,0,2,16,0,1476991644899,"true",1,0,"close"
"8858-2",0,1,2,0,1,19,1,1476991727259,"true",0,0,"split"
"8858-2",0,1,1,0,1,18,0,1476991701539,"true",0,1,"far"
"8858-2",0,1,2,0,1,31,1,1476991941860,"true",0,0,"far"
"8858-2",0,0,1,1,0,30,0,1476991934860,"true",0,1,"far"
"8858-2",0,0,2,1,0,37,1,1476992056884,"true",0,0,"split"
"8858-2",0,0,1,1,0,36,0,1476992039772,"true",0,1,"close"
"8858-2",0,1,2,0,1,35,1,1476992013404,"true",0,0,"split"
"8858-2",1,0,0,0,2,34,0,1476992000172,"true",1,0,"split"
"8858-2",0,1,0,0,1,33,0,1476991992044,"true",1,0,"far"
"8858-2",1,0,0,0,2,32,0,1476991953827,"true",1,0,"far"
"8858-2",0,0,2,1,0,50,1,1476992299117,"true",0,0,"close"
