"gameid","sClicked_2","sClicked_1","lClickedIndex","sClicked_0","sClickedIndex","roundNum","lClicked_2","time","outcome","lClicked_0","lClicked_1","condition"
"8875-d",0,1,1,0,1,42,0,1476993659195,"true",0,1,"split"
"8875-d",1,0,0,0,2,48,0,1476993743486,"true",1,0,"split"
"8875-d",0,1,1,0,1,50,0,1476993774300,"true",0,1,"split"
"8875-d",0,1,1,0,1,24,0,1476993320850,"true",0,1,"far"
"8875-d",1,0,1,0,2,25,0,1476993329135,"true",0,1,"far"
"8875-d",0,0,1,1,0,26,0,1476993352004,"true",0,1,"close"
"8875-d",1,0,1,0,2,27,0,1476993366274,"true",0,1,"far"
"8875-d",0,1,0,0,1,20,0,1476993220919,"true",1,0,"split"
"8875-d",0,1,1,0,1,21,0,1476993232798,"true",0,1,"far"
"8875-d",0,0,2,1,0,22,1,1476993263554,"true",0,0,"close"
"8875-d",0,1,1,0,1,49,0,1476993751061,"true",0,1,"far"
"8875-d",1,0,2,0,2,46,1,1476993719653,"true",0,0,"close"
"8875-d",0,0,0,1,0,47,0,1476993730405,"false",1,0,"close"
"8875-d",0,0,0,1,0,44,0,1476993688538,"false",1,0,"split"
"8875-d",0,0,0,1,0,45,0,1476993706594,"true",1,0,"split"
"8875-d",0,0,0,1,0,28,0,1476993385175,"true",1,0,"far"
"8875-d",1,0,0,0,2,43,0,1476993672830,"true",1,0,"close"
"8875-d",0,0,0,1,0,40,0,1476993616127,"true",1,0,"far"
"8875-d",0,0,2,1,0,41,1,1476993638440,"true",0,0,"far"
"8875-d",1,0,2,0,2,1,1,1476992638181,"true",0,0,"far"
"8875-d",0,0,1,1,0,3,0,1476992717924,"true",0,1,"split"
"8875-d",0,0,0,1,0,2,0,1476992676811,"false",1,0,"close"
"8875-d",1,0,2,0,2,4,1,1476992742673,"true",0,0,"split"
"8875-d",1,0,0,0,2,7,0,1476992836558,"true",1,0,"far"
"8875-d",0,1,2,0,1,6,1,1476992824082,"true",0,0,"close"
"8875-d",1,0,2,0,2,9,1,1476992899138,"true",0,0,"split"
"8875-d",0,0,2,1,0,8,1,1476992858340,"true",0,0,"close"
"8875-d",0,1,0,0,1,39,0,1476993594904,"false",1,0,"split"
"8875-d",1,0,0,0,2,11,0,1476992925403,"true",1,0,"far"
"8875-d",0,0,1,1,0,10,0,1476992911448,"false",0,1,"split"
"8875-d",1,0,1,0,2,13,0,1476993027642,"true",0,1,"close"
"8875-d",0,1,2,0,1,38,1,1476993578757,"true",0,0,"far"
"8875-d",0,1,2,0,1,15,1,1476993074504,"true",0,0,"close"
"8875-d",0,0,0,1,0,14,0,1476993039981,"true",1,0,"far"
"8875-d",1,0,2,0,2,17,1,1476993103090,"true",0,0,"close"
"8875-d",0,1,1,0,1,16,0,1476993090584,"true",0,1,"far"
"8875-d",0,0,1,1,0,19,0,1476993154183,"true",0,1,"close"
"8875-d",1,0,1,0,2,18,0,1476993133499,"false",0,1,"close"
"8875-d",1,0,2,0,2,31,1,1476993440965,"true",0,0,"far"
"8875-d",1,0,0,0,2,30,0,1476993430722,"true",1,0,"far"
"8875-d",0,0,0,1,0,37,0,1476993559527,"true",1,0,"split"
"8875-d",0,1,0,0,1,36,0,1476993540533,"true",1,0,"split"
"8875-d",1,0,2,0,2,34,1,1476993481275,"false",0,0,"close"
"8875-d",0,0,1,1,0,33,0,1476993468110,"false",0,1,"split"
"8875-d",0,0,2,1,0,32,1,1476993455302,"true",0,0,"close"
