"gameid","sClicked_2","sClicked_1","lClickedIndex","sClicked_0","sClickedIndex","roundNum","lClicked_2","time","outcome","lClicked_0","lClicked_1","condition"
"8890-2",0,0,0,1,0,42,0,1476992450544,"false",1,0,"split"
"8890-2",0,0,2,1,0,48,1,1476992514763,"true",0,0,"far"
"8890-2",1,0,1,0,2,43,0,1476992461681,"true",0,1,"far"
"8890-2",0,1,0,0,1,49,0,1476992553775,"true",1,0,"close"
"8890-2",1,0,1,0,2,24,0,1476992078615,"true",0,1,"split"
"8890-2",1,0,0,0,2,25,0,1476992087898,"true",1,0,"far"
"8890-2",1,0,0,0,2,26,0,1476992096318,"true",1,0,"split"
"8890-2",0,1,1,0,1,27,0,1476992109977,"false",0,1,"close"
"8890-2",1,0,2,0,2,20,1,1476991955363,"true",0,0,"split"
"8890-2",1,0,0,0,2,21,0,1476992022084,"false",1,0,"close"
"8890-2",1,0,0,0,2,22,0,1476992042202,"true",1,0,"far"
"8890-2",0,0,1,1,0,23,0,1476992051383,"true",0,1,"split"
"8890-2",0,1,1,0,1,46,0,1476992492078,"true",0,1,"split"
"8890-2",1,0,2,0,2,47,1,1476992506172,"true",0,0,"close"
"8890-2",1,0,1,0,2,44,0,1476992470815,"true",0,1,"close"
"8890-2",0,0,2,1,0,45,1,1476992484489,"true",0,0,"close"
"8890-2",0,0,0,1,0,28,0,1476992120823,"true",1,0,"split"
"8890-2",0,1,1,0,1,29,0,1476992154128,"true",0,1,"split"
"8890-2",0,1,0,0,1,40,0,1476992360681,"false",1,0,"split"
"8890-2",1,0,0,0,2,41,0,1476992395587,"true",1,0,"split"
"8890-2",0,0,1,1,0,1,0,1476991631136,"true",0,1,"split"
"8890-2",0,0,2,1,0,3,1,1476991674702,"true",0,0,"close"
"8890-2",0,0,1,1,0,2,0,1476991665418,"false",0,1,"close"
"8890-2",0,1,1,0,1,5,0,1476991715460,"true",0,1,"split"
"8890-2",1,0,2,0,2,4,1,1476991681401,"true",0,0,"far"
"8890-2",0,0,2,1,0,7,1,1476991734874,"true",0,0,"far"
"8890-2",1,0,2,0,2,6,1,1476991724581,"true",0,0,"close"
"8890-2",0,0,0,1,0,9,0,1476991787890,"true",1,0,"close"
"8890-2",0,1,2,0,1,8,1,1476991766431,"true",0,0,"split"
"8890-2",1,0,0,0,2,39,0,1476992314570,"true",1,0,"close"
"8890-2",0,0,2,1,0,38,1,1476992276574,"false",0,0,"close"
"8890-2",1,0,0,0,2,11,0,1476991817014,"false",1,0,"close"
"8890-2",1,0,2,0,2,10,1,1476991801770,"true",0,0,"far"
"8890-2",1,0,2,0,2,13,1,1476991869282,"true",0,0,"close"
"8890-2",1,0,0,0,2,12,0,1476991855114,"true",1,0,"far"
"8890-2",0,0,2,1,0,15,1,1476991884528,"true",0,0,"far"
"8890-2",0,0,2,1,0,14,1,1476991878243,"true",0,0,"far"
"8890-2",1,0,2,0,2,17,1,1476991923802,"true",0,0,"close"
"8890-2",0,1,0,0,1,16,0,1476991903591,"true",1,0,"split"
"8890-2",1,0,2,0,2,19,1,1476991944309,"true",0,0,"far"
"8890-2",1,0,2,0,2,18,1,1476991932275,"true",0,0,"split"
"8890-2",0,1,1,0,1,31,0,1476992183400,"true",0,1,"split"
"8890-2",0,0,1,1,0,30,0,1476992169562,"true",0,1,"close"
"8890-2",0,0,0,1,0,37,0,1476992258501,"true",1,0,"far"
"8890-2",0,1,0,0,1,36,0,1476992244583,"true",1,0,"far"
"8890-2",0,1,2,0,1,35,1,1476992231065,"true",0,0,"far"
"8890-2",0,1,0,0,1,34,0,1476992220292,"true",1,0,"far"
"8890-2",0,0,2,1,0,33,1,1476992211655,"true",0,0,"split"
"8890-2",0,1,2,0,1,32,1,1476992195528,"true",0,0,"far"
"8890-2",1,0,2,0,2,50,1,1476992580355,"true",0,0,"far"
