"gameid","sClicked_2","sClicked_1","lClickedIndex","sClicked_0","sClickedIndex","roundNum","lClicked_2","time","outcome","lClicked_0","lClicked_1","condition"
"8891-9",0,0,0,1,0,42,0,1476502193349,"true",1,0,"split"
"8891-9",1,0,0,0,2,48,0,1476502249823,"true",1,0,"far"
"8891-9",1,0,0,0,2,43,0,1476502211466,"true",1,0,"close"
"8891-9",1,0,0,0,2,49,0,1476502256689,"true",1,0,"close"
"8891-9",0,0,0,1,0,24,0,1476501929313,"true",1,0,"far"
"8891-9",1,0,1,0,2,25,0,1476501937880,"true",0,1,"far"
"8891-9",1,0,0,0,2,26,0,1476501946280,"true",1,0,"split"
"8891-9",0,1,2,0,1,27,1,1476501954151,"true",0,0,"far"
"8891-9",1,0,2,0,2,20,1,1476501878557,"true",0,0,"close"
"8891-9",1,0,0,0,2,21,0,1476501893467,"true",1,0,"split"
"8891-9",0,0,0,1,0,22,0,1476501908325,"false",1,0,"split"
"8891-9",1,0,1,0,2,23,0,1476501921294,"true",0,1,"split"
"8891-9",0,1,2,0,1,46,1,1476502233630,"true",0,0,"close"
"8891-9",0,0,1,1,0,47,0,1476502243626,"true",0,1,"close"
"8891-9",1,0,0,0,2,44,0,1476502217714,"true",1,0,"far"
"8891-9",0,0,0,1,0,45,0,1476502225788,"true",1,0,"close"
"8891-9",1,0,0,0,2,28,0,1476501962239,"true",1,0,"split"
"8891-9",0,1,0,0,1,29,0,1476501968858,"true",1,0,"far"
"8891-9",0,0,0,1,0,40,0,1476502164407,"true",1,0,"far"
"8891-9",1,0,2,0,2,41,1,1476502176186,"true",0,0,"far"
"8891-9",1,0,2,0,2,1,1,1476501687707,"true",0,0,"split"
"8891-9",0,0,2,1,0,3,1,1476501711718,"true",0,0,"split"
"8891-9",0,0,1,1,0,2,0,1476501700038,"true",0,1,"split"
"8891-9",0,0,2,1,0,5,1,1476501734896,"false",0,0,"far"
"8891-9",0,0,0,1,0,4,0,1476501724741,"true",1,0,"close"
"8891-9",0,1,0,0,1,7,0,1476501765671,"true",1,0,"close"
"8891-9",0,1,2,0,1,6,1,1476501745948,"true",0,0,"close"
"8891-9",0,1,1,0,1,9,0,1476501784820,"true",0,1,"split"
"8891-9",0,0,2,1,0,8,1,1476501772676,"true",0,0,"far"
"8891-9",0,0,0,1,0,39,0,1476502154382,"true",1,0,"split"
"8891-9",0,1,0,0,1,38,0,1476502133554,"true",1,0,"close"
"8891-9",0,1,2,0,1,11,1,1476501798978,"true",0,0,"far"
"8891-9",0,1,1,0,1,10,0,1476501791763,"true",0,1,"far"
"8891-9",1,0,2,0,2,13,1,1476501814451,"true",0,0,"far"
"8891-9",1,0,1,0,2,12,0,1476501807553,"true",0,1,"split"
"8891-9",1,0,1,0,2,15,0,1476501832817,"true",0,1,"split"
"8891-9",0,1,2,0,1,14,1,1476501823926,"true",0,0,"close"
"8891-9",0,1,1,0,1,17,0,1476501849186,"true",0,1,"split"
"8891-9",0,0,0,1,0,16,0,1476501841796,"true",1,0,"split"
"8891-9",1,0,2,0,2,19,1,1476501865867,"true",0,0,"close"
"8891-9",1,0,1,0,2,18,0,1476501855690,"true",0,1,"far"
"8891-9",0,1,1,0,1,31,0,1476502008182,"true",0,1,"close"
"8891-9",1,0,2,0,2,30,1,1476501990368,"false",0,0,"close"
"8891-9",1,0,0,0,2,37,0,1476502064500,"true",1,0,"far"
"8891-9",1,0,1,0,2,36,0,1476502054209,"true",0,1,"close"
"8891-9",0,1,2,0,1,35,1,1476502044843,"true",0,0,"close"
"8891-9",0,0,0,1,0,34,0,1476502034439,"true",1,0,"far"
"8891-9",1,0,1,0,2,33,0,1476502026945,"true",0,1,"far"
"8891-9",0,0,1,1,0,32,0,1476502018224,"false",0,1,"split"
"8891-9",0,0,1,1,0,50,0,1476502275928,"true",0,1,"split"
