"gameid","sClicked_2","sClicked_1","lClickedIndex","sClicked_0","sClickedIndex","roundNum","lClicked_2","time","outcome","lClicked_0","lClicked_1","condition"
"8901-6",0,1,0,0,1,42,0,1476990975765,"true",1,0,"split"
"8901-6",0,0,1,1,0,48,0,1476991053223,"true",0,1,"close"
"8901-6",1,0,0,0,2,43,0,1476990995687,"true",1,0,"far"
"8901-6",0,0,1,1,0,49,0,1476991060791,"false",0,1,"close"
"8901-6",1,0,1,0,2,24,0,1476990768144,"false",0,1,"split"
"8901-6",0,1,1,0,1,25,0,1476990777549,"true",0,1,"far"
"8901-6",0,0,2,1,0,26,1,1476990787742,"true",0,0,"far"
"8901-6",1,0,2,0,2,27,1,1476990794198,"true",0,0,"far"
"8901-6",0,0,2,1,0,20,1,1476990721254,"true",0,0,"split"
"8901-6",1,0,2,0,2,21,1,1476990730246,"true",0,0,"far"
"8901-6",1,0,1,0,2,22,0,1476990742462,"true",0,1,"far"
"8901-6",0,1,2,0,1,23,1,1476990756038,"true",0,0,"split"
"8901-6",0,0,0,1,0,46,0,1476991034119,"true",1,0,"far"
"8901-6",0,0,1,1,0,47,0,1476991046535,"true",0,1,"close"
"8901-6",0,0,0,1,0,44,0,1476991008215,"true",1,0,"split"
"8901-6",1,0,1,0,2,45,0,1476991027830,"false",0,1,"close"
"8901-6",0,1,1,0,1,28,0,1476990806735,"true",0,1,"far"
"8901-6",1,0,1,0,2,29,0,1476990813910,"true",0,1,"far"
"8901-6",1,0,1,0,2,40,0,1476990956903,"true",0,1,"close"
"8901-6",0,0,2,1,0,41,1,1476990967446,"true",0,0,"close"
"8901-6",0,0,0,1,0,1,0,1476990427026,"true",1,0,"far"
"8901-6",0,1,2,0,1,3,1,1476990440382,"true",0,0,"far"
"8901-6",0,1,1,0,1,2,0,1476990434230,"true",0,1,"far"
"8901-6",0,0,0,1,0,5,0,1476990494488,"true",1,0,"close"
"8901-6",0,0,2,1,0,4,1,1476990486265,"true",0,0,"close"
"8901-6",1,0,1,0,2,7,0,1476990559531,"false",0,1,"close"
"8901-6",0,1,1,0,1,6,0,1476990501902,"true",0,1,"split"
"8901-6",0,0,1,1,0,9,0,1476990576414,"true",0,1,"split"
"8901-6",0,0,2,1,0,8,1,1476990569125,"true",0,0,"split"
"8901-6",1,0,1,0,2,39,0,1476990943007,"true",0,1,"split"
"8901-6",0,0,0,1,0,38,0,1476990935728,"true",1,0,"split"
"8901-6",1,0,0,0,2,11,0,1476990594816,"true",1,0,"close"
"8901-6",0,1,0,0,1,10,0,1476990584750,"true",1,0,"split"
"8901-6",0,0,0,1,0,13,0,1476990628045,"true",1,0,"split"
"8901-6",0,1,1,0,1,12,0,1476990600677,"true",0,1,"split"
"8901-6",0,1,2,0,1,15,1,1476990664966,"false",0,0,"close"
"8901-6",0,1,0,0,1,14,0,1476990638846,"true",1,0,"split"
"8901-6",0,0,2,1,0,17,1,1476990682325,"true",0,0,"close"
"8901-6",1,0,2,0,2,16,1,1476990673286,"true",0,0,"far"
"8901-6",0,0,2,1,0,19,1,1476990710171,"true",0,0,"far"
"8901-6",0,0,2,1,0,18,1,1476990695310,"true",0,0,"split"
"8901-6",0,1,2,0,1,31,1,1476990831086,"true",0,0,"far"
"8901-6",0,0,2,1,0,30,1,1476990824678,"true",0,0,"split"
"8901-6",0,1,1,0,1,37,0,1476990927159,"true",0,1,"far"
"8901-6",0,1,1,0,1,36,0,1476990914123,"true",0,1,"close"
"8901-6",1,0,0,0,2,35,0,1476990907326,"true",1,0,"close"
"8901-6",0,1,0,0,1,34,0,1476990870102,"true",1,0,"close"
"8901-6",1,0,2,0,2,33,1,1476990860822,"true",0,0,"far"
"8901-6",1,0,1,0,2,32,0,1476990852894,"true",0,1,"close"
"8901-6",1,0,0,0,2,50,0,1476991069063,"true",1,0,"close"
