"gameid","sClicked_2","sClicked_1","lClickedIndex","sClicked_0","sClickedIndex","roundNum","lClicked_2","time","outcome","lClicked_0","lClicked_1","condition"
"8925-0",0,0,2,1,0,42,1,1476995437433,"true",0,0,"far"
"8925-0",0,0,2,1,0,48,1,1476995502992,"true",0,0,"close"
"8925-0",0,1,0,0,1,43,0,1476995449149,"true",1,0,"close"
"8925-0",0,0,0,1,0,49,0,1476995515902,"false",1,0,"close"
"8925-0",0,1,0,0,1,24,0,1476995181223,"true",1,0,"far"
"8925-0",1,0,0,0,2,25,0,1476995190680,"true",1,0,"far"
"8925-0",0,0,2,1,0,26,1,1476995200759,"true",0,0,"split"
"8925-0",0,0,2,1,0,27,1,1476995219745,"true",0,0,"close"
"8925-0",0,1,2,0,1,20,1,1476995126006,"true",0,0,"close"
"8925-0",1,0,2,0,2,21,1,1476995140120,"true",0,0,"split"
"8925-0",0,1,2,0,1,22,1,1476995153785,"false",0,0,"close"
"8925-0",0,1,2,0,1,23,1,1476995168137,"true",0,0,"split"
"8925-0",0,1,0,0,1,46,0,1476995475911,"true",1,0,"close"
"8925-0",1,0,1,0,2,47,0,1476995485257,"true",0,1,"split"
"8925-0",0,0,0,1,0,44,0,1476995460108,"true",1,0,"far"
"8925-0",0,0,2,1,0,45,1,1476995468610,"true",0,0,"close"
"8925-0",0,0,0,1,0,28,0,1476995233225,"true",1,0,"far"
"8925-0",0,1,2,0,1,29,1,1476995250832,"true",0,0,"close"
"8925-0",0,0,2,1,0,40,1,1476995405833,"true",0,0,"far"
"8925-0",0,1,1,0,1,41,0,1476995428776,"false",0,1,"split"
"8925-0",0,0,2,1,0,1,1,1476994849087,"false",0,0,"split"
"8925-0",1,0,1,0,2,3,0,1476994867493,"false",0,1,"split"
"8925-0",1,0,1,0,2,2,0,1476994856896,"false",0,1,"far"
"8925-0",1,0,0,0,2,5,0,1476994898898,"true",1,0,"split"
"8925-0",1,0,2,0,2,4,1,1476994889427,"true",0,0,"split"
"8925-0",0,0,2,1,0,7,1,1476994929676,"true",0,0,"split"
"8925-0",1,0,0,0,2,6,0,1476994908719,"true",1,0,"far"
"8925-0",0,0,1,1,0,9,0,1476994967972,"false",0,1,"close"
"8925-0",0,0,0,1,0,8,0,1476994940523,"true",1,0,"split"
"8925-0",1,0,2,0,2,39,1,1476995393887,"false",0,0,"close"
"8925-0",1,0,2,0,2,38,1,1476995373600,"true",0,0,"far"
"8925-0",1,0,2,0,2,11,1,1476995017808,"false",0,0,"close"
"8925-0",0,1,2,0,1,10,1,1476995003203,"true",0,0,"split"
"8925-0",0,1,2,0,1,13,1,1476995034499,"true",0,0,"far"
"8925-0",0,0,0,1,0,12,0,1476995027608,"true",1,0,"far"
"8925-0",1,0,2,0,2,15,1,1476995054557,"true",0,0,"far"
"8925-0",1,0,0,0,2,14,0,1476995047013,"true",1,0,"split"
"8925-0",0,1,2,0,1,17,1,1476995079986,"true",0,0,"close"
"8925-0",0,1,2,0,1,16,1,1476995063408,"true",0,0,"far"
"8925-0",0,1,0,0,1,19,0,1476995113609,"false",1,0,"close"
"8925-0",0,0,0,1,0,18,0,1476995094431,"true",1,0,"close"
"8925-0",1,0,1,0,2,31,0,1476995292912,"true",0,1,"split"
"8925-0",1,0,0,0,2,30,0,1476995272516,"true",1,0,"close"
"8925-0",0,1,0,0,1,37,0,1476995358610,"true",1,0,"far"
"8925-0",0,1,1,0,1,36,0,1476995350666,"true",0,1,"far"
"8925-0",0,1,1,0,1,35,0,1476995342263,"true",0,1,"split"
"8925-0",0,0,2,1,0,34,1,1476995335466,"true",0,0,"far"
"8925-0",1,0,0,0,2,33,0,1476995319942,"true",1,0,"far"
"8925-0",1,0,0,0,2,32,0,1476995310487,"true",1,0,"split"
"8925-0",1,0,1,0,2,50,0,1476995527982,"true",0,1,"split"
