"gameid","sClicked_2","sClicked_1","lClickedIndex","sClicked_0","sClickedIndex","roundNum","lClicked_2","time","outcome","lClicked_0","lClicked_1","condition"
"8953-9",0,1,2,0,1,42,1,1476470574543,"true",0,0,"far"
"8953-9",0,1,2,0,1,50,1,1476470682206,"true",0,0,"far"
"8953-9",1,0,0,0,2,49,0,1476470675103,"true",1,0,"far"
"8953-9",0,0,0,1,0,24,0,1476470199959,"true",1,0,"close"
"8953-9",0,1,2,0,1,25,1,1476470210935,"true",0,0,"close"
"8953-9",0,1,0,0,1,27,0,1476470280967,"true",1,0,"split"
"8953-9",0,0,2,1,0,20,1,1476470080663,"true",0,0,"far"
"8953-9",0,0,2,1,0,21,1,1476470109271,"true",0,0,"split"
"8953-9",0,1,2,0,1,48,1,1476470667454,"true",0,0,"split"
"8953-9",0,1,1,0,1,23,0,1476470187624,"true",0,1,"far"
"8953-9",0,1,1,0,1,46,0,1476470628862,"true",0,1,"close"
"8953-9",0,0,0,1,0,47,0,1476470645311,"true",1,0,"far"
"8953-9",0,1,0,0,1,44,0,1476470601687,"true",1,0,"split"
"8953-9",0,1,1,0,1,45,0,1476470614094,"true",0,1,"split"
"8953-9",0,1,1,0,1,28,0,1476470288192,"true",0,1,"far"
"8953-9",0,0,2,1,0,43,1,1476470582582,"true",0,0,"far"
"8953-9",1,0,0,0,2,40,0,1476470554527,"true",1,0,"split"
"8953-9",0,1,1,0,1,41,0,1476470561183,"true",0,1,"far"
"8953-9",0,1,1,0,1,1,0,1476469531489,"true",0,1,"split"
"8953-9",1,0,0,0,2,3,0,1476469666265,"true",1,0,"close"
"8953-9",1,0,0,0,2,5,0,1476469715041,"true",1,0,"split"
"8953-9",0,0,0,1,0,4,0,1476469685960,"true",1,0,"far"
"8953-9",0,1,1,0,1,7,0,1476469799298,"true",0,1,"split"
"8953-9",0,0,2,1,0,8,1,1476469825856,"true",0,0,"close"
"8953-9",0,1,0,0,1,39,0,1476470526078,"true",1,0,"far"
"8953-9",0,1,1,0,1,38,0,1476470516366,"true",0,1,"close"
"8953-9",0,0,2,1,0,11,1,1476469917936,"true",0,0,"far"
"8953-9",0,0,1,1,0,10,0,1476469885181,"true",0,1,"far"
"8953-9",1,0,0,0,2,13,0,1476469942568,"true",1,0,"split"
"8953-9",1,0,1,0,2,12,0,1476469933456,"true",0,1,"split"
"8953-9",0,1,0,0,1,15,0,1476469963344,"true",1,0,"far"
"8953-9",0,1,0,0,1,14,0,1476469955920,"true",1,0,"split"
"8953-9",1,0,0,0,2,17,0,1476470013728,"true",1,0,"close"
"8953-9",1,0,2,0,2,33,1,1476470401383,"true",0,0,"split"
"8953-9",0,1,1,0,1,18,0,1476470027471,"true",0,1,"close"
"8953-9",1,0,1,0,2,31,0,1476470340119,"true",0,1,"close"
"8953-9",1,0,2,0,2,30,1,1476470327031,"true",0,0,"far"
"8953-9",0,1,0,0,1,37,0,1476470489910,"true",1,0,"split"
"8953-9",0,0,1,1,0,36,0,1476470474079,"true",0,1,"far"
"8953-9",0,1,2,0,1,35,1,1476470463119,"false",0,0,"close"
"8953-9",1,0,0,0,2,34,0,1476470418070,"true",1,0,"split"
