"gameid","sClicked_2","sClicked_1","lClickedIndex","sClicked_0","sClickedIndex","roundNum","lClicked_2","time","outcome","lClicked_0","lClicked_1","condition"
"8954-7",0,1,0,0,1,42,0,1477000922306,"true",1,0,"close"
"8954-7",1,0,1,0,2,48,0,1477001007183,"true",0,1,"close"
"8954-7",0,1,0,0,1,43,0,1477000949926,"false",1,0,"split"
"8954-7",1,0,2,0,2,49,1,1477001014240,"true",0,0,"far"
"8954-7",0,1,0,0,1,24,0,1477000716008,"true",1,0,"close"
"8954-7",1,0,1,0,2,25,0,1477000726038,"true",0,1,"far"
"8954-7",1,0,1,0,2,26,0,1477000732483,"true",0,1,"far"
"8954-7",0,1,2,0,1,27,1,1477000738956,"true",0,0,"far"
"8954-7",1,0,2,0,2,20,1,1477000678397,"true",0,0,"far"
"8954-7",1,0,0,0,2,21,0,1477000688046,"true",1,0,"far"
"8954-7",0,0,1,1,0,22,0,1477000695661,"true",0,1,"close"
"8954-7",0,1,1,0,1,23,0,1477000705975,"true",0,1,"close"
"8954-7",1,0,1,0,2,46,0,1477000987717,"true",0,1,"split"
"8954-7",0,1,1,0,1,47,0,1477000996801,"true",0,1,"close"
"8954-7",1,0,0,0,2,44,0,1477000967873,"true",1,0,"close"
"8954-7",0,0,1,1,0,45,0,1477000974842,"true",0,1,"far"
"8954-7",1,0,2,0,2,28,1,1477000757768,"true",0,0,"split"
"8954-7",0,1,1,0,1,29,0,1477000770814,"true",0,1,"close"
"8954-7",1,0,0,0,2,40,0,1477000895486,"false",1,0,"split"
"8954-7",1,0,2,0,2,41,1,1477000908777,"true",0,0,"close"
"8954-7",0,1,2,0,1,1,1,1477000493344,"true",0,0,"split"
"8954-7",1,0,0,0,2,3,0,1477000517887,"false",1,0,"close"
"8954-7",0,0,1,1,0,2,0,1477000507478,"false",0,1,"split"
"8954-7",0,1,1,0,1,5,0,1477000531962,"true",0,1,"split"
"8954-7",0,1,1,0,1,4,0,1477000524936,"true",0,1,"far"
"8954-7",0,0,0,1,0,7,0,1477000547341,"true",1,0,"close"
"8954-7",0,1,0,0,1,6,0,1477000538311,"true",1,0,"far"
"8954-7",0,1,0,0,1,9,0,1477000564052,"true",1,0,"far"
"8954-7",0,1,2,0,1,8,1,1477000554853,"true",0,0,"far"
"8954-7",1,0,2,0,2,39,1,1477000881591,"true",0,0,"split"
"8954-7",0,0,2,1,0,38,1,1477000870412,"false",0,0,"close"
"8954-7",0,0,1,1,0,11,0,1477000578775,"true",0,1,"split"
"8954-7",0,0,0,1,0,10,0,1477000571805,"true",1,0,"split"
"8954-7",1,0,1,0,2,13,0,1477000600955,"true",0,1,"split"
"8954-7",0,1,2,0,1,12,1,1477000586071,"true",0,0,"far"
"8954-7",0,0,0,1,0,15,0,1477000626941,"true",1,0,"far"
"8954-7",1,0,2,0,2,14,1,1477000616180,"false",0,0,"split"
"8954-7",0,1,1,0,1,17,0,1477000650193,"true",0,1,"split"
"8954-7",1,0,0,0,2,16,0,1477000634919,"true",1,0,"close"
"8954-7",0,0,0,1,0,19,0,1477000669723,"true",1,0,"close"
"8954-7",1,0,0,0,2,18,0,1477000658082,"true",1,0,"close"
"8954-7",0,1,0,0,1,31,0,1477000789209,"true",1,0,"split"
"8954-7",0,1,1,0,1,30,0,1477000777585,"true",0,1,"far"
"8954-7",0,0,1,1,0,37,0,1477000850954,"true",0,1,"far"
"8954-7",0,0,2,1,0,36,1,1477000843842,"true",0,0,"close"
"8954-7",0,0,1,1,0,35,0,1477000830305,"true",0,1,"split"
"8954-7",0,0,1,1,0,34,0,1477000819229,"true",0,1,"far"
"8954-7",0,1,0,0,1,33,0,1477000809036,"true",1,0,"split"
"8954-7",0,1,2,0,1,32,1,1477000799250,"true",0,0,"split"
"8954-7",0,0,0,1,0,50,0,1477001024631,"true",1,0,"close"
