"gameid","sClicked_2","sClicked_1","lClickedIndex","sClicked_0","sClickedIndex","roundNum","lClicked_2","time","outcome","lClicked_0","lClicked_1","condition"
"8958-0",0,1,2,0,1,42,1,1476988556825,"true",0,0,"close"
"8958-0",0,1,0,0,1,48,0,1476988637442,"true",1,0,"far"
"8958-0",0,0,0,1,0,43,0,1476988575832,"false",1,0,"close"
"8958-0",0,1,1,0,1,49,0,1476988649198,"true",0,1,"close"
"8958-0",0,1,2,0,1,24,1,1476988372622,"true",0,0,"close"
"8958-0",0,0,1,1,0,25,0,1476988382841,"true",0,1,"far"
"8958-0",0,0,1,1,0,26,0,1476988392354,"true",0,1,"split"
"8958-0",1,0,2,0,2,27,1,1476988406656,"true",0,0,"far"
"8958-0",0,1,0,0,1,20,0,1476988310524,"true",1,0,"far"
"8958-0",0,1,1,0,1,21,0,1476988322530,"false",0,1,"far"
"8958-0",0,0,2,1,0,22,1,1476988331142,"false",0,0,"close"
"8958-0",1,0,2,0,2,23,1,1476988359317,"false",0,0,"close"
"8958-0",0,1,2,0,1,46,1,1476988623100,"false",0,0,"close"
"8958-0",0,1,0,0,1,47,0,1476988630397,"true",1,0,"far"
"8958-0",1,0,1,0,2,44,0,1476988592300,"true",0,1,"close"
"8958-0",0,0,2,1,0,45,1,1476988612083,"true",0,0,"close"
"8958-0",0,1,1,0,1,28,0,1476988416023,"true",0,1,"close"
"8958-0",0,0,2,1,0,29,1,1476988426775,"true",0,0,"far"
"8958-0",1,0,1,0,2,40,0,1476988540253,"true",0,1,"far"
"8958-0",1,0,2,0,2,41,1,1476988546826,"true",0,0,"far"
"8958-0",1,0,2,0,2,1,1,1476988051499,"true",0,0,"split"
"8958-0",1,0,2,0,2,3,1,1476988076978,"true",0,0,"far"
"8958-0",0,0,1,1,0,2,0,1476988063931,"true",0,1,"split"
"8958-0",0,0,0,1,0,5,0,1476988104395,"true",1,0,"close"
"8958-0",0,1,1,0,1,4,0,1476988084313,"true",0,1,"far"
"8958-0",1,0,1,0,2,7,0,1476988124401,"true",0,1,"split"
"8958-0",0,0,2,1,0,6,1,1476988117602,"true",0,0,"split"
"8958-0",0,1,2,0,1,9,1,1476988142689,"false",0,0,"close"
"8958-0",0,1,2,0,1,8,1,1476988132598,"true",0,0,"split"
"8958-0",0,0,0,1,0,39,0,1476988532156,"true",1,0,"close"
"8958-0",0,0,2,1,0,38,1,1476988520626,"true",0,0,"split"
"8958-0",0,1,1,0,1,11,0,1476988170277,"true",0,1,"far"
"8958-0",1,0,1,0,2,10,0,1476988159199,"true",0,1,"close"
"8958-0",0,1,0,0,1,13,0,1476988192398,"true",1,0,"close"
"8958-0",0,0,1,1,0,12,0,1476988182776,"true",0,1,"split"
"8958-0",0,1,1,0,1,15,0,1476988226779,"true",0,1,"split"
"8958-0",0,1,1,0,1,14,0,1476988208379,"true",0,1,"close"
"8958-0",0,0,2,1,0,17,1,1476988242314,"true",0,0,"split"
"8958-0",0,0,1,1,0,16,0,1476988233984,"true",0,1,"far"
"8958-0",1,0,0,0,2,19,0,1476988287289,"true",1,0,"split"
"8958-0",1,0,1,0,2,18,0,1476988252709,"true",0,1,"split"
"8958-0",0,0,1,1,0,31,0,1476988449883,"true",0,1,"far"
"8958-0",0,0,1,1,0,30,0,1476988440346,"true",0,1,"split"
"8958-0",1,0,1,0,2,37,0,1476988512274,"true",0,1,"split"
"8958-0",0,1,0,0,1,36,0,1476988495858,"true",1,0,"split"
"8958-0",0,0,2,1,0,35,1,1476988482537,"true",0,0,"close"
"8958-0",0,1,1,0,1,34,0,1476988475618,"true",0,1,"split"
"8958-0",1,0,1,0,2,33,0,1476988465475,"true",0,1,"far"
"8958-0",0,0,1,1,0,32,0,1476988456771,"false",0,1,"far"
"8958-0",0,1,0,0,1,50,0,1476988655933,"true",1,0,"far"
