"gameid","sClicked_2","sClicked_1","lClickedIndex","sClicked_0","sClickedIndex","roundNum","lClicked_2","time","outcome","lClicked_0","lClicked_1","condition"
"8961-d",0,1,0,0,1,42,0,1459892642200,"false",1,0,"split"
"8961-d",0,1,0,0,1,48,0,1459892808913,"false",1,0,"split"
"8961-d",0,0,1,1,0,43,0,1459892696107,"true",0,1,"close"
"8961-d",0,1,0,0,1,49,0,1459892846010,"true",1,0,"split"
"8961-d",0,1,2,0,1,24,1,1459892199669,"true",0,0,"far"
"8961-d",1,0,1,0,2,25,0,1459892251725,"true",0,1,"split"
"8961-d",0,0,2,1,0,26,1,1459892326746,"false",0,0,"close"
"8961-d",1,0,1,0,2,27,0,1459892339118,"true",0,1,"split"
"8961-d",0,1,0,0,1,20,0,1459892082111,"false",1,0,"close"
"8961-d",0,0,1,1,0,21,0,1459892103626,"true",0,1,"far"
"8961-d",0,0,2,1,0,22,1,1459892146782,"true",0,0,"far"
"8961-d",0,0,0,1,0,23,0,1459892158966,"true",1,0,"split"
"8961-d",0,0,2,1,0,46,1,1459892768124,"true",0,0,"split"
"8961-d",0,0,2,1,0,47,1,1459892793146,"true",0,0,"close"
"8961-d",1,0,1,0,2,44,0,1459892712078,"true",0,1,"split"
"8961-d",1,0,2,0,2,45,1,1459892743333,"true",0,0,"close"
"8961-d",0,0,0,1,0,28,0,1459892346977,"true",1,0,"split"
"8961-d",1,0,1,0,2,29,0,1459892365356,"true",0,1,"split"
"8961-d",1,0,1,0,2,40,0,1459892604736,"true",0,1,"close"
"8961-d",1,0,1,0,2,41,0,1459892615552,"true",0,1,"close"
"8961-d",0,0,2,1,0,1,1,1459891401940,"true",0,0,"close"
"8961-d",0,0,2,1,0,3,1,1459891441891,"true",0,0,"close"
"8961-d",0,0,2,1,0,2,1,1459891420860,"true",0,0,"split"
"8961-d",0,0,2,1,0,5,1,1459891504038,"false",0,0,"split"
"8961-d",0,0,1,1,0,4,0,1459891482628,"true",0,1,"far"
"8961-d",0,0,2,1,0,7,1,1459891582774,"true",0,0,"close"
"8961-d",0,1,2,0,1,6,1,1459891553103,"false",0,0,"split"
"8961-d",0,1,1,0,1,9,0,1459891647377,"false",0,1,"far"
"8961-d",1,0,0,0,2,8,0,1459891600976,"true",1,0,"far"
"8961-d",0,1,2,0,1,39,1,1459892577500,"true",0,0,"far"
"8961-d",1,0,2,0,2,38,1,1459892560003,"true",0,0,"far"
"8961-d",0,0,2,1,0,11,1,1459891722955,"true",0,0,"far"
"8961-d",1,0,1,0,2,10,0,1459891702838,"true",0,1,"far"
"8961-d",0,1,0,0,1,13,0,1459891770858,"true",1,0,"far"
"8961-d",0,0,0,1,0,12,0,1459891761888,"true",1,0,"far"
"8961-d",0,0,2,1,0,15,1,1459891904946,"true",0,0,"close"
"8961-d",0,0,0,1,0,14,0,1459891786600,"false",1,0,"close"
"8961-d",0,1,2,0,1,17,1,1459891991936,"true",0,0,"far"
"8961-d",0,0,1,1,0,16,0,1459891925592,"true",0,1,"close"
"8961-d",0,1,1,0,1,19,0,1459892046056,"true",0,1,"close"
"8961-d",0,1,1,0,1,18,0,1459892008557,"true",0,1,"split"
"8961-d",1,0,1,0,2,31,0,1459892406500,"true",0,1,"close"
"8961-d",0,0,1,1,0,30,0,1459892390757,"true",0,1,"close"
"8961-d",0,1,2,0,1,37,1,1459892544510,"true",0,0,"far"
"8961-d",0,0,2,1,0,36,1,1459892533412,"true",0,0,"far"
"8961-d",0,1,0,0,1,35,0,1459892516631,"true",1,0,"close"
"8961-d",0,0,0,1,0,34,0,1459892483704,"true",1,0,"split"
"8961-d",1,0,2,0,2,33,1,1459892438707,"false",0,0,"split"
"8961-d",1,0,1,0,2,32,0,1459892418772,"false",0,1,"far"
"8961-d",0,1,2,0,1,50,1,1459892869564,"true",0,0,"split"
