"gameid","sClicked_2","sClicked_1","lClickedIndex","sClicked_0","sClickedIndex","roundNum","lClicked_2","time","outcome","lClicked_0","lClicked_1","condition"
"8963-3",0,1,0,0,1,42,0,1476490280116,"true",1,0,"far"
"8963-3",1,0,1,0,2,48,0,1476490399212,"true",0,1,"close"
"8963-3",0,1,1,0,1,43,0,1476490304846,"true",0,1,"split"
"8963-3",0,0,0,1,0,49,0,1476490428981,"true",1,0,"split"
"8963-3",1,0,1,0,2,24,0,1476489906651,"true",0,1,"far"
"8963-3",0,1,2,0,1,25,1,1476489914482,"true",0,0,"far"
"8963-3",0,1,2,0,1,26,1,1476489937182,"true",0,0,"close"
"8963-3",0,1,2,0,1,27,1,1476489945067,"true",0,0,"far"
"8963-3",0,0,0,1,0,20,0,1476489828510,"true",1,0,"far"
"8963-3",0,1,2,0,1,21,1,1476489859223,"false",0,0,"close"
"8963-3",1,0,0,0,2,22,0,1476489877241,"true",1,0,"far"
"8963-3",0,1,2,0,1,23,1,1476489897660,"true",0,0,"far"
"8963-3",1,0,2,0,2,46,1,1476490365930,"true",0,0,"far"
"8963-3",0,1,0,0,1,47,0,1476490388026,"true",1,0,"split"
"8963-3",0,0,0,1,0,44,0,1476490319772,"true",1,0,"far"
"8963-3",0,1,2,0,1,45,1,1476490349708,"true",0,0,"split"
"8963-3",1,0,1,0,2,28,0,1476489958964,"true",0,1,"close"
"8963-3",1,0,0,0,2,29,0,1476489990040,"true",1,0,"split"
"8963-3",1,0,2,0,2,40,1,1476490249677,"true",0,0,"split"
"8963-3",1,0,1,0,2,41,0,1476490271756,"true",0,1,"close"
"8963-3",0,1,1,0,1,1,0,1476489278832,"true",0,1,"split"
"8963-3",1,0,0,0,2,3,0,1476489359553,"true",1,0,"close"
"8963-3",0,1,2,0,1,2,1,1476489310066,"true",0,0,"split"
"8963-3",0,1,1,0,1,5,0,1476489437172,"true",0,1,"split"
"8963-3",0,1,0,0,1,4,0,1476489408904,"true",1,0,"split"
"8963-3",1,0,2,0,2,7,1,1476489505131,"true",0,0,"far"
"8963-3",0,0,2,1,0,6,1,1476489491716,"true",0,0,"close"
"8963-3",0,1,1,0,1,9,0,1476489542928,"true",0,1,"split"
"8963-3",0,0,0,1,0,8,0,1476489517142,"true",1,0,"split"
"8963-3",1,0,0,0,2,39,0,1476490235201,"true",1,0,"close"
"8963-3",0,1,1,0,1,38,0,1476490207146,"true",0,1,"far"
"8963-3",0,1,0,0,1,11,0,1476489606337,"true",1,0,"close"
"8963-3",0,1,1,0,1,10,0,1476489565054,"true",0,1,"close"
"8963-3",0,0,1,1,0,13,0,1476489639003,"true",0,1,"far"
"8963-3",0,0,1,1,0,12,0,1476489624635,"true",0,1,"far"
"8963-3",0,0,1,1,0,15,0,1476489690368,"true",0,1,"split"
"8963-3",0,0,2,1,0,14,1,1476489653752,"true",0,0,"split"
"8963-3",1,0,0,0,2,17,0,1476489773752,"true",1,0,"close"
"8963-3",1,0,1,0,2,16,0,1476489727134,"true",0,1,"split"
"8963-3",1,0,0,0,2,19,0,1476489808497,"false",1,0,"close"
"8963-3",0,1,0,0,1,18,0,1476489786073,"true",1,0,"far"
"8963-3",1,0,1,0,2,31,0,1476490046621,"true",0,1,"far"
"8963-3",1,0,2,0,2,30,1,1476490036608,"true",0,0,"close"
"8963-3",0,1,2,0,1,37,1,1476490169457,"true",0,0,"close"
"8963-3",1,0,1,0,2,36,0,1476490144293,"true",0,1,"close"
"8963-3",1,0,2,0,2,35,1,1476490115933,"false",0,0,"split"
"8963-3",0,1,2,0,1,34,1,1476490101736,"true",0,0,"far"
"8963-3",1,0,1,0,2,33,0,1476490093407,"true",0,1,"far"
"8963-3",0,0,2,1,0,32,1,1476490063753,"false",0,0,"split"
"8963-3",0,1,2,0,1,50,1,1476490469641,"true",0,0,"close"
