"gameid","sClicked_2","sClicked_1","lClickedIndex","sClicked_0","sClickedIndex","roundNum","lClicked_2","time","outcome","lClicked_0","lClicked_1","condition"
"8970-0",1,0,0,0,2,42,0,1476492700471,"true",1,0,"split"
"8970-0",1,0,0,0,2,48,0,1476492845217,"true",1,0,"far"
"8970-0",0,0,1,1,0,43,0,1476492722209,"true",0,1,"close"
"8970-0",0,1,1,0,1,49,0,1476492852497,"true",0,1,"far"
"8970-0",0,1,2,0,1,24,1,1476492396970,"true",0,0,"far"
"8970-0",1,0,0,0,2,25,0,1476492408298,"true",1,0,"split"
"8970-0",0,1,2,0,1,26,1,1476492423867,"true",0,0,"close"
"8970-0",1,0,0,0,2,27,0,1476492432063,"true",1,0,"far"
"8970-0",0,0,1,1,0,20,0,1476492361976,"false",0,1,"split"
"8970-0",0,0,0,1,0,21,0,1476492373258,"true",1,0,"close"
"8970-0",1,0,1,0,2,22,0,1476492383395,"true",0,1,"close"
"8970-0",0,0,1,1,0,23,0,1476492390268,"true",0,1,"far"
"8970-0",1,0,0,0,2,46,0,1476492780187,"true",1,0,"far"
"8970-0",0,1,1,0,1,47,0,1476492831177,"true",0,1,"split"
"8970-0",0,0,1,1,0,44,0,1476492736808,"true",0,1,"split"
"8970-0",0,1,0,0,1,45,0,1476492771176,"false",1,0,"close"
"8970-0",0,1,0,0,1,28,0,1476492443802,"true",1,0,"close"
"8970-0",1,0,0,0,2,29,0,1476492453971,"true",1,0,"close"
"8970-0",0,0,0,1,0,40,0,1476492655895,"false",1,0,"close"
"8970-0",1,0,1,0,2,41,0,1476492681025,"true",0,1,"close"
"8970-0",0,1,0,0,1,1,0,1476492093383,"true",1,0,"close"
"8970-0",0,1,0,0,1,3,0,1476492127662,"true",1,0,"split"
"8970-0",1,0,0,0,2,2,0,1476492108446,"true",1,0,"split"
"8970-0",0,1,2,0,1,5,1,1476492144526,"true",0,0,"split"
"8970-0",0,1,1,0,1,4,0,1476492136783,"true",0,1,"far"
"8970-0",0,1,2,0,1,7,1,1476492166042,"false",0,0,"split"
"8970-0",0,0,1,1,0,6,0,1476492152248,"true",0,1,"close"
"8970-0",1,0,0,0,2,9,0,1476492182587,"true",1,0,"far"
"8970-0",0,0,1,1,0,8,0,1476492175442,"true",0,1,"far"
"8970-0",0,0,0,1,0,39,0,1476492598021,"false",1,0,"split"
"8970-0",0,1,0,0,1,38,0,1476492574821,"true",1,0,"far"
"8970-0",0,1,0,0,1,11,0,1476492205055,"true",1,0,"far"
"8970-0",0,1,2,0,1,10,1,1476492193895,"true",0,0,"far"
"8970-0",0,1,1,0,1,13,0,1476492237975,"true",0,1,"split"
"8970-0",0,1,0,0,1,12,0,1476492214007,"true",1,0,"split"
"8970-0",0,0,1,1,0,15,0,1476492274306,"true",0,1,"far"
"8970-0",0,1,1,0,1,14,0,1476492260057,"true",0,1,"close"
"8970-0",1,0,0,0,2,17,0,1476492302713,"true",1,0,"close"
"8970-0",0,0,1,1,0,16,0,1476492291483,"true",0,1,"close"
"8970-0",1,0,2,0,2,19,1,1476492333849,"true",0,0,"close"
"8970-0",1,0,1,0,2,18,0,1476492311921,"true",0,1,"far"
"8970-0",1,0,1,0,2,31,0,1476492479043,"true",0,1,"split"
"8970-0",1,0,2,0,2,30,1,1476492467566,"true",0,0,"close"
"8970-0",0,0,2,1,0,37,1,1476492567532,"true",0,0,"far"
"8970-0",0,1,0,0,1,36,0,1476492556684,"true",1,0,"close"
"8970-0",0,0,1,1,0,35,0,1476492545189,"true",0,1,"far"
"8970-0",1,0,2,0,2,34,1,1476492536429,"true",0,0,"far"
"8970-0",0,0,2,1,0,33,1,1476492526572,"true",0,0,"split"
"8970-0",0,0,2,1,0,32,1,1476492485930,"true",0,0,"split"
"8970-0",0,0,2,1,0,50,1,1476492872913,"true",0,0,"split"
