"gameid","sClicked_2","sClicked_1","lClickedIndex","sClicked_0","sClickedIndex","roundNum","lClicked_2","time","outcome","lClicked_0","lClicked_1","condition"
"8972-7",0,0,2,1,0,42,1,1476991450054,"true",0,0,"split"
"8972-7",0,0,1,1,0,48,0,1476991543555,"true",0,1,"far"
"8972-7",0,0,2,1,0,43,1,1476991465300,"false",0,0,"split"
"8972-7",0,0,2,1,0,49,1,1476991557881,"false",0,0,"split"
"8972-7",0,0,2,1,0,24,1,1476991166494,"true",0,0,"close"
"8972-7",1,0,2,0,2,25,1,1476991188268,"true",0,0,"far"
"8972-7",1,0,2,0,2,26,1,1476991218942,"true",0,0,"split"
"8972-7",0,0,1,1,0,27,0,1476991229374,"true",0,1,"split"
"8972-7",0,1,2,0,1,20,1,1476991078309,"true",0,0,"split"
"8972-7",0,1,0,0,1,21,0,1476991126742,"true",1,0,"split"
"8972-7",0,0,2,1,0,22,1,1476991145322,"true",0,0,"far"
"8972-7",1,0,0,0,2,23,0,1476991154112,"true",1,0,"far"
"8972-7",0,0,0,1,0,46,0,1476991515929,"true",1,0,"far"
"8972-7",0,0,0,1,0,47,0,1476991536425,"true",1,0,"close"
"8972-7",0,1,0,0,1,44,0,1476991492683,"true",1,0,"close"
"8972-7",0,1,0,0,1,45,0,1476991500566,"true",1,0,"split"
"8972-7",1,0,2,0,2,28,1,1476991247427,"true",0,0,"split"
"8972-7",0,0,0,1,0,29,0,1476991255201,"true",1,0,"far"
"8972-7",1,0,0,0,2,40,0,1476991430207,"true",1,0,"split"
"8972-7",0,1,0,0,1,41,0,1476991437743,"true",1,0,"far"
"8972-7",0,0,0,1,0,1,0,1476990698249,"true",1,0,"close"
"8972-7",1,0,1,0,2,3,0,1476990760633,"true",0,1,"close"
"8972-7",0,0,2,1,0,2,1,1476990743137,"true",0,0,"close"
"8972-7",1,0,1,0,2,5,0,1476990807117,"true",0,1,"close"
"8972-7",0,1,0,0,1,4,0,1476990777841,"true",1,0,"split"
"8972-7",0,0,1,1,0,7,0,1476990847124,"true",0,1,"far"
"8972-7",0,0,0,1,0,6,0,1476990829696,"true",1,0,"close"
"8972-7",0,1,2,0,1,9,1,1476990899610,"true",0,0,"far"
"8972-7",1,0,0,0,2,8,0,1476990888046,"true",1,0,"split"
"8972-7",0,0,2,1,0,39,1,1476991412723,"true",0,0,"close"
"8972-7",1,0,2,0,2,38,1,1476991396677,"false",0,0,"close"
"8972-7",0,1,1,0,1,11,0,1476990927461,"true",0,1,"far"
"8972-7",0,0,0,1,0,10,0,1476990912149,"false",1,0,"split"
"8972-7",0,0,0,1,0,13,0,1476990959464,"true",1,0,"far"
"8972-7",0,1,2,0,1,12,1,1476990943596,"true",0,0,"split"
"8972-7",0,0,1,1,0,15,0,1476990989358,"true",0,1,"far"
"8972-7",0,1,1,0,1,14,0,1476990974707,"true",0,1,"far"
"8972-7",0,0,2,1,0,17,1,1476991028164,"false",0,0,"close"
"8972-7",0,1,0,0,1,16,0,1476991001150,"true",1,0,"split"
"8972-7",1,0,0,0,2,19,0,1476991064246,"true",1,0,"close"
"8972-7",0,0,0,1,0,18,0,1476991051000,"true",1,0,"close"
"8972-7",0,1,2,0,1,31,1,1476991308140,"true",0,0,"close"
"8972-7",1,0,1,0,2,30,0,1476991266352,"true",0,1,"far"
"8972-7",1,0,0,0,2,37,0,1476991377533,"true",1,0,"split"
"8972-7",0,1,2,0,1,36,1,1476991365307,"true",0,0,"close"
"8972-7",0,0,1,1,0,35,0,1476991348589,"true",0,1,"far"
"8972-7",0,0,1,1,0,34,0,1476991340014,"true",0,1,"split"
"8972-7",0,1,0,0,1,33,0,1476991329358,"false",1,0,"close"
"8972-7",1,0,2,0,2,32,1,1476991317193,"true",0,0,"far"
"8972-7",1,0,1,0,2,50,0,1476991572209,"false",0,1,"close"
