"gameid","sClicked_2","sClicked_1","lClickedIndex","sClicked_0","sClickedIndex","roundNum","lClicked_2","time","outcome","lClicked_0","lClicked_1","condition"
"8978-9",0,1,0,0,1,42,0,1476492290588,"true",1,0,"far"
"8978-9",0,1,0,0,1,48,0,1476492383380,"true",1,0,"split"
"8978-9",0,0,1,1,0,43,0,1476492315264,"false",0,1,"close"
"8978-9",0,0,1,1,0,49,0,1476492409060,"true",0,1,"split"
"8978-9",1,0,1,0,2,24,0,1476491968474,"true",0,1,"split"
"8978-9",0,0,0,1,0,25,0,1476491990139,"true",1,0,"far"
"8978-9",0,0,2,1,0,26,1,1476491998915,"true",0,0,"close"
"8978-9",0,0,0,1,0,27,0,1476492018778,"true",1,0,"split"
"8978-9",1,0,2,0,2,20,1,1476491906307,"true",0,0,"split"
"8978-9",1,0,0,0,2,21,0,1476491929931,"true",1,0,"split"
"8978-9",0,0,2,1,0,22,1,1476491948156,"true",0,0,"close"
"8978-9",1,0,2,0,2,23,1,1476491958603,"true",0,0,"split"
"8978-9",1,0,1,0,2,46,0,1476492355677,"true",0,1,"split"
"8978-9",0,0,2,1,0,47,1,1476492365723,"true",0,0,"close"
"8978-9",0,1,0,0,1,44,0,1476492327037,"true",1,0,"close"
"8978-9",0,1,1,0,1,45,0,1476492343396,"true",0,1,"close"
"8978-9",0,0,1,1,0,28,0,1476492041083,"true",0,1,"close"
"8978-9",0,0,2,1,0,29,1,1476492049003,"true",0,0,"far"
"8978-9",0,0,1,1,0,40,0,1476492265900,"false",0,1,"close"
"8978-9",1,0,2,0,2,41,1,1476492276956,"true",0,0,"far"
"8978-9",0,1,0,0,1,1,0,1476491548765,"true",1,0,"split"
"8978-9",0,1,2,0,1,3,1,1476491571282,"true",0,0,"far"
"8978-9",0,1,1,0,1,2,0,1476491562099,"true",0,1,"far"
"8978-9",1,0,2,0,2,5,1,1476491607715,"true",0,0,"close"
"8978-9",1,0,2,0,2,4,1,1476491591115,"true",0,0,"far"
"8978-9",0,0,1,1,0,7,0,1476491640060,"true",0,1,"close"
"8978-9",0,0,0,1,0,6,0,1476491622860,"true",1,0,"split"
"8978-9",0,0,1,1,0,9,0,1476491682364,"true",0,1,"close"
"8978-9",0,1,0,0,1,8,0,1476491654652,"false",1,0,"close"
"8978-9",0,0,1,1,0,39,0,1476492206784,"true",0,1,"far"
"8978-9",1,0,1,0,2,38,0,1476492195243,"true",0,1,"far"
"8978-9",0,1,0,0,1,11,0,1476491729658,"true",1,0,"split"
"8978-9",0,1,1,0,1,10,0,1476491710098,"true",0,1,"split"
"8978-9",0,1,2,0,1,13,1,1476491762770,"true",0,0,"far"
"8978-9",0,0,0,1,0,12,0,1476491750138,"true",1,0,"far"
"8978-9",0,0,2,1,0,15,1,1476491783072,"true",0,0,"far"
"8978-9",0,1,1,0,1,14,0,1476491770250,"true",0,1,"far"
"8978-9",0,0,1,1,0,17,0,1476491850171,"true",0,1,"close"
"8978-9",1,0,1,0,2,16,0,1476491793243,"true",0,1,"far"
"8978-9",0,0,1,1,0,19,0,1476491896146,"true",0,1,"close"
"8978-9",0,0,1,1,0,18,0,1476491859491,"true",0,1,"far"
"8978-9",0,0,2,1,0,31,1,1476492085443,"true",0,0,"close"
"8978-9",0,0,1,1,0,30,0,1476492058531,"true",0,1,"split"
"8978-9",0,0,0,1,0,37,0,1476492172907,"true",1,0,"split"
"8978-9",0,0,1,1,0,36,0,1476492147805,"true",0,1,"far"
"8978-9",0,1,0,0,1,35,0,1476492138915,"false",1,0,"close"
"8978-9",1,0,0,0,2,34,0,1476492120379,"true",1,0,"split"
"8978-9",1,0,2,0,2,33,1,1476492106284,"true",0,0,"split"
"8978-9",1,0,2,0,2,32,1,1476492097875,"true",0,0,"split"
"8978-9",0,1,2,0,1,50,1,1476492441396,"true",0,0,"far"
