"gameid","sClicked_2","sClicked_1","lClickedIndex","sClicked_0","sClickedIndex","roundNum","lClicked_2","time","outcome","lClicked_0","lClicked_1","condition"
"8984-7",1,0,0,0,2,42,0,1477001963861,"true",1,0,"split"
"8984-7",1,0,1,0,2,48,0,1477002040812,"true",0,1,"split"
"8984-7",1,0,1,0,2,43,0,1477001971522,"true",0,1,"far"
"8984-7",0,1,1,0,1,49,0,1477002047798,"true",0,1,"close"
"8984-7",1,0,1,0,2,24,0,1477001745095,"true",0,1,"close"
"8984-7",0,0,2,1,0,25,1,1477001765649,"false",0,0,"split"
"8984-7",0,0,0,1,0,26,0,1477001775537,"true",1,0,"split"
"8984-7",1,0,2,0,2,27,1,1477001783771,"true",0,0,"far"
"8984-7",1,0,0,0,2,20,0,1477001709762,"false",1,0,"close"
"8984-7",0,1,1,0,1,21,0,1477001716740,"true",0,1,"far"
"8984-7",0,1,2,0,1,22,1,1477001731429,"true",0,0,"split"
"8984-7",0,1,1,0,1,23,0,1477001738728,"true",0,1,"split"
"8984-7",1,0,2,0,2,46,1,1477002001245,"true",0,0,"far"
"8984-7",1,0,2,0,2,47,1,1477002031063,"true",0,0,"close"
"8984-7",0,1,2,0,1,44,1,1477001978525,"true",0,0,"far"
"8984-7",0,0,1,1,0,45,0,1477001994032,"true",0,1,"close"
"8984-7",1,0,2,0,2,28,1,1477001790708,"true",0,0,"far"
"8984-7",0,0,0,1,0,29,0,1477001800325,"true",1,0,"close"
"8984-7",0,0,2,1,0,40,1,1477001936118,"true",0,0,"far"
"8984-7",0,1,0,0,1,41,0,1477001947008,"true",1,0,"close"
"8984-7",1,0,1,0,2,1,0,1477001476994,"true",0,1,"far"
"8984-7",0,1,1,0,1,3,0,1477001494292,"true",0,1,"close"
"8984-7",1,0,1,0,2,2,0,1477001484482,"false",0,1,"split"
"8984-7",0,0,0,1,0,5,0,1477001519328,"true",1,0,"close"
"8984-7",1,0,0,0,2,4,0,1477001501894,"true",1,0,"far"
"8984-7",0,0,2,1,0,7,1,1477001540646,"true",0,0,"far"
"8984-7",1,0,2,0,2,6,1,1477001528971,"true",0,0,"split"
"8984-7",0,1,2,0,1,9,1,1477001560963,"true",0,0,"close"
"8984-7",0,1,2,0,1,8,1,1477001552029,"true",0,0,"close"
"8984-7",1,0,0,0,2,39,0,1477001926681,"true",1,0,"far"
"8984-7",1,0,0,0,2,38,0,1477001918142,"true",1,0,"far"
"8984-7",0,1,1,0,1,11,0,1477001580250,"true",0,1,"split"
"8984-7",0,0,1,1,0,10,0,1477001568643,"true",0,1,"split"
"8984-7",1,0,2,0,2,13,1,1477001615244,"true",0,0,"close"
"8984-7",0,0,0,1,0,12,0,1477001588848,"true",1,0,"split"
"8984-7",1,0,0,0,2,15,0,1477001634059,"true",1,0,"close"
"8984-7",0,0,0,1,0,14,0,1477001623677,"true",1,0,"far"
"8984-7",1,0,2,0,2,17,1,1477001660613,"true",0,0,"split"
"8984-7",0,0,0,1,0,16,0,1477001651960,"true",1,0,"close"
"8984-7",0,0,2,1,0,19,1,1477001674251,"true",0,0,"far"
"8984-7",1,0,2,0,2,18,1,1477001667186,"true",0,0,"split"
"8984-7",1,0,0,0,2,31,0,1477001839919,"true",1,0,"split"
"8984-7",1,0,0,0,2,30,0,1477001826212,"true",1,0,"split"
"8984-7",0,0,0,1,0,37,0,1477001911218,"false",1,0,"close"
"8984-7",0,0,0,1,0,36,0,1477001889467,"true",1,0,"close"
"8984-7",0,0,2,1,0,35,1,1477001879795,"true",0,0,"split"
"8984-7",0,1,0,0,1,34,0,1477001869884,"true",1,0,"far"
"8984-7",0,1,2,0,1,33,1,1477001862377,"true",0,0,"far"
"8984-7",1,0,2,0,2,32,1,1477001854312,"true",0,0,"close"
"8984-7",0,0,2,1,0,50,1,1477002066792,"false",0,0,"far"
