"gameid","sClicked_2","sClicked_1","lClickedIndex","sClicked_0","sClickedIndex","roundNum","lClicked_2","time","outcome","lClicked_0","lClicked_1","condition"
"8985-a",0,1,0,0,1,42,0,1476992854440,"true",1,0,"far"
"8985-a",0,0,2,1,0,48,1,1476992930030,"true",0,0,"split"
"8985-a",0,0,1,1,0,43,0,1476992863699,"true",0,1,"close"
"8985-a",1,0,2,0,2,49,1,1476992936340,"true",0,0,"split"
"8985-a",0,0,1,1,0,24,0,1476992670719,"true",0,1,"split"
"8985-a",0,0,1,1,0,25,0,1476992683109,"true",0,1,"split"
"8985-a",0,1,1,0,1,26,0,1476992695099,"true",0,1,"close"
"8985-a",1,0,0,0,2,27,0,1476992708316,"true",1,0,"close"
"8985-a",1,0,1,0,2,20,0,1476992637470,"true",0,1,"far"
"8985-a",0,0,0,1,0,21,0,1476992644704,"true",1,0,"close"
"8985-a",0,1,2,0,1,22,1,1476992652616,"true",0,0,"close"
"8985-a",0,1,0,0,1,23,0,1476992663555,"true",1,0,"split"
"8985-a",0,1,2,0,1,46,1,1476992893517,"true",0,0,"far"
"8985-a",1,0,2,0,2,47,1,1476992921925,"true",0,0,"close"
"8985-a",0,1,0,0,1,44,0,1476992871741,"true",1,0,"split"
"8985-a",1,0,2,0,2,45,1,1476992885860,"true",0,0,"close"
"8985-a",0,1,2,0,1,28,1,1476992721956,"true",0,0,"far"
"8985-a",1,0,0,0,2,29,0,1476992729690,"true",1,0,"far"
"8985-a",1,0,2,0,2,40,1,1476992833650,"true",0,0,"far"
"8985-a",0,1,0,0,1,41,0,1476992847485,"true",1,0,"close"
"8985-a",1,0,1,0,2,1,0,1476992434855,"true",0,1,"split"
"8985-a",0,0,0,1,0,3,0,1476992454134,"true",1,0,"split"
"8985-a",0,0,2,1,0,2,1,1476992446215,"true",0,0,"split"
"8985-a",1,0,1,0,2,5,0,1476992471819,"true",0,1,"far"
"8985-a",1,0,1,0,2,4,0,1476992464626,"true",0,1,"far"
"8985-a",0,1,2,0,1,7,1,1476992486374,"true",0,0,"close"
"8985-a",0,0,2,1,0,6,1,1476992479222,"true",0,0,"close"
"8985-a",0,0,0,1,0,9,0,1476992502654,"true",1,0,"far"
"8985-a",0,1,1,0,1,8,0,1476992495206,"true",0,1,"close"
"8985-a",0,1,1,0,1,39,0,1476992826371,"true",0,1,"close"
"8985-a",0,1,1,0,1,38,0,1476992807260,"true",0,1,"far"
"8985-a",1,0,0,0,2,11,0,1476992524061,"true",1,0,"far"
"8985-a",0,1,2,0,1,10,1,1476992517604,"true",0,0,"close"
"8985-a",0,1,0,0,1,13,0,1476992544199,"true",1,0,"far"
"8985-a",1,0,1,0,2,12,0,1476992538036,"true",0,1,"split"
"8985-a",0,1,0,0,1,15,0,1476992574185,"true",1,0,"close"
"8985-a",0,1,0,0,1,14,0,1476992550786,"true",1,0,"far"
"8985-a",0,0,1,1,0,17,0,1476992600849,"true",0,1,"split"
"8985-a",1,0,0,0,2,16,0,1476992592379,"true",1,0,"far"
"8985-a",1,0,0,0,2,19,0,1476992630677,"true",1,0,"split"
"8985-a",0,0,0,1,0,18,0,1476992612621,"false",1,0,"close"
"8985-a",1,0,0,0,2,31,0,1476992748650,"true",1,0,"split"
"8985-a",0,0,2,1,0,30,1,1476992736996,"true",0,0,"far"
"8985-a",0,1,0,0,1,37,0,1476992800520,"true",1,0,"split"
"8985-a",1,0,1,0,2,36,0,1476992791632,"true",0,1,"close"
"8985-a",0,1,2,0,1,35,1,1476992784122,"false",0,0,"split"
"8985-a",1,0,1,0,2,34,0,1476992775142,"true",0,1,"split"
"8985-a",1,0,2,0,2,33,1,1476992763402,"true",0,0,"split"
"8985-a",1,0,1,0,2,32,0,1476992755110,"true",0,1,"far"
"8985-a",0,0,1,1,0,50,0,1476992947345,"true",0,1,"far"
