"gameid","sClicked_2","sClicked_1","lClickedIndex","sClicked_0","sClickedIndex","roundNum","lClicked_2","time","outcome","lClicked_0","lClicked_1","condition"
"8994-5",0,1,1,0,1,42,0,1476489903097,"true",0,1,"close"
"8994-5",0,1,1,0,1,48,0,1476489954008,"true",0,1,"split"
"8994-5",0,1,1,0,1,43,0,1476489911110,"true",0,1,"far"
"8994-5",0,0,1,1,0,49,0,1476489960680,"true",0,1,"far"
"8994-5",0,1,0,0,1,24,0,1476489695947,"true",1,0,"close"
"8994-5",1,0,2,0,2,25,1,1476489708064,"true",0,0,"far"
"8994-5",1,0,1,0,2,26,0,1476489722564,"true",0,1,"close"
"8994-5",1,0,2,0,2,27,1,1476489729290,"true",0,0,"far"
"8994-5",0,1,1,0,1,20,0,1476489658471,"true",0,1,"split"
"8994-5",1,0,1,0,2,21,0,1476489668587,"true",0,1,"split"
"8994-5",0,0,2,1,0,22,1,1476489675975,"true",0,0,"far"
"8994-5",0,1,0,0,1,23,0,1476489684707,"true",1,0,"close"
"8994-5",0,1,0,0,1,46,0,1476489935050,"true",1,0,"close"
"8994-5",0,0,0,1,0,47,0,1476489946153,"true",1,0,"close"
"8994-5",1,0,2,0,2,44,1,1476489917401,"true",0,0,"far"
"8994-5",1,0,2,0,2,45,1,1476489926504,"true",0,0,"split"
"8994-5",1,0,2,0,2,28,1,1476489740022,"true",0,0,"split"
"8994-5",0,1,1,0,1,29,0,1476489758031,"false",0,1,"close"
"8994-5",1,0,0,0,2,40,0,1476489887723,"false",1,0,"close"
"8994-5",0,0,1,1,0,41,0,1476489894976,"true",0,1,"far"
"8994-5",0,0,0,1,0,1,0,1476489474419,"true",1,0,"split"
"8994-5",0,0,1,1,0,3,0,1476489489413,"true",0,1,"far"
"8994-5",1,0,1,0,2,2,0,1476489482816,"true",0,1,"split"
"8994-5",1,0,0,0,2,5,0,1476489506078,"false",1,0,"split"
"8994-5",1,0,0,0,2,4,0,1476489497226,"true",1,0,"far"
"8994-5",0,1,0,0,1,7,0,1476489525431,"true",1,0,"close"
"8994-5",0,1,2,0,1,6,1,1476489517144,"true",0,0,"close"
"8994-5",0,1,0,0,1,9,0,1476489542707,"false",1,0,"close"
"8994-5",1,0,2,0,2,8,1,1476489532396,"true",0,0,"far"
"8994-5",0,1,0,0,1,39,0,1476489869916,"true",1,0,"far"
"8994-5",1,0,1,0,2,38,0,1476489859404,"true",0,1,"far"
"8994-5",1,0,1,0,2,11,0,1476489559720,"true",0,1,"far"
"8994-5",0,1,0,0,1,10,0,1476489552301,"true",1,0,"split"
"8994-5",1,0,2,0,2,13,1,1476489590839,"false",0,0,"close"
"8994-5",0,0,0,1,0,12,0,1476489572676,"true",1,0,"split"
"8994-5",1,0,2,0,2,15,1,1476489616826,"true",0,0,"far"
"8994-5",0,0,0,1,0,14,0,1476489609010,"true",1,0,"split"
"8994-5",0,0,2,1,0,17,1,1476489630689,"true",0,0,"split"
"8994-5",0,0,1,1,0,16,0,1476489623934,"true",0,1,"split"
"8994-5",1,0,0,0,2,19,0,1476489650178,"true",1,0,"close"
"8994-5",0,1,1,0,1,18,0,1476489641731,"true",0,1,"close"
"8994-5",0,0,1,1,0,31,0,1476489774064,"true",0,1,"split"
"8994-5",0,0,0,1,0,30,0,1476489764446,"true",1,0,"far"
"8994-5",0,1,1,0,1,37,0,1476489851843,"false",0,1,"split"
"8994-5",0,0,0,1,0,36,0,1476489831780,"true",1,0,"far"
"8994-5",0,1,0,0,1,35,0,1476489824635,"true",1,0,"close"
"8994-5",1,0,1,0,2,34,0,1476489807809,"true",0,1,"split"
"8994-5",1,0,2,0,2,33,1,1476489795273,"true",0,0,"far"
"8994-5",0,0,2,1,0,32,1,1476489788063,"true",0,0,"close"
"8994-5",0,1,2,0,1,50,1,1476489973432,"true",0,0,"close"
