"gameid","sClicked_2","sClicked_1","lClickedIndex","sClicked_0","sClickedIndex","roundNum","lClicked_2","time","outcome","lClicked_0","lClicked_1","condition"
"8994-b",1,0,2,0,2,42,1,1476472992558,"true",0,0,"split"
"8994-b",0,0,2,1,0,48,1,1476473062376,"true",0,0,"far"
"8994-b",0,1,1,0,1,43,0,1476472999495,"true",0,1,"far"
"8994-b",1,0,1,0,2,49,0,1476473068695,"true",0,1,"far"
"8994-b",1,0,2,0,2,24,1,1476472679037,"true",0,0,"split"
"8994-b",0,0,0,1,0,25,0,1476472688874,"true",1,0,"far"
"8994-b",0,0,2,1,0,26,1,1476472695825,"true",0,0,"split"
"8994-b",0,0,2,1,0,27,1,1476472740186,"true",0,0,"split"
"8994-b",0,1,1,0,1,20,0,1476472610992,"true",0,1,"far"
"8994-b",0,0,0,1,0,21,0,1476472621095,"true",1,0,"split"
"8994-b",0,1,2,0,1,22,1,1476472648116,"false",0,0,"split"
"8994-b",0,0,2,1,0,23,1,1476472664075,"true",0,0,"far"
"8994-b",1,0,1,0,2,46,0,1476473028525,"true",0,1,"close"
"8994-b",1,0,1,0,2,47,0,1476473052025,"true",0,1,"close"
"8994-b",0,0,2,1,0,44,1,1476473013971,"true",0,0,"far"
"8994-b",0,0,2,1,0,45,1,1476473020383,"true",0,0,"far"
"8994-b",0,0,0,1,0,28,0,1476472765045,"true",1,0,"split"
"8994-b",0,0,2,1,0,29,1,1476472773879,"true",0,0,"far"
"8994-b",1,0,2,0,2,40,1,1476472943715,"true",0,0,"split"
"8994-b",0,1,1,0,1,41,0,1476472982195,"true",0,1,"close"
"8994-b",0,0,1,1,0,1,0,1476471971466,"true",0,1,"split"
"8994-b",1,0,2,0,2,3,1,1476472091111,"false",0,0,"close"
"8994-b",1,0,2,0,2,2,1,1476472004018,"true",0,0,"close"
"8994-b",0,1,2,0,1,5,1,1476472173883,"true",0,0,"far"
"8994-b",0,0,2,1,0,4,1,1476472152356,"true",0,0,"close"
"8994-b",0,0,1,1,0,7,0,1476472211850,"true",0,1,"close"
"8994-b",0,0,1,1,0,6,0,1476472190788,"true",0,1,"split"
"8994-b",0,0,1,1,0,9,0,1476472263796,"true",0,1,"far"
"8994-b",0,0,1,1,0,39,0,1476472934717,"true",0,1,"close"
"8994-b",0,1,2,0,1,38,1,1476472927179,"true",0,0,"split"
"8994-b",0,1,2,0,1,11,1,1476472342608,"true",0,0,"split"
"8994-b",0,1,0,0,1,10,0,1476472329687,"true",1,0,"close"
"8994-b",0,0,0,1,0,13,0,1476472397983,"false",1,0,"close"
"8994-b",1,0,0,0,2,12,0,1476472373959,"true",1,0,"close"
"8994-b",0,0,2,1,0,15,1,1476472462323,"true",0,0,"far"
"8994-b",0,1,0,0,1,14,0,1476472449284,"true",1,0,"split"
"8994-b",1,0,1,0,2,17,0,1476472536241,"true",0,1,"close"
"8994-b",0,1,0,0,1,16,0,1476472503460,"true",1,0,"far"
"8994-b",1,0,2,0,2,19,1,1476472572755,"true",0,0,"split"
"8994-b",0,0,0,1,0,18,0,1476472562272,"true",1,0,"close"
"8994-b",1,0,0,0,2,31,0,1476472791411,"false",1,0,"split"
"8994-b",0,1,2,0,1,30,1,1476472781668,"true",0,0,"far"
"8994-b",0,1,1,0,1,37,0,1476472908304,"true",0,1,"far"
"8994-b",0,1,1,0,1,36,0,1476472893818,"true",0,1,"close"
"8994-b",0,0,0,1,0,35,0,1476472879718,"true",1,0,"far"
"8994-b",0,0,1,1,0,34,0,1476472863944,"true",0,1,"split"
"8994-b",0,1,2,0,1,33,1,1476472853553,"true",0,0,"far"
"8994-b",0,0,0,1,0,32,0,1476472836307,"true",1,0,"close"
"8994-b",0,0,0,1,0,50,0,1476473075924,"true",1,0,"close"
