"gameid","sClicked_2","sClicked_1","lClickedIndex","sClicked_0","sClickedIndex","roundNum","lClicked_2","time","outcome","lClicked_0","lClicked_1","condition"
"8995-1",0,1,1,0,1,42,0,1476482577478,"false",0,1,"close"
"8995-1",1,0,2,0,2,48,1,1476482712521,"true",0,0,"far"
"8995-1",0,0,2,1,0,43,1,1476482620716,"true",0,0,"close"
"8995-1",0,1,0,0,1,49,0,1476482725517,"true",1,0,"split"
"8995-1",0,1,2,0,1,24,1,1476482161921,"true",0,0,"far"
"8995-1",0,0,0,1,0,25,0,1476482176444,"true",1,0,"close"
"8995-1",1,0,2,0,2,26,1,1476482188640,"false",0,0,"close"
"8995-1",0,1,0,0,1,27,0,1476482204076,"true",1,0,"split"
"8995-1",0,0,0,1,0,20,0,1476482119962,"true",1,0,"far"
"8995-1",1,0,1,0,2,21,0,1476482131399,"true",0,1,"split"
"8995-1",0,1,1,0,1,22,0,1476482140675,"true",0,1,"far"
"8995-1",0,1,2,0,1,23,1,1476482149521,"true",0,0,"split"
"8995-1",0,1,1,0,1,46,0,1476482678438,"true",0,1,"split"
"8995-1",0,1,2,0,1,47,1,1476482702077,"true",0,0,"close"
"8995-1",1,0,2,0,2,44,1,1476482645041,"true",0,0,"split"
"8995-1",1,0,2,0,2,45,1,1476482655481,"true",0,0,"split"
"8995-1",0,0,2,1,0,28,1,1476482229518,"true",0,0,"close"
"8995-1",0,0,1,1,0,29,0,1476482248559,"true",0,1,"split"
"8995-1",1,0,2,0,2,40,1,1476482501282,"true",0,0,"close"
"8995-1",0,0,1,1,0,41,0,1476482516719,"true",0,1,"split"
"8995-1",1,0,1,0,2,1,0,1476481848961,"true",0,1,"far"
"8995-1",0,1,0,0,1,3,0,1476481876477,"true",1,0,"close"
"8995-1",0,1,2,0,1,2,1,1476481863038,"false",0,0,"close"
"8995-1",0,1,0,0,1,5,0,1476481899196,"true",1,0,"far"
"8995-1",0,0,0,1,0,4,0,1476481888518,"false",1,0,"split"
"8995-1",0,1,2,0,1,7,1,1476481936879,"true",0,0,"split"
"8995-1",0,0,2,1,0,6,1,1476481918442,"true",0,0,"split"
"8995-1",1,0,1,0,2,9,0,1476481972882,"true",0,1,"split"
"8995-1",1,0,1,0,2,8,0,1476481960517,"true",0,1,"close"
"8995-1",1,0,1,0,2,39,0,1476482470435,"true",0,1,"far"
"8995-1",1,0,2,0,2,38,1,1476482453116,"true",0,0,"far"
"8995-1",0,0,1,1,0,11,0,1476482005439,"true",0,1,"far"
"8995-1",0,0,2,1,0,10,1,1476481983557,"true",0,0,"split"
"8995-1",0,0,2,1,0,13,1,1476482033759,"true",0,0,"far"
"8995-1",0,0,0,1,0,12,0,1476482021157,"true",1,0,"close"
"8995-1",0,0,2,1,0,15,1,1476482053442,"true",0,0,"far"
"8995-1",1,0,0,0,2,14,0,1476482044120,"true",1,0,"far"
"8995-1",0,0,0,1,0,17,0,1476482071640,"true",1,0,"far"
"8995-1",1,0,1,0,2,16,0,1476482062478,"true",0,1,"close"
"8995-1",0,1,0,0,1,19,0,1476482105361,"true",1,0,"close"
"8995-1",0,1,2,0,1,18,1,1476482080120,"true",0,0,"far"
"8995-1",0,1,0,0,1,31,0,1476482299443,"true",1,0,"split"
"8995-1",0,1,0,0,1,30,0,1476482268724,"true",1,0,"close"
"8995-1",0,0,1,1,0,37,0,1476482441477,"true",0,1,"far"
"8995-1",1,0,1,0,2,36,0,1476482428160,"true",0,1,"far"
"8995-1",0,0,0,1,0,35,0,1476482410198,"false",1,0,"close"
"8995-1",0,1,0,0,1,34,0,1476482367562,"false",1,0,"close"
"8995-1",0,0,0,1,0,33,0,1476482340241,"true",1,0,"far"
"8995-1",0,1,2,0,1,32,1,1476482324679,"true",0,0,"split"
"8995-1",1,0,0,0,2,50,0,1476482748083,"false",1,0,"close"
