"gameid","sClicked_2","sClicked_1","lClickedIndex","sClicked_0","sClickedIndex","roundNum","lClicked_2","time","outcome","lClicked_0","lClicked_1","condition"
"8997-8",0,0,2,1,0,42,1,1476998863221,"true",0,0,"far"
"8997-8",0,0,0,1,0,48,0,1476998950361,"false",1,0,"close"
"8997-8",0,0,0,1,0,43,0,1476998874763,"true",1,0,"far"
"8997-8",0,1,2,0,1,49,1,1476998962308,"true",0,0,"far"
"8997-8",1,0,0,0,2,24,0,1476998597998,"true",1,0,"far"
"8997-8",1,0,2,0,2,25,1,1476998614930,"true",0,0,"close"
"8997-8",0,0,0,1,0,26,0,1476998629842,"true",1,0,"close"
"8997-8",1,0,2,0,2,27,1,1476998645223,"true",0,0,"close"
"8997-8",0,0,1,1,0,20,0,1476998506350,"false",0,1,"split"
"8997-8",0,0,0,1,0,21,0,1476998525330,"true",1,0,"close"
"8997-8",0,1,1,0,1,22,0,1476998557678,"false",0,1,"split"
"8997-8",0,1,0,0,1,23,0,1476998567933,"true",1,0,"split"
"8997-8",1,0,2,0,2,46,1,1476998923460,"true",0,0,"far"
"8997-8",0,1,0,0,1,47,0,1476998934319,"true",1,0,"far"
"8997-8",1,0,0,0,2,44,0,1476998896978,"true",1,0,"far"
"8997-8",1,0,0,0,2,45,0,1476998908413,"true",1,0,"split"
"8997-8",1,0,0,0,2,28,0,1476998664644,"true",1,0,"split"
"8997-8",1,0,0,0,2,29,0,1476998685266,"true",1,0,"close"
"8997-8",0,1,0,0,1,40,0,1476998828007,"true",1,0,"far"
"8997-8",1,0,1,0,2,41,0,1476998850208,"true",0,1,"close"
"8997-8",0,1,2,0,1,1,1,1476998136956,"true",0,0,"split"
"8997-8",1,0,1,0,2,3,0,1476998174282,"false",0,1,"split"
"8997-8",1,0,1,0,2,2,0,1476998155502,"true",0,1,"close"
"8997-8",0,0,2,1,0,5,1,1476998207484,"true",0,0,"close"
"8997-8",1,0,1,0,2,4,0,1476998190418,"false",0,1,"close"
"8997-8",1,0,1,0,2,7,0,1476998237927,"true",0,1,"split"
"8997-8",0,0,1,1,0,6,0,1476998223662,"true",0,1,"close"
"8997-8",1,0,1,0,2,9,0,1476998279321,"true",0,1,"close"
"8997-8",0,1,0,0,1,8,0,1476998255755,"true",1,0,"close"
"8997-8",0,0,2,1,0,39,1,1476998818272,"true",0,0,"far"
"8997-8",1,0,1,0,2,38,0,1476998809063,"true",0,1,"split"
"8997-8",1,0,2,0,2,11,1,1476998310375,"true",0,0,"close"
"8997-8",1,0,2,0,2,10,1,1476998291111,"true",0,0,"far"
"8997-8",0,1,1,0,1,13,0,1476998359477,"false",0,1,"far"
"8997-8",1,0,2,0,2,12,1,1476998324917,"true",0,0,"far"
"8997-8",0,0,0,1,0,15,0,1476998420796,"true",1,0,"split"
"8997-8",0,1,2,0,1,14,1,1476998388007,"true",0,0,"close"
"8997-8",1,0,0,0,2,17,0,1476998455477,"true",1,0,"split"
"8997-8",0,1,0,0,1,16,0,1476998432515,"true",1,0,"far"
"8997-8",0,0,0,1,0,19,0,1476998490557,"true",1,0,"split"
"8997-8",0,1,0,0,1,18,0,1476998472630,"true",1,0,"split"
"8997-8",1,0,0,0,2,31,0,1476998711279,"true",1,0,"far"
"8997-8",0,1,0,0,1,30,0,1476998699830,"true",1,0,"split"
"8997-8",0,0,2,1,0,37,1,1476998799776,"true",0,0,"far"
"8997-8",0,1,0,0,1,36,0,1476998788818,"true",1,0,"close"
"8997-8",1,0,1,0,2,35,0,1476998771865,"true",0,1,"split"
"8997-8",1,0,0,0,2,34,0,1476998757792,"true",1,0,"close"
"8997-8",0,1,1,0,1,33,0,1476998742503,"true",0,1,"far"
"8997-8",0,1,1,0,1,32,0,1476998728594,"true",0,1,"split"
"8997-8",0,1,0,0,1,50,0,1476998975677,"true",1,0,"far"
