"gameid","sClicked_2","sClicked_1","lClickedIndex","sClicked_0","sClickedIndex","roundNum","lClicked_2","time","outcome","lClicked_0","lClicked_1","condition"
"9000-1",1,0,0,0,2,42,0,1476466573484,"true",1,0,"split"
"9000-1",1,0,0,0,2,48,0,1476466668334,"true",1,0,"close"
"9000-1",0,0,1,1,0,43,0,1476466585986,"true",0,1,"close"
"9000-1",0,0,2,1,0,49,1,1476466697181,"false",0,0,"close"
"9000-1",0,1,2,0,1,24,1,1476466250555,"true",0,0,"split"
"9000-1",0,0,0,1,0,25,0,1476466259259,"true",1,0,"far"
"9000-1",0,0,2,1,0,26,1,1476466271414,"true",0,0,"split"
"9000-1",1,0,0,0,2,27,0,1476466279392,"true",1,0,"far"
"9000-1",1,0,2,0,2,20,1,1476466195910,"true",0,0,"far"
"9000-1",1,0,1,0,2,21,0,1476466202887,"true",0,1,"far"
"9000-1",0,0,2,1,0,22,1,1476466225015,"true",0,0,"close"
"9000-1",0,0,0,1,0,23,0,1476466232589,"true",1,0,"far"
"9000-1",0,1,1,0,1,46,0,1476466633398,"true",0,1,"split"
"9000-1",0,0,1,1,0,47,0,1476466641973,"true",0,1,"far"
"9000-1",0,1,1,0,1,44,0,1476466598878,"true",0,1,"split"
"9000-1",1,0,0,0,2,45,0,1476466614029,"true",1,0,"far"
"9000-1",0,0,1,1,0,28,0,1476466286538,"true",0,1,"split"
"9000-1",1,0,1,0,2,29,0,1476466299478,"false",0,1,"far"
"9000-1",1,0,0,0,2,40,0,1476466528293,"true",1,0,"close"
"9000-1",0,0,0,1,0,41,0,1476466566465,"true",1,0,"close"
"9000-1",0,0,1,1,0,1,0,1476465881497,"true",0,1,"far"
"9000-1",0,1,0,0,1,3,0,1476465936223,"true",1,0,"far"
"9000-1",0,1,2,0,1,2,1,1476465926245,"false",0,0,"close"
"9000-1",1,0,1,0,2,5,0,1476465955805,"true",0,1,"close"
"9000-1",1,0,2,0,2,4,1,1476465944096,"true",0,0,"split"
"9000-1",1,0,0,0,2,7,0,1476465990007,"true",1,0,"close"
"9000-1",1,0,0,0,2,6,0,1476465973191,"true",1,0,"close"
"9000-1",0,0,2,1,0,9,1,1476466008990,"true",0,0,"far"
"9000-1",0,0,0,1,0,8,0,1476466000647,"false",1,0,"close"
"9000-1",0,1,2,0,1,39,1,1476466503638,"true",0,0,"close"
"9000-1",1,0,2,0,2,38,1,1476466472088,"true",0,0,"split"
"9000-1",0,0,2,1,0,11,1,1476466038103,"false",0,0,"close"
"9000-1",1,0,2,0,2,10,1,1476466016448,"true",0,0,"far"
"9000-1",0,1,1,0,1,13,0,1476466073478,"true",0,1,"split"
"9000-1",0,0,2,1,0,12,1,1476466049090,"true",0,0,"close"
"9000-1",0,1,1,0,1,15,0,1476466090015,"true",0,1,"far"
"9000-1",0,1,1,0,1,14,0,1476466081704,"true",0,1,"split"
"9000-1",1,0,1,0,2,17,0,1476466119439,"true",0,1,"split"
"9000-1",0,1,1,0,1,16,0,1476466100421,"true",0,1,"split"
"9000-1",0,0,2,1,0,19,1,1476466187597,"true",0,0,"split"
"9000-1",0,1,2,0,1,18,1,1476466179527,"false",0,0,"close"
"9000-1",0,1,0,0,1,31,0,1476466325238,"true",1,0,"close"
"9000-1",1,0,2,0,2,30,1,1476466313758,"true",0,0,"split"
"9000-1",0,1,1,0,1,37,0,1476466444967,"true",0,1,"split"
"9000-1",1,0,1,0,2,36,0,1476466431005,"true",0,1,"split"
"9000-1",1,0,0,0,2,35,0,1476466383814,"true",1,0,"far"
"9000-1",1,0,0,0,2,34,0,1476466366549,"true",1,0,"split"
"9000-1",0,1,2,0,1,33,1,1476466346625,"true",0,0,"far"
"9000-1",1,0,0,0,2,32,0,1476466334780,"true",1,0,"far"
"9000-1",1,0,2,0,2,50,1,1476466733263,"false",0,0,"close"
