"gameid","sClicked_2","sClicked_1","lClickedIndex","sClicked_0","sClickedIndex","roundNum","lClicked_2","time","outcome","lClicked_0","lClicked_1","condition"
"9013-6",0,0,2,1,0,42,1,1476992124639,"true",0,0,"close"
"9013-6",0,1,2,0,1,48,1,1476992193507,"true",0,0,"far"
"9013-6",0,1,0,0,1,43,0,1476992134160,"true",1,0,"split"
"9013-6",0,1,1,0,1,49,0,1476992204379,"true",0,1,"split"
"9013-6",0,1,0,0,1,24,0,1476991861937,"true",1,0,"close"
"9013-6",0,0,1,1,0,25,0,1476991879501,"true",0,1,"close"
"9013-6",0,0,1,1,0,26,0,1476991892424,"false",0,1,"split"
"9013-6",0,0,1,1,0,27,0,1476991903661,"true",0,1,"split"
"9013-6",0,0,0,1,0,20,0,1476991815590,"false",1,0,"close"
"9013-6",0,0,2,1,0,21,1,1476991826249,"true",0,0,"far"
"9013-6",0,0,0,1,0,22,0,1476991836274,"true",1,0,"far"
"9013-6",1,0,1,0,2,23,0,1476991844902,"true",0,1,"far"
"9013-6",0,0,0,1,0,46,0,1476992171134,"true",1,0,"far"
"9013-6",0,0,0,1,0,47,0,1476992182705,"false",1,0,"split"
"9013-6",0,0,2,1,0,44,1,1476992149451,"true",0,0,"split"
"9013-6",0,0,0,1,0,45,0,1476992161942,"true",1,0,"close"
"9013-6",0,0,1,1,0,28,0,1476991920231,"false",0,1,"close"
"9013-6",1,0,1,0,2,29,0,1476991945406,"true",0,1,"close"
"9013-6",0,0,0,1,0,40,0,1476992103200,"true",1,0,"far"
"9013-6",1,0,2,0,2,41,1,1476992111093,"false",0,0,"split"
"9013-6",0,0,1,1,0,1,0,1476991492312,"false",0,1,"split"
"9013-6",0,0,2,1,0,3,1,1476991521750,"true",0,0,"close"
"9013-6",0,0,2,1,0,2,1,1476991505918,"true",0,0,"close"
"9013-6",0,0,0,1,0,5,0,1476991560876,"true",1,0,"close"
"9013-6",1,0,1,0,2,4,0,1476991537022,"true",0,1,"close"
"9013-6",1,0,2,0,2,7,1,1476991595099,"true",0,0,"split"
"9013-6",0,0,2,1,0,6,1,1476991572716,"true",0,0,"split"
"9013-6",0,0,0,1,0,9,0,1476991633855,"true",1,0,"far"
"9013-6",0,1,0,0,1,8,0,1476991617267,"false",1,0,"far"
"9013-6",1,0,1,0,2,39,0,1476992094452,"true",0,1,"far"
"9013-6",0,0,1,1,0,38,0,1476992082318,"true",0,1,"close"
"9013-6",0,1,2,0,1,11,1,1476991661231,"true",0,0,"close"
"9013-6",1,0,0,0,2,10,0,1476991651319,"true",1,0,"split"
"9013-6",0,0,1,1,0,13,0,1476991694186,"true",0,1,"close"
"9013-6",0,1,0,0,1,12,0,1476991675427,"true",1,0,"far"
"9013-6",0,1,2,0,1,15,1,1476991739548,"true",0,0,"split"
"9013-6",0,1,2,0,1,14,1,1476991720982,"true",0,0,"close"
"9013-6",0,0,2,1,0,17,1,1476991765204,"true",0,0,"split"
"9013-6",0,1,1,0,1,16,0,1476991749758,"true",0,1,"far"
"9013-6",0,1,1,0,1,19,0,1476991792537,"false",0,1,"split"
"9013-6",0,1,2,0,1,18,1,1476991778640,"true",0,0,"far"
"9013-6",0,1,0,0,1,31,0,1476991974205,"true",1,0,"far"
"9013-6",0,0,0,1,0,30,0,1476991958804,"true",1,0,"far"
"9013-6",0,1,2,0,1,37,1,1476992067823,"true",0,0,"far"
"9013-6",1,0,1,0,2,36,0,1476992053392,"true",0,1,"split"
"9013-6",0,1,0,0,1,35,0,1476992040323,"true",1,0,"split"
"9013-6",1,0,0,0,2,34,0,1476992020425,"true",1,0,"close"
"9013-6",0,0,0,1,0,33,0,1476991999397,"true",1,0,"far"
"9013-6",1,0,1,0,2,32,0,1476991988369,"true",0,1,"split"
"9013-6",1,0,2,0,2,50,1,1476992224700,"false",0,0,"close"
