"gameid","sClicked_2","sClicked_1","lClickedIndex","sClicked_0","sClickedIndex","roundNum","lClicked_2","time","outcome","lClicked_0","lClicked_1","condition"
"9038-b",0,0,1,1,0,42,0,1476496547991,"true",0,1,"close"
"9038-b",1,0,1,0,2,48,0,1476496657724,"true",0,1,"close"
"9038-b",0,0,2,1,0,43,1,1476496566317,"true",0,0,"close"
"9038-b",1,0,2,0,2,49,1,1476496717172,"true",0,0,"split"
"9038-b",1,0,2,0,2,24,1,1476496126343,"true",0,0,"far"
"9038-b",1,0,0,0,2,25,0,1476496140989,"true",1,0,"close"
"9038-b",0,0,2,1,0,26,1,1476496153755,"true",0,0,"far"
"9038-b",1,0,0,0,2,27,0,1476496166487,"true",1,0,"far"
"9038-b",0,0,0,1,0,20,0,1476495973080,"false",1,0,"split"
"9038-b",0,1,1,0,1,21,0,1476495996175,"true",0,1,"far"
"9038-b",0,0,0,1,0,22,0,1476496008509,"true",1,0,"far"
"9038-b",0,0,1,1,0,23,0,1476496108795,"false",0,1,"close"
"9038-b",0,0,1,1,0,46,0,1476496622410,"true",0,1,"split"
"9038-b",0,0,1,1,0,47,0,1476496636810,"true",0,1,"split"
"9038-b",0,0,0,1,0,44,0,1476496583151,"true",1,0,"close"
"9038-b",0,0,0,1,0,45,0,1476496606214,"true",1,0,"close"
"9038-b",0,0,1,1,0,28,0,1476496215511,"false",0,1,"close"
"9038-b",1,0,2,0,2,29,1,1476496230185,"true",0,0,"far"
"9038-b",0,1,0,0,1,40,0,1476496517355,"true",1,0,"split"
"9038-b",0,0,1,1,0,41,0,1476496531152,"true",0,1,"far"
"9038-b",1,0,2,0,2,1,1,1476495473197,"true",0,0,"far"
"9038-b",1,0,0,0,2,3,0,1476495511723,"true",1,0,"far"
"9038-b",0,1,1,0,1,2,0,1476495495850,"false",0,1,"close"
"9038-b",1,0,0,0,2,5,0,1476495548072,"true",1,0,"far"
"9038-b",0,1,2,0,1,4,1,1476495523434,"true",0,0,"split"
"9038-b",0,1,2,0,1,7,1,1476495629804,"true",0,0,"split"
"9038-b",0,0,2,1,0,6,1,1476495587317,"true",0,0,"close"
"9038-b",1,0,2,0,2,9,1,1476495662692,"true",0,0,"split"
"9038-b",0,1,0,0,1,8,0,1476495644267,"true",1,0,"far"
"9038-b",1,0,2,0,2,39,1,1476496455991,"true",0,0,"split"
"9038-b",0,0,1,1,0,38,0,1476496439896,"true",0,1,"close"
"9038-b",1,0,0,0,2,11,0,1476495724487,"true",1,0,"split"
"9038-b",0,0,1,1,0,10,0,1476495693261,"false",0,1,"close"
"9038-b",0,0,1,1,0,13,0,1476495820012,"true",0,1,"split"
"9038-b",0,0,2,1,0,12,1,1476495796979,"true",0,0,"close"
"9038-b",1,0,2,0,2,15,1,1476495852272,"true",0,0,"far"
"9038-b",0,1,0,0,1,14,0,1476495834294,"true",1,0,"far"
"9038-b",0,0,1,1,0,17,0,1476495889610,"true",0,1,"split"
"9038-b",0,0,1,1,0,16,0,1476495868820,"true",0,1,"close"
"9038-b",0,0,2,1,0,19,1,1476495914149,"true",0,0,"far"
"9038-b",0,1,0,0,1,18,0,1476495900726,"true",1,0,"far"
"9038-b",1,0,2,0,2,31,1,1476496285526,"false",0,0,"split"
"9038-b",1,0,2,0,2,30,1,1476496250665,"true",0,0,"split"
"9038-b",0,1,2,0,1,37,1,1476496418642,"true",0,0,"close"
"9038-b",0,1,2,0,1,36,1,1476496401554,"true",0,0,"split"
"9038-b",0,0,1,1,0,35,0,1476496381709,"true",0,1,"far"
"9038-b",1,0,2,0,2,34,1,1476496346810,"true",0,0,"close"
"9038-b",0,1,0,0,1,33,0,1476496310836,"true",1,0,"far"
"9038-b",0,1,2,0,1,32,1,1476496299111,"true",0,0,"close"
"9038-b",1,0,1,0,2,50,0,1476496739789,"true",0,1,"split"
