"gameid","sClicked_2","sClicked_1","lClickedIndex","sClicked_0","sClickedIndex","roundNum","lClicked_2","time","outcome","lClicked_0","lClicked_1","condition"
"9054-b",0,1,1,0,1,42,0,1476998072784,"true",0,1,"split"
"9054-b",0,0,1,1,0,48,0,1476998182669,"false",0,1,"close"
"9054-b",0,0,1,1,0,43,0,1476998092315,"false",0,1,"split"
"9054-b",0,1,1,0,1,49,0,1476998200919,"true",0,1,"far"
"9054-b",0,1,2,0,1,24,1,1476997810761,"true",0,0,"far"
"9054-b",0,1,2,0,1,25,1,1476997817028,"true",0,0,"far"
"9054-b",1,0,1,0,2,26,0,1476997836237,"true",0,1,"split"
"9054-b",0,0,2,1,0,27,1,1476997847669,"false",0,0,"far"
"9054-b",0,1,2,0,1,20,1,1476997777045,"false",0,0,"split"
"9054-b",1,0,1,0,2,21,0,1476997785797,"true",0,1,"far"
"9054-b",0,1,0,0,1,22,0,1476997794106,"true",1,0,"split"
"9054-b",0,1,1,0,1,23,0,1476997803027,"true",0,1,"split"
"9054-b",0,0,2,1,0,46,1,1476998148588,"true",0,0,"split"
"9054-b",0,0,2,1,0,47,1,1476998162499,"true",0,0,"split"
"9054-b",0,1,1,0,1,44,0,1476998099636,"true",0,1,"far"
"9054-b",0,0,1,1,0,45,0,1476998137756,"true",0,1,"close"
"9054-b",0,0,2,1,0,28,1,1476997867230,"true",0,0,"split"
"9054-b",1,0,2,0,2,29,1,1476997887029,"false",0,0,"close"
"9054-b",0,0,0,1,0,40,0,1476998031043,"true",1,0,"split"
"9054-b",1,0,2,0,2,41,1,1476998051584,"true",0,0,"close"
"9054-b",1,0,1,0,2,1,0,1476997483690,"true",0,1,"far"
"9054-b",0,0,1,1,0,3,0,1476997514126,"true",0,1,"close"
"9054-b",0,0,2,1,0,2,1,1476997504989,"true",0,0,"split"
"9054-b",0,0,2,1,0,5,1,1476997538659,"true",0,0,"close"
"9054-b",0,1,0,0,1,4,0,1476997523220,"true",1,0,"split"
"9054-b",0,0,2,1,0,7,1,1476997571369,"true",0,0,"close"
"9054-b",0,0,1,1,0,6,0,1476997560629,"true",0,1,"close"
"9054-b",1,0,0,0,2,9,0,1476997594430,"true",1,0,"split"
"9054-b",1,0,0,0,2,8,0,1476997586047,"true",1,0,"split"
"9054-b",0,0,0,1,0,39,0,1476998015398,"true",1,0,"far"
"9054-b",0,0,1,1,0,38,0,1476998007615,"true",0,1,"close"
"9054-b",0,1,1,0,1,11,0,1476997641342,"true",0,1,"close"
"9054-b",1,0,1,0,2,10,0,1476997621928,"true",0,1,"split"
"9054-b",0,1,1,0,1,13,0,1476997662164,"true",0,1,"far"
"9054-b",0,0,0,1,0,12,0,1476997653673,"true",1,0,"far"
"9054-b",1,0,2,0,2,15,1,1476997709523,"true",0,0,"far"
"9054-b",0,1,1,0,1,14,0,1476997695213,"true",0,1,"close"
"9054-b",0,1,0,0,1,17,0,1476997748277,"true",1,0,"split"
"9054-b",1,0,1,0,2,16,0,1476997732714,"false",0,1,"close"
"9054-b",0,0,0,1,0,19,0,1476997765766,"true",1,0,"far"
"9054-b",0,0,2,1,0,18,1,1476997756684,"true",0,0,"far"
"9054-b",1,0,2,0,2,31,1,1476997899763,"true",0,0,"far"
"9054-b",0,0,2,1,0,30,1,1476997893000,"true",0,0,"far"
"9054-b",0,0,2,1,0,37,1,1476997989412,"true",0,0,"close"
"9054-b",0,1,2,0,1,36,1,1476997975784,"true",0,0,"close"
"9054-b",1,0,0,0,2,35,0,1476997961520,"true",1,0,"close"
"9054-b",1,0,2,0,2,34,1,1476997935040,"true",0,0,"close"
"9054-b",0,0,1,1,0,33,0,1476997926507,"true",0,1,"far"
"9054-b",0,1,1,0,1,32,0,1476997917950,"true",0,1,"split"
"9054-b",0,0,2,1,0,50,1,1476998224531,"true",0,0,"close"
