"gameid","sClicked_2","sClicked_1","lClickedIndex","sClicked_0","sClickedIndex","roundNum","lClicked_2","time","outcome","lClicked_0","lClicked_1","condition"
"9070-4",1,0,0,0,2,42,0,1476476083703,"true",1,0,"split"
"9070-4",0,0,1,1,0,48,0,1476476154822,"true",0,1,"far"
"9070-4",1,0,2,0,2,43,1,1476476094512,"true",0,0,"close"
"9070-4",0,1,2,0,1,49,1,1476476166921,"true",0,0,"split"
"9070-4",0,0,1,1,0,24,0,1476475882372,"true",0,1,"split"
"9070-4",0,0,0,1,0,25,0,1476475902554,"true",1,0,"close"
"9070-4",0,0,2,1,0,26,1,1476475912938,"true",0,0,"split"
"9070-4",0,1,1,0,1,27,0,1476475929836,"true",0,1,"split"
"9070-4",1,0,1,0,2,20,0,1476475845232,"true",0,1,"far"
"9070-4",1,0,1,0,2,21,0,1476475853344,"true",0,1,"split"
"9070-4",0,0,1,1,0,22,0,1476475860916,"true",0,1,"far"
"9070-4",0,0,1,1,0,23,0,1476475873673,"true",0,1,"close"
"9070-4",0,1,0,0,1,46,0,1476476119340,"true",1,0,"far"
"9070-4",0,0,0,1,0,47,0,1476476148038,"true",1,0,"split"
"9070-4",1,0,0,0,2,44,0,1476476102032,"true",1,0,"split"
"9070-4",1,0,1,0,2,45,0,1476476109493,"true",0,1,"far"
"9070-4",1,0,0,0,2,28,0,1476475940951,"true",1,0,"split"
"9070-4",0,1,2,0,1,29,1,1476475948422,"true",0,0,"far"
"9070-4",1,0,1,0,2,40,0,1476476068554,"true",0,1,"far"
"9070-4",0,0,0,1,0,41,0,1476476075674,"true",1,0,"far"
"9070-4",0,0,2,1,0,1,1,1476475643985,"true",0,0,"close"
"9070-4",1,0,0,0,2,3,0,1476475667118,"true",1,0,"far"
"9070-4",0,0,0,1,0,2,0,1476475659804,"true",1,0,"split"
"9070-4",0,1,2,0,1,5,1,1476475706412,"true",0,0,"close"
"9070-4",0,0,2,1,0,4,1,1476475692888,"true",0,0,"close"
"9070-4",0,1,1,0,1,7,0,1476475730598,"true",0,1,"split"
"9070-4",0,0,2,1,0,6,1,1476475718063,"true",0,0,"split"
"9070-4",0,0,2,1,0,9,1,1476475752951,"true",0,0,"split"
"9070-4",1,0,0,0,2,8,0,1476475740565,"true",1,0,"close"
"9070-4",0,1,1,0,1,39,0,1476476062127,"true",0,1,"close"
"9070-4",1,0,1,0,2,38,0,1476476053863,"true",0,1,"close"
"9070-4",1,0,2,0,2,11,1,1476475770706,"true",0,0,"close"
"9070-4",1,0,0,0,2,10,0,1476475761016,"true",1,0,"far"
"9070-4",0,0,0,1,0,13,0,1476475789135,"true",1,0,"split"
"9070-4",0,1,1,0,1,12,0,1476475779747,"true",0,1,"far"
"9070-4",0,1,1,0,1,15,0,1476475804427,"true",0,1,"split"
"9070-4",0,0,0,1,0,14,0,1476475796451,"true",1,0,"far"
"9070-4",1,0,0,0,2,17,0,1476475819691,"true",1,0,"far"
"9070-4",0,1,1,0,1,16,0,1476475812837,"true",0,1,"close"
"9070-4",0,1,2,0,1,19,1,1476475836036,"true",0,0,"split"
"9070-4",1,0,1,0,2,18,0,1476475828961,"true",0,1,"far"
"9070-4",0,0,1,1,0,31,0,1476475969543,"true",0,1,"close"
"9070-4",1,0,0,0,2,30,0,1476475962099,"true",1,0,"far"
"9070-4",0,0,2,1,0,37,1,1476476043584,"false",0,0,"close"
"9070-4",0,0,2,1,0,36,1,1476476032640,"true",0,0,"close"
"9070-4",0,0,2,1,0,35,1,1476476013223,"true",0,0,"far"
"9070-4",0,1,0,0,1,34,0,1476475999689,"false",1,0,"split"
"9070-4",0,1,0,0,1,33,0,1476475988201,"true",1,0,"close"
"9070-4",0,1,2,0,1,32,1,1476475976537,"true",0,0,"far"
"9070-4",0,1,1,0,1,50,0,1476476174583,"true",0,1,"close"
