"gameid","sClicked_2","sClicked_1","lClickedIndex","sClicked_0","sClickedIndex","roundNum","lClicked_2","time","outcome","lClicked_0","lClicked_1","condition"
"9074-e",0,0,1,1,0,42,0,1476994892172,"true",0,1,"close"
"9074-e",0,1,1,0,1,48,0,1476995058876,"true",0,1,"split"
"9074-e",0,1,1,0,1,43,0,1476994902655,"true",0,1,"split"
"9074-e",0,0,1,1,0,49,0,1476995081810,"true",0,1,"split"
"9074-e",1,0,0,0,2,24,0,1476994487471,"true",1,0,"close"
"9074-e",0,1,2,0,1,25,1,1476994507713,"true",0,0,"split"
"9074-e",0,1,1,0,1,26,0,1476994526735,"true",0,1,"split"
"9074-e",0,1,1,0,1,27,0,1476994547802,"true",0,1,"split"
"9074-e",0,1,1,0,1,20,0,1476994342258,"true",0,1,"close"
"9074-e",1,0,2,0,2,21,1,1476994387747,"true",0,0,"close"
"9074-e",1,0,2,0,2,22,1,1476994427609,"false",0,0,"close"
"9074-e",0,1,0,0,1,23,0,1476994453257,"true",1,0,"far"
"9074-e",1,0,1,0,2,46,0,1476995000606,"true",0,1,"close"
"9074-e",1,0,1,0,2,47,0,1476995024489,"true",0,1,"close"
"9074-e",0,0,0,1,0,44,0,1476994918522,"true",1,0,"close"
"9074-e",1,0,2,0,2,45,1,1476994966403,"true",0,0,"far"
"9074-e",0,0,0,1,0,28,0,1476994572260,"true",1,0,"far"
"9074-e",1,0,1,0,2,29,0,1476994583746,"true",0,1,"far"
"9074-e",0,1,0,0,1,40,0,1476994835626,"true",1,0,"close"
"9074-e",1,0,0,0,2,41,0,1476994878380,"true",1,0,"close"
"9074-e",0,0,0,1,0,1,0,1476994011369,"false",1,0,"close"
"9074-e",0,0,0,1,0,3,0,1476994054626,"true",1,0,"close"
"9074-e",0,1,1,0,1,2,0,1476994018701,"true",0,1,"far"
"9074-e",0,0,0,1,0,5,0,1476994120596,"true",1,0,"far"
"9074-e",0,0,0,1,0,4,0,1476994101504,"true",1,0,"split"
"9074-e",0,0,2,1,0,7,1,1476994133590,"true",0,0,"far"
"9074-e",0,0,2,1,0,6,1,1476994126868,"true",0,0,"far"
"9074-e",0,0,0,1,0,9,0,1476994151593,"true",1,0,"split"
"9074-e",0,1,0,0,1,8,0,1476994142430,"true",1,0,"far"
"9074-e",0,0,1,1,0,39,0,1476994815702,"false",0,1,"close"
"9074-e",0,1,0,0,1,38,0,1476994798017,"true",1,0,"far"
"9074-e",1,0,2,0,2,11,1,1476994188343,"true",0,0,"split"
"9074-e",0,1,0,0,1,10,0,1476994167742,"true",1,0,"far"
"9074-e",1,0,1,0,2,13,0,1476994228525,"true",0,1,"split"
"9074-e",0,1,0,0,1,12,0,1476994209843,"true",1,0,"far"
"9074-e",1,0,1,0,2,15,0,1476994258233,"true",0,1,"close"
"9074-e",1,0,1,0,2,14,0,1476994238329,"true",0,1,"split"
"9074-e",0,1,1,0,1,17,0,1476994307778,"true",0,1,"far"
"9074-e",1,0,1,0,2,16,0,1476994291582,"true",0,1,"close"
"9074-e",0,0,2,1,0,19,1,1476994322572,"true",0,0,"far"
"9074-e",0,1,1,0,1,18,0,1476994315854,"true",0,1,"far"
"9074-e",0,0,2,1,0,31,1,1476994607994,"true",0,0,"split"
"9074-e",0,0,0,1,0,30,0,1476994594368,"true",1,0,"far"
"9074-e",0,0,0,1,0,37,0,1476994788176,"true",1,0,"split"
"9074-e",0,0,1,1,0,36,0,1476994727911,"true",0,1,"close"
"9074-e",1,0,2,0,2,35,1,1476994712555,"true",0,0,"split"
"9074-e",0,1,1,0,1,34,0,1476994670161,"true",0,1,"split"
"9074-e",0,0,0,1,0,33,0,1476994643661,"true",1,0,"split"
"9074-e",0,0,1,1,0,32,0,1476994617282,"true",0,1,"far"
"9074-e",0,0,1,1,0,50,0,1476995104955,"true",0,1,"split"
