"gameid","sClicked_2","sClicked_1","lClickedIndex","sClicked_0","sClickedIndex","roundNum","lClicked_2","time","outcome","lClicked_0","lClicked_1","condition"
"9080-5",1,0,0,0,2,42,0,1476468148771,"true",1,0,"far"
"9080-5",0,0,2,1,0,48,1,1476468211656,"true",0,0,"close"
"9080-5",0,0,1,1,0,43,0,1476468157226,"true",0,1,"split"
"9080-5",1,0,0,0,2,49,0,1476468227440,"true",1,0,"close"
"9080-5",0,1,2,0,1,24,1,1476467953398,"true",0,0,"close"
"9080-5",0,0,2,1,0,25,1,1476467962199,"true",0,0,"far"
"9080-5",0,0,2,1,0,26,1,1476467974594,"true",0,0,"far"
"9080-5",0,0,0,1,0,27,0,1476467988755,"true",1,0,"far"
"9080-5",0,0,1,1,0,20,0,1476467909039,"true",0,1,"split"
"9080-5",0,0,0,1,0,21,0,1476467920231,"true",1,0,"close"
"9080-5",0,0,1,1,0,22,0,1476467931312,"true",0,1,"split"
"9080-5",0,1,2,0,1,23,1,1476467938156,"true",0,0,"far"
"9080-5",1,0,1,0,2,46,0,1476468192908,"true",0,1,"close"
"9080-5",1,0,1,0,2,47,0,1476468202332,"false",0,1,"split"
"9080-5",0,0,0,1,0,44,0,1476468173889,"true",1,0,"split"
"9080-5",0,1,1,0,1,45,0,1476468184356,"false",0,1,"close"
"9080-5",0,0,0,1,0,28,0,1476468000687,"true",1,0,"close"
"9080-5",1,0,1,0,2,29,0,1476468007127,"true",0,1,"close"
"9080-5",0,0,0,1,0,40,0,1476468107752,"true",1,0,"far"
"9080-5",0,0,1,1,0,41,0,1476468134707,"false",0,1,"close"
"9080-5",0,0,2,1,0,1,1,1476467699904,"true",0,0,"split"
"9080-5",0,1,2,0,1,3,1,1476467721024,"true",0,0,"far"
"9080-5",0,0,0,1,0,2,0,1476467713259,"true",1,0,"close"
"9080-5",1,0,0,0,2,5,0,1476467748198,"true",1,0,"far"
"9080-5",1,0,2,0,2,4,1,1476467738894,"true",0,0,"close"
"9080-5",0,1,1,0,1,7,0,1476467764586,"false",0,1,"close"
"9080-5",0,1,0,0,1,6,0,1476467756223,"true",1,0,"split"
"9080-5",0,1,1,0,1,9,0,1476467783254,"true",0,1,"split"
"9080-5",0,1,1,0,1,8,0,1476467772094,"true",0,1,"split"
"9080-5",0,0,2,1,0,39,1,1476468100605,"true",0,0,"far"
"9080-5",0,1,1,0,1,38,0,1476468091442,"true",0,1,"far"
"9080-5",1,0,1,0,2,11,0,1476467806737,"true",0,1,"split"
"9080-5",1,0,0,0,2,10,0,1476467797560,"true",1,0,"split"
"9080-5",0,1,0,0,1,13,0,1476467823917,"true",1,0,"close"
"9080-5",1,0,0,0,2,12,0,1476467816174,"true",1,0,"split"
"9080-5",0,1,1,0,1,15,0,1476467854535,"false",0,1,"split"
"9080-5",0,1,2,0,1,14,1,1476467835387,"true",0,0,"far"
"9080-5",0,0,0,1,0,17,0,1476467874082,"true",1,0,"far"
"9080-5",0,1,1,0,1,16,0,1476467866504,"true",0,1,"close"
"9080-5",1,0,0,0,2,19,0,1476467891055,"true",1,0,"close"
"9080-5",1,0,1,0,2,18,0,1476467882091,"true",0,1,"split"
"9080-5",1,0,0,0,2,31,0,1476468022157,"true",1,0,"far"
"9080-5",1,0,1,0,2,30,0,1476468014654,"true",0,1,"far"
"9080-5",0,0,1,1,0,37,0,1476468085254,"true",0,1,"split"
"9080-5",0,1,0,0,1,36,0,1476468073703,"true",1,0,"split"
"9080-5",1,0,2,0,2,35,1,1476468065140,"true",0,0,"far"
"9080-5",0,1,1,0,1,34,0,1476468051670,"true",0,1,"far"
"9080-5",1,0,1,0,2,33,0,1476468041351,"true",0,1,"far"
"9080-5",0,1,0,0,1,32,0,1476468030938,"false",1,0,"close"
"9080-5",0,1,2,0,1,50,1,1476468245934,"true",0,0,"split"
