"gameid","sClicked_2","sClicked_1","lClickedIndex","sClicked_0","sClickedIndex","roundNum","lClicked_2","time","outcome","lClicked_0","lClicked_1","condition"
"9086-a",1,0,1,0,2,42,0,1476499300190,"true",0,1,"far"
"9086-a",1,0,2,0,2,48,1,1476499370013,"true",0,0,"close"
"9086-a",0,1,0,0,1,43,0,1476499323221,"true",1,0,"split"
"9086-a",1,0,0,0,2,49,0,1476499414726,"false",1,0,"close"
"9086-a",0,0,2,1,0,24,1,1476499013593,"true",0,0,"far"
"9086-a",0,0,2,1,0,25,1,1476499024490,"true",0,0,"far"
"9086-a",0,0,1,1,0,26,0,1476499042066,"true",0,1,"close"
"9086-a",1,0,2,0,2,27,1,1476499051083,"true",0,0,"far"
"9086-a",1,0,0,0,2,20,0,1476498958401,"true",1,0,"close"
"9086-a",0,0,1,1,0,21,0,1476498970833,"true",0,1,"split"
"9086-a",0,0,2,1,0,22,1,1476498980066,"true",0,0,"far"
"9086-a",0,0,1,1,0,23,0,1476499004775,"true",0,1,"split"
"9086-a",0,1,2,0,1,46,1,1476499351430,"true",0,0,"far"
"9086-a",1,0,0,0,2,47,0,1476499359238,"true",1,0,"far"
"9086-a",0,1,0,0,1,44,0,1476499333958,"true",1,0,"close"
"9086-a",1,0,0,0,2,45,0,1476499342895,"true",1,0,"close"
"9086-a",1,0,2,0,2,28,1,1476499079805,"false",0,0,"close"
"9086-a",0,0,1,1,0,29,0,1476499105683,"true",0,1,"close"
"9086-a",1,0,0,0,2,40,0,1476499285108,"true",1,0,"close"
"9086-a",1,0,0,0,2,41,0,1476499292861,"true",1,0,"far"
"9086-a",0,0,2,1,0,1,1,1476498634526,"true",0,0,"far"
"9086-a",0,0,0,1,0,3,0,1476498670228,"true",1,0,"far"
"9086-a",1,0,2,0,2,2,1,1476498659243,"true",0,0,"close"
"9086-a",0,0,1,1,0,5,0,1476498699503,"true",0,1,"split"
"9086-a",1,0,1,0,2,4,0,1476498681855,"true",0,1,"split"
"9086-a",0,0,0,1,0,7,0,1476498738673,"true",1,0,"close"
"9086-a",1,0,1,0,2,6,0,1476498721067,"true",0,1,"far"
"9086-a",0,0,1,1,0,9,0,1476498779913,"true",0,1,"close"
"9086-a",1,0,0,0,2,8,0,1476498752376,"true",1,0,"split"
"9086-a",1,0,2,0,2,39,1,1476499275900,"true",0,0,"split"
"9086-a",0,1,1,0,1,38,0,1476499248438,"true",0,1,"split"
"9086-a",1,0,1,0,2,11,0,1476498803068,"true",0,1,"far"
"9086-a",0,0,1,1,0,10,0,1476498792136,"false",0,1,"far"
"9086-a",0,1,1,0,1,13,0,1476498838246,"false",0,1,"split"
"9086-a",0,1,0,0,1,12,0,1476498816293,"true",1,0,"close"
"9086-a",0,0,2,1,0,15,1,1476498862903,"true",0,0,"split"
"9086-a",0,0,1,1,0,14,0,1476498853296,"true",0,1,"split"
"9086-a",1,0,0,0,2,17,0,1476498880491,"true",1,0,"split"
"9086-a",0,0,0,1,0,16,0,1476498871203,"true",1,0,"far"
"9086-a",0,1,1,0,1,19,0,1476498920203,"true",0,1,"far"
"9086-a",0,0,0,1,0,18,0,1476498890417,"true",1,0,"far"
"9086-a",0,1,1,0,1,31,0,1476499130970,"true",0,1,"split"
"9086-a",0,0,0,1,0,30,0,1476499116233,"true",1,0,"far"
"9086-a",0,0,1,1,0,37,0,1476499238133,"true",0,1,"close"
"9086-a",0,1,1,0,1,36,0,1476499205916,"true",0,1,"split"
"9086-a",0,0,0,1,0,35,0,1476499197333,"true",1,0,"split"
"9086-a",1,0,1,0,2,34,0,1476499186494,"true",0,1,"split"
"9086-a",0,0,0,1,0,33,0,1476499169796,"true",1,0,"close"
"9086-a",1,0,2,0,2,32,1,1476499146018,"true",0,0,"split"
"9086-a",1,0,1,0,2,50,0,1476499428095,"false",0,1,"close"
