"gameid","sClicked_2","sClicked_1","lClickedIndex","sClicked_0","sClickedIndex","roundNum","lClicked_2","time","outcome","lClicked_0","lClicked_1","condition"
"9114-e",0,1,0,0,1,42,0,1459884132788,"true",1,0,"close"
"9114-e",0,0,2,1,0,48,1,1459884191219,"false",0,0,"far"
"9114-e",0,1,0,0,1,43,0,1459884141946,"true",1,0,"close"
"9114-e",0,1,1,0,1,49,0,1459884200343,"true",0,1,"split"
"9114-e",0,0,0,1,0,24,0,1459883920952,"true",1,0,"far"
"9114-e",0,1,2,0,1,25,1,1459883939694,"true",0,0,"split"
"9114-e",1,0,0,0,2,26,0,1459883947388,"true",1,0,"far"
"9114-e",0,0,0,1,0,27,0,1459883959412,"true",1,0,"far"
"9114-e",0,0,1,1,0,20,0,1459883873148,"true",0,1,"close"
"9114-e",0,1,1,0,1,21,0,1459883884609,"true",0,1,"split"
"9114-e",0,0,1,1,0,22,0,1459883893407,"true",0,1,"far"
"9114-e",0,0,2,1,0,23,1,1459883912559,"true",0,0,"far"
"9114-e",1,0,2,0,2,46,1,1459884176226,"true",0,0,"split"
"9114-e",1,0,2,0,2,47,1,1459884183867,"true",0,0,"far"
"9114-e",0,0,0,1,0,44,0,1459884149360,"true",1,0,"far"
"9114-e",0,1,0,0,1,45,0,1459884159015,"true",1,0,"split"
"9114-e",0,1,1,0,1,28,0,1459883966434,"true",0,1,"close"
"9114-e",0,1,0,0,1,29,0,1459883973595,"true",1,0,"far"
"9114-e",0,1,0,0,1,40,0,1459884108478,"true",1,0,"far"
"9114-e",1,0,0,0,2,41,0,1459884116329,"true",1,0,"split"
"9114-e",0,0,0,1,0,1,0,1459883612710,"true",1,0,"far"
"9114-e",1,0,1,0,2,3,0,1459883665823,"true",0,1,"close"
"9114-e",0,0,0,1,0,2,0,1459883632623,"false",1,0,"close"
"9114-e",0,1,0,0,1,5,0,1459883691164,"false",1,0,"split"
"9114-e",0,0,1,1,0,4,0,1459883677482,"true",0,1,"close"
"9114-e",0,1,2,0,1,7,1,1459883714869,"true",0,0,"split"
"9114-e",0,1,0,0,1,6,0,1459883699204,"true",1,0,"far"
"9114-e",0,1,0,0,1,9,0,1459883742946,"false",1,0,"split"
"9114-e",0,1,1,0,1,8,0,1459883722551,"true",0,1,"split"
"9114-e",0,1,1,0,1,39,0,1459884097995,"true",0,1,"split"
"9114-e",1,0,0,0,2,38,0,1459884088712,"true",1,0,"close"
"9114-e",0,0,1,1,0,11,0,1459883765938,"true",0,1,"close"
"9114-e",0,1,1,0,1,10,0,1459883753202,"true",0,1,"close"
"9114-e",1,0,0,0,2,13,0,1459883791153,"true",1,0,"close"
"9114-e",0,0,1,1,0,12,0,1459883775742,"true",0,1,"split"
"9114-e",1,0,0,0,2,15,0,1459883822134,"false",1,0,"close"
"9114-e",0,0,0,1,0,14,0,1459883805150,"true",1,0,"split"
"9114-e",0,0,0,1,0,17,0,1459883837862,"true",1,0,"close"
"9114-e",0,0,2,1,0,16,1,1459883828795,"true",0,0,"split"
"9114-e",1,0,0,0,2,19,0,1459883856531,"true",1,0,"far"
"9114-e",0,0,2,1,0,18,1,1459883847363,"true",0,0,"far"
"9114-e",0,1,1,0,1,31,0,1459884006579,"true",0,1,"far"
"9114-e",0,1,0,0,1,30,0,1459883995152,"false",1,0,"close"
"9114-e",0,0,0,1,0,37,0,1459884077060,"true",1,0,"close"
"9114-e",0,0,0,1,0,36,0,1459884058136,"true",1,0,"close"
"9114-e",0,0,0,1,0,35,0,1459884049278,"true",1,0,"split"
"9114-e",1,0,0,0,2,34,0,1459884041637,"true",1,0,"close"
"9114-e",1,0,0,0,2,33,0,1459884028280,"true",1,0,"split"
"9114-e",0,0,2,1,0,32,1,1459884016431,"true",0,0,"split"
"9114-e",1,0,2,0,2,50,1,1459884208229,"true",0,0,"far"
