"gameid","sClicked_2","sClicked_1","lClickedIndex","sClicked_0","sClickedIndex","roundNum","lClicked_2","time","outcome","lClicked_0","lClicked_1","condition"
"9115-f",0,1,2,0,1,42,1,1476996546027,"true",0,0,"far"
"9115-f",1,0,2,0,2,48,1,1476996662520,"true",0,0,"split"
"9115-f",0,1,0,0,1,43,0,1476996559099,"true",1,0,"split"
"9115-f",0,0,2,1,0,49,1,1476996671989,"true",0,0,"far"
"9115-f",0,0,1,1,0,24,0,1476996025146,"true",0,1,"close"
"9115-f",0,1,2,0,1,25,1,1476996083657,"true",0,0,"close"
"9115-f",0,1,1,0,1,26,0,1476996112644,"true",0,1,"far"
"9115-f",0,1,2,0,1,27,1,1476996129986,"true",0,0,"far"
"9115-f",1,0,2,0,2,20,1,1476995958199,"true",0,0,"split"
"9115-f",1,0,0,0,2,21,0,1476995966990,"true",1,0,"far"
"9115-f",0,0,2,1,0,22,1,1476995979524,"true",0,0,"close"
"9115-f",0,1,1,0,1,23,0,1476996011342,"true",0,1,"split"
"9115-f",1,0,2,0,2,46,1,1476996640030,"true",0,0,"far"
"9115-f",0,0,2,1,0,47,1,1476996649384,"true",0,0,"close"
"9115-f",0,1,0,0,1,44,0,1476996594673,"true",1,0,"close"
"9115-f",0,0,1,1,0,45,0,1476996628837,"true",0,1,"close"
"9115-f",1,0,0,0,2,28,0,1476996164673,"true",1,0,"split"
"9115-f",0,1,2,0,1,29,1,1476996176347,"true",0,0,"far"
"9115-f",0,1,1,0,1,40,0,1476996519877,"false",0,1,"split"
"9115-f",0,0,2,1,0,41,1,1476996533080,"true",0,0,"far"
"9115-f",0,0,2,1,0,1,1,1476995441685,"true",0,0,"far"
"9115-f",1,0,0,0,2,3,0,1476995518199,"true",1,0,"split"
"9115-f",0,1,2,0,1,2,1,1476995498708,"true",0,0,"close"
"9115-f",1,0,0,0,2,5,0,1476995582984,"false",1,0,"close"
"9115-f",0,0,2,1,0,4,1,1476995527422,"true",0,0,"far"
"9115-f",0,1,2,0,1,7,1,1476995616340,"true",0,0,"far"
"9115-f",0,0,1,1,0,6,0,1476995593595,"true",0,1,"split"
"9115-f",1,0,1,0,2,9,0,1476995646622,"true",0,1,"split"
"9115-f",0,0,0,1,0,8,0,1476995633819,"true",1,0,"split"
"9115-f",1,0,2,0,2,39,1,1476996492539,"true",0,0,"close"
"9115-f",0,0,0,1,0,38,0,1476996431436,"true",1,0,"split"
"9115-f",0,0,2,1,0,11,1,1476995738781,"true",0,0,"split"
"9115-f",0,0,1,1,0,10,0,1476995722001,"false",0,1,"close"
"9115-f",0,0,2,1,0,13,1,1476995790884,"true",0,0,"close"
"9115-f",1,0,2,0,2,12,1,1476995763780,"true",0,0,"close"
"9115-f",1,0,0,0,2,15,0,1476995849835,"true",1,0,"split"
"9115-f",0,0,1,1,0,14,0,1476995835448,"true",0,1,"split"
"9115-f",0,0,1,1,0,17,0,1476995899697,"true",0,1,"split"
"9115-f",0,0,2,1,0,16,1,1476995870734,"true",0,0,"close"
"9115-f",0,1,2,0,1,19,1,1476995941902,"true",0,0,"far"
"9115-f",0,1,0,0,1,18,0,1476995913956,"true",1,0,"split"
"9115-f",0,0,1,1,0,31,0,1476996195131,"true",0,1,"split"
"9115-f",0,1,2,0,1,30,1,1476996185784,"true",0,0,"far"
"9115-f",0,1,0,0,1,37,0,1476996365454,"true",1,0,"close"
"9115-f",0,1,1,0,1,36,0,1476996349016,"true",0,1,"far"
"9115-f",0,0,2,1,0,35,1,1476996339060,"true",0,0,"far"
"9115-f",0,1,1,0,1,34,0,1476996321608,"true",0,1,"close"
"9115-f",1,0,2,0,2,33,1,1476996305211,"false",0,0,"close"
"9115-f",0,1,2,0,1,32,1,1476996262571,"true",0,0,"close"
"9115-f",1,0,0,0,2,50,0,1476996682337,"true",1,0,"far"
