"gameid","sClicked_2","sClicked_1","lClickedIndex","sClicked_0","sClickedIndex","roundNum","lClicked_2","time","outcome","lClicked_0","lClicked_1","condition"
"9131-a",0,0,1,1,0,42,0,1476488915038,"true",0,1,"far"
"9131-a",1,0,0,0,2,48,0,1476489014667,"true",1,0,"far"
"9131-a",1,0,2,0,2,43,1,1476488936984,"true",0,0,"far"
"9131-a",1,0,1,0,2,49,0,1476489089006,"true",0,1,"close"
"9131-a",0,1,1,0,1,24,0,1476488421154,"true",0,1,"split"
"9131-a",1,0,1,0,2,25,0,1476488442869,"false",0,1,"close"
"9131-a",1,0,2,0,2,26,1,1476488468713,"true",0,0,"split"
"9131-a",1,0,2,0,2,27,1,1476488477391,"true",0,0,"split"
"9131-a",1,0,2,0,2,20,1,1476488327244,"true",0,0,"far"
"9131-a",0,1,0,0,1,21,0,1476488344111,"true",1,0,"far"
"9131-a",0,0,2,1,0,22,1,1476488364853,"true",0,0,"split"
"9131-a",1,0,1,0,2,23,0,1476488396693,"true",0,1,"far"
"9131-a",0,1,1,0,1,46,0,1476488978302,"true",0,1,"close"
"9131-a",0,0,2,1,0,47,1,1476489004799,"true",0,0,"close"
"9131-a",0,0,0,1,0,44,0,1476488958046,"true",1,0,"far"
"9131-a",0,0,0,1,0,45,0,1476488968455,"true",1,0,"close"
"9131-a",1,0,2,0,2,28,1,1476488498693,"true",0,0,"far"
"9131-a",0,0,2,1,0,29,1,1476488514997,"true",0,0,"far"
"9131-a",0,0,1,1,0,40,0,1476488834126,"true",0,1,"far"
"9131-a",0,0,2,1,0,41,1,1476488892798,"false",0,0,"close"
"9131-a",1,0,1,0,2,1,0,1476487868194,"true",0,1,"split"
"9131-a",0,0,0,1,0,3,0,1476487928840,"true",1,0,"close"
"9131-a",0,0,2,1,0,2,1,1476487891746,"true",0,0,"far"
"9131-a",0,1,0,0,1,5,0,1476487959599,"false",1,0,"split"
"9131-a",1,0,2,0,2,4,1,1476487941599,"true",0,0,"split"
"9131-a",0,1,2,0,1,7,1,1476487994626,"true",0,0,"close"
"9131-a",0,0,0,1,0,6,0,1476487977080,"true",1,0,"far"
"9131-a",0,1,2,0,1,9,1,1476488063704,"true",0,0,"close"
"9131-a",0,1,1,0,1,8,0,1476488035634,"true",0,1,"close"
"9131-a",0,1,2,0,1,39,1,1476488810270,"true",0,0,"far"
"9131-a",0,0,0,1,0,38,0,1476488756626,"true",1,0,"split"
"9131-a",0,0,1,1,0,11,0,1476488116194,"true",0,1,"close"
"9131-a",0,0,2,1,0,10,1,1476488077804,"true",0,0,"far"
"9131-a",0,0,1,1,0,13,0,1476488170527,"true",0,1,"split"
"9131-a",0,0,0,1,0,12,0,1476488158671,"true",1,0,"close"
"9131-a",0,1,0,0,1,15,0,1476488256360,"true",1,0,"split"
"9131-a",0,1,1,0,1,14,0,1476488218508,"true",0,1,"close"
"9131-a",0,1,2,0,1,17,1,1476488292332,"true",0,0,"split"
"9131-a",0,0,2,1,0,16,1,1476488279196,"true",0,0,"split"
"9131-a",0,1,1,0,1,19,0,1476488317301,"true",0,1,"far"
"9131-a",1,0,0,0,2,18,0,1476488301874,"true",1,0,"far"
"9131-a",0,0,2,1,0,31,1,1476488564101,"true",0,0,"split"
"9131-a",0,1,2,0,1,30,1,1476488541432,"true",0,0,"far"
"9131-a",0,1,2,0,1,37,1,1476488732853,"true",0,0,"close"
"9131-a",1,0,2,0,2,36,1,1476488693749,"false",0,0,"split"
"9131-a",0,0,2,1,0,35,1,1476488672533,"true",0,0,"close"
"9131-a",0,1,1,0,1,34,0,1476488648975,"true",0,1,"close"
"9131-a",1,0,2,0,2,33,1,1476488638040,"true",0,0,"split"
"9131-a",0,0,1,1,0,32,0,1476488590069,"true",0,1,"split"
"9131-a",0,1,2,0,1,50,1,1476489113230,"true",0,0,"close"
