"gameid","sClicked_2","sClicked_1","lClickedIndex","sClicked_0","sClickedIndex","roundNum","lClicked_2","time","outcome","lClicked_0","lClicked_1","condition"
"9144-a",0,0,1,1,0,42,0,1459896378957,"true",0,1,"split"
"9144-a",0,0,1,1,0,48,0,1459896479092,"true",0,1,"split"
"9144-a",1,0,2,0,2,43,1,1459896392180,"true",0,0,"close"
"9144-a",0,1,1,0,1,49,0,1459896502301,"true",0,1,"split"
"9144-a",0,0,1,1,0,24,0,1459896057396,"true",0,1,"split"
"9144-a",1,0,2,0,2,25,1,1459896082115,"true",0,0,"close"
"9144-a",1,0,1,0,2,26,0,1459896095284,"true",0,1,"far"
"9144-a",0,0,1,1,0,27,0,1459896103348,"true",0,1,"far"
"9144-a",0,0,0,1,0,20,0,1459895985818,"true",1,0,"split"
"9144-a",0,1,1,0,1,21,0,1459896010669,"true",0,1,"close"
"9144-a",1,0,1,0,2,22,0,1459896024634,"true",0,1,"far"
"9144-a",0,0,1,1,0,23,0,1459896034794,"true",0,1,"close"
"9144-a",0,0,2,1,0,46,1,1459896431140,"true",0,0,"far"
"9144-a",0,0,0,1,0,47,0,1459896441946,"false",1,0,"split"
"9144-a",0,0,1,1,0,44,0,1459896409645,"true",0,1,"close"
"9144-a",1,0,2,0,2,45,1,1459896421133,"true",0,0,"split"
"9144-a",0,1,0,0,1,28,0,1459896118013,"true",1,0,"split"
"9144-a",0,0,2,1,0,29,1,1459896125098,"true",0,0,"far"
"9144-a",0,0,1,1,0,40,0,1459896302365,"false",0,1,"close"
"9144-a",0,0,2,1,0,41,1,1459896368016,"true",0,0,"close"
"9144-a",0,0,0,1,0,1,0,1459895665162,"true",1,0,"close"
"9144-a",0,1,1,0,1,3,0,1459895689322,"true",0,1,"far"
"9144-a",1,0,2,0,2,2,1,1459895679421,"true",0,0,"far"
"9144-a",1,0,1,0,2,5,0,1459895725200,"false",0,1,"far"
"9144-a",0,0,0,1,0,4,0,1459895703546,"true",1,0,"close"
"9144-a",1,0,1,0,2,7,0,1459895759242,"true",0,1,"close"
"9144-a",0,1,0,0,1,6,0,1459895741936,"true",1,0,"split"
"9144-a",0,1,1,0,1,9,0,1459895786339,"true",0,1,"close"
"9144-a",1,0,1,0,2,8,0,1459895773072,"true",0,1,"split"
"9144-a",1,0,2,0,2,39,1,1459896284404,"true",0,0,"far"
"9144-a",0,1,0,0,1,38,0,1459896271869,"true",1,0,"far"
"9144-a",1,0,0,0,2,11,0,1459895821024,"true",1,0,"far"
"9144-a",0,1,1,0,1,10,0,1459895801968,"true",0,1,"split"
"9144-a",0,0,2,1,0,13,1,1459895854612,"true",0,0,"split"
"9144-a",0,1,1,0,1,12,0,1459895839930,"true",0,1,"far"
"9144-a",0,1,0,0,1,15,0,1459895896068,"true",1,0,"close"
"9144-a",0,1,2,0,1,14,1,1459895869156,"false",0,0,"close"
"9144-a",0,0,2,1,0,17,1,1459895928525,"true",0,0,"far"
"9144-a",0,0,2,1,0,16,1,1459895915162,"true",0,0,"split"
"9144-a",0,1,0,0,1,19,0,1459895973556,"true",1,0,"far"
"9144-a",0,0,2,1,0,18,1,1459895945818,"true",0,0,"split"
"9144-a",0,0,0,1,0,31,0,1459896166029,"true",1,0,"close"
"9144-a",1,0,2,0,2,30,1,1459896151780,"true",0,0,"split"
"9144-a",0,1,2,0,1,37,1,1459896257578,"true",0,0,"far"
"9144-a",0,1,1,0,1,36,0,1459896246237,"true",0,1,"far"
"9144-a",1,0,2,0,2,35,1,1459896236797,"true",0,0,"close"
"9144-a",0,1,1,0,1,34,0,1459896223572,"true",0,1,"far"
"9144-a",0,1,1,0,1,33,0,1459896193802,"false",0,1,"split"
"9144-a",0,1,2,0,1,32,1,1459896177044,"true",0,0,"close"
"9144-a",0,1,1,0,1,50,0,1459896528836,"true",0,1,"close"
