"gameid","sClicked_2","sClicked_1","lClickedIndex","sClicked_0","sClickedIndex","roundNum","lClicked_2","time","outcome","lClicked_0","lClicked_1","condition"
"9146-e",1,0,1,0,2,42,0,1459892259925,"true",0,1,"far"
"9146-e",0,0,0,1,0,48,0,1459892373138,"true",1,0,"close"
"9146-e",0,1,0,0,1,43,0,1459892268871,"true",1,0,"far"
"9146-e",1,0,0,0,2,49,0,1459892380638,"true",1,0,"far"
"9146-e",0,0,0,1,0,24,0,1459892077142,"false",1,0,"close"
"9146-e",1,0,1,0,2,25,0,1459892085270,"true",0,1,"far"
"9146-e",0,0,2,1,0,26,1,1459892101213,"true",0,0,"close"
"9146-e",0,0,0,1,0,27,0,1459892115669,"true",1,0,"far"
"9146-e",0,0,1,1,0,20,0,1459892008419,"true",0,1,"far"
"9146-e",1,0,1,0,2,21,0,1459892020948,"true",0,1,"split"
"9146-e",0,0,0,1,0,22,0,1459892046762,"true",1,0,"split"
"9146-e",1,0,1,0,2,23,0,1459892054900,"true",0,1,"far"
"9146-e",1,0,2,0,2,46,1,1459892326393,"true",0,0,"close"
"9146-e",0,1,1,0,1,47,0,1459892342586,"true",0,1,"close"
"9146-e",0,0,1,1,0,44,0,1459892283151,"true",0,1,"close"
"9146-e",0,0,1,1,0,45,0,1459892309779,"true",0,1,"close"
"9146-e",0,0,0,1,0,28,0,1459892122989,"true",1,0,"split"
"9146-e",0,0,0,1,0,29,0,1459892132443,"true",1,0,"far"
"9146-e",0,1,1,0,1,40,0,1459892239228,"true",0,1,"split"
"9146-e",1,0,2,0,2,41,1,1459892253422,"true",0,0,"close"
"9146-e",0,1,1,0,1,1,0,1459891746032,"false",0,1,"close"
"9146-e",0,0,1,1,0,3,0,1459891778619,"true",0,1,"far"
"9146-e",0,0,2,1,0,2,1,1459891765477,"true",0,0,"far"
"9146-e",0,1,1,0,1,5,0,1459891808935,"true",0,1,"split"
"9146-e",0,1,0,0,1,4,0,1459891794571,"true",1,0,"split"
"9146-e",0,1,0,0,1,7,0,1459891824548,"true",1,0,"split"
"9146-e",0,1,0,0,1,6,0,1459891817110,"true",1,0,"far"
"9146-e",0,1,0,0,1,9,0,1459891869402,"false",1,0,"close"
"9146-e",0,0,0,1,0,8,0,1459891855144,"true",1,0,"close"
"9146-e",1,0,2,0,2,39,1,1459892225160,"true",0,0,"far"
"9146-e",0,0,2,1,0,38,1,1459892211164,"false",0,0,"split"
"9146-e",1,0,0,0,2,11,0,1459891905821,"true",1,0,"far"
"9146-e",1,0,2,0,2,10,1,1459891891298,"true",0,0,"close"
"9146-e",0,1,1,0,1,13,0,1459891925397,"false",0,1,"close"
"9146-e",0,0,0,1,0,12,0,1459891914389,"true",1,0,"split"
"9146-e",1,0,0,0,2,15,0,1459891960859,"false",1,0,"split"
"9146-e",0,0,1,1,0,14,0,1459891937407,"true",0,1,"split"
"9146-e",1,0,1,0,2,17,0,1459891987903,"true",0,1,"close"
"9146-e",1,0,0,0,2,16,0,1459891979491,"true",1,0,"split"
"9146-e",0,1,2,0,1,19,1,1459892001530,"true",0,0,"far"
"9146-e",0,0,2,1,0,18,1,1459891994139,"true",0,0,"far"
"9146-e",0,0,0,1,0,31,0,1459892148284,"false",1,0,"close"
"9146-e",0,0,0,1,0,30,0,1459892141631,"true",1,0,"close"
"9146-e",0,0,2,1,0,37,1,1459892202148,"true",0,0,"close"
"9146-e",0,0,1,1,0,36,0,1459892194845,"true",0,1,"far"
"9146-e",0,1,0,0,1,35,0,1459892187460,"true",1,0,"split"
"9146-e",0,1,1,0,1,34,0,1459892177414,"true",0,1,"split"
"9146-e",1,0,1,0,2,33,0,1459892168180,"true",0,1,"far"
"9146-e",0,0,2,1,0,32,1,1459892156532,"true",0,0,"split"
"9146-e",0,0,2,1,0,50,1,1459892391772,"true",0,0,"split"
