"gameid","sClicked_2","sClicked_1","lClickedIndex","sClicked_0","sClickedIndex","roundNum","lClicked_2","time","outcome","lClicked_0","lClicked_1","condition"
"9148-7",1,0,1,0,2,42,0,1476460680732,"true",0,1,"split"
"9148-7",1,0,1,0,2,48,0,1476460727049,"true",0,1,"far"
"9148-7",0,1,1,0,1,43,0,1476460687042,"true",0,1,"close"
"9148-7",1,0,1,0,2,49,0,1476460732721,"true",0,1,"far"
"9148-7",0,1,0,0,1,24,0,1476460410099,"true",1,0,"split"
"9148-7",0,1,1,0,1,25,0,1476460422438,"true",0,1,"close"
"9148-7",1,0,1,0,2,26,0,1476460468985,"true",0,1,"split"
"9148-7",1,0,2,0,2,27,1,1476460522237,"false",0,0,"close"
"9148-7",0,0,0,1,0,20,0,1476460365979,"true",1,0,"far"
"9148-7",1,0,2,0,2,21,1,1476460373349,"true",0,0,"split"
"9148-7",1,0,2,0,2,22,1,1476460384375,"true",0,0,"close"
"9148-7",1,0,0,0,2,23,0,1476460392015,"true",1,0,"far"
"9148-7",0,1,2,0,1,46,1,1476460709581,"true",0,0,"far"
"9148-7",0,1,0,0,1,47,0,1476460721586,"false",1,0,"close"
"9148-7",0,1,2,0,1,44,1,1476460694681,"true",0,0,"far"
"9148-7",0,1,1,0,1,45,0,1476460702337,"true",0,1,"far"
"9148-7",1,0,2,0,2,28,1,1476460529729,"true",0,0,"far"
"9148-7",1,0,2,0,2,29,1,1476460546982,"true",0,0,"far"
"9148-7",1,0,2,0,2,40,1,1476460665268,"true",0,0,"split"
"9148-7",0,0,0,1,0,41,0,1476460672326,"true",1,0,"far"
"9148-7",0,0,1,1,0,1,0,1476460091483,"true",0,1,"split"
"9148-7",0,0,2,1,0,3,1,1476460112395,"true",0,0,"split"
"9148-7",0,1,2,0,1,2,1,1476460099314,"true",0,0,"far"
"9148-7",0,0,2,1,0,5,1,1476460135364,"true",0,0,"close"
"9148-7",1,0,1,0,2,4,0,1476460119375,"true",0,1,"split"
"9148-7",0,1,1,0,1,7,0,1476460157018,"true",0,1,"split"
"9148-7",1,0,0,0,2,6,0,1476460144297,"true",1,0,"split"
"9148-7",1,0,1,0,2,9,0,1476460184392,"false",0,1,"close"
"9148-7",0,0,2,1,0,8,1,1476460164743,"false",0,0,"close"
"9148-7",0,1,0,0,1,39,0,1476460657236,"true",1,0,"close"
"9148-7",0,0,2,1,0,38,1,1476460636520,"true",0,0,"far"
"9148-7",0,0,0,1,0,11,0,1476460224470,"true",1,0,"split"
"9148-7",0,0,0,1,0,10,0,1476460193195,"true",1,0,"far"
"9148-7",0,0,2,1,0,13,1,1476460258499,"true",0,0,"far"
"9148-7",0,0,2,1,0,12,1,1476460246489,"true",0,0,"close"
"9148-7",0,1,2,0,1,15,1,1476460286010,"true",0,0,"split"
"9148-7",0,1,1,0,1,14,0,1476460267035,"true",0,1,"split"
"9148-7",1,0,0,0,2,17,0,1476460309001,"true",1,0,"close"
"9148-7",0,0,1,1,0,16,0,1476460293840,"true",0,1,"split"
"9148-7",0,0,0,1,0,19,0,1476460331791,"true",1,0,"split"
"9148-7",0,0,2,1,0,18,1,1476460315635,"true",0,0,"far"
"9148-7",0,1,1,0,1,31,0,1476460566960,"true",0,1,"close"
"9148-7",0,0,2,1,0,30,1,1476460553974,"true",0,0,"close"
"9148-7",1,0,2,0,2,37,1,1476460630323,"true",0,0,"close"
"9148-7",0,1,0,0,1,36,0,1476460618544,"true",1,0,"far"
"9148-7",1,0,2,0,2,35,1,1476460607745,"true",0,0,"far"
"9148-7",0,1,1,0,1,34,0,1476460600897,"true",0,1,"split"
"9148-7",0,1,2,0,1,33,1,1476460594634,"false",0,0,"close"
"9148-7",1,0,0,0,2,32,0,1476460585208,"true",1,0,"close"
"9148-7",0,1,2,0,1,50,1,1476460741796,"true",0,0,"split"
