"gameid","sClicked_2","sClicked_1","lClickedIndex","sClicked_0","sClickedIndex","roundNum","lClicked_2","time","outcome","lClicked_0","lClicked_1","condition"
"9149-3",0,1,2,0,1,42,1,1476992897303,"true",0,0,"close"
"9149-3",1,0,2,0,2,43,1,1476992923985,"true",0,0,"close"
"9149-3",0,0,2,1,0,49,1,1476993058490,"true",0,0,"close"
"9149-3",1,0,2,0,2,24,1,1476992552792,"true",0,0,"far"
"9149-3",1,0,1,0,2,25,0,1476992567592,"true",0,1,"split"
"9149-3",0,0,1,1,0,26,0,1476992611464,"true",0,1,"close"
"9149-3",1,0,2,0,2,27,1,1476992628313,"true",0,0,"far"
"9149-3",0,1,1,0,1,20,0,1476992497168,"true",0,1,"close"
"9149-3",0,0,0,1,0,21,0,1476992512904,"true",1,0,"split"
"9149-3",0,1,0,0,1,22,0,1476992524314,"true",1,0,"far"
"9149-3",1,0,1,0,2,23,0,1476992538441,"true",0,1,"close"
"9149-3",0,0,0,1,0,46,0,1476992977388,"true",1,0,"far"
"9149-3",0,0,2,1,0,47,1,1476992991709,"false",0,0,"split"
"9149-3",1,0,0,0,2,44,0,1476992947486,"true",1,0,"close"
"9149-3",0,1,2,0,1,45,1,1476992960538,"true",0,0,"split"
"9149-3",1,0,0,0,2,28,0,1476992656106,"true",1,0,"far"
"9149-3",1,0,2,0,2,29,1,1476992669209,"true",0,0,"split"
"9149-3",0,0,0,1,0,40,0,1476992867969,"true",1,0,"far"
"9149-3",1,0,1,0,2,41,0,1476992883458,"true",0,1,"close"
"9149-3",1,0,0,0,2,1,0,1476992043739,"true",1,0,"far"
"9149-3",1,0,1,0,2,2,0,1476992057950,"true",0,1,"far"
"9149-3",0,0,1,1,0,5,0,1476992136784,"true",0,1,"close"
"9149-3",1,0,0,0,2,4,0,1476992119950,"true",1,0,"far"
"9149-3",0,0,0,1,0,7,0,1476992166823,"true",1,0,"far"
"9149-3",0,1,1,0,1,6,0,1476992153567,"true",0,1,"split"
"9149-3",0,1,2,0,1,9,1,1476992203406,"true",0,0,"split"
"9149-3",0,1,2,0,1,8,1,1476992187567,"true",0,0,"far"
"9149-3",0,1,1,0,1,39,0,1476992858450,"true",0,1,"far"
"9149-3",0,0,2,1,0,38,1,1476992849395,"true",0,0,"close"
"9149-3",1,0,2,0,2,11,1,1476992229701,"true",0,0,"far"
"9149-3",0,0,1,1,0,10,0,1476992218729,"true",0,1,"split"
"9149-3",0,0,2,1,0,13,1,1476992315263,"true",0,0,"split"
"9149-3",0,0,1,1,0,12,0,1476992306238,"true",0,1,"close"
"9149-3",0,0,0,1,0,15,0,1476992377248,"true",1,0,"split"
"9149-3",0,1,1,0,1,14,0,1476992351024,"true",0,1,"split"
"9149-3",1,0,2,0,2,17,1,1476992415464,"true",0,0,"split"
"9149-3",0,1,0,0,1,16,0,1476992394809,"true",1,0,"split"
"9149-3",1,0,0,0,2,19,0,1476992473305,"true",1,0,"close"
"9149-3",0,0,2,1,0,32,1,1476992754386,"true",0,0,"split"
"9149-3",0,1,2,0,1,31,1,1476992703962,"true",0,0,"close"
"9149-3",0,1,0,0,1,30,0,1476992689192,"true",1,0,"split"
"9149-3",0,0,1,1,0,37,0,1476992815018,"true",0,1,"far"
"9149-3",0,0,1,1,0,36,0,1476992807658,"true",0,1,"close"
"9149-3",0,1,1,0,1,35,0,1476992799307,"true",0,1,"far"
"9149-3",0,0,0,1,0,34,0,1476992791657,"true",1,0,"far"
"9149-3",1,0,2,0,2,33,1,1476992782857,"true",0,0,"close"
"9149-3",1,0,2,0,2,48,1,1476993029738,"false",0,0,"close"
"9149-3",1,0,2,0,2,50,1,1476993074947,"true",0,0,"split"
