"gameid","sClicked_2","sClicked_1","lClickedIndex","sClicked_0","sClickedIndex","roundNum","lClicked_2","time","outcome","lClicked_0","lClicked_1","condition"
"9165-1",0,1,1,0,1,42,0,1476474144007,"true",0,1,"split"
"9165-1",1,0,1,0,2,48,0,1476474202409,"true",0,1,"split"
"9165-1",0,1,2,0,1,43,1,1476474152807,"true",0,0,"far"
"9165-1",0,1,2,0,1,49,1,1476474230261,"true",0,0,"close"
"9165-1",0,1,0,0,1,24,0,1476473839299,"true",1,0,"close"
"9165-1",0,1,2,0,1,25,1,1476473847403,"true",0,0,"split"
"9165-1",0,1,0,0,1,26,0,1476473855898,"true",1,0,"far"
"9165-1",0,1,1,0,1,27,0,1476473869441,"true",0,1,"split"
"9165-1",0,0,0,1,0,20,0,1476473744428,"true",1,0,"split"
"9165-1",0,1,0,0,1,21,0,1476473765283,"true",1,0,"split"
"9165-1",0,1,1,0,1,22,0,1476473775492,"true",0,1,"close"
"9165-1",0,0,1,1,0,23,0,1476473791406,"true",0,1,"split"
"9165-1",1,0,0,0,2,46,0,1476474183654,"true",1,0,"far"
"9165-1",0,1,0,0,1,47,0,1476474191543,"true",1,0,"far"
"9165-1",0,0,2,1,0,44,1,1476474162012,"true",0,0,"far"
"9165-1",0,1,1,0,1,45,0,1476474170696,"true",0,1,"far"
"9165-1",0,1,0,0,1,28,0,1476473884707,"true",1,0,"far"
"9165-1",0,1,0,0,1,29,0,1476473899090,"true",1,0,"far"
"9165-1",0,0,1,1,0,40,0,1476474072312,"true",0,1,"split"
"9165-1",0,0,2,1,0,41,1,1476474118880,"true",0,0,"close"
"9165-1",1,0,0,0,2,1,0,1476473214778,"true",1,0,"split"
"9165-1",1,0,0,0,2,3,0,1476473256299,"true",1,0,"split"
"9165-1",1,0,1,0,2,2,0,1476473223426,"true",0,1,"far"
"9165-1",1,0,1,0,2,5,0,1476473309369,"true",0,1,"split"
"9165-1",1,0,0,0,2,4,0,1476473292138,"false",1,0,"close"
"9165-1",0,1,1,0,1,7,0,1476473363658,"true",0,1,"close"
"9165-1",1,0,2,0,2,6,1,1476473352987,"true",0,0,"close"
"9165-1",0,0,0,1,0,8,0,1476473378610,"true",1,0,"close"
"9165-1",1,0,1,0,2,39,0,1476474064463,"true",0,1,"split"
"9165-1",0,1,0,0,1,38,0,1476474053651,"true",1,0,"far"
"9165-1",0,0,0,1,0,11,0,1476473519135,"true",1,0,"far"
"9165-1",0,0,0,1,0,13,0,1476473578656,"true",1,0,"split"
"9165-1",1,0,2,0,2,12,1,1476473552654,"true",0,0,"far"
"9165-1",0,0,2,1,0,15,1,1476473604023,"true",0,0,"far"
"9165-1",0,1,2,0,1,14,1,1476473594069,"true",0,0,"far"
"9165-1",1,0,0,0,2,17,0,1476473677976,"true",1,0,"split"
"9165-1",1,0,1,0,2,16,0,1476473640255,"true",0,1,"close"
"9165-1",0,1,1,0,1,19,0,1476473728164,"true",0,1,"far"
"9165-1",0,0,0,1,0,18,0,1476473703724,"true",1,0,"close"
"9165-1",1,0,1,0,2,31,0,1476473948475,"true",0,1,"close"
"9165-1",1,0,0,0,2,30,0,1476473929517,"true",1,0,"close"
"9165-1",1,0,2,0,2,37,1,1476474043240,"true",0,0,"close"
"9165-1",0,1,1,0,1,36,0,1476474034167,"true",0,1,"far"
"9165-1",1,0,2,0,2,35,1,1476474025160,"true",0,0,"split"
"9165-1",0,1,0,0,1,34,0,1476474006865,"true",1,0,"far"
"9165-1",0,0,1,1,0,33,0,1476473996585,"true",0,1,"close"
"9165-1",0,1,1,0,1,32,0,1476473966113,"true",0,1,"split"
"9165-1",0,1,1,0,1,50,0,1476474275757,"true",0,1,"close"
