"gameid","sClicked_2","sClicked_1","lClickedIndex","sClicked_0","sClickedIndex","roundNum","lClicked_2","time","outcome","lClicked_0","lClicked_1","condition"
"9175-b",1,0,2,0,2,42,1,1476995105895,"true",0,0,"close"
"9175-b",0,0,0,1,0,48,0,1476995248140,"true",1,0,"split"
"9175-b",1,0,1,0,2,43,0,1476995143032,"true",0,1,"close"
"9175-b",1,0,0,0,2,49,0,1476995254807,"false",1,0,"split"
"9175-b",0,1,2,0,1,24,1,1476994842005,"true",0,0,"split"
"9175-b",1,0,1,0,2,25,0,1476994854320,"true",0,1,"far"
"9175-b",0,1,0,0,1,26,0,1476994863237,"true",1,0,"far"
"9175-b",1,0,0,0,2,27,0,1476994871760,"true",1,0,"far"
"9175-b",0,1,1,0,1,20,0,1476994770302,"true",0,1,"close"
"9175-b",0,1,2,0,1,21,1,1476994797112,"true",0,0,"close"
"9175-b",0,1,2,0,1,22,1,1476994820681,"true",0,0,"close"
"9175-b",0,0,0,1,0,23,0,1476994831199,"true",1,0,"far"
"9175-b",1,0,1,0,2,46,0,1476995222083,"true",0,1,"split"
"9175-b",1,0,1,0,2,47,0,1476995237640,"true",0,1,"far"
"9175-b",0,1,0,0,1,44,0,1476995182116,"true",1,0,"split"
"9175-b",1,0,1,0,2,45,0,1476995201272,"false",0,1,"split"
"9175-b",0,0,1,1,0,28,0,1476994884378,"false",0,1,"split"
"9175-b",0,0,1,1,0,29,0,1476994892424,"true",0,1,"far"
"9175-b",0,0,2,1,0,40,1,1476995080547,"true",0,0,"close"
"9175-b",0,1,0,0,1,41,0,1476995089006,"true",1,0,"far"
"9175-b",0,0,0,1,0,1,0,1476994428669,"true",1,0,"close"
"9175-b",0,0,1,1,0,3,0,1476994461472,"true",0,1,"close"
"9175-b",0,1,1,0,1,2,0,1476994451702,"true",0,1,"close"
"9175-b",1,0,2,0,2,5,1,1476994484685,"true",0,0,"split"
"9175-b",0,1,2,0,1,4,1,1476994469448,"true",0,0,"close"
"9175-b",1,0,0,0,2,7,0,1476994512533,"true",1,0,"split"
"9175-b",1,0,2,0,2,6,1,1476994503553,"true",0,0,"split"
"9175-b",0,0,1,1,0,9,0,1476994550494,"true",0,1,"split"
"9175-b",0,1,2,0,1,8,1,1476994522384,"true",0,0,"far"
"9175-b",0,1,0,0,1,39,0,1476995058988,"true",1,0,"far"
"9175-b",0,0,1,1,0,38,0,1476995049969,"true",0,1,"far"
"9175-b",1,0,0,0,2,11,0,1476994582926,"true",1,0,"far"
"9175-b",1,0,1,0,2,10,0,1476994574751,"true",0,1,"close"
"9175-b",0,0,1,1,0,13,0,1476994612583,"true",0,1,"far"
"9175-b",0,0,2,1,0,12,1,1476994598351,"true",0,0,"close"
"9175-b",1,0,2,0,2,15,1,1476994646712,"true",0,0,"far"
"9175-b",0,0,1,1,0,14,0,1476994623445,"true",0,1,"close"
"9175-b",0,0,0,1,0,17,0,1476994705534,"true",1,0,"close"
"9175-b",0,0,1,1,0,16,0,1476994676075,"false",0,1,"split"
"9175-b",0,1,0,0,1,19,0,1476994735142,"false",1,0,"close"
"9175-b",0,0,0,1,0,18,0,1476994716289,"true",1,0,"far"
"9175-b",0,1,2,0,1,31,1,1476994933718,"true",0,0,"split"
"9175-b",1,0,2,0,2,30,1,1476994912979,"true",0,0,"split"
"9175-b",0,0,2,1,0,37,1,1476995042193,"true",0,0,"far"
"9175-b",1,0,1,0,2,36,0,1476995031170,"false",0,1,"close"
"9175-b",0,0,1,1,0,35,0,1476994999597,"true",0,1,"split"
"9175-b",0,1,1,0,1,34,0,1476994973870,"true",0,1,"split"
"9175-b",0,0,2,1,0,33,1,1476994956998,"true",0,0,"close"
"9175-b",0,1,2,0,1,32,1,1476994942700,"true",0,0,"far"
"9175-b",0,1,0,0,1,50,0,1476995266767,"true",1,0,"split"
