"gameid","sClicked_2","sClicked_1","lClickedIndex","sClicked_0","sClickedIndex","roundNum","lClicked_2","time","outcome","lClicked_0","lClicked_1","condition"
"9191-c",0,0,2,1,0,42,1,1476473901018,"true",0,0,"far"
"9191-c",0,1,0,0,1,48,0,1476473987372,"true",1,0,"split"
"9191-c",0,0,1,1,0,43,0,1476473917779,"true",0,1,"far"
"9191-c",1,0,0,0,2,49,0,1476474016939,"false",1,0,"split"
"9191-c",1,0,1,0,2,24,0,1476473658230,"true",0,1,"far"
"9191-c",1,0,2,0,2,25,1,1476473666165,"true",0,0,"close"
"9191-c",0,0,0,1,0,26,0,1476473673677,"true",1,0,"far"
"9191-c",0,0,2,1,0,27,1,1476473685720,"true",0,0,"far"
"9191-c",0,1,1,0,1,20,0,1476473588392,"true",0,1,"close"
"9191-c",0,1,2,0,1,21,1,1476473605579,"true",0,0,"split"
"9191-c",0,1,0,0,1,22,0,1476473642219,"true",1,0,"close"
"9191-c",0,0,1,1,0,23,0,1476473651686,"true",0,1,"close"
"9191-c",0,1,1,0,1,46,0,1476473967379,"false",0,1,"close"
"9191-c",0,1,0,0,1,47,0,1476473978497,"true",1,0,"close"
"9191-c",0,1,1,0,1,44,0,1476473925368,"true",0,1,"far"
"9191-c",1,0,1,0,2,45,0,1476473943660,"true",0,1,"close"
"9191-c",1,0,2,0,2,28,1,1476473701134,"false",0,0,"close"
"9191-c",0,1,0,0,1,29,0,1476473716414,"true",1,0,"split"
"9191-c",0,1,1,0,1,40,0,1476473887019,"true",0,1,"far"
"9191-c",1,0,0,0,2,41,0,1476473894657,"true",1,0,"far"
"9191-c",1,0,1,0,2,1,0,1476473318820,"true",0,1,"far"
"9191-c",1,0,2,0,2,3,1,1476473349305,"true",0,0,"split"
"9191-c",1,0,0,0,2,2,0,1476473333914,"false",1,0,"close"
"9191-c",0,0,0,1,0,5,0,1476473372623,"true",1,0,"split"
"9191-c",1,0,0,0,2,4,0,1476473365177,"true",1,0,"split"
"9191-c",0,0,0,1,0,7,0,1476473388062,"true",1,0,"far"
"9191-c",0,0,0,1,0,6,0,1476473379420,"true",1,0,"far"
"9191-c",0,1,1,0,1,9,0,1476473411296,"true",0,1,"close"
"9191-c",1,0,0,0,2,8,0,1476473401052,"true",1,0,"split"
"9191-c",0,0,2,1,0,39,1,1476473878251,"true",0,0,"far"
"9191-c",0,1,2,0,1,38,1,1476473867518,"true",0,0,"far"
"9191-c",0,0,2,1,0,11,1,1476473448904,"true",0,0,"split"
"9191-c",0,0,2,1,0,10,1,1476473431931,"true",0,0,"split"
"9191-c",0,1,1,0,1,13,0,1476473473235,"true",0,1,"split"
"9191-c",1,0,2,0,2,12,1,1476473457930,"true",0,0,"far"
"9191-c",0,1,2,0,1,15,1,1476473501764,"true",0,0,"close"
"9191-c",1,0,0,0,2,14,0,1476473493017,"true",1,0,"split"
"9191-c",1,0,1,0,2,17,0,1476473528860,"true",0,1,"far"
"9191-c",1,0,0,0,2,16,0,1476473521784,"true",1,0,"close"
"9191-c",0,0,1,1,0,19,0,1476473553536,"true",0,1,"close"
"9191-c",0,1,2,0,1,18,1,1476473539714,"true",0,0,"close"
"9191-c",0,1,2,0,1,31,1,1476473755561,"false",0,0,"split"
"9191-c",1,0,1,0,2,30,0,1476473726682,"true",0,1,"far"
"9191-c",1,0,1,0,2,37,0,1476473859534,"true",0,1,"split"
"9191-c",0,0,2,1,0,36,1,1476473851053,"true",0,0,"close"
"9191-c",0,0,1,1,0,35,0,1476473841634,"true",0,1,"close"
"9191-c",0,1,0,0,1,34,0,1476473823971,"true",1,0,"split"
"9191-c",0,1,1,0,1,33,0,1476473806348,"true",0,1,"close"
"9191-c",0,1,2,0,1,32,1,1476473764728,"true",0,0,"split"
"9191-c",1,0,1,0,2,50,0,1476474032143,"true",0,1,"far"
