"gameid","sClicked_2","sClicked_1","lClickedIndex","sClicked_0","sClickedIndex","roundNum","lClicked_2","time","outcome","lClicked_0","lClicked_1","condition"
"9199-7",1,0,1,0,2,42,0,1476470498522,"true",0,1,"far"
"9199-7",0,1,0,0,1,48,0,1476470550989,"true",1,0,"far"
"9199-7",0,1,2,0,1,43,1,1476470506006,"true",0,0,"split"
"9199-7",1,0,2,0,2,49,1,1476470570074,"false",0,0,"split"
"9199-7",1,0,1,0,2,24,0,1476470281562,"true",0,1,"far"
"9199-7",1,0,0,0,2,25,0,1476470290547,"true",1,0,"split"
"9199-7",0,1,0,0,1,26,0,1476470310881,"true",1,0,"close"
"9199-7",0,1,2,0,1,27,1,1476470322972,"true",0,0,"split"
"9199-7",0,0,2,1,0,20,1,1476470207380,"true",0,0,"far"
"9199-7",0,1,2,0,1,21,1,1476470225063,"true",0,0,"close"
"9199-7",1,0,0,0,2,22,0,1476470250623,"true",1,0,"close"
"9199-7",1,0,1,0,2,23,0,1476470264793,"true",0,1,"far"
"9199-7",0,0,2,1,0,46,1,1476470534180,"true",0,0,"split"
"9199-7",0,0,0,1,0,47,0,1476470541681,"true",1,0,"far"
"9199-7",1,0,1,0,2,44,0,1476470514172,"true",0,1,"split"
"9199-7",0,0,2,1,0,45,1,1476470523101,"true",0,0,"split"
"9199-7",1,0,2,0,2,28,1,1476470341297,"true",0,0,"close"
"9199-7",0,1,1,0,1,29,0,1476470350055,"true",0,1,"split"
"9199-7",1,0,2,0,2,40,1,1476470484107,"true",0,0,"split"
"9199-7",1,0,1,0,2,41,0,1476470491353,"true",0,1,"far"
"9199-7",0,1,1,0,1,1,0,1476469983215,"true",0,1,"split"
"9199-7",0,0,1,1,0,3,0,1476469999134,"true",0,1,"far"
"9199-7",1,0,2,0,2,2,1,1476469991102,"true",0,0,"far"
"9199-7",0,1,2,0,1,5,1,1476470028242,"true",0,0,"far"
"9199-7",0,0,2,1,0,4,1,1476470017242,"false",0,0,"close"
"9199-7",0,1,2,0,1,7,1,1476470069716,"true",0,0,"close"
"9199-7",0,0,2,1,0,6,1,1476470049264,"true",0,0,"close"
"9199-7",0,1,0,0,1,9,0,1476470089235,"true",1,0,"far"
"9199-7",0,0,0,1,0,8,0,1476470077194,"true",1,0,"split"
"9199-7",0,0,2,1,0,39,1,1476470471453,"true",0,0,"split"
"9199-7",0,1,1,0,1,38,0,1476470451811,"true",0,1,"close"
"9199-7",1,0,2,0,2,11,1,1476470118562,"true",0,0,"close"
"9199-7",1,0,1,0,2,10,0,1476470103869,"true",0,1,"close"
"9199-7",1,0,1,0,2,13,0,1476470135915,"true",0,1,"far"
"9199-7",0,1,1,0,1,12,0,1476470128522,"true",0,1,"close"
"9199-7",1,0,0,0,2,15,0,1476470153741,"true",1,0,"split"
"9199-7",1,0,0,0,2,14,0,1476470144847,"true",1,0,"split"
"9199-7",0,0,1,1,0,17,0,1476470173452,"true",0,1,"close"
"9199-7",1,0,2,0,2,16,1,1476470161142,"true",0,0,"split"
"9199-7",0,1,2,0,1,19,1,1476470191932,"true",0,0,"close"
"9199-7",0,0,1,1,0,18,0,1476470180562,"true",0,1,"far"
"9199-7",0,1,0,0,1,31,0,1476470377080,"true",1,0,"close"
"9199-7",0,1,1,0,1,30,0,1476470361453,"true",0,1,"split"
"9199-7",0,0,1,1,0,37,0,1476470443613,"true",0,1,"far"
"9199-7",0,1,0,0,1,36,0,1476470436563,"true",1,0,"close"
"9199-7",0,1,1,0,1,35,0,1476470419551,"true",0,1,"far"
"9199-7",1,0,1,0,2,34,0,1476470411917,"true",0,1,"far"
"9199-7",1,0,2,0,2,33,1,1476470402330,"true",0,0,"far"
"9199-7",0,1,2,0,1,32,1,1476470391346,"true",0,0,"close"
"9199-7",0,0,0,1,0,50,0,1476470595750,"true",1,0,"split"
