"gameid","sClicked_2","sClicked_1","lClickedIndex","sClicked_0","sClickedIndex","roundNum","lClicked_2","time","outcome","lClicked_0","lClicked_1","condition"
"9202-f",0,1,2,0,1,42,1,1476489987853,"true",0,0,"close"
"9202-f",0,1,1,0,1,48,0,1476490086632,"true",0,1,"far"
"9202-f",0,1,1,0,1,43,0,1476490018783,"false",0,1,"close"
"9202-f",0,1,2,0,1,49,1,1476490117223,"true",0,0,"close"
"9202-f",0,0,2,1,0,24,1,1476489742884,"false",0,0,"close"
"9202-f",0,0,2,1,0,25,1,1476489752915,"true",0,0,"split"
"9202-f",1,0,0,0,2,26,0,1476489762474,"true",1,0,"far"
"9202-f",1,0,0,0,2,27,0,1476489778728,"true",1,0,"far"
"9202-f",0,1,2,0,1,20,1,1476489661646,"true",0,0,"split"
"9202-f",0,1,0,0,1,21,0,1476489669776,"true",1,0,"split"
"9202-f",0,0,1,1,0,22,0,1476489698857,"true",0,1,"close"
"9202-f",0,0,1,1,0,23,0,1476489714342,"true",0,1,"split"
"9202-f",0,1,2,0,1,46,1,1476490050134,"true",0,0,"split"
"9202-f",0,1,2,0,1,47,1,1476490077756,"true",0,0,"close"
"9202-f",1,0,0,0,2,44,0,1476490029694,"true",1,0,"far"
"9202-f",1,0,2,0,2,45,1,1476490040865,"true",0,0,"split"
"9202-f",1,0,0,0,2,28,0,1476489792314,"true",1,0,"far"
"9202-f",1,0,0,0,2,29,0,1476489802906,"true",1,0,"split"
"9202-f",0,1,1,0,1,40,0,1476489957090,"true",0,1,"far"
"9202-f",0,0,2,1,0,41,1,1476489972014,"false",0,0,"close"
"9202-f",1,0,0,0,2,1,0,1476489347256,"true",1,0,"far"
"9202-f",0,1,1,0,1,3,0,1476489377262,"true",0,1,"far"
"9202-f",0,0,2,1,0,2,1,1476489359780,"true",0,0,"split"
"9202-f",0,0,2,1,0,5,1,1476489399241,"true",0,0,"far"
"9202-f",0,1,2,0,1,4,1,1476489389247,"true",0,0,"far"
"9202-f",1,0,2,0,2,7,1,1476489432757,"true",0,0,"close"
"9202-f",0,1,1,0,1,6,0,1476489407452,"true",0,1,"far"
"9202-f",0,0,2,1,0,9,1,1476489464764,"false",0,0,"close"
"9202-f",1,0,2,0,2,8,1,1476489443826,"true",0,0,"far"
"9202-f",1,0,2,0,2,39,1,1476489944263,"true",0,0,"split"
"9202-f",1,0,2,0,2,38,1,1476489931164,"true",0,0,"split"
"9202-f",0,0,1,1,0,11,0,1476489506676,"true",0,1,"close"
"9202-f",0,0,1,1,0,10,0,1476489483186,"true",0,1,"split"
"9202-f",0,0,0,1,0,13,0,1476489555324,"true",1,0,"far"
"9202-f",0,0,1,1,0,12,0,1476489531657,"false",0,1,"close"
"9202-f",0,1,0,0,1,15,0,1476489581849,"true",1,0,"far"
"9202-f",0,0,0,1,0,14,0,1476489565256,"true",1,0,"split"
"9202-f",0,1,1,0,1,17,0,1476489621606,"true",0,1,"split"
"9202-f",0,1,0,0,1,16,0,1476489602095,"true",1,0,"split"
"9202-f",0,0,2,1,0,19,1,1476489652994,"true",0,0,"split"
"9202-f",0,1,2,0,1,18,1,1476489642825,"false",0,0,"close"
"9202-f",1,0,0,0,2,31,0,1476489824804,"true",1,0,"split"
"9202-f",1,0,1,0,2,30,0,1476489811427,"true",0,1,"far"
"9202-f",0,1,0,0,1,37,0,1476489917783,"true",1,0,"far"
"9202-f",0,0,0,1,0,36,0,1476489904933,"true",1,0,"close"
"9202-f",0,1,1,0,1,35,0,1476489886432,"true",0,1,"close"
"9202-f",0,0,0,1,0,34,0,1476489874234,"true",1,0,"close"
"9202-f",0,1,0,0,1,33,0,1476489855034,"true",1,0,"close"
"9202-f",0,1,1,0,1,32,0,1476489838505,"true",0,1,"split"
"9202-f",0,1,1,0,1,50,0,1476490129803,"true",0,1,"far"
