"gameid","sClicked_2","sClicked_1","lClickedIndex","sClicked_0","sClickedIndex","roundNum","lClicked_2","time","outcome","lClicked_0","lClicked_1","condition"
"9224-2",0,0,2,1,0,42,1,1476479130446,"true",0,0,"split"
"9224-2",0,1,0,0,1,48,0,1476479215582,"true",1,0,"split"
"9224-2",1,0,2,0,2,43,1,1476479159462,"true",0,0,"close"
"9224-2",0,1,2,0,1,49,1,1476479226375,"true",0,0,"far"
"9224-2",0,0,1,1,0,24,0,1476478839737,"false",0,1,"split"
"9224-2",0,0,0,1,0,25,0,1476478859761,"true",1,0,"far"
"9224-2",1,0,1,0,2,26,0,1476478869593,"true",0,1,"far"
"9224-2",0,1,2,0,1,27,1,1476478881761,"true",0,0,"far"
"9224-2",1,0,0,0,2,20,0,1476478777048,"true",1,0,"far"
"9224-2",0,1,2,0,1,21,1,1476478787321,"true",0,0,"close"
"9224-2",0,0,1,1,0,22,0,1476478800192,"true",0,1,"close"
"9224-2",0,0,2,1,0,23,1,1476478813849,"true",0,0,"far"
"9224-2",1,0,1,0,2,46,0,1476479195894,"true",0,1,"split"
"9224-2",0,0,1,1,0,47,0,1476479204214,"true",0,1,"far"
"9224-2",0,0,1,1,0,44,0,1476479171022,"true",0,1,"close"
"9224-2",0,0,0,1,0,45,0,1476479184670,"true",1,0,"split"
"9224-2",1,0,2,0,2,28,1,1476478903610,"true",0,0,"close"
"9224-2",0,1,0,0,1,29,0,1476478917019,"true",1,0,"far"
"9224-2",0,1,0,0,1,40,0,1476479107837,"true",1,0,"far"
"9224-2",0,1,1,0,1,41,0,1476479118039,"true",0,1,"close"
"9224-2",0,0,0,1,0,1,0,1476478462724,"true",1,0,"close"
"9224-2",0,1,1,0,1,3,0,1476478495340,"true",0,1,"split"
"9224-2",1,0,2,0,2,2,1,1476478470260,"true",0,0,"far"
"9224-2",1,0,0,0,2,5,0,1476478512868,"false",1,0,"split"
"9224-2",1,0,0,0,2,4,0,1476478504364,"true",1,0,"far"
"9224-2",0,1,1,0,1,7,0,1476478573813,"false",0,1,"split"
"9224-2",1,0,1,0,2,6,0,1476478523924,"true",0,1,"split"
"9224-2",0,1,2,0,1,9,1,1476478619141,"true",0,0,"far"
"9224-2",0,0,2,1,0,8,1,1476478603805,"true",0,0,"close"
"9224-2",1,0,1,0,2,39,0,1476479094373,"true",0,1,"split"
"9224-2",0,0,2,1,0,38,1,1476479080261,"false",0,0,"split"
"9224-2",0,1,2,0,1,11,1,1476478639086,"true",0,0,"far"
"9224-2",0,1,1,0,1,10,0,1476478631990,"true",0,1,"close"
"9224-2",1,0,1,0,2,13,0,1476478666150,"true",0,1,"far"
"9224-2",0,0,0,1,0,12,0,1476478657886,"true",1,0,"close"
"9224-2",1,0,2,0,2,15,1,1476478705079,"true",0,0,"split"
"9224-2",1,0,1,0,2,14,0,1476478682238,"true",0,1,"close"
"9224-2",1,0,2,0,2,17,1,1476478743807,"true",0,0,"close"
"9224-2",0,1,2,0,1,16,1,1476478725927,"true",0,0,"close"
"9224-2",1,0,1,0,2,19,0,1476478769343,"true",0,1,"far"
"9224-2",0,0,2,1,0,18,1,1476478762058,"true",0,0,"split"
"9224-2",1,0,0,0,2,31,0,1476478937347,"true",1,0,"split"
"9224-2",0,0,2,1,0,30,1,1476478926610,"true",0,0,"split"
"9224-2",0,1,1,0,1,37,0,1476479060900,"true",0,1,"far"
"9224-2",0,1,1,0,1,36,0,1476479052005,"true",0,1,"far"
"9224-2",0,1,1,0,1,35,0,1476479041356,"true",0,1,"close"
"9224-2",0,1,2,0,1,34,1,1476479007299,"true",0,0,"split"
"9224-2",0,1,1,0,1,33,0,1476478976795,"true",0,1,"close"
"9224-2",0,1,1,0,1,32,0,1476478945627,"true",0,1,"close"
"9224-2",1,0,0,0,2,50,0,1476479248735,"true",1,0,"split"
