"gameid","sClicked_2","sClicked_1","lClickedIndex","sClicked_0","sClickedIndex","roundNum","lClicked_2","time","outcome","lClicked_0","lClicked_1","condition"
"9245-3",1,0,1,0,2,42,0,1476486004371,"true",0,1,"close"
"9245-3",0,0,2,1,0,48,1,1476486062075,"true",0,0,"split"
"9245-3",1,0,2,0,2,43,1,1476486015065,"true",0,0,"close"
"9245-3",1,0,2,0,2,49,1,1476486070285,"false",0,0,"split"
"9245-3",1,0,2,0,2,24,1,1476485801055,"true",0,0,"far"
"9245-3",0,1,2,0,1,25,1,1476485807575,"true",0,0,"far"
"9245-3",1,0,2,0,2,26,1,1476485826488,"false",0,0,"close"
"9245-3",1,0,2,0,2,27,1,1476485836176,"true",0,0,"close"
"9245-3",0,1,1,0,1,20,0,1476485764250,"true",0,1,"split"
"9245-3",1,0,1,0,2,21,0,1476485776236,"true",0,1,"far"
"9245-3",1,0,0,0,2,22,0,1476485783071,"true",1,0,"far"
"9245-3",0,0,2,1,0,23,1,1476485789764,"true",0,0,"split"
"9245-3",0,1,0,0,1,46,0,1476486039849,"true",1,0,"far"
"9245-3",0,0,1,1,0,47,0,1476486052030,"false",0,1,"close"
"9245-3",0,1,2,0,1,44,1,1476486021730,"true",0,0,"far"
"9245-3",0,1,0,0,1,45,0,1476486033380,"true",1,0,"far"
"9245-3",1,0,0,0,2,28,0,1476485842904,"true",1,0,"close"
"9245-3",0,0,2,1,0,29,1,1476485854957,"true",0,0,"close"
"9245-3",1,0,1,0,2,40,0,1476485986672,"false",0,1,"close"
"9245-3",1,0,0,0,2,41,0,1476485994141,"true",1,0,"split"
"9245-3",0,1,1,0,1,1,0,1476485524877,"false",0,1,"close"
"9245-3",0,1,2,0,1,3,1,1476485545690,"false",0,0,"far"
"9245-3",1,0,0,0,2,2,0,1476485535418,"true",1,0,"far"
"9245-3",0,1,0,0,1,5,0,1476485573716,"true",1,0,"split"
"9245-3",0,1,1,0,1,4,0,1476485561636,"true",0,1,"close"
"9245-3",0,1,1,0,1,7,0,1476485612750,"true",0,1,"far"
"9245-3",1,0,2,0,2,6,1,1476485600802,"true",0,0,"far"
"9245-3",0,1,0,0,1,9,0,1476485628768,"false",1,0,"split"
"9245-3",0,1,2,0,1,8,1,1476485621075,"true",0,0,"far"
"9245-3",1,0,0,0,2,39,0,1476485976254,"true",1,0,"split"
"9245-3",1,0,2,0,2,38,1,1476485961548,"true",0,0,"close"
"9245-3",1,0,0,0,2,11,0,1476485655808,"true",1,0,"far"
"9245-3",0,1,0,0,1,10,0,1476485646811,"false",1,0,"close"
"9245-3",0,0,1,1,0,13,0,1476485686495,"true",0,1,"split"
"9245-3",0,1,2,0,1,12,1,1476485677961,"false",0,0,"split"
"9245-3",0,0,1,1,0,15,0,1476485710196,"true",0,1,"far"
"9245-3",1,0,1,0,2,14,0,1476485696516,"true",0,1,"split"
"9245-3",0,1,0,0,1,17,0,1476485730401,"false",1,0,"close"
"9245-3",1,0,2,0,2,16,1,1476485722749,"true",0,0,"split"
"9245-3",0,1,1,0,1,19,0,1476485752090,"true",0,1,"far"
"9245-3",0,0,1,1,0,18,0,1476485743011,"true",0,1,"close"
"9245-3",0,0,1,1,0,31,0,1476485876110,"false",0,1,"close"
"9245-3",0,1,0,0,1,30,0,1476485865001,"false",1,0,"close"
"9245-3",1,0,1,0,2,37,0,1476485942940,"false",0,1,"split"
"9245-3",0,1,2,0,1,36,1,1476485931016,"true",0,0,"far"
"9245-3",0,1,0,0,1,35,0,1476485920511,"false",1,0,"split"
"9245-3",1,0,2,0,2,34,1,1476485904260,"true",0,0,"close"
"9245-3",1,0,0,0,2,33,0,1476485895275,"true",1,0,"far"
"9245-3",0,1,1,0,1,32,0,1476485887432,"true",0,1,"split"
"9245-3",1,0,1,0,2,50,0,1476486078554,"false",0,1,"split"
