"gameid","sClicked_2","sClicked_1","lClickedIndex","sClicked_0","sClickedIndex","roundNum","lClicked_2","time","outcome","lClicked_0","lClicked_1","condition"
"9258-7",1,0,2,0,2,42,1,1477003049464,"true",0,0,"close"
"9258-7",0,1,2,0,1,48,1,1477003129555,"true",0,0,"split"
"9258-7",1,0,2,0,2,43,1,1477003066134,"true",0,0,"far"
"9258-7",0,0,0,1,0,49,0,1477003136602,"true",1,0,"far"
"9258-7",1,0,1,0,2,24,0,1477002817612,"true",0,1,"far"
"9258-7",1,0,2,0,2,25,1,1477002828313,"true",0,0,"split"
"9258-7",0,0,2,1,0,26,1,1477002835089,"true",0,0,"far"
"9258-7",0,0,1,1,0,27,0,1477002843723,"true",0,1,"split"
"9258-7",1,0,2,0,2,20,1,1477002777427,"true",0,0,"close"
"9258-7",0,1,0,0,1,21,0,1477002785575,"true",1,0,"far"
"9258-7",1,0,2,0,2,22,1,1477002795236,"true",0,0,"split"
"9258-7",0,1,0,0,1,23,0,1477002803194,"true",1,0,"split"
"9258-7",0,0,1,1,0,46,0,1477003105553,"true",0,1,"far"
"9258-7",0,0,0,1,0,47,0,1477003118224,"true",1,0,"close"
"9258-7",0,1,1,0,1,44,0,1477003076640,"true",0,1,"split"
"9258-7",0,1,1,0,1,45,0,1477003099220,"true",0,1,"close"
"9258-7",1,0,1,0,2,28,0,1477002858612,"true",0,1,"close"
"9258-7",0,1,1,0,1,29,0,1477002873935,"true",0,1,"close"
"9258-7",0,1,0,0,1,40,0,1477003013136,"true",1,0,"close"
"9258-7",0,0,2,1,0,41,1,1477003032517,"true",0,0,"split"
"9258-7",0,0,0,1,0,1,0,1477002552913,"true",1,0,"split"
"9258-7",0,0,1,1,0,3,0,1477002571013,"true",0,1,"close"
"9258-7",0,1,1,0,1,2,0,1477002559158,"true",0,1,"far"
"9258-7",1,0,0,0,2,5,0,1477002600145,"true",1,0,"far"
"9258-7",0,0,0,1,0,4,0,1477002593586,"true",1,0,"split"
"9258-7",0,0,1,1,0,7,0,1477002630733,"true",0,1,"far"
"9258-7",0,0,2,1,0,6,1,1477002608836,"true",0,0,"split"
"9258-7",0,0,2,1,0,9,1,1477002652794,"true",0,0,"split"
"9258-7",0,1,0,0,1,8,0,1477002637877,"true",1,0,"split"
"9258-7",0,0,1,1,0,39,0,1477003001854,"true",0,1,"split"
"9258-7",0,1,2,0,1,38,1,1477002988017,"false",0,0,"split"
"9258-7",0,1,0,0,1,11,0,1477002674323,"true",1,0,"close"
"9258-7",0,1,1,0,1,10,0,1477002661697,"true",0,1,"split"
"9258-7",0,0,0,1,0,13,0,1477002700564,"true",1,0,"far"
"9258-7",1,0,0,0,2,12,0,1477002690261,"true",1,0,"close"
"9258-7",0,0,0,1,0,15,0,1477002724939,"true",1,0,"close"
"9258-7",0,1,1,0,1,14,0,1477002711895,"true",0,1,"close"
"9258-7",0,0,2,1,0,17,1,1477002748537,"true",0,0,"far"
"9258-7",0,1,2,0,1,16,1,1477002739841,"true",0,0,"close"
"9258-7",0,0,0,1,0,19,0,1477002763261,"true",1,0,"far"
"9258-7",0,1,2,0,1,18,1,1477002755723,"true",0,0,"split"
"9258-7",0,0,2,1,0,31,1,1477002901539,"false",0,0,"close"
"9258-7",1,0,2,0,2,30,1,1477002883016,"true",0,0,"far"
"9258-7",0,1,1,0,1,37,0,1477002969297,"true",0,1,"far"
"9258-7",0,0,1,1,0,36,0,1477002962541,"true",0,1,"far"
"9258-7",0,0,2,1,0,35,1,1477002951495,"true",0,0,"far"
"9258-7",0,0,2,1,0,34,1,1477002937164,"true",0,0,"split"
"9258-7",0,0,2,1,0,33,1,1477002930289,"true",0,0,"close"
"9258-7",1,0,1,0,2,32,0,1477002913349,"true",0,1,"close"
"9258-7",0,0,1,1,0,50,0,1477003145802,"true",0,1,"close"
