"gameid","sClicked_2","sClicked_1","lClickedIndex","sClicked_0","sClickedIndex","roundNum","lClicked_2","time","outcome","lClicked_0","lClicked_1","condition"
"9260-e",1,0,2,0,2,42,1,1476487060762,"true",0,0,"far"
"9260-e",0,0,0,1,0,48,0,1476487150825,"true",1,0,"far"
"9260-e",1,0,1,0,2,43,0,1476487072786,"true",0,1,"split"
"9260-e",0,1,0,0,1,49,0,1476487160917,"true",1,0,"close"
"9260-e",1,0,0,0,2,24,0,1476486807086,"true",1,0,"far"
"9260-e",0,0,2,1,0,25,1,1476486814719,"true",0,0,"far"
"9260-e",0,0,0,1,0,26,0,1476486828261,"true",1,0,"split"
"9260-e",1,0,2,0,2,27,1,1476486844476,"false",0,0,"split"
"9260-e",0,0,1,1,0,20,0,1476486768401,"true",0,1,"split"
"9260-e",0,0,0,1,0,21,0,1476486776880,"true",1,0,"far"
"9260-e",0,0,1,1,0,22,0,1476486787146,"true",0,1,"close"
"9260-e",0,1,2,0,1,23,1,1476486796616,"true",0,0,"far"
"9260-e",1,0,2,0,2,46,1,1476487123584,"true",0,0,"far"
"9260-e",1,0,0,0,2,47,0,1476487142354,"true",1,0,"close"
"9260-e",0,1,2,0,1,44,1,1476487082549,"true",0,0,"split"
"9260-e",1,0,2,0,2,45,1,1476487115076,"false",0,0,"split"
"9260-e",0,0,1,1,0,28,0,1476486857480,"true",0,1,"far"
"9260-e",0,1,2,0,1,29,1,1476486872880,"true",0,0,"close"
"9260-e",0,0,0,1,0,40,0,1476487029056,"true",1,0,"far"
"9260-e",1,0,2,0,2,41,1,1476487044462,"true",0,0,"close"
"9260-e",0,0,0,1,0,1,0,1476486457419,"true",1,0,"split"
"9260-e",0,0,1,1,0,3,0,1476486487299,"true",0,1,"far"
"9260-e",0,0,1,1,0,2,0,1476486480604,"true",0,1,"split"
"9260-e",0,0,2,1,0,5,1,1476486527467,"true",0,0,"close"
"9260-e",0,0,2,1,0,4,1,1476486510217,"true",0,0,"close"
"9260-e",0,0,0,1,0,7,0,1476486577440,"true",1,0,"close"
"9260-e",0,1,2,0,1,6,1,1476486550911,"false",0,0,"split"
"9260-e",0,1,0,0,1,9,0,1476486599260,"true",1,0,"far"
"9260-e",0,1,1,0,1,8,0,1476486588072,"true",0,1,"close"
"9260-e",1,0,1,0,2,39,0,1476487010196,"true",0,1,"split"
"9260-e",0,0,1,1,0,38,0,1476486997385,"true",0,1,"split"
"9260-e",0,0,2,1,0,11,1,1476486628620,"true",0,0,"far"
"9260-e",0,1,2,0,1,10,1,1476486620101,"true",0,0,"split"
"9260-e",1,0,0,0,2,13,0,1476486658304,"true",1,0,"far"
"9260-e",1,0,1,0,2,12,0,1476486649747,"true",0,1,"close"
"9260-e",0,1,0,0,1,15,0,1476486678958,"true",1,0,"far"
"9260-e",1,0,1,0,2,14,0,1476486670900,"true",0,1,"close"
"9260-e",1,0,2,0,2,17,1,1476486702757,"true",0,0,"split"
"9260-e",0,1,1,0,1,16,0,1476486690939,"true",0,1,"close"
"9260-e",0,0,0,1,0,19,0,1476486754497,"true",1,0,"close"
"9260-e",0,1,2,0,1,18,1,1476486716339,"true",0,0,"split"
"9260-e",0,1,0,0,1,31,0,1476486907331,"true",1,0,"close"
"9260-e",0,0,1,1,0,30,0,1476486891501,"false",0,1,"close"
"9260-e",0,0,1,1,0,37,0,1476486986713,"true",0,1,"split"
"9260-e",1,0,0,0,2,36,0,1476486971237,"true",1,0,"far"
"9260-e",1,0,2,0,2,35,1,1476486960537,"false",0,0,"far"
"9260-e",0,1,1,0,1,34,0,1476486949878,"true",0,1,"split"
"9260-e",0,0,1,1,0,33,0,1476486939714,"true",0,1,"far"
"9260-e",0,0,1,1,0,32,0,1476486927010,"true",0,1,"split"
"9260-e",0,0,1,1,0,50,0,1476487200838,"false",0,1,"close"
