"gameid","sClicked_2","sClicked_1","lClickedIndex","sClicked_0","sClickedIndex","roundNum","lClicked_2","time","outcome","lClicked_0","lClicked_1","condition"
"9266-e",1,0,1,0,2,42,0,1476475924347,"true",0,1,"far"
"9266-e",0,1,2,0,1,48,1,1476476013492,"true",0,0,"far"
"9266-e",1,0,0,0,2,43,0,1476475931540,"true",1,0,"far"
"9266-e",0,1,2,0,1,49,1,1476476027597,"false",0,0,"close"
"9266-e",0,1,1,0,1,24,0,1476475664926,"false",0,1,"close"
"9266-e",0,0,1,1,0,25,0,1476475682870,"true",0,1,"split"
"9266-e",0,0,0,1,0,26,0,1476475701783,"true",1,0,"split"
"9266-e",0,1,0,0,1,27,0,1476475711151,"true",1,0,"split"
"9266-e",0,1,2,0,1,20,1,1476475591781,"true",0,0,"far"
"9266-e",0,0,2,1,0,21,1,1476475609918,"true",0,0,"close"
"9266-e",0,0,0,1,0,22,0,1476475628279,"false",1,0,"close"
"9266-e",1,0,0,0,2,23,0,1476475648526,"false",1,0,"close"
"9266-e",0,0,0,1,0,46,0,1476475993140,"true",1,0,"far"
"9266-e",0,1,0,0,1,47,0,1476476000660,"true",1,0,"close"
"9266-e",0,1,1,0,1,44,0,1476475940099,"true",0,1,"close"
"9266-e",1,0,2,0,2,45,1,1476475977379,"true",0,0,"split"
"9266-e",1,0,1,0,2,28,0,1476475721927,"true",0,1,"close"
"9266-e",0,1,2,0,1,29,1,1476475731896,"true",0,0,"split"
"9266-e",0,0,0,1,0,40,0,1476475893322,"true",1,0,"split"
"9266-e",0,0,0,1,0,41,0,1476475916411,"false",1,0,"close"
"9266-e",0,1,2,0,1,1,1,1476475309211,"true",0,0,"split"
"9266-e",0,0,1,1,0,3,0,1476475338321,"true",0,1,"far"
"9266-e",0,0,2,1,0,2,1,1476475328681,"false",0,0,"close"
"9266-e",0,0,0,1,0,5,0,1476475357785,"true",1,0,"split"
"9266-e",0,1,1,0,1,4,0,1476475350625,"true",0,1,"far"
"9266-e",0,0,0,1,0,7,0,1476475398218,"true",1,0,"split"
"9266-e",1,0,0,0,2,6,0,1476475375025,"true",1,0,"far"
"9266-e",0,0,1,1,0,9,0,1476475427394,"true",0,1,"far"
"9266-e",1,0,2,0,2,8,1,1476475412250,"true",0,0,"far"
"9266-e",0,0,0,1,0,39,0,1476475885706,"true",1,0,"far"
"9266-e",0,0,0,1,0,38,0,1476475876933,"true",1,0,"close"
"9266-e",0,1,0,0,1,11,0,1476475447274,"true",1,0,"far"
"9266-e",0,0,0,1,0,10,0,1476475437402,"true",1,0,"far"
"9266-e",0,0,1,1,0,13,0,1476475481859,"false",0,1,"close"
"9266-e",1,0,1,0,2,12,0,1476475464155,"true",0,1,"far"
"9266-e",0,0,2,1,0,15,1,1476475504092,"true",0,0,"close"
"9266-e",1,0,1,0,2,14,0,1476475491219,"true",0,1,"split"
"9266-e",1,0,0,0,2,17,0,1476475545756,"true",1,0,"close"
"9266-e",0,0,0,1,0,16,0,1476475523724,"true",1,0,"split"
"9266-e",1,0,1,0,2,19,0,1476475582125,"false",0,1,"close"
"9266-e",1,0,0,0,2,18,0,1476475556428,"true",1,0,"far"
"9266-e",1,0,0,0,2,31,0,1476475772440,"true",1,0,"split"
"9266-e",0,0,0,1,0,30,0,1476475762424,"false",1,0,"close"
"9266-e",0,1,1,0,1,37,0,1476475863018,"true",0,1,"split"
"9266-e",1,0,0,0,2,36,0,1476475849898,"false",1,0,"close"
"9266-e",0,1,2,0,1,35,1,1476475838793,"true",0,0,"far"
"9266-e",0,1,1,0,1,34,0,1476475831529,"true",0,1,"split"
"9266-e",0,1,0,0,1,33,0,1476475815193,"true",1,0,"split"
"9266-e",0,0,1,1,0,32,0,1476475805425,"true",0,1,"split"
"9266-e",0,0,1,1,0,50,0,1476476035200,"true",0,1,"far"
