"gameid","sClicked_2","sClicked_1","lClickedIndex","sClicked_0","sClickedIndex","roundNum","lClicked_2","time","outcome","lClicked_0","lClicked_1","condition"
"9272-8",1,0,1,0,2,42,0,1476494628323,"false",0,1,"close"
"9272-8",0,1,0,0,1,48,0,1476494746178,"true",1,0,"far"
"9272-8",1,0,0,0,2,43,0,1476494647271,"true",1,0,"split"
"9272-8",1,0,0,0,2,49,0,1476494764986,"true",1,0,"split"
"9272-8",1,0,0,0,2,24,0,1476494101730,"true",1,0,"split"
"9272-8",0,1,2,0,1,25,1,1476494110788,"true",0,0,"far"
"9272-8",1,0,0,0,2,26,0,1476494163389,"true",1,0,"split"
"9272-8",0,1,2,0,1,27,1,1476494184970,"true",0,0,"far"
"9272-8",0,0,0,1,0,20,0,1476494000805,"false",1,0,"close"
"9272-8",0,0,2,1,0,21,1,1476494021637,"true",0,0,"far"
"9272-8",1,0,2,0,2,22,1,1476494050217,"true",0,0,"close"
"9272-8",0,1,0,0,1,23,0,1476494059775,"true",1,0,"far"
"9272-8",0,1,2,0,1,46,1,1476494711981,"true",0,0,"split"
"9272-8",0,0,0,1,0,47,0,1476494735112,"true",1,0,"split"
"9272-8",1,0,1,0,2,44,0,1476494663815,"true",0,1,"far"
"9272-8",1,0,2,0,2,45,1,1476494698186,"true",0,0,"close"
"9272-8",0,0,0,1,0,28,0,1476494229039,"true",1,0,"far"
"9272-8",1,0,1,0,2,29,0,1476494248291,"true",0,1,"close"
"9272-8",1,0,0,0,2,40,0,1476494547272,"true",1,0,"far"
"9272-8",0,1,0,0,1,41,0,1476494601931,"false",1,0,"close"
"9272-8",0,1,1,0,1,1,0,1476493238050,"true",0,1,"split"
"9272-8",1,0,1,0,2,3,0,1476493300812,"true",0,1,"far"
"9272-8",0,0,1,1,0,2,0,1476493290200,"true",0,1,"far"
"9272-8",0,0,2,1,0,5,1,1476493397017,"true",0,0,"far"
"9272-8",0,0,1,1,0,4,0,1476493383501,"true",0,1,"split"
"9272-8",0,0,0,1,0,7,0,1476493480594,"true",1,0,"far"
"9272-8",0,1,1,0,1,6,0,1476493465970,"true",0,1,"close"
"9272-8",1,0,2,0,2,9,1,1476493574153,"true",0,0,"split"
"9272-8",0,1,2,0,1,8,1,1476493500256,"true",0,0,"close"
"9272-8",0,0,0,1,0,39,0,1476494531824,"true",1,0,"close"
"9272-8",0,0,2,1,0,38,1,1476494513096,"true",0,0,"far"
"9272-8",1,0,2,0,2,11,1,1476493638449,"false",0,0,"split"
"9272-8",1,0,1,0,2,10,0,1476493589137,"true",0,1,"split"
"9272-8",1,0,0,0,2,13,0,1476493666835,"true",1,0,"close"
"9272-8",0,0,2,1,0,12,1,1476493647875,"true",0,0,"far"
"9272-8",1,0,0,0,2,15,0,1476493742022,"true",1,0,"close"
"9272-8",1,0,2,0,2,14,1,1476493681906,"false",0,0,"far"
"9272-8",0,1,2,0,1,17,1,1476493816356,"false",0,0,"split"
"9272-8",0,0,1,1,0,16,0,1476493764846,"true",0,1,"close"
"9272-8",0,1,0,0,1,19,0,1476493897306,"true",1,0,"far"
"9272-8",0,0,0,1,0,18,0,1476493873905,"false",1,0,"close"
"9272-8",1,0,1,0,2,31,0,1476494310650,"true",0,1,"close"
"9272-8",1,0,1,0,2,30,0,1476494289849,"true",0,1,"close"
"9272-8",1,0,2,0,2,37,1,1476494484961,"true",0,0,"split"
"9272-8",1,0,2,0,2,36,1,1476494467022,"true",0,0,"split"
"9272-8",1,0,1,0,2,35,0,1476494429779,"true",0,1,"far"
"9272-8",0,0,2,1,0,34,1,1476494404577,"true",0,0,"split"
"9272-8",1,0,0,0,2,33,0,1476494377276,"true",1,0,"split"
"9272-8",0,0,0,1,0,32,0,1476494366332,"true",1,0,"split"
"9272-8",0,0,0,1,0,50,0,1476494784122,"false",1,0,"close"
