"gameid","sClicked_2","sClicked_1","lClickedIndex","sClicked_0","sClickedIndex","roundNum","lClicked_2","time","outcome","lClicked_0","lClicked_1","condition"
"9288-a",0,1,2,0,1,42,1,1476503296981,"true",0,0,"close"
"9288-a",1,0,2,0,2,48,1,1476503375644,"true",0,0,"far"
"9288-a",0,0,0,1,0,43,0,1476503304420,"true",1,0,"far"
"9288-a",0,1,2,0,1,49,1,1476503392876,"true",0,0,"split"
"9288-a",0,0,2,1,0,24,1,1476502743219,"true",0,0,"close"
"9288-a",0,0,1,1,0,25,0,1476502796822,"true",0,1,"far"
"9288-a",0,0,0,1,0,26,0,1476502863251,"true",1,0,"split"
"9288-a",1,0,1,0,2,27,0,1476502880980,"true",0,1,"far"
"9288-a",0,1,1,0,1,20,0,1476502675180,"false",0,1,"close"
"9288-a",0,1,1,0,1,21,0,1476502699178,"true",0,1,"close"
"9288-a",1,0,0,0,2,22,0,1476502708432,"true",1,0,"far"
"9288-a",0,1,2,0,1,23,1,1476502728543,"true",0,0,"split"
"9288-a",0,1,0,0,1,46,0,1476503339524,"false",1,0,"close"
"9288-a",0,1,2,0,1,47,1,1476503350826,"true",0,0,"split"
"9288-a",0,0,2,1,0,44,1,1476503311028,"true",0,0,"close"
"9288-a",0,0,1,1,0,45,0,1476503319531,"true",0,1,"split"
"9288-a",0,1,0,0,1,28,0,1476502889584,"true",1,0,"far"
"9288-a",0,1,1,0,1,29,0,1476502906295,"true",0,1,"split"
"9288-a",0,1,2,0,1,40,1,1476503255018,"true",0,0,"split"
"9288-a",0,0,1,1,0,41,0,1476503276716,"true",0,1,"split"
"9288-a",1,0,1,0,2,1,0,1476502353273,"true",0,1,"far"
"9288-a",0,0,1,1,0,3,0,1476502412388,"true",0,1,"close"
"9288-a",0,1,1,0,1,2,0,1476502366081,"false",0,1,"close"
"9288-a",0,1,0,0,1,5,0,1476502448144,"true",1,0,"close"
"9288-a",0,1,2,0,1,4,1,1476502429984,"true",0,0,"split"
"9288-a",0,1,0,0,1,7,0,1476502465379,"true",1,0,"far"
"9288-a",1,0,1,0,2,6,0,1476502458907,"true",0,1,"far"
"9288-a",0,1,2,0,1,9,1,1476502496626,"true",0,0,"close"
"9288-a",0,0,1,1,0,8,0,1476502487674,"true",0,1,"far"
"9288-a",0,0,2,1,0,39,1,1476503247363,"true",0,0,"split"
"9288-a",0,1,1,0,1,38,0,1476503204538,"true",0,1,"split"
"9288-a",1,0,1,0,2,11,0,1476502531381,"true",0,1,"far"
"9288-a",0,0,2,1,0,10,1,1476502523494,"true",0,0,"split"
"9288-a",0,1,1,0,1,13,0,1476502556459,"true",0,1,"close"
"9288-a",0,1,1,0,1,12,0,1476502544459,"true",0,1,"split"
"9288-a",0,0,1,1,0,15,0,1476502574009,"true",0,1,"far"
"9288-a",1,0,2,0,2,14,1,1476502564633,"true",0,0,"far"
"9288-a",0,0,1,1,0,17,0,1476502599540,"true",0,1,"close"
"9288-a",0,0,2,1,0,16,1,1476502581704,"true",0,0,"close"
"9288-a",1,0,1,0,2,19,0,1476502630490,"true",0,1,"close"
"9288-a",0,1,1,0,1,18,0,1476502614035,"true",0,1,"split"
"9288-a",1,0,2,0,2,31,1,1476502926510,"false",0,0,"close"
"9288-a",0,1,1,0,1,30,0,1476502912529,"true",0,1,"far"
"9288-a",0,0,1,1,0,37,0,1476503196515,"true",0,1,"far"
"9288-a",0,1,0,0,1,36,0,1476503189337,"true",1,0,"close"
"9288-a",0,1,0,0,1,35,0,1476503141606,"true",1,0,"far"
"9288-a",1,0,2,0,2,34,1,1476503115666,"false",0,0,"split"
"9288-a",1,0,1,0,2,33,0,1476503047475,"true",0,1,"split"
"9288-a",0,1,0,0,1,32,0,1476503018070,"true",1,0,"split"
"9288-a",1,0,0,0,2,50,0,1476503420480,"true",1,0,"far"
