"gameid","sClicked_2","sClicked_1","lClickedIndex","sClicked_0","sClickedIndex","roundNum","lClicked_2","time","outcome","lClicked_0","lClicked_1","condition"
"9290-6",0,0,0,1,0,42,0,1477003261068,"true",1,0,"close"
"9290-6",0,0,0,1,0,48,0,1477003323092,"true",1,0,"far"
"9290-6",0,1,1,0,1,43,0,1477003267259,"true",0,1,"close"
"9290-6",0,1,0,0,1,49,0,1477003329387,"true",1,0,"far"
"9290-6",0,0,0,1,0,24,0,1477003092265,"true",1,0,"split"
"9290-6",1,0,2,0,2,25,1,1477003101484,"true",0,0,"far"
"9290-6",0,0,2,1,0,26,1,1477003107628,"true",0,0,"split"
"9290-6",0,0,0,1,0,27,0,1477003114526,"true",1,0,"far"
"9290-6",0,0,2,1,0,20,1,1477003061476,"true",0,0,"split"
"9290-6",0,1,1,0,1,21,0,1477003068121,"true",0,1,"split"
"9290-6",0,1,1,0,1,22,0,1477003076032,"true",0,1,"far"
"9290-6",1,0,1,0,2,23,0,1477003083201,"true",0,1,"close"
"9290-6",0,0,2,1,0,46,1,1477003303372,"true",0,0,"close"
"9290-6",0,0,2,1,0,47,1,1477003314396,"true",0,0,"close"
"9290-6",0,0,2,1,0,44,1,1477003280883,"true",0,0,"close"
"9290-6",0,1,2,0,1,45,1,1477003289844,"true",0,0,"split"
"9290-6",1,0,1,0,2,28,0,1477003124671,"true",0,1,"split"
"9290-6",0,0,0,1,0,29,0,1477003141361,"true",1,0,"split"
"9290-6",1,0,0,0,2,40,0,1477003244887,"true",1,0,"close"
"9290-6",0,1,1,0,1,41,0,1477003253177,"true",0,1,"close"
"9290-6",0,1,2,0,1,1,1,1477002864307,"false",0,0,"split"
"9290-6",0,0,0,1,0,3,0,1477002888429,"true",1,0,"close"
"9290-6",1,0,1,0,2,2,0,1477002872294,"true",0,1,"split"
"9290-6",1,0,0,0,2,5,0,1477002907868,"true",1,0,"split"
"9290-6",0,1,1,0,1,4,0,1477002896760,"true",0,1,"close"
"9290-6",1,0,2,0,2,7,1,1477002926022,"true",0,0,"far"
"9290-6",0,0,2,1,0,6,1,1477002919691,"true",0,0,"close"
"9290-6",0,0,1,1,0,9,0,1477002949138,"true",0,1,"split"
"9290-6",1,0,0,0,2,8,0,1477002932469,"true",1,0,"far"
"9290-6",0,1,1,0,1,39,0,1477003237133,"true",0,1,"far"
"9290-6",0,0,0,1,0,38,0,1477003230125,"true",1,0,"far"
"9290-6",0,0,0,1,0,11,0,1477002971732,"true",1,0,"far"
"9290-6",1,0,1,0,2,10,0,1477002959256,"true",0,1,"split"
"9290-6",0,0,1,1,0,13,0,1477002991047,"true",0,1,"split"
"9290-6",0,1,2,0,1,12,1,1477002980735,"true",0,0,"far"
"9290-6",1,0,0,0,2,15,0,1477003010679,"true",1,0,"far"
"9290-6",1,0,2,0,2,14,1,1477003002593,"true",0,0,"close"
"9290-6",0,0,0,1,0,17,0,1477003029736,"true",1,0,"close"
"9290-6",0,1,1,0,1,16,0,1477003021838,"true",0,1,"split"
"9290-6",0,1,2,0,1,19,1,1477003045911,"true",0,0,"split"
"9290-6",0,0,1,1,0,18,0,1477003038661,"true",0,1,"far"
"9290-6",0,1,1,0,1,31,0,1477003161415,"true",0,1,"split"
"9290-6",0,1,0,0,1,30,0,1477003150129,"true",1,0,"far"
"9290-6",0,1,0,0,1,37,0,1477003222238,"true",1,0,"close"
"9290-6",1,0,2,0,2,36,1,1477003209665,"true",0,0,"close"
"9290-6",0,1,0,0,1,35,0,1477003197745,"false",1,0,"close"
"9290-6",1,0,0,0,2,34,0,1477003189091,"true",1,0,"far"
"9290-6",0,0,1,1,0,33,0,1477003182208,"true",0,1,"far"
"9290-6",1,0,2,0,2,32,1,1477003173309,"true",0,0,"split"
"9290-6",0,1,1,0,1,50,0,1477003351479,"true",0,1,"close"
