"gameid","sClicked_2","sClicked_1","lClickedIndex","sClicked_0","sClickedIndex","roundNum","lClicked_2","time","outcome","lClicked_0","lClicked_1","condition"
"9300-8",0,1,2,0,1,42,1,1476488994707,"true",0,0,"split"
"9300-8",0,1,1,0,1,48,0,1476489155821,"true",0,1,"far"
"9300-8",0,0,0,1,0,43,0,1476489036285,"true",1,0,"split"
"9300-8",0,1,2,0,1,49,1,1476489191248,"true",0,0,"split"
"9300-8",0,0,2,1,0,24,1,1476488569626,"true",0,0,"far"
"9300-8",1,0,1,0,2,25,0,1476488586932,"true",0,1,"split"
"9300-8",0,1,0,0,1,26,0,1476488611943,"true",1,0,"close"
"9300-8",0,0,0,1,0,27,0,1476488623289,"true",1,0,"far"
"9300-8",0,0,1,1,0,20,0,1476488488959,"true",0,1,"far"
"9300-8",1,0,1,0,2,21,0,1476488497761,"true",0,1,"far"
"9300-8",0,0,0,1,0,22,0,1476488532326,"true",1,0,"close"
"9300-8",0,1,2,0,1,23,1,1476488553028,"true",0,0,"split"
"9300-8",0,0,0,1,0,46,0,1476489126546,"true",1,0,"far"
"9300-8",0,0,1,1,0,47,0,1476489143822,"true",0,1,"split"
"9300-8",0,1,1,0,1,44,0,1476489086749,"true",0,1,"close"
"9300-8",0,0,0,1,0,45,0,1476489113854,"true",1,0,"close"
"9300-8",1,0,2,0,2,28,1,1476488634595,"true",0,0,"far"
"9300-8",1,0,1,0,2,29,0,1476488648197,"true",0,1,"close"
"9300-8",0,1,1,0,1,40,0,1476488966109,"false",0,1,"split"
"9300-8",1,0,1,0,2,41,0,1476488978087,"true",0,1,"far"
"9300-8",0,1,0,0,1,1,0,1476488031969,"true",1,0,"close"
"9300-8",1,0,0,0,2,3,0,1476488060302,"true",1,0,"far"
"9300-8",0,1,2,0,1,2,1,1476488050169,"true",0,0,"far"
"9300-8",1,0,2,0,2,5,1,1476488132399,"true",0,0,"far"
"9300-8",0,0,1,1,0,4,0,1476488108118,"true",0,1,"close"
"9300-8",0,0,1,1,0,7,0,1476488199475,"true",0,1,"split"
"9300-8",1,0,0,0,2,6,0,1476488179224,"true",1,0,"close"
"9300-8",0,1,2,0,1,9,1,1476488229447,"true",0,0,"far"
"9300-8",1,0,0,0,2,8,0,1476488215076,"true",1,0,"far"
"9300-8",0,0,0,1,0,39,0,1476488944265,"true",1,0,"split"
"9300-8",1,0,0,0,2,38,0,1476488917131,"true",1,0,"split"
"9300-8",0,1,2,0,1,11,1,1476488288908,"true",0,0,"split"
"9300-8",0,0,2,1,0,10,1,1476488264285,"false",0,0,"split"
"9300-8",0,0,1,1,0,13,0,1476488323230,"true",0,1,"far"
"9300-8",1,0,0,0,2,12,0,1476488310737,"true",1,0,"close"
"9300-8",1,0,0,0,2,15,0,1476488409089,"true",1,0,"close"
"9300-8",0,0,1,1,0,14,0,1476488366364,"true",0,1,"split"
"9300-8",1,0,2,0,2,17,1,1476488442733,"true",0,0,"close"
"9300-8",0,1,1,0,1,16,0,1476488425651,"true",0,1,"close"
"9300-8",0,1,2,0,1,19,1,1476488479329,"true",0,0,"split"
"9300-8",0,1,1,0,1,18,0,1476488456371,"true",0,1,"split"
"9300-8",0,0,1,1,0,31,0,1476488696193,"true",0,1,"close"
"9300-8",0,1,0,0,1,30,0,1476488658596,"true",1,0,"far"
"9300-8",0,0,2,1,0,37,1,1476488901811,"false",0,0,"close"
"9300-8",0,1,0,0,1,36,0,1476488865643,"true",1,0,"close"
"9300-8",0,0,2,1,0,35,1,1476488815949,"false",0,0,"close"
"9300-8",0,1,0,0,1,34,0,1476488732317,"false",1,0,"split"
"9300-8",0,1,1,0,1,33,0,1476488717002,"true",0,1,"far"
"9300-8",1,0,1,0,2,32,0,1476488707695,"true",0,1,"far"
"9300-8",0,0,2,1,0,50,1,1476489225348,"true",0,0,"close"
