"gameid","sClicked_2","sClicked_1","lClickedIndex","sClicked_0","sClickedIndex","roundNum","lClicked_2","time","outcome","lClicked_0","lClicked_1","condition"
"9307-f",0,1,1,0,1,42,0,1476990121129,"true",0,1,"close"
"9307-f",0,1,0,0,1,48,0,1476990214266,"true",1,0,"far"
"9307-f",0,1,0,0,1,50,0,1476990285231,"true",1,0,"close"
"9307-f",0,1,2,0,1,49,1,1476990222481,"true",0,0,"far"
"9307-f",0,0,1,1,0,24,0,1476989669293,"true",0,1,"far"
"9307-f",1,0,1,0,2,25,0,1476989696699,"true",0,1,"split"
"9307-f",0,0,2,1,0,26,1,1476989719353,"true",0,0,"split"
"9307-f",0,1,0,0,1,27,0,1476989771515,"false",1,0,"close"
"9307-f",0,1,2,0,1,20,1,1476989602469,"true",0,0,"far"
"9307-f",0,0,2,1,0,21,1,1476989611979,"true",0,0,"far"
"9307-f",0,0,2,1,0,22,1,1476989633304,"false",0,0,"close"
"9307-f",0,0,0,1,0,23,0,1476989658289,"true",1,0,"split"
"9307-f",0,0,1,1,0,46,0,1476990178814,"true",0,1,"far"
"9307-f",0,1,0,0,1,47,0,1476990204722,"true",1,0,"close"
"9307-f",1,0,0,0,2,44,0,1476990161112,"true",1,0,"split"
"9307-f",0,0,1,1,0,45,0,1476990169370,"true",0,1,"split"
"9307-f",0,1,2,0,1,28,1,1476989810088,"true",0,0,"close"
"9307-f",0,1,0,0,1,43,0,1476990127750,"true",1,0,"far"
"9307-f",0,1,0,0,1,40,0,1476990056526,"true",1,0,"far"
"9307-f",1,0,1,0,2,41,0,1476990092932,"true",0,1,"close"
"9307-f",0,0,2,1,0,1,1,1476989195525,"true",0,0,"split"
"9307-f",0,1,2,0,1,3,1,1476989223831,"true",0,0,"split"
"9307-f",0,0,2,1,0,2,1,1476989210629,"true",0,0,"split"
"9307-f",0,1,1,0,1,5,0,1476989274094,"true",0,1,"far"
"9307-f",0,0,1,1,0,4,0,1476989250529,"true",0,1,"close"
"9307-f",0,1,0,0,1,7,0,1476989327609,"true",1,0,"far"
"9307-f",0,1,1,0,1,9,0,1476989388122,"true",0,1,"close"
"9307-f",0,1,1,0,1,8,0,1476989342509,"true",0,1,"far"
"9307-f",0,1,2,0,1,39,1,1476990046875,"true",0,0,"split"
"9307-f",1,0,0,0,2,38,0,1476990027537,"true",1,0,"split"
"9307-f",1,0,1,0,2,11,0,1476989433315,"true",0,1,"split"
"9307-f",0,1,1,0,1,10,0,1476989422814,"true",0,1,"close"
"9307-f",1,0,2,0,2,13,1,1476989464616,"true",0,0,"split"
"9307-f",0,0,1,1,0,12,0,1476989449376,"true",0,1,"close"
"9307-f",0,1,0,0,1,15,0,1476989501589,"true",1,0,"far"
"9307-f",1,0,0,0,2,14,0,1476989492470,"true",1,0,"split"
"9307-f",0,1,2,0,1,17,1,1476989519440,"true",0,0,"far"
"9307-f",0,0,0,1,0,16,0,1476989510594,"true",1,0,"split"
"9307-f",0,1,0,0,1,19,0,1476989586150,"true",1,0,"close"
"9307-f",1,0,0,0,2,18,0,1476989554146,"true",1,0,"split"
"9307-f",0,0,2,1,0,31,1,1476989896771,"true",0,0,"far"
"9307-f",0,0,1,1,0,30,0,1476989888849,"true",0,1,"close"
"9307-f",0,1,2,0,1,37,1,1476990020140,"true",0,0,"close"
"9307-f",0,1,0,0,1,36,0,1476990001547,"true",1,0,"far"
"9307-f",0,0,2,1,0,35,1,1476989990769,"true",0,0,"far"
"9307-f",1,0,2,0,2,34,1,1476989971675,"true",0,0,"split"
"9307-f",0,0,1,1,0,33,0,1476989941004,"true",0,1,"close"
"9307-f",0,1,1,0,1,32,0,1476989904971,"true",0,1,"far"
