"gameid","sClicked_2","sClicked_1","lClickedIndex","sClicked_0","sClickedIndex","roundNum","lClicked_2","time","outcome","lClicked_0","lClicked_1","condition"
"9318-7",0,0,1,1,0,42,0,1476478954676,"true",0,1,"far"
"9318-7",0,1,2,0,1,48,1,1476479067184,"true",0,0,"far"
"9318-7",1,0,2,0,2,43,1,1476478977532,"true",0,0,"close"
"9318-7",0,0,2,1,0,49,1,1476479083942,"true",0,0,"close"
"9318-7",1,0,0,0,2,24,0,1476478717312,"true",1,0,"far"
"9318-7",0,1,1,0,1,25,0,1476478730595,"true",0,1,"split"
"9318-7",0,1,2,0,1,26,1,1476478738909,"true",0,0,"far"
"9318-7",0,0,0,1,0,27,0,1476478754143,"true",1,0,"close"
"9318-7",0,0,0,1,0,20,0,1476478662904,"true",1,0,"close"
"9318-7",0,0,1,1,0,21,0,1476478679175,"true",0,1,"close"
"9318-7",1,0,2,0,2,22,1,1476478700336,"true",0,0,"close"
"9318-7",1,0,2,0,2,23,1,1476478709414,"true",0,0,"far"
"9318-7",1,0,1,0,2,46,0,1476479044878,"true",0,1,"split"
"9318-7",0,1,2,0,1,47,1,1476479054539,"true",0,0,"close"
"9318-7",1,0,0,0,2,44,0,1476479024354,"true",1,0,"close"
"9318-7",1,0,0,0,2,45,0,1476479036988,"true",1,0,"split"
"9318-7",1,0,0,0,2,28,0,1476478764014,"true",1,0,"split"
"9318-7",1,0,1,0,2,29,0,1476478775819,"true",0,1,"close"
"9318-7",0,1,1,0,1,40,0,1476478909668,"true",0,1,"split"
"9318-7",0,1,0,0,1,41,0,1476478932728,"true",1,0,"far"
"9318-7",1,0,2,0,2,1,1,1476478219559,"true",0,0,"split"
"9318-7",0,0,2,1,0,3,1,1476478241650,"true",0,0,"far"
"9318-7",1,0,0,0,2,2,0,1476478227030,"true",1,0,"split"
"9318-7",1,0,2,0,2,5,1,1476478291199,"true",0,0,"far"
"9318-7",0,0,2,1,0,4,1,1476478274561,"true",0,0,"close"
"9318-7",0,1,0,0,1,7,0,1476478358816,"true",1,0,"close"
"9318-7",1,0,0,0,2,6,0,1476478308013,"true",1,0,"close"
"9318-7",0,0,0,1,0,9,0,1476478384055,"true",1,0,"far"
"9318-7",1,0,1,0,2,8,0,1476478371101,"true",0,1,"far"
"9318-7",0,1,1,0,1,39,0,1476478898059,"true",0,1,"split"
"9318-7",0,0,0,1,0,38,0,1476478887451,"true",1,0,"split"
"9318-7",0,0,0,1,0,11,0,1476478452896,"true",1,0,"far"
"9318-7",0,0,1,1,0,10,0,1476478417362,"true",0,1,"close"
"9318-7",0,0,2,1,0,13,1,1476478517581,"true",0,0,"close"
"9318-7",0,1,1,0,1,12,0,1476478482155,"true",0,1,"far"
"9318-7",1,0,2,0,2,15,1,1476478590177,"true",0,0,"far"
"9318-7",1,0,2,0,2,14,1,1476478579081,"true",0,0,"split"
"9318-7",0,0,2,1,0,17,1,1476478617316,"true",0,0,"far"
"9318-7",0,0,0,1,0,16,0,1476478610119,"true",1,0,"split"
"9318-7",0,0,2,1,0,19,1,1476478647364,"true",0,0,"close"
"9318-7",0,0,0,1,0,18,0,1476478629228,"true",1,0,"split"
"9318-7",1,0,0,0,2,31,0,1476478792494,"true",1,0,"far"
"9318-7",0,1,0,0,1,30,0,1476478784480,"true",1,0,"split"
"9318-7",0,0,0,1,0,37,0,1476478874544,"true",1,0,"close"
"9318-7",0,1,0,0,1,36,0,1476478855320,"false",1,0,"close"
"9318-7",0,1,0,0,1,35,0,1476478834728,"true",1,0,"split"
"9318-7",1,0,1,0,2,34,0,1476478825800,"true",0,1,"far"
"9318-7",0,1,1,0,1,33,0,1476478818822,"true",0,1,"split"
"9318-7",1,0,0,0,2,32,0,1476478810862,"true",1,0,"split"
"9318-7",0,0,1,1,0,50,0,1476479117847,"true",0,1,"far"
