"gameid","sClicked_2","sClicked_1","lClickedIndex","sClicked_0","sClickedIndex","roundNum","lClicked_2","time","outcome","lClicked_0","lClicked_1","condition"
"9320-9",1,0,0,0,2,42,0,1476473605156,"false",1,0,"close"
"9320-9",1,0,1,0,2,48,0,1476473661980,"true",0,1,"close"
"9320-9",0,1,2,0,1,43,1,1476473613443,"true",0,0,"far"
"9320-9",0,0,0,1,0,49,0,1476473677508,"true",1,0,"split"
"9320-9",0,1,1,0,1,24,0,1476473364150,"true",0,1,"close"
"9320-9",0,0,2,1,0,25,1,1476473374607,"true",0,0,"split"
"9320-9",1,0,0,0,2,26,0,1476473382569,"true",1,0,"split"
"9320-9",0,1,1,0,1,27,0,1476473391151,"true",0,1,"far"
"9320-9",1,0,2,0,2,20,1,1476473321198,"true",0,0,"close"
"9320-9",0,0,1,1,0,21,0,1476473328798,"true",0,1,"split"
"9320-9",1,0,0,0,2,22,0,1476473343111,"true",1,0,"split"
"9320-9",0,0,0,1,0,23,0,1476473350951,"true",1,0,"far"
"9320-9",0,0,1,1,0,46,0,1476473645972,"true",0,1,"far"
"9320-9",0,0,1,1,0,47,0,1476473653364,"true",0,1,"split"
"9320-9",0,1,1,0,1,44,0,1476473621811,"true",0,1,"split"
"9320-9",1,0,2,0,2,45,1,1476473636997,"false",0,0,"close"
"9320-9",0,0,1,1,0,28,0,1476473397424,"true",0,1,"split"
"9320-9",0,0,0,1,0,29,0,1476473407784,"true",1,0,"far"
"9320-9",0,0,1,1,0,40,0,1476473573866,"true",0,1,"close"
"9320-9",1,0,2,0,2,41,1,1476473595459,"true",0,0,"split"
"9320-9",1,0,0,0,2,1,0,1476473125613,"true",1,0,"close"
"9320-9",0,1,2,0,1,3,1,1476473147412,"true",0,0,"close"
"9320-9",0,0,0,1,0,2,0,1476473136147,"true",1,0,"split"
"9320-9",0,0,2,1,0,5,1,1476473164900,"true",0,0,"far"
"9320-9",0,0,0,1,0,4,0,1476473156059,"true",1,0,"split"
"9320-9",0,1,0,0,1,7,0,1476473183900,"true",1,0,"far"
"9320-9",0,1,1,0,1,6,0,1476473176812,"true",0,1,"close"
"9320-9",0,0,2,1,0,9,1,1476473201429,"false",0,0,"split"
"9320-9",1,0,1,0,2,8,0,1476473191956,"true",0,1,"close"
"9320-9",1,0,2,0,2,39,1,1476473564330,"true",0,0,"far"
"9320-9",0,1,2,0,1,38,1,1476473557618,"true",0,0,"split"
"9320-9",0,0,0,1,0,11,0,1476473226292,"true",1,0,"close"
"9320-9",0,0,0,1,0,10,0,1476473216948,"true",1,0,"far"
"9320-9",1,0,2,0,2,13,1,1476473253069,"false",0,0,"close"
"9320-9",0,0,0,1,0,12,0,1476473234902,"true",1,0,"far"
"9320-9",1,0,1,0,2,15,0,1476473266613,"true",0,1,"split"
"9320-9",0,1,2,0,1,14,1,1476473259589,"true",0,0,"far"
"9320-9",0,1,2,0,1,17,1,1476473286861,"true",0,0,"far"
"9320-9",1,0,0,0,2,16,0,1476473278661,"false",1,0,"split"
"9320-9",0,1,0,0,1,19,0,1476473310854,"false",1,0,"close"
"9320-9",0,0,1,1,0,18,0,1476473294613,"true",0,1,"far"
"9320-9",1,0,2,0,2,31,1,1476473429160,"true",0,0,"split"
"9320-9",0,0,2,1,0,30,1,1476473416551,"true",0,0,"close"
"9320-9",0,1,0,0,1,37,0,1476473546923,"true",1,0,"close"
"9320-9",1,0,0,0,2,36,0,1476473535985,"true",1,0,"far"
"9320-9",0,1,2,0,1,35,1,1476473478000,"true",0,0,"split"
"9320-9",1,0,2,0,2,34,1,1476473464840,"false",0,0,"close"
"9320-9",0,0,0,1,0,33,0,1476473450112,"true",1,0,"far"
"9320-9",0,1,0,0,1,32,0,1476473442552,"true",1,0,"close"
"9320-9",0,0,2,1,0,50,1,1476473685740,"true",0,0,"far"
