"gameid","sClicked_2","sClicked_1","lClickedIndex","sClicked_0","sClickedIndex","roundNum","lClicked_2","time","outcome","lClicked_0","lClicked_1","condition"
"9342-d",1,0,0,0,2,42,0,1476469680213,"true",1,0,"far"
"9342-d",0,0,0,1,0,48,0,1476469747369,"true",1,0,"far"
"9342-d",1,0,2,0,2,43,1,1476469694222,"true",0,0,"close"
"9342-d",1,0,2,0,2,49,1,1476469760296,"true",0,0,"split"
"9342-d",1,0,1,0,2,24,0,1476469414741,"true",0,1,"close"
"9342-d",1,0,0,0,2,25,0,1476469455882,"true",1,0,"split"
"9342-d",0,0,2,1,0,26,1,1476469474930,"true",0,0,"close"
"9342-d",0,0,2,1,0,27,1,1476469498239,"true",0,0,"close"
"9342-d",1,0,0,0,2,20,0,1476469324785,"true",1,0,"close"
"9342-d",0,1,0,0,1,21,0,1476469335943,"true",1,0,"far"
"9342-d",1,0,1,0,2,22,0,1476469386200,"false",0,1,"close"
"9342-d",0,0,0,1,0,23,0,1476469398386,"false",1,0,"close"
"9342-d",1,0,1,0,2,46,0,1476469726540,"true",0,1,"split"
"9342-d",1,0,1,0,2,47,0,1476469738931,"false",0,1,"close"
"9342-d",0,0,1,1,0,44,0,1476469703594,"true",0,1,"close"
"9342-d",0,1,1,0,1,45,0,1476469714354,"true",0,1,"split"
"9342-d",0,0,0,1,0,28,0,1476469510063,"true",1,0,"split"
"9342-d",0,1,1,0,1,29,0,1476469526322,"true",0,1,"far"
"9342-d",0,0,2,1,0,40,1,1476469665233,"true",0,0,"far"
"9342-d",1,0,1,0,2,41,0,1476469673846,"true",0,1,"close"
"9342-d",1,0,1,0,2,1,0,1476468859655,"true",0,1,"far"
"9342-d",0,0,1,1,0,3,0,1476468891448,"true",0,1,"far"
"9342-d",0,0,1,1,0,2,0,1476468872524,"false",0,1,"close"
"9342-d",0,1,0,0,1,5,0,1476468983372,"true",1,0,"split"
"9342-d",0,1,2,0,1,4,1,1476468967083,"true",0,0,"close"
"9342-d",0,1,0,0,1,7,0,1476469011769,"true",1,0,"split"
"9342-d",1,0,0,0,2,6,0,1476469002165,"true",1,0,"split"
"9342-d",0,0,2,1,0,9,1,1476469074882,"true",0,0,"split"
"9342-d",1,0,1,0,2,8,0,1476469057030,"true",0,1,"far"
"9342-d",0,0,0,1,0,39,0,1476469654821,"true",1,0,"far"
"9342-d",0,0,2,1,0,38,1,1476469647344,"true",0,0,"split"
"9342-d",0,0,1,1,0,11,0,1476469104349,"true",0,1,"close"
"9342-d",0,1,0,0,1,10,0,1476469089052,"true",1,0,"split"
"9342-d",0,1,0,0,1,13,0,1476469150202,"false",1,0,"close"
"9342-d",0,1,2,0,1,12,1,1476469113162,"true",0,0,"far"
"9342-d",0,1,2,0,1,15,1,1476469188938,"true",0,0,"split"
"9342-d",1,0,2,0,2,14,1,1476469168004,"true",0,0,"far"
"9342-d",0,0,0,1,0,17,0,1476469250354,"true",1,0,"split"
"9342-d",0,0,2,1,0,16,1,1476469226443,"false",0,0,"split"
"9342-d",0,0,2,1,0,19,1,1476469298833,"true",0,0,"split"
"9342-d",1,0,2,0,2,18,1,1476469286016,"false",0,0,"close"
"9342-d",0,1,0,0,1,31,0,1476469559458,"true",1,0,"split"
"9342-d",0,0,2,1,0,30,1,1476469536210,"true",0,0,"close"
"9342-d",0,0,0,1,0,37,0,1476469635412,"true",1,0,"split"
"9342-d",0,1,1,0,1,36,0,1476469620746,"true",0,1,"far"
"9342-d",0,0,1,1,0,35,0,1476469608235,"true",0,1,"far"
"9342-d",0,1,2,0,1,34,1,1476469594878,"true",0,0,"far"
"9342-d",0,1,2,0,1,33,1,1476469588912,"true",0,0,"close"
"9342-d",1,0,2,0,2,32,1,1476469570002,"true",0,0,"far"
"9342-d",1,0,2,0,2,50,1,1476469769091,"true",0,0,"far"
