"gameid","sClicked_2","sClicked_1","lClickedIndex","sClicked_0","sClickedIndex","roundNum","lClicked_2","time","outcome","lClicked_0","lClicked_1","condition"
"9346-5",0,0,2,1,0,42,1,1459881014595,"true",0,0,"far"
"9346-5",1,0,2,0,2,48,1,1459881172929,"true",0,0,"far"
"9346-5",0,0,2,1,0,43,1,1459881052415,"true",0,0,"close"
"9346-5",0,0,2,1,0,49,1,1459881193463,"true",0,0,"close"
"9346-5",1,0,2,0,2,24,1,1459880632854,"true",0,0,"close"
"9346-5",0,1,2,0,1,25,1,1459880643686,"true",0,0,"far"
"9346-5",0,1,2,0,1,26,1,1459880676180,"true",0,0,"split"
"9346-5",0,0,2,1,0,27,1,1459880724500,"true",0,0,"split"
"9346-5",0,0,2,1,0,20,1,1459880528602,"true",0,0,"far"
"9346-5",0,0,2,1,0,21,1,1459880562814,"true",0,0,"close"
"9346-5",0,0,0,1,0,22,0,1459880587186,"true",1,0,"close"
"9346-5",0,0,1,1,0,23,0,1459880610625,"true",0,1,"split"
"9346-5",0,1,2,0,1,46,1,1459881149401,"true",0,0,"far"
"9346-5",1,0,0,0,2,47,0,1459881162937,"true",1,0,"split"
"9346-5",0,0,2,1,0,44,1,1459881089191,"true",0,0,"close"
"9346-5",1,0,0,0,2,45,0,1459881124809,"false",1,0,"close"
"9346-5",0,0,1,1,0,28,0,1459880748109,"true",0,1,"split"
"9346-5",0,0,1,1,0,29,0,1459880757771,"true",0,1,"split"
"9346-5",0,0,0,1,0,40,0,1459880977401,"true",1,0,"close"
"9346-5",1,0,0,0,2,41,0,1459881001004,"true",1,0,"far"
"9346-5",1,0,1,0,2,1,0,1459880214082,"true",0,1,"close"
"9346-5",0,0,0,1,0,3,0,1459880246840,"true",1,0,"far"
"9346-5",1,0,0,0,2,2,0,1459880235494,"true",1,0,"split"
"9346-5",1,0,2,0,2,5,1,1459880272699,"true",0,0,"close"
"9346-5",0,0,1,1,0,4,0,1459880256808,"true",0,1,"split"
"9346-5",0,1,0,0,1,7,0,1459880304992,"true",1,0,"close"
"9346-5",0,0,1,1,0,6,0,1459880291364,"true",0,1,"far"
"9346-5",1,0,1,0,2,9,0,1459880346432,"true",0,1,"far"
"9346-5",0,0,0,1,0,8,0,1459880331615,"true",1,0,"close"
"9346-5",1,0,1,0,2,39,0,1459880939684,"true",0,1,"split"
"9346-5",0,1,2,0,1,38,1,1459880897537,"true",0,0,"far"
"9346-5",1,0,0,0,2,11,0,1459880385417,"true",1,0,"split"
"9346-5",0,0,2,1,0,10,1,1459880363772,"true",0,0,"split"
"9346-5",0,1,1,0,1,13,0,1459880415657,"true",0,1,"split"
"9346-5",1,0,0,0,2,12,0,1459880401077,"true",1,0,"far"
"9346-5",0,0,2,1,0,15,1,1459880446454,"true",0,0,"far"
"9346-5",1,0,1,0,2,14,0,1459880430804,"true",0,1,"split"
"9346-5",0,1,0,0,1,17,0,1459880485139,"true",1,0,"close"
"9346-5",0,1,0,0,1,16,0,1459880456723,"true",1,0,"far"
"9346-5",1,0,0,0,2,19,0,1459880517106,"true",1,0,"split"
"9346-5",0,1,0,0,1,18,0,1459880497314,"true",1,0,"far"
"9346-5",1,0,2,0,2,31,1,1459880790901,"true",0,0,"close"
"9346-5",0,1,0,0,1,30,0,1459880772565,"true",1,0,"close"
"9346-5",1,0,0,0,2,37,0,1459880886072,"true",1,0,"far"
"9346-5",0,0,1,1,0,36,0,1459880874395,"true",0,1,"close"
"9346-5",0,0,1,1,0,35,0,1459880850537,"true",0,1,"close"
"9346-5",0,0,0,1,0,34,0,1459880839200,"false",1,0,"split"
"9346-5",0,0,1,1,0,33,0,1459880813258,"true",0,1,"far"
"9346-5",0,1,1,0,1,32,0,1459880801072,"true",0,1,"far"
"9346-5",0,1,1,0,1,50,0,1459881219915,"false",0,1,"split"
