"gameid","sClicked_2","sClicked_1","lClickedIndex","sClicked_0","sClickedIndex","roundNum","lClicked_2","time","outcome","lClicked_0","lClicked_1","condition"
"9353-3",0,1,0,0,1,42,0,1459899629277,"true",1,0,"far"
"9353-3",1,0,2,0,2,48,1,1459899721911,"false",0,0,"close"
"9353-3",1,0,2,0,2,43,1,1459899647097,"false",0,0,"split"
"9353-3",0,0,0,1,0,49,0,1459899745712,"true",1,0,"split"
"9353-3",1,0,0,0,2,24,0,1459899364021,"true",1,0,"close"
"9353-3",0,0,1,1,0,25,0,1459899371837,"true",0,1,"split"
"9353-3",1,0,2,0,2,26,1,1459899398788,"true",0,0,"split"
"9353-3",1,0,2,0,2,27,1,1459899420157,"true",0,0,"split"
"9353-3",0,0,0,1,0,20,0,1459899326335,"false",1,0,"split"
"9353-3",1,0,2,0,2,21,1,1459899334952,"true",0,0,"close"
"9353-3",0,1,1,0,1,22,0,1459899342712,"true",0,1,"far"
"9353-3",0,0,1,1,0,23,0,1459899354080,"true",0,1,"far"
"9353-3",1,0,0,0,2,46,0,1459899693725,"true",1,0,"far"
"9353-3",0,0,1,1,0,47,0,1459899706337,"true",0,1,"far"
"9353-3",0,1,2,0,1,44,1,1459899654927,"true",0,0,"far"
"9353-3",0,1,0,0,1,45,0,1459899681838,"true",1,0,"split"
"9353-3",1,0,2,0,2,28,1,1459899426326,"true",0,0,"far"
"9353-3",1,0,1,0,2,29,0,1459899434993,"true",0,1,"far"
"9353-3",0,1,0,0,1,40,0,1459899610469,"true",1,0,"split"
"9353-3",0,0,0,1,0,41,0,1459899616536,"true",1,0,"far"
"9353-3",1,0,2,0,2,1,1,1459899064410,"true",0,0,"far"
"9353-3",1,0,1,0,2,3,0,1459899085786,"true",0,1,"close"
"9353-3",0,1,1,0,1,2,0,1459899074749,"true",0,1,"close"
"9353-3",0,0,2,1,0,5,1,1459899107540,"true",0,0,"close"
"9353-3",0,0,0,1,0,4,0,1459899097123,"true",1,0,"close"
"9353-3",1,0,0,0,2,7,0,1459899128876,"true",1,0,"close"
"9353-3",0,1,2,0,1,6,1,1459899119630,"true",0,0,"split"
"9353-3",0,0,2,1,0,9,1,1459899179405,"true",0,0,"close"
"9353-3",0,0,2,1,0,8,1,1459899139499,"true",0,0,"split"
"9353-3",0,1,0,0,1,39,0,1459899590680,"true",1,0,"close"
"9353-3",0,0,0,1,0,38,0,1459899580315,"true",1,0,"close"
"9353-3",1,0,0,0,2,11,0,1459899201493,"true",1,0,"far"
"9353-3",0,1,2,0,1,10,1,1459899193567,"true",0,0,"split"
"9353-3",0,0,0,1,0,13,0,1459899243825,"true",1,0,"split"
"9353-3",1,0,0,0,2,12,0,1459899231189,"false",1,0,"close"
"9353-3",0,0,2,1,0,15,1,1459899279418,"false",0,0,"close"
"9353-3",0,1,1,0,1,14,0,1459899250430,"true",0,1,"far"
"9353-3",0,1,0,0,1,17,0,1459899296671,"true",1,0,"close"
"9353-3",0,0,1,1,0,16,0,1459899289375,"true",0,1,"close"
"9353-3",0,0,1,1,0,19,0,1459899315460,"true",0,1,"far"
"9353-3",0,1,0,0,1,18,0,1459899306422,"true",1,0,"close"
"9353-3",1,0,0,0,2,31,0,1459899465819,"true",1,0,"split"
"9353-3",0,1,2,0,1,30,1,1459899450449,"true",0,0,"split"
"9353-3",0,1,1,0,1,37,0,1459899554779,"true",0,1,"split"
"9353-3",1,0,0,0,2,36,0,1459899548291,"true",1,0,"split"
"9353-3",0,1,0,0,1,35,0,1459899531051,"false",1,0,"far"
"9353-3",0,1,0,0,1,34,0,1459899523093,"false",1,0,"split"
"9353-3",1,0,2,0,2,33,1,1459899492424,"true",0,0,"far"
"9353-3",0,1,2,0,1,32,1,1459899484779,"false",0,0,"close"
"9353-3",0,1,0,0,1,50,0,1459899752387,"true",1,0,"far"
