"gameid","sClicked_2","sClicked_1","lClickedIndex","sClicked_0","sClickedIndex","roundNum","lClicked_2","time","outcome","lClicked_0","lClicked_1","condition"
"9375-7",1,0,1,0,2,42,0,1476999456772,"true",0,1,"close"
"9375-7",0,1,1,0,1,48,0,1476999571705,"true",0,1,"far"
"9375-7",0,0,0,1,0,43,0,1476999482074,"true",1,0,"split"
"9375-7",0,0,2,1,0,49,1,1476999582255,"true",0,0,"far"
"9375-7",0,0,1,1,0,24,0,1476998816136,"true",0,1,"close"
"9375-7",0,0,2,1,0,25,1,1476998852285,"true",0,0,"close"
"9375-7",0,1,2,0,1,26,1,1476998883621,"true",0,0,"close"
"9375-7",0,1,2,0,1,27,1,1476998921664,"true",0,0,"close"
"9375-7",1,0,0,0,2,20,0,1476998694516,"true",1,0,"far"
"9375-7",0,0,1,1,0,21,0,1476998725199,"true",0,1,"split"
"9375-7",0,0,2,1,0,22,1,1476998733039,"true",0,0,"far"
"9375-7",0,1,2,0,1,23,1,1476998784150,"true",0,0,"far"
"9375-7",1,0,1,0,2,46,0,1476999537213,"true",0,1,"far"
"9375-7",1,0,0,0,2,47,0,1476999562883,"true",1,0,"split"
"9375-7",1,0,0,0,2,44,0,1476999499285,"true",1,0,"close"
"9375-7",0,0,0,1,0,45,0,1476999508041,"true",1,0,"far"
"9375-7",1,0,1,0,2,28,0,1476998953534,"true",0,1,"close"
"9375-7",0,0,0,1,0,29,0,1476998990738,"true",1,0,"split"
"9375-7",1,0,2,0,2,40,1,1476999360725,"true",0,0,"far"
"9375-7",1,0,1,0,2,41,0,1476999400533,"true",0,1,"split"
"9375-7",1,0,2,0,2,1,1,1476998057271,"false",0,0,"far"
"9375-7",1,0,2,0,2,2,1,1476998085705,"false",0,0,"close"
"9375-7",0,1,1,0,1,5,0,1476998288006,"true",0,1,"close"
"9375-7",0,0,1,1,0,4,0,1476998220429,"true",0,1,"split"
"9375-7",1,0,2,0,2,7,1,1476998341928,"true",0,0,"split"
"9375-7",0,0,2,1,0,6,1,1476998303077,"true",0,0,"split"
"9375-7",0,0,2,1,0,9,1,1476998387153,"true",0,0,"split"
"9375-7",0,0,2,1,0,8,1,1476998375573,"true",0,0,"close"
"9375-7",1,0,2,0,2,39,1,1476999349931,"true",0,0,"split"
"9375-7",0,1,1,0,1,38,0,1476999301586,"true",0,1,"split"
"9375-7",1,0,2,0,2,11,1,1476998448534,"true",0,0,"split"
"9375-7",0,1,2,0,1,10,1,1476998410072,"true",0,0,"split"
"9375-7",0,1,1,0,1,13,0,1476998505750,"true",0,1,"split"
"9375-7",0,1,2,0,1,12,1,1476998484168,"true",0,0,"split"
"9375-7",1,0,1,0,2,15,0,1476998541691,"true",0,1,"far"
"9375-7",0,1,0,0,1,14,0,1476998521000,"true",1,0,"close"
"9375-7",1,0,0,0,2,17,0,1476998632745,"true",1,0,"far"
"9375-7",1,0,2,0,2,16,1,1476998567450,"true",0,0,"far"
"9375-7",0,1,0,0,1,19,0,1476998685985,"true",1,0,"far"
"9375-7",1,0,1,0,2,18,0,1476998659184,"true",0,1,"close"
"9375-7",0,0,2,1,0,31,1,1476999031013,"true",0,0,"far"
"9375-7",1,0,2,0,2,30,1,1476999013231,"true",0,0,"far"
"9375-7",1,0,1,0,2,37,0,1476999278688,"true",0,1,"close"
"9375-7",1,0,1,0,2,36,0,1476999227921,"true",0,1,"far"
"9375-7",0,0,0,1,0,35,0,1476999217548,"true",1,0,"close"
"9375-7",0,1,0,0,1,34,0,1476999159491,"true",1,0,"split"
"9375-7",0,1,1,0,1,33,0,1476999111211,"true",0,1,"close"
"9375-7",0,0,1,1,0,32,0,1476999077963,"true",0,1,"close"
"9375-7",1,0,0,0,2,50,0,1476999610096,"true",1,0,"close"
