"gameid","sClicked_2","sClicked_1","lClickedIndex","sClicked_0","sClickedIndex","roundNum","lClicked_2","time","outcome","lClicked_0","lClicked_1","condition"
"9391-f",0,1,0,0,1,42,0,1476469083036,"true",1,0,"close"
"9391-f",0,0,2,1,0,48,1,1476469138047,"true",0,0,"split"
"9391-f",0,1,0,0,1,43,0,1476469094102,"true",1,0,"split"
"9391-f",0,0,2,1,0,49,1,1476469148004,"true",0,0,"far"
"9391-f",1,0,2,0,2,24,1,1476468867059,"true",0,0,"split"
"9391-f",1,0,0,0,2,25,0,1476468881161,"false",1,0,"close"
"9391-f",0,0,2,1,0,26,1,1476468887669,"true",0,0,"far"
"9391-f",0,1,2,0,1,27,1,1476468893388,"true",0,0,"far"
"9391-f",0,0,0,1,0,20,0,1476468808117,"true",1,0,"far"
"9391-f",0,1,2,0,1,21,1,1476468817996,"true",0,0,"far"
"9391-f",0,1,0,0,1,22,0,1476468848160,"true",1,0,"split"
"9391-f",1,0,2,0,2,23,1,1476468858327,"true",0,0,"close"
"9391-f",0,0,2,1,0,46,1,1476469122359,"true",0,0,"close"
"9391-f",0,1,0,0,1,47,0,1476469130325,"true",1,0,"split"
"9391-f",0,1,0,0,1,44,0,1476469101824,"true",1,0,"close"
"9391-f",0,1,2,0,1,45,1,1476469114569,"true",0,0,"split"
"9391-f",0,0,0,1,0,28,0,1476468926715,"true",1,0,"split"
"9391-f",1,0,0,0,2,29,0,1476468946088,"true",1,0,"close"
"9391-f",1,0,1,0,2,40,0,1476469061561,"true",0,1,"far"
"9391-f",1,0,0,0,2,41,0,1476469070731,"true",1,0,"far"
"9391-f",0,0,0,1,0,1,0,1476468535876,"false",1,0,"split"
"9391-f",0,1,2,0,1,3,1,1476468587320,"false",0,0,"close"
"9391-f",0,0,1,1,0,2,0,1476468564055,"true",0,1,"close"
"9391-f",0,1,0,0,1,5,0,1476468609227,"true",1,0,"close"
"9391-f",0,0,1,1,0,4,0,1476468598502,"true",0,1,"far"
"9391-f",0,1,0,0,1,7,0,1476468632622,"true",1,0,"close"
"9391-f",0,0,1,1,0,6,0,1476468624173,"true",0,1,"close"
"9391-f",0,0,0,1,0,9,0,1476468680077,"true",1,0,"split"
"9391-f",0,0,1,1,0,8,0,1476468648385,"false",0,1,"close"
"9391-f",1,0,0,0,2,39,0,1476469054955,"true",1,0,"split"
"9391-f",1,0,2,0,2,38,1,1476469045787,"true",0,0,"split"
"9391-f",0,1,1,0,1,11,0,1476468700011,"true",0,1,"far"
"9391-f",0,1,0,0,1,10,0,1476468692187,"true",1,0,"split"
"9391-f",0,0,0,1,0,13,0,1476468728706,"true",1,0,"split"
"9391-f",0,1,1,0,1,12,0,1476468707841,"true",0,1,"far"
"9391-f",0,1,0,0,1,15,0,1476468755177,"true",1,0,"close"
"9391-f",1,0,2,0,2,14,1,1476468735952,"true",0,0,"split"
"9391-f",1,0,1,0,2,17,0,1476468781126,"true",0,1,"close"
"9391-f",0,0,2,1,0,16,1,1476468763068,"true",0,0,"far"
"9391-f",0,1,1,0,1,19,0,1476468801612,"true",0,1,"far"
"9391-f",1,0,1,0,2,18,0,1476468793753,"true",0,1,"split"
"9391-f",0,0,0,1,0,31,0,1476468974115,"true",1,0,"far"
"9391-f",0,1,0,0,1,30,0,1476468954326,"true",1,0,"far"
"9391-f",1,0,1,0,2,37,0,1476469033684,"true",0,1,"split"
"9391-f",0,1,2,0,1,36,1,1476469027050,"false",0,0,"close"
"9391-f",1,0,1,0,2,35,0,1476469015026,"true",0,1,"far"
"9391-f",0,1,1,0,1,34,0,1476469005614,"true",0,1,"far"
"9391-f",0,1,2,0,1,33,1,1476468991475,"true",0,0,"far"
"9391-f",1,0,2,0,2,32,1,1476468982503,"true",0,0,"close"
"9391-f",1,0,2,0,2,50,1,1476469182710,"true",0,0,"close"
