"gameid","sClicked_2","sClicked_1","lClickedIndex","sClicked_0","sClickedIndex","roundNum","lClicked_2","time","outcome","lClicked_0","lClicked_1","condition"
"9405-b",0,0,2,1,0,42,1,1476995037601,"true",0,0,"close"
"9405-b",1,0,2,0,2,48,1,1476995155802,"true",0,0,"far"
"9405-b",0,0,2,1,0,43,1,1476995055281,"false",0,0,"close"
"9405-b",0,1,2,0,1,49,1,1476995199388,"true",0,0,"close"
"9405-b",0,0,0,1,0,24,0,1476994504260,"true",1,0,"close"
"9405-b",0,1,2,0,1,25,1,1476994547495,"true",0,0,"close"
"9405-b",0,0,0,1,0,26,0,1476994564174,"true",1,0,"far"
"9405-b",0,1,0,0,1,27,0,1476994580046,"true",1,0,"split"
"9405-b",0,0,2,1,0,20,1,1476994369716,"true",0,0,"split"
"9405-b",1,0,2,0,2,21,1,1476994403850,"true",0,0,"close"
"9405-b",0,0,1,1,0,22,0,1476994434586,"true",0,1,"split"
"9405-b",0,0,1,1,0,23,0,1476994446931,"true",0,1,"far"
"9405-b",0,1,0,0,1,46,0,1476995123220,"true",1,0,"far"
"9405-b",1,0,1,0,2,47,0,1476995141850,"true",0,1,"split"
"9405-b",0,1,0,0,1,44,0,1476995073070,"true",1,0,"far"
"9405-b",0,0,2,1,0,45,1,1476995085540,"true",0,0,"far"
"9405-b",0,0,0,1,0,28,0,1476994591168,"true",1,0,"far"
"9405-b",1,0,1,0,2,29,0,1476994625741,"true",0,1,"close"
"9405-b",0,0,0,1,0,40,0,1476994926253,"true",1,0,"split"
"9405-b",0,1,0,0,1,41,0,1476994982920,"true",1,0,"split"
"9405-b",0,1,1,0,1,1,0,1476993645463,"true",0,1,"split"
"9405-b",0,1,0,0,1,3,0,1476993691574,"true",1,0,"split"
"9405-b",0,0,2,1,0,2,1,1476993664528,"true",0,0,"close"
"9405-b",0,0,0,1,0,5,0,1476993820371,"true",1,0,"close"
"9405-b",1,0,1,0,2,4,0,1476993706784,"true",0,1,"far"
"9405-b",1,0,2,0,2,7,1,1476993862382,"true",0,0,"split"
"9405-b",0,0,2,1,0,6,1,1476993843183,"true",0,0,"close"
"9405-b",0,0,1,1,0,9,0,1476993944830,"true",0,1,"far"
"9405-b",0,1,2,0,1,8,1,1476993922580,"true",0,0,"close"
"9405-b",0,1,1,0,1,39,0,1476994911516,"true",0,1,"far"
"9405-b",0,1,1,0,1,38,0,1476994899483,"true",0,1,"far"
"9405-b",1,0,0,0,2,11,0,1476994065364,"true",1,0,"split"
"9405-b",0,0,0,1,0,10,0,1476993955090,"true",1,0,"far"
"9405-b",0,1,0,0,1,13,0,1476994099924,"true",1,0,"split"
"9405-b",1,0,0,0,2,12,0,1476994087062,"true",1,0,"far"
"9405-b",0,0,1,1,0,15,0,1476994172989,"true",0,1,"far"
"9405-b",1,0,1,0,2,14,0,1476994154676,"false",0,1,"split"
"9405-b",0,0,1,1,0,17,0,1476994240334,"true",0,1,"close"
"9405-b",1,0,0,0,2,16,0,1476994207767,"true",1,0,"close"
"9405-b",0,1,2,0,1,19,1,1476994359676,"true",0,0,"close"
"9405-b",0,1,1,0,1,18,0,1476994326114,"true",0,1,"close"
"9405-b",1,0,1,0,2,31,0,1476994755735,"true",0,1,"close"
"9405-b",1,0,2,0,2,30,1,1476994709697,"true",0,0,"close"
"9405-b",0,1,1,0,1,37,0,1476994887084,"true",0,1,"far"
"9405-b",1,0,1,0,2,36,0,1476994852677,"true",0,1,"split"
"9405-b",0,0,0,1,0,35,0,1476994815094,"true",1,0,"split"
"9405-b",1,0,2,0,2,34,1,1476994795566,"true",0,0,"split"
"9405-b",0,1,2,0,1,33,1,1476994781375,"true",0,0,"far"
"9405-b",0,1,2,0,1,32,1,1476994767565,"true",0,0,"far"
"9405-b",0,0,0,1,0,50,0,1476995224977,"true",1,0,"split"
