"gameid","sClicked_2","sClicked_1","lClickedIndex","sClicked_0","sClickedIndex","roundNum","lClicked_2","time","outcome","lClicked_0","lClicked_1","condition"
"9444-5",0,1,1,0,1,42,0,1476503774010,"true",0,1,"far"
"9444-5",0,1,2,0,1,48,1,1476503872532,"true",0,0,"far"
"9444-5",0,1,0,0,1,43,0,1476503793382,"true",1,0,"far"
"9444-5",0,1,0,0,1,49,0,1476503883268,"true",1,0,"far"
"9444-5",0,0,1,1,0,24,0,1476503523225,"true",0,1,"far"
"9444-5",1,0,0,0,2,25,0,1476503536775,"true",1,0,"split"
"9444-5",1,0,1,0,2,26,0,1476503544279,"true",0,1,"far"
"9444-5",0,1,2,0,1,27,1,1476503563739,"false",0,0,"split"
"9444-5",0,0,2,1,0,20,1,1476503472278,"true",0,0,"close"
"9444-5",1,0,2,0,2,21,1,1476503484473,"true",0,0,"split"
"9444-5",0,1,2,0,1,22,1,1476503500607,"true",0,0,"split"
"9444-5",1,0,1,0,2,23,0,1476503514919,"true",0,1,"close"
"9444-5",1,0,2,0,2,46,1,1476503853839,"true",0,0,"far"
"9444-5",0,1,0,0,1,47,0,1476503862178,"true",1,0,"close"
"9444-5",0,1,2,0,1,44,1,1476503808730,"true",0,0,"close"
"9444-5",0,1,1,0,1,45,0,1476503841940,"true",0,1,"close"
"9444-5",1,0,0,0,2,28,0,1476503588279,"true",1,0,"close"
"9444-5",0,0,0,1,0,29,0,1476503600481,"true",1,0,"split"
"9444-5",0,1,2,0,1,40,1,1476503752830,"true",0,0,"close"
"9444-5",0,1,1,0,1,41,0,1476503766086,"true",0,1,"far"
"9444-5",0,1,0,0,1,1,0,1476503111590,"true",1,0,"split"
"9444-5",0,1,2,0,1,3,1,1476503188969,"false",0,0,"split"
"9444-5",1,0,2,0,2,2,1,1476503132261,"true",0,0,"close"
"9444-5",1,0,2,0,2,5,1,1476503260448,"true",0,0,"split"
"9444-5",0,1,2,0,1,4,1,1476503240158,"true",0,0,"split"
"9444-5",0,1,2,0,1,7,1,1476503278218,"true",0,0,"far"
"9444-5",0,0,2,1,0,6,1,1476503267959,"true",0,0,"far"
"9444-5",0,1,2,0,1,9,1,1476503325449,"true",0,0,"far"
"9444-5",0,0,1,1,0,8,0,1476503314135,"true",0,1,"close"
"9444-5",1,0,2,0,2,39,1,1476503738021,"true",0,0,"split"
"9444-5",1,0,2,0,2,38,1,1476503727519,"true",0,0,"far"
"9444-5",0,0,2,1,0,11,1,1476503352688,"true",0,0,"close"
"9444-5",1,0,0,0,2,10,0,1476503342379,"true",1,0,"split"
"9444-5",0,1,1,0,1,13,0,1476503372356,"true",0,1,"split"
"9444-5",1,0,2,0,2,12,1,1476503364593,"true",0,0,"split"
"9444-5",0,0,0,1,0,15,0,1476503394760,"true",1,0,"far"
"9444-5",0,1,1,0,1,14,0,1476503380053,"true",0,1,"close"
"9444-5",1,0,1,0,2,17,0,1476503420541,"true",0,1,"split"
"9444-5",1,0,0,0,2,16,0,1476503410580,"true",1,0,"close"
"9444-5",1,0,1,0,2,19,0,1476503451999,"true",0,1,"far"
"9444-5",0,0,1,1,0,18,0,1476503441294,"true",0,1,"split"
"9444-5",1,0,1,0,2,31,0,1476503639840,"true",0,1,"close"
"9444-5",0,0,1,1,0,30,0,1476503622616,"true",0,1,"far"
"9444-5",1,0,0,0,2,37,0,1476503718024,"true",1,0,"split"
"9444-5",0,0,2,1,0,36,1,1476503708759,"false",0,0,"split"
"9444-5",0,1,0,0,1,35,0,1476503697011,"true",1,0,"close"
"9444-5",1,0,1,0,2,34,0,1476503680441,"false",0,1,"close"
"9444-5",0,1,2,0,1,33,1,1476503667112,"false",0,0,"far"
"9444-5",1,0,1,0,2,32,0,1476503656260,"true",0,1,"close"
"9444-5",0,0,1,1,0,50,0,1476503903007,"true",0,1,"close"
