"gameid","sClicked_2","sClicked_1","lClickedIndex","sClicked_0","sClickedIndex","roundNum","lClicked_2","time","outcome","lClicked_0","lClicked_1","condition"
"9447-5",0,1,1,0,1,42,0,1476480895948,"true",0,1,"far"
"9447-5",0,1,0,0,1,48,0,1476480983575,"true",1,0,"close"
"9447-5",1,0,1,0,2,43,0,1476480908626,"true",0,1,"split"
"9447-5",0,0,2,1,0,49,1,1476481004780,"true",0,0,"close"
"9447-5",0,1,2,0,1,24,1,1476480523779,"true",0,0,"split"
"9447-5",1,0,2,0,2,25,1,1476480551574,"false",0,0,"close"
"9447-5",0,1,0,0,1,26,0,1476480564230,"true",1,0,"far"
"9447-5",0,1,2,0,1,27,1,1476480579125,"true",0,0,"close"
"9447-5",1,0,1,0,2,20,0,1476480485019,"true",0,1,"close"
"9447-5",0,0,1,1,0,21,0,1476480497115,"true",0,1,"close"
"9447-5",1,0,2,0,2,22,1,1476480506450,"true",0,0,"split"
"9447-5",0,1,2,0,1,23,1,1476480514097,"true",0,0,"split"
"9447-5",0,1,0,0,1,46,0,1476480958380,"false",1,0,"split"
"9447-5",0,1,1,0,1,47,0,1476480969410,"true",0,1,"far"
"9447-5",0,1,1,0,1,44,0,1476480918010,"true",0,1,"split"
"9447-5",0,1,2,0,1,45,1,1476480928411,"true",0,0,"close"
"9447-5",0,1,2,0,1,28,1,1476480586399,"true",0,0,"far"
"9447-5",1,0,0,0,2,29,0,1476480602497,"true",1,0,"split"
"9447-5",0,1,0,0,1,40,0,1476480874228,"true",1,0,"far"
"9447-5",1,0,0,0,2,41,0,1476480885713,"true",1,0,"split"
"9447-5",1,0,1,0,2,1,0,1476480219779,"true",0,1,"split"
"9447-5",0,0,1,1,0,3,0,1476480280632,"true",0,1,"far"
"9447-5",0,1,2,0,1,2,1,1476480270223,"false",0,0,"close"
"9447-5",0,0,1,1,0,5,0,1476480313684,"true",0,1,"close"
"9447-5",1,0,0,0,2,4,0,1476480289258,"true",1,0,"far"
"9447-5",1,0,1,0,2,7,0,1476480337215,"true",0,1,"split"
"9447-5",1,0,1,0,2,6,0,1476480325739,"true",0,1,"far"
"9447-5",0,0,1,1,0,9,0,1476480359142,"true",0,1,"far"
"9447-5",0,0,0,1,0,8,0,1476480346651,"true",1,0,"far"
"9447-5",0,1,2,0,1,39,1,1476480863034,"true",0,0,"close"
"9447-5",0,0,0,1,0,38,0,1476480847536,"true",1,0,"split"
"9447-5",0,1,1,0,1,11,0,1476480379089,"true",0,1,"close"
"9447-5",0,0,0,1,0,10,0,1476480366520,"true",1,0,"far"
"9447-5",0,1,0,0,1,13,0,1476480401718,"true",1,0,"close"
"9447-5",1,0,0,0,2,12,0,1476480386597,"true",1,0,"far"
"9447-5",1,0,0,0,2,15,0,1476480429785,"true",1,0,"close"
"9447-5",1,0,0,0,2,14,0,1476480408868,"true",1,0,"split"
"9447-5",0,0,2,1,0,17,1,1476480458353,"true",0,0,"close"
"9447-5",0,0,2,1,0,16,1,1476480444215,"true",0,0,"split"
"9447-5",0,0,0,1,0,19,0,1476480477840,"true",1,0,"split"
"9447-5",0,0,0,1,0,18,0,1476480470227,"true",1,0,"split"
"9447-5",1,0,2,0,2,31,1,1476480650993,"true",0,0,"far"
"9447-5",0,0,2,1,0,30,1,1476480623261,"true",0,0,"far"
"9447-5",0,1,0,0,1,37,0,1476480838303,"true",1,0,"close"
"9447-5",0,0,2,1,0,36,1,1476480821492,"true",0,0,"far"
"9447-5",0,1,0,0,1,34,0,1476480766804,"false",1,0,"close"
"9447-5",1,0,2,0,2,33,1,1476480702669,"true",0,0,"far"
"9447-5",0,1,2,0,1,32,1,1476480684234,"true",0,0,"split"
"9447-5",0,1,0,0,1,50,0,1476481028198,"true",1,0,"far"
