"gameid","sClicked_2","sClicked_1","lClickedIndex","sClicked_0","sClickedIndex","roundNum","lClicked_2","time","outcome","lClicked_0","lClicked_1","condition"
"9487-1",0,1,0,0,1,42,0,1476988722287,"true",1,0,"close"
"9487-1",0,1,0,0,1,48,0,1476988808905,"true",1,0,"split"
"9487-1",0,1,1,0,1,43,0,1476988730724,"true",0,1,"split"
"9487-1",0,1,1,0,1,49,0,1476988835786,"true",0,1,"split"
"9487-1",0,1,1,0,1,24,0,1476988499974,"true",0,1,"far"
"9487-1",0,1,2,0,1,25,1,1476988507779,"true",0,0,"close"
"9487-1",1,0,1,0,2,26,0,1476988515098,"true",0,1,"far"
"9487-1",0,1,0,0,1,27,0,1476988523299,"true",1,0,"far"
"9487-1",0,0,2,1,0,20,1,1476988452438,"true",0,0,"far"
"9487-1",0,0,0,1,0,21,0,1476988468762,"true",1,0,"close"
"9487-1",0,1,2,0,1,22,1,1476988475747,"true",0,0,"far"
"9487-1",0,1,0,0,1,23,0,1476988484802,"true",1,0,"split"
"9487-1",0,1,1,0,1,46,0,1476988793057,"true",0,1,"split"
"9487-1",1,0,0,0,2,47,0,1476988799084,"true",1,0,"far"
"9487-1",0,1,2,0,1,44,1,1476988762536,"true",0,0,"close"
"9487-1",0,0,0,1,0,45,0,1476988775948,"true",1,0,"split"
"9487-1",0,0,2,1,0,28,1,1476988529917,"true",0,0,"far"
"9487-1",0,1,2,0,1,29,1,1476988539027,"true",0,0,"far"
"9487-1",0,0,2,1,0,40,1,1476988698431,"true",0,0,"split"
"9487-1",0,0,2,1,0,41,1,1476988707016,"true",0,0,"close"
"9487-1",0,1,1,0,1,1,0,1476988219021,"true",0,1,"close"
"9487-1",1,0,2,0,2,3,1,1476988242173,"true",0,0,"far"
"9487-1",1,0,2,0,2,2,1,1476988233956,"true",0,0,"close"
"9487-1",0,1,0,0,1,5,0,1476988274781,"true",1,0,"split"
"9487-1",0,1,0,0,1,4,0,1476988266685,"true",1,0,"close"
"9487-1",0,0,2,1,0,7,1,1476988300832,"true",0,0,"far"
"9487-1",0,1,2,0,1,6,1,1476988290103,"true",0,0,"close"
"9487-1",0,1,2,0,1,9,1,1476988319711,"true",0,0,"far"
"9487-1",1,0,1,0,2,8,0,1476988311561,"true",0,1,"far"
"9487-1",0,1,0,0,1,39,0,1476988689992,"true",1,0,"close"
"9487-1",0,1,1,0,1,38,0,1476988679830,"true",0,1,"close"
"9487-1",0,0,0,1,0,11,0,1476988336920,"true",1,0,"split"
"9487-1",0,1,2,0,1,10,1,1476988327048,"true",0,0,"split"
"9487-1",1,0,1,0,2,13,0,1476988361016,"true",0,1,"far"
"9487-1",1,0,2,0,2,12,1,1476988351734,"true",0,0,"split"
"9487-1",1,0,0,0,2,15,0,1476988383147,"true",1,0,"split"
"9487-1",0,0,1,1,0,14,0,1476988369631,"true",0,1,"split"
"9487-1",0,0,0,1,0,17,0,1476988399204,"true",1,0,"split"
"9487-1",0,1,1,0,1,16,0,1476988389774,"true",0,1,"close"
"9487-1",0,0,1,1,0,19,0,1476988439497,"true",0,1,"far"
"9487-1",0,1,0,0,1,18,0,1476988432513,"true",1,0,"close"
"9487-1",0,1,1,0,1,31,0,1476988556604,"false",0,1,"far"
"9487-1",0,1,1,0,1,30,0,1476988548227,"true",0,1,"close"
"9487-1",0,0,1,1,0,37,0,1476988671846,"true",0,1,"close"
"9487-1",0,0,2,1,0,36,1,1476988649600,"true",0,0,"far"
"9487-1",0,0,2,1,0,35,1,1476988642142,"true",0,0,"close"
"9487-1",1,0,1,0,2,34,0,1476988625711,"true",0,1,"split"
"9487-1",0,0,0,1,0,33,0,1476988611685,"true",1,0,"close"
"9487-1",1,0,1,0,2,32,0,1476988577901,"true",0,1,"far"
"9487-1",1,0,0,0,2,50,0,1476988845660,"true",1,0,"split"
