"gameid","sClicked_2","sClicked_1","lClickedIndex","sClicked_0","sClickedIndex","roundNum","lClicked_2","time","outcome","lClicked_0","lClicked_1","condition"
"9520-5",0,1,2,0,1,42,1,1476471550540,"true",0,0,"split"
"9520-5",1,0,1,0,2,48,0,1476471650540,"false",0,1,"close"
"9520-5",0,1,1,0,1,43,0,1476471576828,"false",0,1,"close"
"9520-5",1,0,2,0,2,49,1,1476471658852,"true",0,0,"far"
"9520-5",0,1,1,0,1,24,0,1476471146965,"false",0,1,"split"
"9520-5",0,0,1,1,0,25,0,1476471156893,"true",0,1,"split"
"9520-5",0,1,2,0,1,26,1,1476471168133,"true",0,0,"split"
"9520-5",0,1,0,0,1,27,0,1476471181117,"false",1,0,"far"
"9520-5",1,0,2,0,2,20,1,1476471061109,"true",0,0,"split"
"9520-5",0,0,1,1,0,21,0,1476471068957,"true",0,1,"far"
"9520-5",0,1,1,0,1,22,0,1476471092733,"true",0,1,"split"
"9520-5",1,0,1,0,2,23,0,1476471132605,"true",0,1,"close"
"9520-5",0,1,2,0,1,46,1,1476471604420,"true",0,0,"far"
"9520-5",0,0,2,1,0,47,1,1476471639012,"true",0,0,"close"
"9520-5",0,0,2,1,0,44,1,1476471585980,"true",0,0,"close"
"9520-5",1,0,2,0,2,45,1,1476471594869,"true",0,0,"close"
"9520-5",1,0,0,0,2,28,0,1476471218509,"true",1,0,"split"
"9520-5",0,0,1,1,0,29,0,1476471250148,"false",0,1,"close"
"9520-5",0,1,0,0,1,40,0,1476471523941,"true",1,0,"close"
"9520-5",0,1,0,0,1,41,0,1476471534734,"true",1,0,"close"
"9520-5",1,0,0,0,2,1,0,1476470789751,"false",1,0,"split"
"9520-5",0,0,2,1,0,3,1,1476470805406,"true",0,0,"split"
"9520-5",1,0,0,0,2,2,0,1476470797390,"true",1,0,"far"
"9520-5",1,0,0,0,2,5,0,1476470826822,"true",1,0,"split"
"9520-5",0,1,0,0,1,4,0,1476470816390,"true",1,0,"far"
"9520-5",1,0,0,0,2,7,0,1476470872621,"false",1,0,"close"
"9520-5",0,0,2,1,0,6,1,1476470837078,"true",0,0,"split"
"9520-5",0,0,1,1,0,9,0,1476470897190,"true",0,1,"split"
"9520-5",0,0,2,1,0,8,1,1476470881398,"true",0,0,"far"
"9520-5",0,1,0,0,1,39,0,1476471507068,"true",1,0,"far"
"9520-5",0,0,0,1,0,38,0,1476471479516,"true",1,0,"far"
"9520-5",0,0,2,1,0,11,1,1476470927366,"true",0,0,"close"
"9520-5",0,0,2,1,0,10,1,1476470908533,"true",0,0,"close"
"9520-5",0,0,1,1,0,13,0,1476470949813,"true",0,1,"far"
"9520-5",0,0,0,1,0,12,0,1476470943165,"true",1,0,"far"
"9520-5",0,0,1,1,0,15,0,1476470974015,"true",0,1,"close"
"9520-5",1,0,2,0,2,14,1,1476470960357,"true",0,0,"far"
"9520-5",0,1,0,0,1,17,0,1476470995478,"true",1,0,"far"
"9520-5",1,0,1,0,2,16,0,1476470985541,"false",0,1,"close"
"9520-5",0,0,0,1,0,19,0,1476471040085,"false",1,0,"far"
"9520-5",1,0,2,0,2,18,1,1476471031398,"false",0,0,"far"
"9520-5",1,0,0,0,2,31,0,1476471297453,"false",1,0,"close"
"9520-5",0,1,0,0,1,30,0,1476471283972,"true",1,0,"split"
"9520-5",0,1,0,0,1,37,0,1476471462044,"true",1,0,"split"
"9520-5",0,0,0,1,0,36,0,1476471436596,"true",1,0,"far"
"9520-5",0,1,0,0,1,35,0,1476471424148,"true",1,0,"close"
"9520-5",0,1,0,0,1,34,0,1476471352821,"false",1,0,"split"
"9520-5",0,1,0,0,1,33,0,1476471342356,"true",1,0,"far"
"9520-5",0,0,2,1,0,32,1,1476471332893,"false",0,0,"split"
"9520-5",1,0,0,0,2,50,0,1476471669340,"true",1,0,"split"
