"gameid","sClicked_2","sClicked_1","lClickedIndex","sClicked_0","sClickedIndex","roundNum","lClicked_2","time","outcome","lClicked_0","lClicked_1","condition"
"9536-4",1,0,2,0,2,42,1,1459889323342,"true",0,0,"split"
"9536-4",1,0,2,0,2,48,1,1459889395546,"true",0,0,"split"
"9536-4",0,1,2,0,1,43,1,1459889334001,"true",0,0,"far"
"9536-4",0,0,0,1,0,49,0,1459889402539,"true",1,0,"split"
"9536-4",1,0,0,0,2,24,0,1459889108662,"true",1,0,"far"
"9536-4",0,0,2,1,0,25,1,1459889121159,"true",0,0,"close"
"9536-4",0,0,2,1,0,26,1,1459889128718,"true",0,0,"far"
"9536-4",0,0,0,1,0,27,0,1459889137690,"true",1,0,"split"
"9536-4",0,1,0,0,1,20,0,1459889075590,"true",1,0,"split"
"9536-4",0,0,2,1,0,21,1,1459889082633,"true",0,0,"far"
"9536-4",0,1,0,0,1,22,0,1459889092021,"true",1,0,"split"
"9536-4",1,0,0,0,2,23,0,1459889101019,"true",1,0,"far"
"9536-4",0,0,0,1,0,46,0,1459889369768,"true",1,0,"far"
"9536-4",0,1,2,0,1,47,1,1459889380460,"true",0,0,"far"
"9536-4",0,0,0,1,0,44,0,1459889349377,"true",1,0,"far"
"9536-4",0,0,1,1,0,45,0,1459889360648,"true",0,1,"split"
"9536-4",0,1,2,0,1,28,1,1459889148283,"false",0,0,"far"
"9536-4",0,1,2,0,1,29,1,1459889161000,"true",0,0,"split"
"9536-4",0,0,2,1,0,40,1,1459889295414,"true",0,0,"close"
"9536-4",0,1,2,0,1,41,1,1459889307311,"true",0,0,"far"
"9536-4",1,0,0,0,2,1,0,1459888812702,"true",1,0,"close"
"9536-4",1,0,0,0,2,3,0,1459888843471,"true",1,0,"split"
"9536-4",0,1,0,0,1,2,0,1459888828303,"true",1,0,"split"
"9536-4",0,1,0,0,1,5,0,1459888885295,"true",1,0,"close"
"9536-4",0,1,0,0,1,4,0,1459888863926,"true",1,0,"split"
"9536-4",0,1,1,0,1,7,0,1459888904874,"true",0,1,"close"
"9536-4",0,0,0,1,0,6,0,1459888896012,"true",1,0,"far"
"9536-4",1,0,1,0,2,9,0,1459888932484,"false",0,1,"far"
"9536-4",1,0,2,0,2,8,1,1459888914948,"true",0,0,"far"
"9536-4",0,1,2,0,1,39,1,1459889285818,"true",0,0,"far"
"9536-4",0,1,2,0,1,38,1,1459889271850,"true",0,0,"close"
"9536-4",0,1,1,0,1,11,0,1459888955351,"true",0,1,"close"
"9536-4",0,0,1,1,0,10,0,1459888941179,"true",0,1,"far"
"9536-4",0,0,1,1,0,13,0,1459888979619,"true",0,1,"close"
"9536-4",0,1,1,0,1,12,0,1459888966397,"true",0,1,"close"
"9536-4",0,0,0,1,0,15,0,1459889004626,"true",1,0,"close"
"9536-4",0,1,2,0,1,14,1,1459888989483,"true",0,0,"far"
"9536-4",0,0,2,1,0,17,1,1459889032318,"true",0,0,"split"
"9536-4",0,0,0,1,0,16,0,1459889016792,"true",1,0,"split"
"9536-4",1,0,1,0,2,19,0,1459889065195,"true",0,1,"close"
"9536-4",1,0,0,0,2,18,0,1459889045623,"true",1,0,"split"
"9536-4",0,0,0,1,0,31,0,1459889179458,"true",1,0,"split"
"9536-4",0,0,2,1,0,30,1,1459889170715,"true",0,0,"far"
"9536-4",0,1,2,0,1,37,1,1459889263603,"true",0,0,"close"
"9536-4",0,1,0,0,1,36,0,1459889253745,"true",1,0,"close"
"9536-4",0,0,0,1,0,35,0,1459889244372,"true",1,0,"split"
"9536-4",0,0,2,1,0,34,1,1459889234368,"true",0,0,"close"
"9536-4",0,0,0,1,0,33,0,1459889213121,"true",1,0,"close"
"9536-4",0,0,1,1,0,32,0,1459889191828,"true",0,1,"split"
"9536-4",0,0,1,1,0,50,0,1459889419043,"true",0,1,"close"
