"gameid","sClicked_2","sClicked_1","lClickedIndex","sClicked_0","sClickedIndex","roundNum","lClicked_2","time","outcome","lClicked_0","lClicked_1","condition"
"9544-2",0,1,2,0,1,42,1,1476474520658,"true",0,0,"close"
"9544-2",0,1,0,0,1,48,0,1476474598572,"true",1,0,"far"
"9544-2",0,1,2,0,1,43,1,1476474528747,"false",0,0,"close"
"9544-2",1,0,0,0,2,49,0,1476474608364,"false",1,0,"close"
"9544-2",1,0,0,0,2,24,0,1476474293359,"true",1,0,"far"
"9544-2",1,0,1,0,2,25,0,1476474309719,"true",0,1,"split"
"9544-2",1,0,1,0,2,26,0,1476474324415,"true",0,1,"close"
"9544-2",0,0,0,1,0,27,0,1476474338440,"true",1,0,"far"
"9544-2",0,0,2,1,0,20,1,1476474232262,"true",0,0,"far"
"9544-2",1,0,1,0,2,21,0,1476474242606,"true",0,1,"close"
"9544-2",0,1,0,0,1,22,0,1476474261846,"true",1,0,"split"
"9544-2",0,0,1,1,0,23,0,1476474282255,"true",0,1,"split"
"9544-2",0,1,0,0,1,46,0,1476474575628,"true",1,0,"split"
"9544-2",1,0,0,0,2,47,0,1476474587764,"true",1,0,"split"
"9544-2",0,0,1,1,0,44,0,1476474543507,"true",0,1,"far"
"9544-2",0,0,2,1,0,45,1,1476474567380,"true",0,0,"close"
"9544-2",1,0,0,0,2,28,0,1476474355992,"true",1,0,"close"
"9544-2",1,0,2,0,2,29,1,1476474367504,"true",0,0,"split"
"9544-2",0,0,0,1,0,40,0,1476474498202,"true",1,0,"far"
"9544-2",1,0,2,0,2,41,1,1476474505570,"true",0,0,"close"
"9544-2",0,0,1,1,0,1,0,1476473927795,"true",0,1,"split"
"9544-2",0,0,1,1,0,3,0,1476473965433,"true",0,1,"close"
"9544-2",0,0,0,1,0,2,0,1476473940273,"true",1,0,"close"
"9544-2",1,0,2,0,2,5,1,1476473996714,"true",0,0,"split"
"9544-2",0,0,0,1,0,4,0,1476473980121,"true",1,0,"far"
"9544-2",0,0,0,1,0,7,0,1476474018890,"true",1,0,"close"
"9544-2",0,1,2,0,1,6,1,1476474008330,"true",0,0,"far"
"9544-2",0,1,2,0,1,9,1,1476474045282,"true",0,0,"close"
"9544-2",1,0,2,0,2,8,1,1476474031834,"true",0,0,"far"
"9544-2",0,0,2,1,0,39,1,1476474489954,"true",0,0,"close"
"9544-2",1,0,2,0,2,38,1,1476474472978,"true",0,0,"far"
"9544-2",0,1,2,0,1,11,1,1476474094660,"false",0,0,"close"
"9544-2",0,0,2,1,0,10,1,1476474061787,"true",0,0,"split"
"9544-2",1,0,2,0,2,13,1,1476474118355,"true",0,0,"split"
"9544-2",0,0,0,1,0,12,0,1476474107412,"true",1,0,"far"
"9544-2",1,0,0,0,2,15,0,1476474146492,"true",1,0,"far"
"9544-2",1,0,0,0,2,14,0,1476474134764,"false",1,0,"close"
"9544-2",1,0,2,0,2,17,1,1476474192373,"true",0,0,"far"
"9544-2",0,0,1,1,0,16,0,1476474166132,"true",0,1,"split"
"9544-2",0,0,1,1,0,19,0,1476474213110,"true",0,1,"split"
"9544-2",0,0,2,1,0,18,1,1476474200213,"true",0,0,"far"
"9544-2",1,0,2,0,2,31,1,1476474393728,"true",0,0,"split"
"9544-2",0,1,0,0,1,30,0,1476474380888,"true",1,0,"split"
"9544-2",0,0,1,1,0,37,0,1476474464282,"false",0,1,"far"
"9544-2",0,0,1,1,0,36,0,1476474457194,"true",0,1,"close"
"9544-2",0,0,1,1,0,35,0,1476474446561,"true",0,1,"split"
"9544-2",0,1,2,0,1,34,1,1476474433057,"true",0,0,"split"
"9544-2",1,0,2,0,2,33,1,1476474418505,"true",0,0,"split"
"9544-2",0,1,2,0,1,32,1,1476474408905,"true",0,0,"far"
"9544-2",0,0,1,1,0,50,0,1476474616372,"true",0,1,"far"
