"gameid","sClicked_2","sClicked_1","lClickedIndex","sClicked_0","sClickedIndex","roundNum","lClicked_2","time","outcome","lClicked_0","lClicked_1","condition"
"9586-c",0,0,0,1,0,42,0,1476993393635,"true",1,0,"close"
"9586-c",0,0,0,1,0,48,0,1476993494358,"true",1,0,"close"
"9586-c",0,0,2,1,0,43,1,1476993416793,"true",0,0,"split"
"9586-c",0,0,2,1,0,49,1,1476993508627,"true",0,0,"split"
"9586-c",0,1,0,0,1,24,0,1476993169369,"true",1,0,"split"
"9586-c",0,1,0,0,1,25,0,1476993179379,"true",1,0,"split"
"9586-c",0,0,0,1,0,26,0,1476993189595,"true",1,0,"far"
"9586-c",0,0,0,1,0,27,0,1476993201980,"true",1,0,"split"
"9586-c",1,0,2,0,2,20,1,1476993107427,"true",0,0,"far"
"9586-c",0,1,0,0,1,21,0,1476993128972,"true",1,0,"close"
"9586-c",0,0,0,1,0,22,0,1476993135516,"true",1,0,"far"
"9586-c",0,1,2,0,1,23,1,1476993148355,"true",0,0,"split"
"9586-c",0,0,1,1,0,46,0,1476993460063,"true",0,1,"close"
"9586-c",0,0,1,1,0,47,0,1476993473081,"true",0,1,"far"
"9586-c",1,0,0,0,2,44,0,1476993429196,"true",1,0,"split"
"9586-c",1,0,1,0,2,45,0,1476993441916,"true",0,1,"split"
"9586-c",1,0,1,0,2,28,0,1476993208188,"true",0,1,"far"
"9586-c",0,0,1,1,0,29,0,1476993226684,"true",0,1,"close"
"9586-c",0,0,0,1,0,40,0,1476993362537,"true",1,0,"split"
"9586-c",1,0,1,0,2,41,0,1476993368707,"true",0,1,"far"
"9586-c",0,0,0,1,0,1,0,1476992800227,"true",1,0,"far"
"9586-c",0,1,1,0,1,3,0,1476992821766,"true",0,1,"split"
"9586-c",1,0,1,0,2,2,0,1476992810777,"true",0,1,"far"
"9586-c",0,0,0,1,0,5,0,1476992882262,"true",1,0,"close"
"9586-c",1,0,1,0,2,4,0,1476992870598,"false",0,1,"close"
"9586-c",1,0,0,0,2,7,0,1476992905670,"true",1,0,"split"
"9586-c",0,1,1,0,1,6,0,1476992888877,"true",0,1,"far"
"9586-c",0,1,1,0,1,9,0,1476992932118,"true",0,1,"far"
"9586-c",0,0,1,1,0,8,0,1476992917603,"true",0,1,"far"
"9586-c",1,0,1,0,2,39,0,1476993355901,"true",0,1,"split"
"9586-c",1,0,0,0,2,38,0,1476993346195,"true",1,0,"far"
"9586-c",0,1,1,0,1,11,0,1476992967100,"true",0,1,"close"
"9586-c",1,0,2,0,2,10,1,1476992946694,"true",0,0,"close"
"9586-c",0,0,1,1,0,13,0,1476992991580,"true",0,1,"far"
"9586-c",1,0,0,0,2,12,0,1476992984182,"true",1,0,"split"
"9586-c",1,0,1,0,2,15,0,1476993024022,"true",0,1,"split"
"9586-c",0,1,2,0,1,14,1,1476993011110,"true",0,0,"split"
"9586-c",0,1,1,0,1,17,0,1476993056828,"true",0,1,"far"
"9586-c",1,0,2,0,2,16,1,1476993038134,"true",0,0,"far"
"9586-c",1,0,1,0,2,19,0,1476993095084,"true",0,1,"close"
"9586-c",0,0,0,1,0,18,0,1476993081276,"true",1,0,"close"
"9586-c",0,0,2,1,0,31,1,1476993259660,"true",0,0,"close"
"9586-c",0,0,2,1,0,30,1,1476993238860,"true",0,0,"close"
"9586-c",1,0,1,0,2,37,0,1476993328534,"true",0,1,"close"
"9586-c",1,0,0,0,2,36,0,1476993312419,"true",1,0,"close"
"9586-c",0,1,2,0,1,35,1,1476993297577,"true",0,0,"split"
"9586-c",0,0,2,1,0,34,1,1476993291299,"true",0,0,"close"
"9586-c",0,1,1,0,1,33,0,1476993276163,"true",0,1,"far"
"9586-c",0,0,2,1,0,32,1,1476993266860,"true",0,0,"far"
"9586-c",0,0,1,1,0,50,0,1476993515097,"true",0,1,"close"
