"gameid","sClicked_2","sClicked_1","lClickedIndex","sClicked_0","sClickedIndex","roundNum","lClicked_2","time","outcome","lClicked_0","lClicked_1","condition"
"9601-f",0,0,2,1,0,42,1,1476502427684,"true",0,0,"split"
"9601-f",0,0,0,1,0,48,0,1476502535910,"true",1,0,"split"
"9601-f",0,1,2,0,1,43,1,1476502444059,"true",0,0,"close"
"9601-f",0,0,2,1,0,49,1,1476502545139,"true",0,0,"far"
"9601-f",0,1,1,0,1,24,0,1476502174654,"true",0,1,"split"
"9601-f",0,1,0,0,1,25,0,1476502190604,"true",1,0,"split"
"9601-f",0,0,1,1,0,26,0,1476502220176,"true",0,1,"split"
"9601-f",1,0,0,0,2,27,0,1476502227578,"true",1,0,"far"
"9601-f",1,0,2,0,2,20,1,1476502139141,"true",0,0,"close"
"9601-f",0,0,0,1,0,21,0,1476502153309,"true",1,0,"close"
"9601-f",1,0,1,0,2,22,0,1476502159568,"true",0,1,"far"
"9601-f",0,0,0,1,0,23,0,1476502165490,"true",1,0,"far"
"9601-f",1,0,2,0,2,46,1,1476502480851,"true",0,0,"far"
"9601-f",0,1,2,0,1,47,1,1476502527970,"true",0,0,"close"
"9601-f",0,1,1,0,1,44,0,1476502456580,"true",0,1,"close"
"9601-f",1,0,1,0,2,45,0,1476502474641,"true",0,1,"close"
"9601-f",1,0,2,0,2,28,1,1476502243163,"true",0,0,"far"
"9601-f",1,0,2,0,2,29,1,1476502250647,"true",0,0,"far"
"9601-f",1,0,1,0,2,40,0,1476502409458,"true",0,1,"split"
"9601-f",1,0,2,0,2,41,1,1476502420404,"true",0,0,"split"
"9601-f",0,0,1,1,0,1,0,1476501807034,"true",0,1,"split"
"9601-f",0,0,2,1,0,3,1,1476501860950,"true",0,0,"split"
"9601-f",0,0,1,1,0,2,0,1476501848356,"true",0,1,"close"
"9601-f",0,0,1,1,0,5,0,1476501894053,"true",0,1,"split"
"9601-f",1,0,2,0,2,4,1,1476501875919,"true",0,0,"split"
"9601-f",0,0,1,1,0,7,0,1476501926562,"true",0,1,"far"
"9601-f",1,0,1,0,2,6,0,1476501910473,"true",0,1,"far"
"9601-f",0,1,0,0,1,9,0,1476502003789,"false",1,0,"close"
"9601-f",1,0,1,0,2,8,0,1476501968482,"true",0,1,"split"
"9601-f",0,1,1,0,1,39,0,1476502387888,"true",0,1,"split"
"9601-f",1,0,1,0,2,38,0,1476502378996,"true",0,1,"close"
"9601-f",1,0,0,0,2,11,0,1476502054048,"true",1,0,"split"
"9601-f",1,0,1,0,2,10,0,1476502012485,"true",0,1,"close"
"9601-f",0,1,2,0,1,13,1,1476502068398,"true",0,0,"far"
"9601-f",0,0,0,1,0,12,0,1476502060156,"true",1,0,"far"
"9601-f",1,0,0,0,2,15,0,1476502086687,"true",1,0,"close"
"9601-f",1,0,0,0,2,14,0,1476502076823,"true",1,0,"far"
"9601-f",0,0,2,1,0,17,1,1476502099954,"true",0,0,"far"
"9601-f",1,0,0,0,2,16,0,1476502093705,"true",1,0,"far"
"9601-f",0,1,1,0,1,19,0,1476502123356,"true",0,1,"split"
"9601-f",0,0,1,1,0,18,0,1476502116045,"true",0,1,"close"
"9601-f",0,1,1,0,1,31,0,1476502287051,"false",0,1,"close"
"9601-f",0,1,2,0,1,30,1,1476502256926,"true",0,0,"far"
"9601-f",1,0,2,0,2,37,1,1476502370132,"true",0,0,"close"
"9601-f",1,0,0,0,2,36,0,1476502356244,"true",1,0,"split"
"9601-f",1,0,2,0,2,35,1,1476502344428,"false",0,0,"close"
"9601-f",0,1,1,0,1,34,0,1476502323775,"true",0,1,"split"
"9601-f",1,0,1,0,2,33,0,1476502312979,"true",0,1,"far"
"9601-f",0,1,2,0,1,32,1,1476502303087,"true",0,0,"far"
"9601-f",0,1,2,0,1,50,1,1476502553447,"true",0,0,"close"
