"gameid","sClicked_2","sClicked_1","lClickedIndex","sClicked_0","sClickedIndex","roundNum","lClicked_2","time","outcome","lClicked_0","lClicked_1","condition"
"9617-0",1,0,1,0,2,42,0,1476475603437,"true",0,1,"far"
"9617-0",1,0,1,0,2,48,0,1476475736617,"false",0,1,"split"
"9617-0",0,1,1,0,1,43,0,1476475639887,"true",0,1,"close"
"9617-0",0,1,0,0,1,49,0,1476475744357,"true",1,0,"far"
"9617-0",0,1,2,0,1,24,1,1476475340037,"true",0,0,"split"
"9617-0",0,0,0,1,0,25,0,1476475352261,"true",1,0,"close"
"9617-0",1,0,2,0,2,26,1,1476475377407,"true",0,0,"split"
"9617-0",0,0,0,1,0,27,0,1476475389812,"true",1,0,"far"
"9617-0",0,1,0,0,1,20,0,1476475234162,"true",1,0,"far"
"9617-0",1,0,2,0,2,21,1,1476475301437,"true",0,0,"close"
"9617-0",1,0,1,0,2,22,0,1476475313517,"true",0,1,"split"
"9617-0",0,0,0,1,0,23,0,1476475327157,"true",1,0,"split"
"9617-0",1,0,1,0,2,46,0,1476475682297,"true",0,1,"far"
"9617-0",1,0,0,0,2,47,0,1476475705407,"true",1,0,"close"
"9617-0",0,1,1,0,1,44,0,1476475658008,"true",0,1,"far"
"9617-0",1,0,1,0,2,45,0,1476475671502,"false",0,1,"split"
"9617-0",0,0,1,1,0,28,0,1476475399487,"true",0,1,"far"
"9617-0",0,0,2,1,0,29,1,1476475426942,"true",0,0,"close"
"9617-0",0,0,0,1,0,40,0,1476475576967,"true",1,0,"far"
"9617-0",1,0,1,0,2,41,0,1476475590087,"true",0,1,"split"
"9617-0",0,0,1,1,0,1,0,1476474875047,"true",0,1,"close"
"9617-0",0,0,2,1,0,3,1,1476474899327,"true",0,0,"close"
"9617-0",0,0,1,1,0,2,0,1476474887017,"true",0,1,"split"
"9617-0",0,0,0,1,0,5,0,1476474937157,"true",1,0,"close"
"9617-0",0,0,2,1,0,4,1,1476474916757,"true",0,0,"close"
"9617-0",1,0,2,0,2,7,1,1476474974167,"true",0,0,"close"
"9617-0",1,0,0,0,2,6,0,1476474952922,"true",1,0,"far"
"9617-0",0,1,1,0,1,9,0,1476475018297,"true",0,1,"far"
"9617-0",0,1,0,0,1,8,0,1476475007182,"true",1,0,"close"
"9617-0",0,1,1,0,1,39,0,1476475568097,"true",0,1,"far"
"9617-0",0,0,0,1,0,38,0,1476475559477,"true",1,0,"split"
"9617-0",0,0,0,1,0,11,0,1476475066327,"true",1,0,"split"
"9617-0",1,0,1,0,2,10,0,1476475051567,"true",0,1,"split"
"9617-0",0,1,1,0,1,13,0,1476475095422,"true",0,1,"close"
"9617-0",0,1,2,0,1,12,1,1476475078647,"true",0,0,"far"
"9617-0",1,0,1,0,2,15,0,1476475147042,"true",0,1,"split"
"9617-0",0,0,2,1,0,14,1,1476475128567,"true",0,0,"split"
"9617-0",1,0,0,0,2,17,0,1476475205807,"true",1,0,"split"
"9617-0",1,0,1,0,2,19,0,1476475224167,"true",0,1,"far"
"9617-0",0,0,1,1,0,18,0,1476475214017,"true",0,1,"far"
"9617-0",0,0,1,1,0,31,0,1476475465007,"true",0,1,"close"
"9617-0",0,0,0,1,0,30,0,1476475440410,"true",1,0,"far"
"9617-0",1,0,1,0,2,37,0,1476475545577,"true",0,1,"close"
"9617-0",1,0,1,0,2,36,0,1476475531226,"true",0,1,"split"
"9617-0",1,0,0,0,2,35,0,1476475515197,"true",1,0,"far"
"9617-0",1,0,1,0,2,34,0,1476475504297,"true",0,1,"split"
"9617-0",0,1,1,0,1,33,0,1476475483342,"true",0,1,"close"
"9617-0",0,0,2,1,0,32,1,1476475472777,"true",0,0,"close"
"9617-0",1,0,2,0,2,50,1,1476475824037,"true",0,0,"far"
