"gameid","sClicked_2","sClicked_1","lClickedIndex","sClicked_0","sClickedIndex","roundNum","lClicked_2","time","outcome","lClicked_0","lClicked_1","condition"
"9629-5",1,0,0,0,2,42,0,1476990578607,"true",1,0,"close"
"9629-5",1,0,0,0,2,48,0,1476990657489,"true",1,0,"split"
"9629-5",0,0,0,1,0,43,0,1476990594656,"false",1,0,"far"
"9629-5",0,1,1,0,1,49,0,1476990664014,"true",0,1,"far"
"9629-5",1,0,2,0,2,24,1,1476990365803,"true",0,0,"split"
"9629-5",0,1,0,0,1,25,0,1476990373445,"true",1,0,"far"
"9629-5",0,1,2,0,1,26,1,1476990378994,"true",0,0,"far"
"9629-5",0,0,1,1,0,27,0,1476990386051,"true",0,1,"split"
"9629-5",0,0,1,1,0,20,0,1476990321650,"true",0,1,"split"
"9629-5",0,1,1,0,1,21,0,1476990327206,"true",0,1,"split"
"9629-5",1,0,2,0,2,22,1,1476990340793,"true",0,0,"close"
"9629-5",1,0,0,0,2,23,0,1476990357706,"true",1,0,"split"
"9629-5",1,0,1,0,2,46,0,1476990638232,"true",0,1,"far"
"9629-5",0,0,1,1,0,47,0,1476990645803,"true",0,1,"split"
"9629-5",0,1,1,0,1,44,0,1476990611484,"true",0,1,"split"
"9629-5",0,0,2,1,0,45,1,1476990632699,"false",0,0,"close"
"9629-5",0,0,0,1,0,28,0,1476990395830,"true",1,0,"split"
"9629-5",0,1,0,0,1,29,0,1476990405326,"true",1,0,"split"
"9629-5",0,0,0,1,0,40,0,1476990554900,"true",1,0,"close"
"9629-5",1,0,2,0,2,41,1,1476990567924,"true",0,0,"close"
"9629-5",1,0,0,0,2,1,0,1476990150328,"true",1,0,"close"
"9629-5",0,1,0,0,1,3,0,1476990164382,"true",1,0,"close"
"9629-5",0,0,2,1,0,2,1,1476990156201,"true",0,0,"far"
"9629-5",1,0,0,0,2,5,0,1476990179889,"true",1,0,"far"
"9629-5",1,0,2,0,2,4,1,1476990174418,"true",0,0,"split"
"9629-5",0,0,1,1,0,7,0,1476990197941,"true",0,1,"close"
"9629-5",0,1,2,0,1,6,1,1476990188464,"true",0,0,"far"
"9629-5",1,0,1,0,2,9,0,1476990211289,"true",0,1,"split"
"9629-5",1,0,2,0,2,8,1,1476990205494,"true",0,0,"far"
"9629-5",0,1,0,0,1,39,0,1476990526986,"true",1,0,"far"
"9629-5",0,0,2,1,0,38,1,1476990517405,"true",0,0,"close"
"9629-5",0,1,0,0,1,11,0,1476990229690,"true",1,0,"split"
"9629-5",1,0,2,0,2,10,1,1476990221131,"true",0,0,"close"
"9629-5",1,0,1,0,2,13,0,1476990243562,"true",0,1,"far"
"9629-5",0,0,2,1,0,12,1,1476990236214,"true",0,0,"close"
"9629-5",0,1,0,0,1,15,0,1476990265601,"true",1,0,"split"
"9629-5",1,0,1,0,2,14,0,1476990258961,"true",0,1,"close"
"9629-5",0,1,0,0,1,17,0,1476990291119,"true",1,0,"far"
"9629-5",1,0,0,0,2,16,0,1476990278449,"true",1,0,"split"
"9629-5",0,1,1,0,1,19,0,1476990315650,"true",0,1,"close"
"9629-5",1,0,1,0,2,18,0,1476990299811,"true",0,1,"far"
"9629-5",0,0,1,1,0,31,0,1476990418818,"true",0,1,"split"
"9629-5",0,1,0,0,1,30,0,1476990412035,"true",1,0,"split"
"9629-5",0,0,2,1,0,37,1,1476990483795,"true",0,0,"far"
"9629-5",1,0,1,0,2,36,0,1476990462006,"true",0,1,"close"
"9629-5",0,0,0,1,0,35,0,1476990450947,"true",1,0,"far"
"9629-5",1,0,2,0,2,34,1,1476990442861,"true",0,0,"close"
"9629-5",0,0,2,1,0,33,1,1476990433208,"true",0,0,"far"
"9629-5",1,0,0,0,2,32,0,1476990424445,"true",1,0,"far"
"9629-5",0,1,0,0,1,50,0,1476990673617,"true",1,0,"close"
