"gameid","sClicked_2","sClicked_1","lClickedIndex","sClicked_0","sClickedIndex","roundNum","lClicked_2","time","outcome","lClicked_0","lClicked_1","condition"
"9645-7",0,0,1,1,0,42,0,1476989930804,"true",0,1,"far"
"9645-7",0,0,2,1,0,48,1,1476990062413,"true",0,0,"far"
"9645-7",1,0,2,0,2,43,1,1476989949756,"true",0,0,"split"
"9645-7",0,0,0,1,0,49,0,1476990072636,"true",1,0,"split"
"9645-7",1,0,1,0,2,24,0,1476989412599,"true",0,1,"far"
"9645-7",0,1,2,0,1,25,1,1476989435463,"true",0,0,"close"
"9645-7",0,1,1,0,1,26,0,1476989443110,"true",0,1,"far"
"9645-7",1,0,1,0,2,27,0,1476989453606,"true",0,1,"far"
"9645-7",0,0,2,1,0,20,1,1476989366511,"true",0,0,"close"
"9645-7",0,0,0,1,0,21,0,1476989376687,"true",1,0,"far"
"9645-7",0,1,2,0,1,22,1,1476989394646,"true",0,0,"split"
"9645-7",0,1,0,0,1,23,0,1476989404295,"true",1,0,"far"
"9645-7",0,1,1,0,1,46,0,1476989999860,"true",0,1,"far"
"9645-7",1,0,2,0,2,47,1,1476990050396,"true",0,0,"close"
"9645-7",0,1,0,0,1,44,0,1476989979004,"true",1,0,"split"
"9645-7",0,0,2,1,0,45,1,1476989991220,"true",0,0,"far"
"9645-7",0,0,1,1,0,28,0,1476989462567,"true",0,1,"far"
"9645-7",0,1,0,0,1,29,0,1476989481942,"true",1,0,"split"
"9645-7",0,0,1,1,0,40,0,1476989874524,"true",0,1,"split"
"9645-7",1,0,1,0,2,41,0,1476989911996,"true",0,1,"close"
"9645-7",0,1,1,0,1,1,0,1476989089281,"true",0,1,"far"
"9645-7",0,1,0,0,1,3,0,1476989124024,"true",1,0,"close"
"9645-7",1,0,1,0,2,2,0,1476989103184,"true",0,1,"close"
"9645-7",0,1,0,0,1,5,0,1476989153264,"true",1,0,"close"
"9645-7",0,0,0,1,0,4,0,1476989134568,"true",1,0,"far"
"9645-7",0,0,0,1,0,7,0,1476989174423,"true",1,0,"split"
"9645-7",0,1,2,0,1,6,1,1476989164056,"true",0,0,"split"
"9645-7",0,1,2,0,1,9,1,1476989217935,"true",0,0,"close"
"9645-7",0,0,1,1,0,8,0,1476989192359,"true",0,1,"far"
"9645-7",1,0,2,0,2,39,1,1476989859308,"true",0,0,"close"
"9645-7",0,1,1,0,1,38,0,1476989835492,"true",0,1,"split"
"9645-7",0,1,0,0,1,11,0,1476989237047,"true",1,0,"split"
"9645-7",1,0,1,0,2,10,0,1476989227925,"true",0,1,"split"
"9645-7",0,0,1,1,0,13,0,1476989258159,"true",0,1,"far"
"9645-7",0,0,1,1,0,12,0,1476989249485,"true",0,1,"split"
"9645-7",1,0,2,0,2,15,1,1476989298606,"true",0,0,"far"
"9645-7",0,0,1,1,0,14,0,1476989288656,"true",0,1,"close"
"9645-7",0,1,1,0,1,17,0,1476989334143,"true",0,1,"far"
"9645-7",1,0,2,0,2,16,1,1476989325656,"true",0,0,"close"
"9645-7",0,1,1,0,1,19,0,1476989356791,"true",0,1,"split"
"9645-7",1,0,0,0,2,18,0,1476989348023,"true",1,0,"split"
"9645-7",1,0,0,0,2,31,0,1476989560174,"true",1,0,"close"
"9645-7",0,0,1,1,0,30,0,1476989489678,"true",0,1,"far"
"9645-7",0,0,2,1,0,37,1,1476989808821,"true",0,0,"close"
"9645-7",1,0,2,0,2,36,1,1476989755293,"true",0,0,"close"
"9645-7",1,0,0,0,2,35,0,1476989678725,"true",1,0,"close"
"9645-7",0,0,0,1,0,34,0,1476989601725,"true",1,0,"split"
"9645-7",1,0,2,0,2,33,1,1476989576789,"true",0,0,"close"
"9645-7",0,1,1,0,1,32,0,1476989568261,"true",0,1,"split"
"9645-7",0,0,0,1,0,50,0,1476990086564,"true",1,0,"split"
