"gameid","sClicked_2","sClicked_1","lClickedIndex","sClicked_0","sClickedIndex","roundNum","lClicked_2","time","outcome","lClicked_0","lClicked_1","condition"
"9645-a",1,0,2,0,2,42,1,1476472401444,"false",0,0,"split"
"9645-a",0,0,0,1,0,48,0,1476472476439,"true",1,0,"far"
"9645-a",1,0,2,0,2,43,1,1476472414103,"true",0,0,"far"
"9645-a",1,0,2,0,2,49,1,1476472494406,"true",0,0,"close"
"9645-a",0,1,2,0,1,24,1,1476472075867,"false",0,0,"far"
"9645-a",1,0,1,0,2,25,0,1476472084217,"true",0,1,"split"
"9645-a",1,0,2,0,2,26,1,1476472109868,"true",0,0,"split"
"9645-a",0,0,1,1,0,27,0,1476472120330,"true",0,1,"split"
"9645-a",1,0,1,0,2,20,0,1476472032341,"true",0,1,"close"
"9645-a",0,0,0,1,0,21,0,1476472041375,"true",1,0,"split"
"9645-a",1,0,0,0,2,22,0,1476472052251,"true",1,0,"split"
"9645-a",0,1,2,0,1,23,1,1476472059739,"true",0,0,"far"
"9645-a",0,0,0,1,0,46,0,1476472452302,"true",1,0,"far"
"9645-a",0,1,1,0,1,47,0,1476472464266,"false",0,1,"far"
"9645-a",1,0,1,0,2,44,0,1476472429015,"true",0,1,"split"
"9645-a",0,0,2,1,0,45,1,1476472443372,"true",0,0,"split"
"9645-a",1,0,2,0,2,28,1,1476472127157,"true",0,0,"far"
"9645-a",1,0,1,0,2,29,0,1476472139227,"true",0,1,"close"
"9645-a",0,1,0,0,1,40,0,1476472359332,"false",1,0,"far"
"9645-a",1,0,1,0,2,41,0,1476472375575,"true",0,1,"split"
"9645-a",1,0,2,0,2,1,1,1476471724494,"true",0,0,"split"
"9645-a",1,0,1,0,2,3,0,1476471765949,"true",0,1,"split"
"9645-a",1,0,2,0,2,2,1,1476471738135,"true",0,0,"far"
"9645-a",1,0,1,0,2,5,0,1476471793183,"true",0,1,"close"
"9645-a",0,1,0,0,1,4,0,1476471778173,"true",1,0,"close"
"9645-a",0,0,2,1,0,7,1,1476471821049,"true",0,0,"close"
"9645-a",1,0,0,0,2,6,0,1476471800343,"true",1,0,"far"
"9645-a",1,0,2,0,2,9,1,1476471864466,"true",0,0,"close"
"9645-a",0,0,2,1,0,8,1,1476471837373,"false",0,0,"close"
"9645-a",0,0,2,1,0,39,1,1476472337917,"true",0,0,"close"
"9645-a",0,1,0,0,1,38,0,1476472309582,"true",1,0,"close"
"9645-a",0,1,0,0,1,11,0,1476471906945,"true",1,0,"split"
"9645-a",1,0,0,0,2,10,0,1476471897362,"true",1,0,"close"
"9645-a",0,0,0,1,0,13,0,1476471935374,"true",1,0,"far"
"9645-a",0,1,1,0,1,12,0,1476471917838,"true",0,1,"far"
"9645-a",0,1,2,0,1,15,1,1476471957070,"true",0,0,"split"
"9645-a",1,0,1,0,2,14,0,1476471944279,"true",0,1,"split"
"9645-a",0,1,2,0,1,17,1,1476471984842,"true",0,0,"split"
"9645-a",0,1,1,0,1,16,0,1476471969512,"true",0,1,"close"
"9645-a",1,0,1,0,2,19,0,1476472017054,"true",0,1,"far"
"9645-a",0,0,1,1,0,18,0,1476472009447,"true",0,1,"close"
"9645-a",0,0,2,1,0,31,1,1476472169478,"true",0,0,"far"
"9645-a",1,0,0,0,2,30,0,1476472159080,"false",1,0,"split"
"9645-a",0,0,2,1,0,37,1,1476472293010,"true",0,0,"close"
"9645-a",0,1,0,0,1,36,0,1476472278879,"true",1,0,"far"
"9645-a",0,0,0,1,0,35,0,1476472265358,"true",1,0,"split"
"9645-a",1,0,2,0,2,34,1,1476472252512,"true",0,0,"close"
"9645-a",0,1,0,0,1,33,0,1476472217968,"false",1,0,"close"
"9645-a",0,1,2,0,1,32,1,1476472182368,"true",0,0,"far"
"9645-a",1,0,2,0,2,50,1,1476472504125,"true",0,0,"close"
