"gameid","sClicked_2","sClicked_1","lClickedIndex","sClicked_0","sClickedIndex","roundNum","lClicked_2","time","outcome","lClicked_0","lClicked_1","condition"
"9666-b",0,0,1,1,0,42,0,1459889422312,"false",0,1,"close"
"9666-b",0,0,0,1,0,48,0,1459889509401,"false",1,0,"close"
"9666-b",0,0,0,1,0,43,0,1459889437625,"false",1,0,"close"
"9666-b",0,1,1,0,1,49,0,1459889520944,"true",0,1,"close"
"9666-b",0,1,1,0,1,24,0,1459889182825,"true",0,1,"close"
"9666-b",0,1,0,0,1,25,0,1459889194425,"true",1,0,"close"
"9666-b",1,0,0,0,2,26,0,1459889208057,"true",1,0,"far"
"9666-b",0,0,0,1,0,27,0,1459889226011,"true",1,0,"far"
"9666-b",1,0,1,0,2,20,0,1459889109056,"true",0,1,"far"
"9666-b",0,1,0,0,1,21,0,1459889118993,"false",1,0,"far"
"9666-b",1,0,1,0,2,22,0,1459889148589,"false",0,1,"close"
"9666-b",0,0,0,1,0,23,0,1459889156945,"false",1,0,"close"
"9666-b",0,0,0,1,0,46,0,1459889482433,"false",1,0,"split"
"9666-b",1,0,1,0,2,47,0,1459889497377,"true",0,1,"far"
"9666-b",1,0,1,0,2,44,0,1459889451166,"false",0,1,"far"
"9666-b",1,0,0,0,2,45,0,1459889467921,"true",1,0,"far"
"9666-b",1,0,1,0,2,28,0,1459889243788,"true",0,1,"close"
"9666-b",0,0,0,1,0,29,0,1459889259434,"false",1,0,"split"
"9666-b",0,1,1,0,1,40,0,1459889394105,"false",0,1,"far"
"9666-b",0,0,1,1,0,41,0,1459889405785,"true",0,1,"split"
"9666-b",0,0,0,1,0,1,0,1459888788562,"false",1,0,"far"
"9666-b",1,0,0,0,2,3,0,1459888819769,"true",1,0,"close"
"9666-b",0,0,1,1,0,2,0,1459888807401,"false",0,1,"far"
"9666-b",1,0,1,0,2,5,0,1459888846937,"false",0,1,"close"
"9666-b",0,0,0,1,0,4,0,1459888832729,"true",1,0,"split"
"9666-b",0,1,1,0,1,7,0,1459888894089,"false",0,1,"close"
"9666-b",0,0,0,1,0,6,0,1459888863761,"true",1,0,"far"
"9666-b",0,0,1,1,0,9,0,1459888917328,"true",0,1,"split"
"9666-b",0,0,1,1,0,8,0,1459888904912,"true",0,1,"split"
"9666-b",1,0,0,0,2,39,0,1459889382320,"true",1,0,"far"
"9666-b",1,0,1,0,2,38,0,1459889368720,"true",0,1,"close"
"9666-b",0,1,0,0,1,11,0,1459888950377,"true",1,0,"split"
"9666-b",0,1,1,0,1,10,0,1459888933537,"true",0,1,"far"
"9666-b",0,0,1,1,0,13,0,1459888982673,"false",0,1,"split"
"9666-b",1,0,0,0,2,12,0,1459888967713,"false",1,0,"split"
"9666-b",0,1,0,0,1,15,0,1459889021921,"false",1,0,"split"
"9666-b",0,1,0,0,1,14,0,1459888997249,"false",1,0,"close"
"9666-b",1,0,1,0,2,17,0,1459889044400,"false",0,1,"far"
"9666-b",1,0,1,0,2,16,0,1459889035249,"true",0,1,"close"
"9666-b",0,0,1,1,0,19,0,1459889091745,"true",0,1,"split"
"9666-b",0,0,0,1,0,18,0,1459889065145,"false",1,0,"far"
"9666-b",0,0,0,1,0,31,0,1459889274869,"true",1,0,"far"
"9666-b",0,0,0,1,0,30,0,1459889266621,"true",1,0,"split"
"9666-b",0,0,0,1,0,37,0,1459889360590,"false",1,0,"split"
"9666-b",0,0,1,1,0,36,0,1459889350304,"false",0,1,"close"
"9666-b",0,1,1,0,1,35,0,1459889339737,"false",0,1,"split"
"9666-b",1,0,0,0,2,34,0,1459889327985,"true",1,0,"split"
"9666-b",0,0,0,1,0,33,0,1459889305344,"true",1,0,"far"
"9666-b",1,0,0,0,2,32,0,1459889290537,"false",1,0,"split"
"9666-b",0,1,1,0,1,50,0,1459889533176,"true",0,1,"split"
