"gameid","sClicked_2","sClicked_1","lClickedIndex","sClicked_0","sClickedIndex","roundNum","lClicked_2","time","outcome","lClicked_0","lClicked_1","condition"
"9674-b",0,1,2,0,1,42,1,1476488440052,"true",0,0,"split"
"9674-b",0,0,2,1,0,48,1,1476488662699,"true",0,0,"split"
"9674-b",0,1,2,0,1,43,1,1476488450125,"true",0,0,"split"
"9674-b",0,0,1,1,0,49,0,1476488676632,"true",0,1,"far"
"9674-b",0,0,0,1,0,25,0,1476488088230,"true",1,0,"close"
"9674-b",0,1,0,0,1,26,0,1476488111890,"true",1,0,"far"
"9674-b",0,0,1,1,0,27,0,1476488123983,"true",0,1,"split"
"9674-b",0,1,2,0,1,20,1,1476487922524,"true",0,0,"close"
"9674-b",0,1,0,0,1,21,0,1476487946424,"false",1,0,"close"
"9674-b",0,0,1,1,0,22,0,1476487957221,"true",0,1,"far"
"9674-b",0,0,0,1,0,23,0,1476488003908,"true",1,0,"split"
"9674-b",1,0,1,0,2,46,0,1476488533400,"true",0,1,"split"
"9674-b",0,0,1,1,0,47,0,1476488636779,"true",0,1,"far"
"9674-b",0,0,2,1,0,44,1,1476488497256,"false",0,0,"close"
"9674-b",1,0,2,0,2,45,1,1476488509954,"true",0,0,"close"
"9674-b",1,0,1,0,2,28,0,1476488137867,"true",0,1,"far"
"9674-b",1,0,1,0,2,29,0,1476488150689,"true",0,1,"far"
"9674-b",1,0,2,0,2,40,1,1476488369931,"true",0,0,"close"
"9674-b",0,0,0,1,0,41,0,1476488429236,"true",1,0,"split"
"9674-b",0,1,0,0,1,1,0,1476487484359,"true",1,0,"close"
"9674-b",0,0,0,1,0,3,0,1476487517807,"false",1,0,"split"
"9674-b",0,0,1,1,0,2,0,1476487498351,"true",0,1,"close"
"9674-b",1,0,1,0,2,5,0,1476487557092,"false",0,1,"close"
"9674-b",0,1,0,0,1,4,0,1476487540014,"true",1,0,"close"
"9674-b",0,1,2,0,1,7,1,1476487604773,"true",0,0,"close"
"9674-b",0,0,2,1,0,6,1,1476487576277,"true",0,0,"far"
"9674-b",1,0,0,0,2,9,0,1476487633173,"true",1,0,"far"
"9674-b",1,0,2,0,2,8,1,1476487617981,"true",0,0,"split"
"9674-b",0,1,1,0,1,39,0,1476488354843,"true",0,1,"split"
"9674-b",1,0,1,0,2,38,0,1476488332182,"true",0,1,"far"
"9674-b",1,0,2,0,2,11,1,1476487683769,"true",0,0,"far"
"9674-b",0,0,2,1,0,10,1,1476487673165,"false",0,0,"close"
"9674-b",0,0,2,1,0,13,1,1476487750443,"true",0,0,"split"
"9674-b",0,1,0,0,1,12,0,1476487740988,"true",1,0,"split"
"9674-b",0,1,2,0,1,15,1,1476487789844,"true",0,0,"close"
"9674-b",1,0,2,0,2,14,1,1476487768451,"true",0,0,"split"
"9674-b",0,0,1,1,0,17,0,1476487891535,"true",0,1,"close"
"9674-b",0,1,1,0,1,16,0,1476487808801,"true",0,1,"split"
"9674-b",0,1,0,0,1,19,0,1476487908050,"true",1,0,"far"
"9674-b",1,0,0,0,2,18,0,1476487900117,"true",1,0,"far"
"9674-b",0,0,2,1,0,31,1,1476488190409,"false",0,0,"split"
"9674-b",0,1,2,0,1,30,1,1476488162385,"true",0,0,"far"
"9674-b",0,0,2,1,0,37,1,1476488323754,"true",0,0,"far"
"9674-b",0,0,2,1,0,36,1,1476488296123,"true",0,0,"close"
"9674-b",0,1,1,0,1,35,0,1476488276868,"true",0,1,"far"
"9674-b",0,0,2,1,0,34,1,1476488264352,"true",0,0,"far"
"9674-b",1,0,2,0,2,33,1,1476488244997,"true",0,0,"far"
"9674-b",0,1,1,0,1,32,0,1476488231573,"true",0,1,"split"
"9674-b",1,0,0,0,2,50,0,1476488774939,"true",1,0,"close"
