"gameid","sClicked_2","sClicked_1","lClickedIndex","sClicked_0","sClickedIndex","roundNum","lClicked_2","time","outcome","lClicked_0","lClicked_1","condition"
"9680-6",0,1,2,0,1,42,1,1459897846395,"true",0,0,"far"
"9680-6",0,1,1,0,1,48,0,1459897918941,"true",0,1,"split"
"9680-6",0,1,0,0,1,43,0,1459897871312,"true",1,0,"close"
"9680-6",1,0,0,0,2,49,0,1459897937708,"true",1,0,"close"
"9680-6",1,0,0,0,2,24,0,1459897622949,"true",1,0,"close"
"9680-6",0,1,1,0,1,25,0,1459897639409,"true",0,1,"close"
"9680-6",1,0,0,0,2,26,0,1459897650392,"true",1,0,"far"
"9680-6",0,0,0,1,0,27,0,1459897667874,"true",1,0,"close"
"9680-6",0,1,0,0,1,20,0,1459897556667,"true",1,0,"far"
"9680-6",0,1,2,0,1,21,1,1459897571668,"true",0,0,"close"
"9680-6",0,1,2,0,1,22,1,1459897598256,"true",0,0,"split"
"9680-6",1,0,1,0,2,23,0,1459897606228,"true",0,1,"far"
"9680-6",0,1,2,0,1,46,1,1459897905383,"true",0,0,"far"
"9680-6",1,0,0,0,2,47,0,1459897911940,"true",1,0,"far"
"9680-6",1,0,1,0,2,44,0,1459897890437,"true",0,1,"split"
"9680-6",1,0,1,0,2,45,0,1459897897646,"true",0,1,"far"
"9680-6",0,1,2,0,1,28,1,1459897676479,"true",0,0,"far"
"9680-6",0,0,0,1,0,29,0,1459897687807,"true",1,0,"split"
"9680-6",0,0,2,1,0,40,1,1459897822001,"true",0,0,"close"
"9680-6",0,1,0,0,1,41,0,1459897835973,"true",1,0,"split"
"9680-6",1,0,1,0,2,1,0,1459897196892,"true",0,1,"far"
"9680-6",0,1,1,0,1,3,0,1459897254047,"true",0,1,"close"
"9680-6",0,0,2,1,0,2,1,1459897242381,"false",0,0,"close"
"9680-6",1,0,2,0,2,5,1,1459897274312,"false",0,0,"far"
"9680-6",0,1,1,0,1,4,0,1459897262196,"true",0,1,"split"
"9680-6",0,1,1,0,1,7,0,1459897330701,"true",0,1,"split"
"9680-6",0,1,1,0,1,6,0,1459897315616,"true",0,1,"split"
"9680-6",1,0,2,0,2,9,1,1459897360154,"true",0,0,"close"
"9680-6",1,0,0,0,2,8,0,1459897342999,"true",1,0,"far"
"9680-6",0,0,2,1,0,39,1,1459897804368,"true",0,0,"split"
"9680-6",0,0,2,1,0,38,1,1459897791862,"true",0,0,"far"
"9680-6",1,0,0,0,2,11,0,1459897410050,"false",1,0,"close"
"9680-6",1,0,2,0,2,10,1,1459897393000,"true",0,0,"close"
"9680-6",0,1,2,0,1,13,1,1459897433072,"true",0,0,"split"
"9680-6",0,0,0,1,0,12,0,1459897421234,"true",1,0,"split"
"9680-6",0,1,2,0,1,15,1,1459897493521,"true",0,0,"close"
"9680-6",0,1,2,0,1,14,1,1459897442056,"true",0,0,"split"
"9680-6",0,0,1,1,0,17,0,1459897519575,"true",0,1,"split"
"9680-6",0,1,0,0,1,16,0,1459897501518,"true",1,0,"far"
"9680-6",0,1,2,0,1,19,1,1459897546572,"false",0,0,"split"
"9680-6",1,0,1,0,2,18,0,1459897532304,"false",0,1,"split"
"9680-6",1,0,0,0,2,31,0,1459897718100,"false",1,0,"close"
"9680-6",1,0,1,0,2,30,0,1459897701286,"true",0,1,"close"
"9680-6",1,0,1,0,2,37,0,1459897783126,"true",0,1,"split"
"9680-6",0,0,1,1,0,36,0,1459897771377,"true",0,1,"split"
"9680-6",0,0,0,1,0,35,0,1459897758029,"true",1,0,"far"
"9680-6",0,0,1,1,0,34,0,1459897750521,"true",0,1,"close"
"9680-6",0,1,2,0,1,33,1,1459897740480,"true",0,0,"far"
"9680-6",0,0,2,1,0,32,1,1459897730095,"true",0,0,"close"
"9680-6",1,0,0,0,2,50,0,1459897947635,"true",1,0,"far"
