"gameid","sClicked_2","sClicked_1","lClickedIndex","sClicked_0","sClickedIndex","roundNum","lClicked_2","time","outcome","lClicked_0","lClicked_1","condition"
"9689-6",0,1,0,0,1,42,0,1476488357771,"true",1,0,"split"
"9689-6",0,1,0,0,1,48,0,1476488418968,"true",1,0,"far"
"9689-6",1,0,2,0,2,43,1,1476488365023,"true",0,0,"far"
"9689-6",1,0,1,0,2,49,0,1476488428681,"false",0,1,"far"
"9689-6",0,0,2,1,0,24,1,1476488136035,"true",0,0,"close"
"9689-6",0,0,2,1,0,25,1,1476488152311,"true",0,0,"split"
"9689-6",1,0,1,0,2,26,0,1476488159414,"true",0,1,"split"
"9689-6",0,1,1,0,1,27,0,1476488169875,"true",0,1,"split"
"9689-6",1,0,0,0,2,20,0,1476488095645,"true",1,0,"split"
"9689-6",0,0,1,1,0,21,0,1476488112213,"true",0,1,"split"
"9689-6",0,1,1,0,1,22,0,1476488121794,"true",0,1,"far"
"9689-6",0,1,0,0,1,23,0,1476488129275,"true",1,0,"close"
"9689-6",0,0,1,1,0,46,0,1476488398818,"true",0,1,"close"
"9689-6",1,0,2,0,2,47,1,1476488408399,"true",0,0,"split"
"9689-6",0,1,0,0,1,44,0,1476488375739,"true",1,0,"split"
"9689-6",0,1,2,0,1,45,1,1476488385887,"true",0,0,"close"
"9689-6",0,1,2,0,1,28,1,1476488178359,"true",0,0,"far"
"9689-6",0,0,1,1,0,29,0,1476488187047,"true",0,1,"far"
"9689-6",0,0,0,1,0,40,0,1476488325534,"true",1,0,"split"
"9689-6",0,1,0,0,1,41,0,1476488341257,"true",1,0,"close"
"9689-6",1,0,1,0,2,1,0,1476487822435,"true",0,1,"far"
"9689-6",0,0,0,1,0,3,0,1476487844687,"false",1,0,"split"
"9689-6",0,1,1,0,1,2,0,1476487832129,"true",0,1,"far"
"9689-6",1,0,1,0,2,5,0,1476487867261,"false",0,1,"close"
"9689-6",0,0,1,1,0,4,0,1476487854263,"true",0,1,"far"
"9689-6",0,0,0,1,0,7,0,1476487897056,"true",1,0,"close"
"9689-6",0,0,1,1,0,6,0,1476487883324,"true",0,1,"far"
"9689-6",0,0,0,1,0,9,0,1476487923029,"true",1,0,"close"
"9689-6",1,0,2,0,2,8,1,1476487909115,"false",0,0,"split"
"9689-6",0,0,1,1,0,39,0,1476488302347,"true",0,1,"far"
"9689-6",0,0,0,1,0,38,0,1476488292581,"true",1,0,"split"
"9689-6",1,0,0,0,2,11,0,1476487961023,"false",1,0,"close"
"9689-6",0,1,0,0,1,10,0,1476487939465,"true",1,0,"close"
"9689-6",1,0,2,0,2,13,1,1476487981000,"true",0,0,"close"
"9689-6",0,1,0,0,1,12,0,1476487969489,"true",1,0,"far"
"9689-6",0,0,0,1,0,15,0,1476488035710,"true",1,0,"split"
"9689-6",0,1,1,0,1,14,0,1476488012533,"false",0,1,"split"
"9689-6",0,1,0,0,1,17,0,1476488065293,"true",1,0,"split"
"9689-6",0,0,0,1,0,16,0,1476488051844,"true",1,0,"far"
"9689-6",0,0,2,1,0,19,1,1476488082197,"true",0,0,"split"
"9689-6",1,0,1,0,2,18,0,1476488073991,"true",0,1,"far"
"9689-6",0,1,2,0,1,31,1,1476488209834,"true",0,0,"close"
"9689-6",0,1,1,0,1,30,0,1476488200216,"true",0,1,"close"
"9689-6",1,0,1,0,2,37,0,1476488270515,"true",0,1,"close"
"9689-6",0,0,1,1,0,36,0,1476488261919,"true",0,1,"far"
"9689-6",1,0,2,0,2,35,1,1476488254942,"true",0,0,"close"
"9689-6",0,0,2,1,0,34,1,1476488241428,"true",0,0,"close"
"9689-6",0,0,2,1,0,33,1,1476488233621,"true",0,0,"close"
"9689-6",0,0,2,1,0,32,1,1476488223629,"true",0,0,"split"
"9689-6",1,0,2,0,2,50,1,1476488436444,"true",0,0,"far"
