"gameid","sClicked_2","sClicked_1","lClickedIndex","sClicked_0","sClickedIndex","roundNum","lClicked_2","time","outcome","lClicked_0","lClicked_1","condition"
"9709-7",1,0,0,0,2,42,0,1476497860534,"true",1,0,"far"
"9709-7",0,0,0,1,0,48,0,1476497973101,"false",1,0,"split"
"9709-7",1,0,0,0,2,43,0,1476497877489,"true",1,0,"far"
"9709-7",0,1,0,0,1,49,0,1476497993160,"true",1,0,"close"
"9709-7",1,0,2,0,2,24,1,1476497469273,"false",0,0,"close"
"9709-7",0,0,1,1,0,25,0,1476497516452,"true",0,1,"split"
"9709-7",1,0,2,0,2,26,1,1476497571960,"true",0,0,"close"
"9709-7",1,0,1,0,2,27,0,1476497608992,"true",0,1,"far"
"9709-7",0,1,0,0,1,20,0,1476497394470,"true",1,0,"far"
"9709-7",0,0,2,1,0,21,1,1476497402814,"true",0,0,"far"
"9709-7",1,0,2,0,2,22,1,1476497418068,"true",0,0,"split"
"9709-7",1,0,2,0,2,23,1,1476497435260,"true",0,0,"split"
"9709-7",1,0,2,0,2,46,1,1476497910724,"true",0,0,"close"
"9709-7",0,0,2,1,0,47,1,1476497956412,"true",0,0,"close"
"9709-7",1,0,2,0,2,44,1,1476497884769,"true",0,0,"split"
"9709-7",0,0,0,1,0,45,0,1476497899394,"false",1,0,"split"
"9709-7",0,0,0,1,0,28,0,1476497629861,"true",1,0,"close"
"9709-7",1,0,1,0,2,29,0,1476497645943,"true",0,1,"far"
"9709-7",0,1,0,0,1,40,0,1476497844959,"true",1,0,"close"
"9709-7",1,0,1,0,2,41,0,1476497853284,"true",0,1,"split"
"9709-7",0,1,0,0,1,1,0,1476497024473,"true",1,0,"split"
"9709-7",0,1,2,0,1,3,1,1476497054747,"true",0,0,"close"
"9709-7",1,0,0,0,2,2,0,1476497038450,"true",1,0,"split"
"9709-7",0,0,0,1,0,5,0,1476497094109,"true",1,0,"close"
"9709-7",0,0,0,1,0,4,0,1476497076509,"true",1,0,"split"
"9709-7",0,0,1,1,0,7,0,1476497115026,"true",0,1,"close"
"9709-7",0,1,1,0,1,6,0,1476497102528,"true",0,1,"far"
"9709-7",0,0,1,1,0,9,0,1476497186230,"true",0,1,"split"
"9709-7",0,0,1,1,0,8,0,1476497159312,"true",0,1,"split"
"9709-7",0,1,0,0,1,39,0,1476497836494,"true",1,0,"far"
"9709-7",0,1,1,0,1,38,0,1476497828191,"true",0,1,"close"
"9709-7",0,1,2,0,1,11,1,1476497223388,"true",0,0,"far"
"9709-7",0,0,0,1,0,10,0,1476497213394,"true",1,0,"split"
"9709-7",0,1,1,0,1,13,0,1476497253648,"true",0,1,"close"
"9709-7",0,0,0,1,0,12,0,1476497229880,"true",1,0,"far"
"9709-7",0,1,2,0,1,15,1,1476497294587,"true",0,0,"split"
"9709-7",1,0,2,0,2,14,1,1476497265334,"true",0,0,"far"
"9709-7",1,0,0,0,2,17,0,1476497341897,"true",1,0,"close"
"9709-7",0,1,1,0,1,16,0,1476497327339,"true",0,1,"far"
"9709-7",1,0,0,0,2,19,0,1476497381400,"true",1,0,"close"
"9709-7",0,1,2,0,1,18,1,1476497351075,"true",0,0,"far"
"9709-7",0,0,2,1,0,31,1,1476497694914,"true",0,0,"close"
"9709-7",1,0,2,0,2,30,1,1476497666227,"true",0,0,"split"
"9709-7",0,0,0,1,0,37,0,1476497807209,"true",1,0,"split"
"9709-7",0,1,0,0,1,36,0,1476497773254,"true",1,0,"far"
"9709-7",1,0,1,0,2,35,0,1476497764420,"true",0,1,"split"
"9709-7",0,1,0,0,1,34,0,1476497754011,"true",1,0,"far"
"9709-7",0,0,2,1,0,33,1,1476497745083,"true",0,0,"close"
"9709-7",1,0,0,0,2,32,0,1476497726716,"true",1,0,"close"
"9709-7",0,0,0,1,0,50,0,1476498004540,"true",1,0,"far"
