"gameid","sClicked_2","sClicked_1","lClickedIndex","sClicked_0","sClickedIndex","roundNum","lClicked_2","time","outcome","lClicked_0","lClicked_1","condition"
"9713-c",1,0,0,0,2,42,0,1476488733973,"true",1,0,"far"
"9713-c",0,1,0,0,1,48,0,1476488797621,"true",1,0,"close"
"9713-c",1,0,1,0,2,43,0,1476488742766,"true",0,1,"far"
"9713-c",1,0,0,0,2,49,0,1476488804293,"true",1,0,"close"
"9713-c",0,0,0,1,0,24,0,1476488491943,"true",1,0,"split"
"9713-c",0,0,2,1,0,25,1,1476488500799,"true",0,0,"far"
"9713-c",0,0,2,1,0,26,1,1476488512400,"true",0,0,"far"
"9713-c",0,1,1,0,1,27,0,1476488529657,"true",0,1,"split"
"9713-c",1,0,0,0,2,20,0,1476488439966,"true",1,0,"split"
"9713-c",0,0,2,1,0,21,1,1476488453648,"true",0,0,"close"
"9713-c",0,1,0,0,1,22,0,1476488465856,"true",1,0,"split"
"9713-c",0,1,2,0,1,23,1,1476488482896,"false",0,0,"close"
"9713-c",0,1,1,0,1,46,0,1476488770069,"false",0,1,"close"
"9713-c",1,0,0,0,2,47,0,1476488784029,"true",1,0,"far"
"9713-c",0,1,2,0,1,44,1,1476488749277,"true",0,0,"far"
"9713-c",0,0,1,1,0,45,0,1476488759669,"true",0,1,"split"
"9713-c",0,1,0,0,1,28,0,1476488541489,"false",1,0,"split"
"9713-c",0,0,1,1,0,29,0,1476488555856,"true",0,1,"far"
"9713-c",0,0,0,1,0,40,0,1476488716324,"true",1,0,"close"
"9713-c",0,1,0,0,1,41,0,1476488725517,"true",1,0,"split"
"9713-c",1,0,0,0,2,1,0,1476488170986,"true",1,0,"split"
"9713-c",0,0,2,1,0,3,1,1476488208778,"true",0,0,"far"
"9713-c",0,1,2,0,1,2,1,1476488191842,"true",0,0,"split"
"9713-c",1,0,0,0,2,5,0,1476488225139,"true",1,0,"close"
"9713-c",0,1,0,0,1,4,0,1476488216363,"true",1,0,"far"
"9713-c",0,0,2,1,0,7,1,1476488250668,"true",0,0,"far"
"9713-c",1,0,0,0,2,6,0,1476488235044,"true",1,0,"close"
"9713-c",0,1,1,0,1,9,0,1476488272259,"true",0,1,"far"
"9713-c",0,0,2,1,0,8,1,1476488263731,"false",0,0,"close"
"9713-c",0,0,1,1,0,39,0,1476488705627,"false",0,1,"close"
"9713-c",0,1,1,0,1,38,0,1476488693027,"true",0,1,"close"
"9713-c",1,0,1,0,2,11,0,1476488291364,"true",0,1,"split"
"9713-c",0,0,1,1,0,10,0,1476488282340,"true",0,1,"close"
"9713-c",1,0,2,0,2,13,1,1476488326364,"true",0,0,"far"
"9713-c",0,1,0,0,1,12,0,1476488319149,"true",1,0,"close"
"9713-c",0,0,2,1,0,15,1,1476488343925,"true",0,0,"split"
"9713-c",0,1,1,0,1,14,0,1476488333172,"false",0,1,"close"
"9713-c",1,0,1,0,2,17,0,1476488374933,"true",0,1,"far"
"9713-c",0,0,2,1,0,16,1,1476488355718,"true",0,0,"far"
"9713-c",0,0,0,1,0,19,0,1476488403310,"true",1,0,"split"
"9713-c",0,1,2,0,1,18,1,1476488393638,"true",0,0,"split"
"9713-c",0,1,1,0,1,31,0,1476488584313,"true",0,1,"split"
"9713-c",0,1,1,0,1,30,0,1476488564994,"false",0,1,"split"
"9713-c",0,1,2,0,1,37,1,1476488681771,"true",0,0,"far"
"9713-c",0,1,1,0,1,36,0,1476488672355,"true",0,1,"close"
"9713-c",1,0,1,0,2,35,0,1476488641699,"true",0,1,"close"
"9713-c",0,1,0,0,1,34,0,1476488623402,"true",1,0,"close"
"9713-c",1,0,0,0,2,33,0,1476488609074,"true",1,0,"far"
"9713-c",0,1,1,0,1,32,0,1476488595769,"false",0,1,"split"
"9713-c",0,0,2,1,0,50,1,1476488822261,"true",0,0,"split"
