"gameid","sClicked_2","sClicked_1","lClickedIndex","sClicked_0","sClickedIndex","roundNum","lClicked_2","time","outcome","lClicked_0","lClicked_1","condition"
"9713-a",0,0,2,1,0,42,1,1476997725614,"false",0,0,"close"
"9713-a",1,0,2,0,2,48,1,1476997864481,"true",0,0,"split"
"9713-a",0,0,1,1,0,43,0,1476997747473,"true",0,1,"split"
"9713-a",0,0,2,1,0,49,1,1476997874241,"true",0,0,"close"
"9713-a",0,0,2,1,0,24,1,1476997360070,"true",0,0,"split"
"9713-a",0,1,0,0,1,25,0,1476997374421,"true",1,0,"split"
"9713-a",1,0,0,0,2,26,0,1476997385737,"true",1,0,"close"
"9713-a",0,1,1,0,1,27,0,1476997392897,"true",0,1,"far"
"9713-a",0,1,2,0,1,20,1,1476997240950,"true",0,0,"close"
"9713-a",1,0,1,0,2,21,0,1476997264366,"true",0,1,"split"
"9713-a",0,1,0,0,1,22,0,1476997271664,"true",1,0,"close"
"9713-a",0,0,2,1,0,23,1,1476997289479,"true",0,0,"close"
"9713-a",0,1,1,0,1,46,0,1476997845488,"true",0,1,"close"
"9713-a",1,0,1,0,2,47,0,1476997855904,"true",0,1,"split"
"9713-a",0,0,1,1,0,44,0,1476997764735,"true",0,1,"far"
"9713-a",0,1,2,0,1,45,1,1476997777271,"true",0,0,"far"
"9713-a",0,1,0,0,1,28,0,1476997416869,"true",1,0,"close"
"9713-a",0,1,0,0,1,29,0,1476997429399,"true",1,0,"split"
"9713-a",0,0,2,1,0,40,1,1476997684653,"true",0,0,"split"
"9713-a",0,1,2,0,1,41,1,1476997704709,"true",0,0,"split"
"9713-a",1,0,2,0,2,1,1,1476997012493,"true",0,0,"far"
"9713-a",0,0,2,1,0,3,1,1476997027872,"true",0,0,"far"
"9713-a",0,0,0,1,0,2,0,1476997019356,"true",1,0,"far"
"9713-a",0,1,1,0,1,5,0,1476997046782,"true",0,1,"far"
"9713-a",0,1,1,0,1,4,0,1476997035274,"true",0,1,"far"
"9713-a",0,0,1,1,0,7,0,1476997062888,"true",0,1,"far"
"9713-a",0,0,2,1,0,6,1,1476997056152,"true",0,0,"split"
"9713-a",1,0,2,0,2,9,1,1476997086504,"true",0,0,"split"
"9713-a",0,1,1,0,1,8,0,1476997070479,"true",0,1,"far"
"9713-a",0,1,0,0,1,39,0,1476997678026,"true",1,0,"split"
"9713-a",0,1,2,0,1,38,1,1476997661949,"true",0,0,"close"
"9713-a",0,1,2,0,1,11,1,1476997110945,"true",0,0,"far"
"9713-a",0,0,1,1,0,10,0,1476997100815,"true",0,1,"split"
"9713-a",1,0,2,0,2,13,1,1476997134420,"true",0,0,"far"
"9713-a",0,1,1,0,1,12,0,1476997126383,"true",0,1,"far"
"9713-a",0,0,1,1,0,15,0,1476997181615,"true",0,1,"close"
"9713-a",0,0,1,1,0,14,0,1476997150991,"true",0,1,"close"
"9713-a",1,0,1,0,2,17,0,1476997207335,"true",0,1,"close"
"9713-a",0,1,2,0,1,16,1,1476997192289,"true",0,0,"split"
"9713-a",0,1,0,0,1,19,0,1476997220095,"true",1,0,"far"
"9713-a",1,0,0,0,2,18,0,1476997213871,"true",1,0,"far"
"9713-a",1,0,0,0,2,31,0,1476997469572,"true",1,0,"far"
"9713-a",1,0,0,0,2,30,0,1476997462301,"true",1,0,"close"
"9713-a",0,0,0,1,0,37,0,1476997642779,"true",1,0,"close"
"9713-a",0,1,0,0,1,36,0,1476997614666,"true",1,0,"close"
"9713-a",1,0,0,0,2,35,0,1476997537972,"true",1,0,"far"
"9713-a",1,0,0,0,2,34,0,1476997510537,"true",1,0,"split"
"9713-a",0,1,1,0,1,33,0,1476997499756,"true",0,1,"split"
"9713-a",0,0,2,1,0,32,1,1476997493498,"true",0,0,"close"
"9713-a",1,0,1,0,2,50,0,1476997923112,"true",0,1,"split"
