"gameid","sClicked_2","sClicked_1","lClickedIndex","sClicked_0","sClickedIndex","roundNum","lClicked_2","time","outcome","lClicked_0","lClicked_1","condition"
"9714-3",0,1,0,0,1,42,0,1476496415904,"true",1,0,"far"
"9714-3",0,0,0,1,0,48,0,1476496530661,"false",1,0,"close"
"9714-3",1,0,1,0,2,43,0,1476496430766,"true",0,1,"close"
"9714-3",0,1,1,0,1,49,0,1476496546095,"true",0,1,"far"
"9714-3",1,0,2,0,2,24,1,1476496120908,"true",0,0,"close"
"9714-3",0,0,0,1,0,25,0,1476496142332,"true",1,0,"close"
"9714-3",0,1,0,0,1,26,0,1476496154470,"false",1,0,"close"
"9714-3",0,1,0,0,1,27,0,1476496168646,"false",1,0,"close"
"9714-3",0,1,2,0,1,20,1,1476496039517,"true",0,0,"close"
"9714-3",0,1,1,0,1,21,0,1476496054843,"true",0,1,"split"
"9714-3",1,0,2,0,2,22,1,1476496075735,"true",0,0,"far"
"9714-3",0,0,0,1,0,23,0,1476496088776,"true",1,0,"far"
"9714-3",1,0,0,0,2,46,0,1476496503450,"true",1,0,"split"
"9714-3",0,1,2,0,1,47,1,1476496513228,"true",0,0,"far"
"9714-3",0,0,0,1,0,44,0,1476496451161,"true",1,0,"close"
"9714-3",0,1,2,0,1,45,1,1476496459975,"true",0,0,"far"
"9714-3",0,0,0,1,0,28,0,1476496199433,"true",1,0,"close"
"9714-3",0,1,1,0,1,29,0,1476496231980,"true",0,1,"split"
"9714-3",0,1,0,0,1,40,0,1476496396306,"false",1,0,"close"
"9714-3",0,1,2,0,1,41,1,1476496405883,"true",0,0,"far"
"9714-3",1,0,2,0,2,1,1,1476495528848,"true",0,0,"far"
"9714-3",1,0,1,0,2,3,0,1476495640187,"true",0,1,"close"
"9714-3",1,0,1,0,2,2,0,1476495580461,"true",0,1,"close"
"9714-3",0,0,1,1,0,4,0,1476495674197,"true",0,1,"split"
"9714-3",0,0,1,1,0,7,0,1476495737974,"true",0,1,"far"
"9714-3",1,0,0,0,2,6,0,1476495722377,"true",1,0,"split"
"9714-3",0,0,0,1,0,9,0,1476495791655,"true",1,0,"split"
"9714-3",1,0,2,0,2,8,1,1476495763636,"true",0,0,"far"
"9714-3",1,0,2,0,2,39,1,1476496381744,"true",0,0,"close"
"9714-3",0,1,0,0,1,38,0,1476496362960,"false",1,0,"split"
"9714-3",0,0,1,1,0,11,0,1476495845435,"true",0,1,"far"
"9714-3",0,0,1,1,0,10,0,1476495818792,"true",0,1,"close"
"9714-3",0,0,1,1,0,13,0,1476495887423,"false",0,1,"split"
"9714-3",0,0,2,1,0,12,1,1476495867728,"true",0,0,"split"
"9714-3",1,0,1,0,2,15,0,1476495937523,"true",0,1,"close"
"9714-3",0,0,1,1,0,14,0,1476495920345,"false",0,1,"close"
"9714-3",1,0,1,0,2,17,0,1476495983754,"true",0,1,"split"
"9714-3",0,1,1,0,1,16,0,1476495947539,"true",0,1,"far"
"9714-3",0,1,1,0,1,19,0,1476496020307,"true",0,1,"close"
"9714-3",1,0,0,0,2,18,0,1476495999921,"true",1,0,"far"
"9714-3",0,1,2,0,1,31,1,1476496267367,"true",0,0,"far"
"9714-3",0,1,1,0,1,30,0,1476496247515,"true",0,1,"split"
"9714-3",0,0,0,1,0,37,0,1476496345078,"true",1,0,"far"
"9714-3",0,1,1,0,1,36,0,1476496333254,"true",0,1,"split"
"9714-3",1,0,1,0,2,35,0,1476496319347,"false",0,1,"split"
"9714-3",0,0,1,1,0,34,0,1476496303483,"true",0,1,"split"
"9714-3",1,0,1,0,2,33,0,1476496286362,"true",0,1,"split"
"9714-3",0,0,0,1,0,32,0,1476496276328,"true",1,0,"far"
"9714-3",0,1,0,0,1,50,0,1476496555496,"true",1,0,"far"
