"gameid","sClicked_2","sClicked_1","lClickedIndex","sClicked_0","sClickedIndex","roundNum","lClicked_2","time","outcome","lClicked_0","lClicked_1","condition"
"9719-9",0,0,1,1,0,42,0,1476990106573,"true",0,1,"far"
"9719-9",1,0,2,0,2,48,1,1476990203534,"true",0,0,"close"
"9719-9",1,0,2,0,2,43,1,1476990120160,"true",0,0,"far"
"9719-9",0,1,1,0,1,49,0,1476990215456,"true",0,1,"split"
"9719-9",0,0,0,1,0,24,0,1476989742648,"true",1,0,"close"
"9719-9",0,1,1,0,1,25,0,1476989755215,"true",0,1,"split"
"9719-9",0,0,1,1,0,26,0,1476989767690,"true",0,1,"far"
"9719-9",0,0,1,1,0,27,0,1476989784232,"true",0,1,"close"
"9719-9",0,1,1,0,1,20,0,1476989684777,"true",0,1,"split"
"9719-9",0,1,1,0,1,21,0,1476989697336,"true",0,1,"far"
"9719-9",0,1,1,0,1,22,0,1476989710380,"true",0,1,"far"
"9719-9",0,0,2,1,0,23,1,1476989730241,"true",0,0,"split"
"9719-9",0,1,2,0,1,46,1,1476990179565,"true",0,0,"close"
"9719-9",0,0,1,1,0,47,0,1476990190058,"true",0,1,"split"
"9719-9",0,0,0,1,0,44,0,1476990144331,"true",1,0,"close"
"9719-9",1,0,0,0,2,45,0,1476990151807,"true",1,0,"split"
"9719-9",0,1,2,0,1,28,1,1476989806111,"true",0,0,"far"
"9719-9",0,0,0,1,0,29,0,1476989825137,"true",1,0,"far"
"9719-9",1,0,1,0,2,40,0,1476990053022,"true",0,1,"close"
"9719-9",1,0,2,0,2,41,1,1476990085646,"false",0,0,"close"
"9719-9",0,1,2,0,1,1,1,1476989259690,"true",0,0,"far"
"9719-9",0,0,1,1,0,3,0,1476989316131,"true",0,1,"far"
"9719-9",1,0,1,0,2,2,0,1476989289780,"true",0,1,"close"
"9719-9",0,0,1,1,0,5,0,1476989362451,"true",0,1,"far"
"9719-9",0,1,1,0,1,4,0,1476989341992,"true",0,1,"split"
"9719-9",0,1,1,0,1,7,0,1476989407798,"true",0,1,"split"
"9719-9",0,0,1,1,0,6,0,1476989385305,"true",0,1,"far"
"9719-9",0,0,2,1,0,9,1,1476989465021,"true",0,0,"close"
"9719-9",0,0,2,1,0,8,1,1476989424671,"true",0,0,"split"
"9719-9",0,0,2,1,0,39,1,1476989970985,"true",0,0,"split"
"9719-9",0,0,1,1,0,38,0,1476989959293,"true",0,1,"far"
"9719-9",0,0,2,1,0,11,1,1476989509954,"true",0,0,"split"
"9719-9",0,0,1,1,0,10,0,1476989489155,"true",0,1,"close"
"9719-9",0,0,1,1,0,13,0,1476989543373,"true",0,1,"far"
"9719-9",0,1,1,0,1,12,0,1476989521331,"true",0,1,"split"
"9719-9",0,0,2,1,0,15,1,1476989588464,"true",0,0,"far"
"9719-9",0,0,1,1,0,14,0,1476989566078,"true",0,1,"split"
"9719-9",0,1,0,0,1,17,0,1476989628270,"true",1,0,"split"
"9719-9",0,1,1,0,1,16,0,1476989605071,"true",0,1,"close"
"9719-9",0,0,0,1,0,19,0,1476989664477,"true",1,0,"split"
"9719-9",0,0,1,1,0,18,0,1476989652345,"true",0,1,"close"
"9719-9",0,0,0,1,0,31,0,1476989861580,"true",1,0,"close"
"9719-9",0,0,1,1,0,30,0,1476989846374,"false",0,1,"close"
"9719-9",1,0,1,0,2,37,0,1476989947296,"true",0,1,"far"
"9719-9",1,0,0,0,2,36,0,1476989931095,"true",1,0,"split"
"9719-9",1,0,2,0,2,35,1,1476989914284,"true",0,0,"split"
"9719-9",0,1,2,0,1,34,1,1476989895706,"true",0,0,"far"
"9719-9",1,0,1,0,2,33,0,1476989887570,"true",0,1,"close"
"9719-9",0,1,0,0,1,32,0,1476989875579,"true",1,0,"close"
"9719-9",0,0,0,1,0,50,0,1476990227490,"true",1,0,"far"
