"gameid","sClicked_2","sClicked_1","lClickedIndex","sClicked_0","sClickedIndex","roundNum","lClicked_2","time","outcome","lClicked_0","lClicked_1","condition"
"9720-6",0,1,0,0,1,42,0,1476995060897,"false",1,0,"split"
"9720-6",0,0,1,1,0,48,0,1476995170683,"true",0,1,"split"
"9720-6",1,0,0,0,2,43,0,1476995075787,"true",1,0,"split"
"9720-6",0,1,0,0,1,49,0,1476995181662,"true",1,0,"close"
"9720-6",0,0,0,1,0,24,0,1476994716612,"true",1,0,"split"
"9720-6",0,1,1,0,1,25,0,1476994731872,"true",0,1,"close"
"9720-6",0,1,1,0,1,26,0,1476994746510,"true",0,1,"split"
"9720-6",0,1,0,0,1,27,0,1476994755134,"true",1,0,"close"
"9720-6",0,1,2,0,1,20,1,1476994633415,"false",0,0,"close"
"9720-6",1,0,1,0,2,21,0,1476994663311,"true",0,1,"split"
"9720-6",1,0,2,0,2,22,1,1476994683323,"true",0,0,"close"
"9720-6",1,0,1,0,2,23,0,1476994693307,"true",0,1,"split"
"9720-6",1,0,0,0,2,46,0,1476995107231,"true",1,0,"far"
"9720-6",1,0,1,0,2,47,0,1476995158324,"true",0,1,"close"
"9720-6",0,0,1,1,0,44,0,1476995093343,"true",0,1,"split"
"9720-6",0,0,2,1,0,45,1,1476995100777,"true",0,0,"split"
"9720-6",1,0,0,0,2,28,0,1476994805664,"true",1,0,"close"
"9720-6",0,0,1,1,0,29,0,1476994816547,"true",0,1,"far"
"9720-6",0,0,2,1,0,40,1,1476995008943,"true",0,0,"far"
"9720-6",0,1,2,0,1,41,1,1476995040974,"true",0,0,"close"
"9720-6",0,0,2,1,0,1,1,1476994408153,"true",0,0,"far"
"9720-6",0,0,0,1,0,3,0,1476994443773,"true",1,0,"close"
"9720-6",0,0,1,1,0,2,0,1476994415308,"true",0,1,"far"
"9720-6",1,0,0,0,2,5,0,1476994465329,"true",1,0,"split"
"9720-6",0,0,1,1,0,4,0,1476994452983,"true",0,1,"far"
"9720-6",0,0,1,1,0,7,0,1476994480853,"true",0,1,"far"
"9720-6",1,0,1,0,2,6,0,1476994472260,"true",0,1,"close"
"9720-6",0,0,0,1,0,9,0,1476994498588,"true",1,0,"far"
"9720-6",1,0,2,0,2,8,1,1476994489518,"true",0,0,"close"
"9720-6",0,0,1,1,0,39,0,1476995003208,"true",0,1,"far"
"9720-6",1,0,2,0,2,38,1,1476994996829,"true",0,0,"split"
"9720-6",0,0,2,1,0,11,1,1476994541927,"true",0,0,"close"
"9720-6",0,0,0,1,0,10,0,1476994524342,"false",1,0,"close"
"9720-6",0,0,1,1,0,13,0,1476994560588,"true",0,1,"far"
"9720-6",0,0,1,1,0,12,0,1476994554282,"true",0,1,"split"
"9720-6",1,0,2,0,2,15,1,1476994577053,"true",0,0,"far"
"9720-6",1,0,2,0,2,14,1,1476994568162,"true",0,0,"far"
"9720-6",0,1,2,0,1,17,1,1476994597782,"true",0,0,"far"
"9720-6",0,1,1,0,1,16,0,1476994590232,"true",0,1,"split"
"9720-6",0,1,0,0,1,19,0,1476994616477,"true",1,0,"split"
"9720-6",0,1,2,0,1,18,1,1476994604245,"true",0,0,"split"
"9720-6",1,0,1,0,2,31,0,1476994879864,"true",0,1,"close"
"9720-6",0,0,1,1,0,30,0,1476994832943,"false",0,1,"split"
"9720-6",0,0,0,1,0,37,0,1476994986678,"true",1,0,"split"
"9720-6",1,0,0,0,2,36,0,1476994980454,"true",1,0,"far"
"9720-6",1,0,0,0,2,35,0,1476994974003,"false",1,0,"close"
"9720-6",0,1,2,0,1,34,1,1476994905354,"true",0,0,"close"
"9720-6",0,0,1,1,0,33,0,1476994895085,"true",0,1,"far"
"9720-6",0,1,1,0,1,32,0,1476994887624,"true",0,1,"far"
"9720-6",0,1,0,0,1,50,0,1476995194907,"true",1,0,"close"
