"gameid","sClicked_2","sClicked_1","lClickedIndex","sClicked_0","sClickedIndex","roundNum","lClicked_2","time","outcome","lClicked_0","lClicked_1","condition"
"9776-7",1,0,2,0,2,42,1,1476495931642,"true",0,0,"split"
"9776-7",0,0,2,1,0,48,1,1476496015544,"true",0,0,"split"
"9776-7",0,0,1,1,0,43,0,1476495950816,"true",0,1,"close"
"9776-7",0,1,0,0,1,49,0,1476496026334,"true",1,0,"split"
"9776-7",0,1,2,0,1,24,1,1476495679574,"true",0,0,"close"
"9776-7",1,0,0,0,2,25,0,1476495686901,"true",1,0,"far"
"9776-7",0,1,1,0,1,26,0,1476495708034,"true",0,1,"far"
"9776-7",0,0,1,1,0,27,0,1476495735135,"true",0,1,"close"
"9776-7",0,0,2,1,0,20,1,1476495573590,"true",0,0,"far"
"9776-7",0,1,1,0,1,21,0,1476495590435,"false",0,1,"close"
"9776-7",0,1,1,0,1,22,0,1476495616566,"true",0,1,"split"
"9776-7",1,0,0,0,2,23,0,1476495659282,"true",1,0,"close"
"9776-7",0,1,0,0,1,46,0,1476495981749,"true",1,0,"split"
"9776-7",0,1,1,0,1,47,0,1476495992363,"true",0,1,"split"
"9776-7",1,0,1,0,2,44,0,1476495957465,"true",0,1,"split"
"9776-7",0,0,0,1,0,45,0,1476495973147,"true",1,0,"close"
"9776-7",1,0,2,0,2,28,1,1476495744074,"true",0,0,"far"
"9776-7",0,0,1,1,0,29,0,1476495751935,"true",0,1,"split"
"9776-7",0,1,2,0,1,40,1,1476495894990,"true",0,0,"far"
"9776-7",0,0,1,1,0,41,0,1476495922060,"true",0,1,"far"
"9776-7",0,0,0,1,0,1,0,1476495241875,"true",1,0,"split"
"9776-7",0,0,1,1,0,3,0,1476495265563,"true",0,1,"split"
"9776-7",0,1,1,0,1,2,0,1476495255123,"true",0,1,"close"
"9776-7",0,0,2,1,0,5,1,1476495287240,"false",0,0,"close"
"9776-7",1,0,0,0,2,4,0,1476495271894,"true",1,0,"far"
"9776-7",0,1,0,0,1,7,0,1476495302631,"true",1,0,"far"
"9776-7",0,0,1,1,0,6,0,1476495296652,"true",0,1,"far"
"9776-7",0,0,1,1,0,9,0,1476495335919,"true",0,1,"close"
"9776-7",1,0,1,0,2,8,0,1476495310478,"true",0,1,"far"
"9776-7",0,1,0,0,1,39,0,1476495887398,"true",1,0,"close"
"9776-7",1,0,0,0,2,38,0,1476495866253,"true",1,0,"far"
"9776-7",0,1,0,0,1,11,0,1476495381491,"true",1,0,"close"
"9776-7",0,1,1,0,1,10,0,1476495354335,"true",0,1,"close"
"9776-7",0,1,1,0,1,13,0,1476495455413,"true",0,1,"split"
"9776-7",1,0,0,0,2,12,0,1476495432945,"true",1,0,"far"
"9776-7",0,1,0,0,1,15,0,1476495515907,"true",1,0,"close"
"9776-7",0,0,1,1,0,14,0,1476495478886,"true",0,1,"split"
"9776-7",0,1,1,0,1,17,0,1476495543904,"true",0,1,"far"
"9776-7",1,0,0,0,2,16,0,1476495536468,"true",1,0,"split"
"9776-7",0,0,2,1,0,19,1,1476495567316,"true",0,0,"far"
"9776-7",1,0,2,0,2,18,1,1476495560175,"true",0,0,"split"
"9776-7",1,0,1,0,2,31,0,1476495766249,"true",0,1,"far"
"9776-7",1,0,2,0,2,30,1,1476495759574,"true",0,0,"far"
"9776-7",0,1,0,0,1,37,0,1476495859310,"true",1,0,"split"
"9776-7",0,0,1,1,0,36,0,1476495849794,"true",0,1,"close"
"9776-7",1,0,1,0,2,35,0,1476495838139,"true",0,1,"far"
"9776-7",0,0,2,1,0,34,1,1476495831437,"true",0,0,"close"
"9776-7",0,1,2,0,1,33,1,1476495816420,"true",0,0,"split"
"9776-7",1,0,2,0,2,32,1,1476495787890,"true",0,0,"close"
"9776-7",0,1,1,0,1,50,0,1476496046754,"true",0,1,"close"
