"gameid","sClicked_2","sClicked_1","lClickedIndex","sClicked_0","sClickedIndex","roundNum","lClicked_2","time","outcome","lClicked_0","lClicked_1","condition"
"9804-0",0,1,0,0,1,42,0,1476991091056,"true",1,0,"split"
"9804-0",0,0,1,1,0,48,0,1476991177006,"true",0,1,"far"
"9804-0",1,0,0,0,2,43,0,1476991100574,"true",1,0,"close"
"9804-0",0,1,2,0,1,49,1,1476991185766,"true",0,0,"close"
"9804-0",1,0,1,0,2,24,0,1476990715515,"true",0,1,"far"
"9804-0",1,0,1,0,2,25,0,1476990736276,"true",0,1,"close"
"9804-0",0,1,2,0,1,26,1,1476990748764,"false",0,0,"far"
"9804-0",0,0,1,1,0,27,0,1476990763700,"true",0,1,"far"
"9804-0",1,0,0,0,2,20,0,1476990675651,"true",1,0,"split"
"9804-0",0,1,2,0,1,21,1,1476990688491,"true",0,0,"split"
"9804-0",1,0,0,0,2,22,0,1476990698092,"true",1,0,"far"
"9804-0",1,0,1,0,2,23,0,1476990706899,"true",0,1,"close"
"9804-0",1,0,0,0,2,46,0,1476991156222,"false",1,0,"far"
"9804-0",1,0,2,0,2,47,1,1476991168134,"true",0,0,"far"
"9804-0",0,1,0,0,1,44,0,1476991123118,"false",1,0,"split"
"9804-0",0,0,1,1,0,45,0,1476991137398,"true",0,1,"far"
"9804-0",1,0,0,0,2,28,0,1476990811868,"true",1,0,"close"
"9804-0",0,0,1,1,0,29,0,1476990829642,"true",0,1,"close"
"9804-0",1,0,1,0,2,40,0,1476991068062,"true",0,1,"split"
"9804-0",0,0,0,1,0,41,0,1476991078279,"true",1,0,"far"
"9804-0",0,1,0,0,1,1,0,1476990359827,"true",1,0,"split"
"9804-0",1,0,2,0,2,3,1,1476990381392,"true",0,0,"close"
"9804-0",0,0,1,1,0,2,0,1476990368624,"true",0,1,"split"
"9804-0",0,0,2,1,0,5,1,1476990401929,"true",0,0,"far"
"9804-0",0,1,1,0,1,4,0,1476990393545,"false",0,1,"close"
"9804-0",0,1,0,0,1,7,0,1476990427225,"false",1,0,"close"
"9804-0",0,1,1,0,1,6,0,1476990411465,"true",0,1,"far"
"9804-0",1,0,0,0,2,9,0,1476990467233,"true",1,0,"split"
"9804-0",0,1,0,0,1,8,0,1476990457402,"true",1,0,"close"
"9804-0",1,0,2,0,2,39,1,1476991057382,"true",0,0,"close"
"9804-0",0,0,0,1,0,38,0,1476991039461,"true",1,0,"close"
"9804-0",0,0,1,1,0,11,0,1476990496817,"true",0,1,"split"
"9804-0",0,0,0,1,0,10,0,1476990475202,"true",1,0,"far"
"9804-0",0,1,2,0,1,13,1,1476990539234,"false",0,0,"split"
"9804-0",0,0,1,1,0,12,0,1476990512892,"true",0,1,"close"
"9804-0",1,0,0,0,2,15,0,1476990581723,"true",1,0,"split"
"9804-0",0,1,1,0,1,14,0,1476990571082,"true",0,1,"far"
"9804-0",0,0,0,1,0,17,0,1476990598738,"true",1,0,"far"
"9804-0",0,0,1,1,0,16,0,1476990590466,"true",0,1,"far"
"9804-0",0,0,1,1,0,19,0,1476990666858,"true",0,1,"close"
"9804-0",1,0,0,0,2,18,0,1476990626107,"true",1,0,"split"
"9804-0",0,1,0,0,1,31,0,1476990867716,"true",1,0,"split"
"9804-0",0,1,1,0,1,30,0,1476990846268,"true",0,1,"close"
"9804-0",1,0,2,0,2,37,1,1476991021942,"true",0,0,"close"
"9804-0",1,0,0,0,2,36,0,1476990995757,"true",1,0,"split"
"9804-0",1,0,1,0,2,35,0,1476990939412,"true",0,1,"split"
"9804-0",0,1,0,0,1,34,0,1476990914645,"false",1,0,"close"
"9804-0",1,0,0,0,2,33,0,1476990890669,"true",1,0,"split"
"9804-0",0,1,0,0,1,32,0,1476990881381,"true",1,0,"far"
"9804-0",0,0,2,1,0,50,1,1476991193936,"true",0,0,"far"
