"gameid","sClicked_2","sClicked_1","lClickedIndex","sClicked_0","sClickedIndex","roundNum","lClicked_2","time","outcome","lClicked_0","lClicked_1","condition"
"9817-a",0,0,0,1,0,42,0,1459890680373,"true",1,0,"close"
"9817-a",1,0,1,0,2,48,0,1459890840657,"true",0,1,"split"
"9817-a",1,0,2,0,2,43,1,1459890691412,"true",0,0,"far"
"9817-a",1,0,2,0,2,49,1,1459890851653,"true",0,0,"split"
"9817-a",0,0,2,1,0,24,1,1459890385300,"true",0,0,"far"
"9817-a",1,0,0,0,2,25,0,1459890402437,"true",1,0,"split"
"9817-a",0,1,2,0,1,26,1,1459890409505,"true",0,0,"far"
"9817-a",1,0,1,0,2,27,0,1459890419441,"true",0,1,"far"
"9817-a",1,0,1,0,2,20,0,1459890315301,"true",0,1,"close"
"9817-a",0,1,1,0,1,21,0,1459890334801,"true",0,1,"far"
"9817-a",0,1,0,0,1,22,0,1459890346718,"true",1,0,"split"
"9817-a",0,0,0,1,0,23,0,1459890376205,"true",1,0,"close"
"9817-a",0,0,2,1,0,46,1,1459890810628,"true",0,0,"split"
"9817-a",0,1,0,0,1,47,0,1459890829594,"true",1,0,"far"
"9817-a",0,1,1,0,1,44,0,1459890723006,"true",0,1,"split"
"9817-a",0,0,0,1,0,45,0,1459890740612,"true",1,0,"split"
"9817-a",1,0,0,0,2,28,0,1459890429277,"true",1,0,"far"
"9817-a",0,0,0,1,0,29,0,1459890439517,"true",1,0,"far"
"9817-a",0,1,0,0,1,40,0,1459890648980,"true",1,0,"close"
"9817-a",0,0,2,1,0,41,1,1459890660796,"true",0,0,"split"
"9817-a",0,1,0,0,1,1,0,1459889998891,"true",1,0,"far"
"9817-a",1,0,1,0,2,3,0,1459890046782,"true",0,1,"far"
"9817-a",0,1,2,0,1,2,1,1459890029176,"false",0,0,"close"
"9817-a",1,0,2,0,2,5,1,1459890110448,"true",0,0,"split"
"9817-a",0,1,2,0,1,4,1,1459890060382,"true",0,0,"close"
"9817-a",0,0,2,1,0,7,1,1459890157880,"true",0,0,"close"
"9817-a",0,0,2,1,0,6,1,1459890126550,"true",0,0,"split"
"9817-a",0,1,1,0,1,9,0,1459890180966,"true",0,1,"close"
"9817-a",1,0,0,0,2,8,0,1459890171030,"true",1,0,"far"
"9817-a",1,0,1,0,2,39,0,1459890633404,"true",0,1,"split"
"9817-a",1,0,2,0,2,38,1,1459890611799,"true",0,0,"close"
"9817-a",1,0,0,0,2,11,0,1459890202479,"true",1,0,"close"
"9817-a",0,1,1,0,1,10,0,1459890191229,"true",0,1,"far"
"9817-a",0,0,2,1,0,13,1,1459890230685,"true",0,0,"far"
"9817-a",0,1,1,0,1,12,0,1459890221358,"true",0,1,"split"
"9817-a",0,1,1,0,1,15,0,1459890247054,"true",0,1,"far"
"9817-a",0,1,1,0,1,14,0,1459890238050,"true",0,1,"split"
"9817-a",0,1,1,0,1,17,0,1459890274549,"true",0,1,"split"
"9817-a",0,1,1,0,1,16,0,1459890264903,"true",0,1,"close"
"9817-a",0,1,1,0,1,19,0,1459890299173,"true",0,1,"far"
"9817-a",0,1,2,0,1,18,1,1459890287266,"true",0,0,"close"
"9817-a",0,0,0,1,0,31,0,1459890471526,"true",1,0,"split"
"9817-a",0,0,2,1,0,30,1,1459890448717,"true",0,0,"close"
"9817-a",1,0,0,0,2,37,0,1459890600835,"true",1,0,"far"
"9817-a",0,1,0,0,1,36,0,1459890591244,"true",1,0,"close"
"9817-a",0,1,1,0,1,35,0,1459890560781,"true",0,1,"split"
"9817-a",0,0,2,1,0,34,1,1459890546669,"true",0,0,"far"
"9817-a",0,0,0,1,0,33,0,1459890533685,"true",1,0,"close"
"9817-a",0,0,0,1,0,32,0,1459890480277,"true",1,0,"split"
"9817-a",0,1,0,0,1,50,0,1459890860997,"true",1,0,"close"
