"gameid","sClicked_2","sClicked_1","lClickedIndex","sClicked_0","sClickedIndex","roundNum","lClicked_2","time","outcome","lClicked_0","lClicked_1","condition"
"9823-2",0,1,2,0,1,42,1,1476993474258,"true",0,0,"close"
"9823-2",0,1,0,0,1,48,0,1476993571494,"true",1,0,"split"
"9823-2",0,0,2,1,0,43,1,1476993506841,"true",0,0,"close"
"9823-2",0,1,2,0,1,49,1,1476993580643,"true",0,0,"far"
"9823-2",0,1,0,0,1,24,0,1476992858587,"true",1,0,"far"
"9823-2",0,0,1,1,0,25,0,1476992878898,"true",0,1,"close"
"9823-2",1,0,2,0,2,26,1,1476992898026,"true",0,0,"split"
"9823-2",0,0,0,1,0,27,0,1476992951078,"true",1,0,"close"
"9823-2",0,1,1,0,1,20,0,1476992719449,"true",0,1,"split"
"9823-2",0,1,0,0,1,21,0,1476992800346,"true",1,0,"close"
"9823-2",0,0,2,1,0,22,1,1476992829465,"true",0,0,"close"
"9823-2",0,1,0,0,1,23,0,1476992847030,"true",1,0,"split"
"9823-2",0,1,1,0,1,46,0,1476993538699,"true",0,1,"split"
"9823-2",0,0,2,1,0,47,1,1476993549032,"true",0,0,"far"
"9823-2",1,0,2,0,2,44,1,1476993516405,"true",0,0,"far"
"9823-2",0,0,2,1,0,45,1,1476993525032,"true",0,0,"far"
"9823-2",1,0,2,0,2,28,1,1476992984730,"true",0,0,"far"
"9823-2",1,0,1,0,2,29,0,1476993033184,"true",0,1,"split"
"9823-2",1,0,2,0,2,40,1,1476993407498,"true",0,0,"close"
"9823-2",1,0,1,0,2,41,0,1476993432041,"true",0,1,"split"
"9823-2",0,0,1,1,0,1,0,1476992116379,"true",0,1,"far"
"9823-2",1,0,2,0,2,3,1,1476992184050,"false",0,0,"split"
"9823-2",0,0,0,1,0,2,0,1476992137260,"true",1,0,"far"
"9823-2",0,0,2,1,0,5,1,1476992235390,"true",0,0,"split"
"9823-2",0,1,2,0,1,4,1,1476992208028,"true",0,0,"close"
"9823-2",1,0,0,0,2,7,0,1476992290066,"true",1,0,"split"
"9823-2",0,1,1,0,1,6,0,1476992265797,"true",0,1,"close"
"9823-2",1,0,0,0,2,9,0,1476992323558,"true",1,0,"far"
"9823-2",0,1,2,0,1,8,1,1476992310929,"true",0,0,"far"
"9823-2",0,0,0,1,0,39,0,1476993379597,"false",1,0,"close"
"9823-2",0,0,0,1,0,38,0,1476993310099,"true",1,0,"split"
"9823-2",0,1,0,0,1,11,0,1476992408878,"true",1,0,"close"
"9823-2",1,0,2,0,2,10,1,1476992378622,"true",0,0,"close"
"9823-2",1,0,0,0,2,13,0,1476992481263,"true",1,0,"far"
"9823-2",1,0,0,0,2,12,0,1476992471747,"true",1,0,"split"
"9823-2",1,0,1,0,2,15,0,1476992541730,"true",0,1,"close"
"9823-2",1,0,0,0,2,14,0,1476992513338,"true",1,0,"split"
"9823-2",0,0,2,1,0,17,1,1476992597044,"true",0,0,"split"
"9823-2",0,0,1,1,0,16,0,1476992569959,"true",0,1,"split"
"9823-2",1,0,0,0,2,19,0,1476992699985,"true",1,0,"far"
"9823-2",1,0,1,0,2,18,0,1476992645362,"true",0,1,"close"
"9823-2",0,1,0,0,1,31,0,1476993082512,"true",1,0,"far"
"9823-2",1,0,2,0,2,30,1,1476993069852,"true",0,0,"far"
"9823-2",1,0,0,0,2,37,0,1476993285925,"true",1,0,"close"
"9823-2",0,0,1,1,0,36,0,1476993255545,"true",0,1,"split"
"9823-2",0,1,0,0,1,35,0,1476993224546,"true",1,0,"far"
"9823-2",0,1,1,0,1,34,0,1476993200662,"true",0,1,"close"
"9823-2",1,0,2,0,2,33,1,1476993141536,"true",0,0,"split"
"9823-2",0,0,1,1,0,32,0,1476993105825,"true",0,1,"close"
"9823-2",0,0,2,1,0,50,1,1476993597770,"true",0,0,"far"
