"gameid","sClicked_2","sClicked_1","lClickedIndex","sClicked_0","sClickedIndex","roundNum","lClicked_2","time","outcome","lClicked_0","lClicked_1","condition"
"9839-4",0,1,1,0,1,42,0,1476993889223,"true",0,1,"close"
"9839-4",0,0,2,1,0,48,1,1476994021966,"true",0,0,"split"
"9839-4",1,0,0,0,2,43,0,1476993904355,"true",1,0,"close"
"9839-4",0,0,0,1,0,49,0,1476994033334,"false",1,0,"close"
"9839-4",0,1,2,0,1,24,1,1476993614089,"true",0,0,"close"
"9839-4",1,0,1,0,2,25,0,1476993627906,"true",0,1,"split"
"9839-4",0,0,0,1,0,26,0,1476993637097,"true",1,0,"far"
"9839-4",0,0,0,1,0,27,0,1476993651687,"true",1,0,"split"
"9839-4",0,1,2,0,1,20,1,1476993553734,"true",0,0,"split"
"9839-4",0,1,0,0,1,21,0,1476993565951,"true",1,0,"split"
"9839-4",0,0,1,1,0,22,0,1476993574624,"true",0,1,"far"
"9839-4",0,1,1,0,1,23,0,1476993598464,"true",0,1,"split"
"9839-4",0,1,2,0,1,46,1,1476993996828,"true",0,0,"split"
"9839-4",1,0,2,0,2,47,1,1476994007617,"true",0,0,"close"
"9839-4",1,0,2,0,2,44,1,1476993913762,"true",0,0,"close"
"9839-4",0,0,0,1,0,45,0,1476993983081,"false",1,0,"close"
"9839-4",0,0,1,1,0,28,0,1476993663636,"true",0,1,"close"
"9839-4",1,0,1,0,2,29,0,1476993685167,"true",0,1,"close"
"9839-4",0,0,1,1,0,40,0,1476993846776,"false",0,1,"split"
"9839-4",0,1,2,0,1,41,1,1476993865202,"true",0,0,"split"
"9839-4",1,0,1,0,2,1,0,1476993276503,"true",0,1,"split"
"9839-4",1,0,0,0,2,3,0,1476993293732,"true",1,0,"far"
"9839-4",0,0,0,1,0,2,0,1476993284733,"true",1,0,"far"
"9839-4",0,0,0,1,0,5,0,1476993310552,"true",1,0,"far"
"9839-4",0,1,0,0,1,4,0,1476993302465,"true",1,0,"far"
"9839-4",1,0,1,0,2,7,0,1476993354473,"true",0,1,"close"
"9839-4",1,0,2,0,2,6,1,1476993333524,"false",0,0,"far"
"9839-4",0,1,0,0,1,9,0,1476993371091,"true",1,0,"far"
"9839-4",0,0,0,1,0,8,0,1476993363966,"true",1,0,"close"
"9839-4",0,1,2,0,1,39,1,1476993836626,"true",0,0,"close"
"9839-4",0,0,0,1,0,38,0,1476993814307,"true",1,0,"close"
"9839-4",1,0,2,0,2,11,1,1476993422322,"true",0,0,"close"
"9839-4",0,1,1,0,1,10,0,1476993409675,"false",0,1,"close"
"9839-4",0,1,2,0,1,13,1,1476993474611,"true",0,0,"split"
"9839-4",1,0,2,0,2,12,1,1476993432367,"true",0,0,"split"
"9839-4",0,1,2,0,1,15,1,1476993499721,"true",0,0,"far"
"9839-4",0,0,0,1,0,14,0,1476993490316,"true",1,0,"split"
"9839-4",1,0,0,0,2,17,0,1476993519082,"true",1,0,"far"
"9839-4",0,0,0,1,0,16,0,1476993510071,"true",1,0,"split"
"9839-4",0,1,0,0,1,19,0,1476993540696,"true",1,0,"close"
"9839-4",1,0,2,0,2,18,1,1476993526924,"true",0,0,"far"
"9839-4",0,1,2,0,1,31,1,1476993708839,"true",0,0,"far"
"9839-4",1,0,0,0,2,30,0,1476993698284,"true",1,0,"far"
"9839-4",0,1,1,0,1,37,0,1476993787701,"true",0,1,"far"
"9839-4",0,1,0,0,1,36,0,1476993777454,"true",1,0,"far"
"9839-4",0,0,2,1,0,35,1,1476993767821,"true",0,0,"far"
"9839-4",1,0,2,0,2,34,1,1476993755154,"true",0,0,"split"
"9839-4",0,0,2,1,0,33,1,1476993738089,"true",0,0,"split"
"9839-4",1,0,1,0,2,32,0,1476993716780,"true",0,1,"far"
"9839-4",0,0,2,1,0,50,1,1476994042199,"false",0,0,"close"
