"gameid","sClicked_2","sClicked_1","lClickedIndex","sClicked_0","sClickedIndex","roundNum","lClicked_2","time","outcome","lClicked_0","lClicked_1","condition"
"9841-e",0,0,2,1,0,42,1,1476496228264,"true",0,0,"close"
"9841-e",0,0,2,1,0,48,1,1476496314670,"true",0,0,"close"
"9841-e",0,0,2,1,0,43,1,1476496248669,"true",0,0,"split"
"9841-e",0,1,1,0,1,49,0,1476496363406,"true",0,1,"close"
"9841-e",0,0,0,1,0,24,0,1476495934341,"true",1,0,"far"
"9841-e",0,1,0,0,1,25,0,1476495941802,"true",1,0,"far"
"9841-e",0,1,1,0,1,26,0,1476495949353,"true",0,1,"split"
"9841-e",0,0,1,1,0,27,0,1476495961277,"true",0,1,"far"
"9841-e",0,0,1,1,0,20,0,1476495876251,"false",0,1,"split"
"9841-e",0,0,1,1,0,21,0,1476495900342,"false",0,1,"close"
"9841-e",0,1,2,0,1,22,1,1476495915893,"true",0,0,"far"
"9841-e",0,1,2,0,1,23,1,1476495926526,"true",0,0,"split"
"9841-e",0,1,2,0,1,46,1,1476496288485,"true",0,0,"far"
"9841-e",0,0,2,1,0,47,1,1476496303189,"true",0,0,"close"
"9841-e",0,1,1,0,1,44,0,1476496259380,"true",0,1,"split"
"9841-e",1,0,2,0,2,45,1,1476496273975,"false",0,0,"split"
"9841-e",1,0,0,0,2,28,0,1476495969356,"true",1,0,"far"
"9841-e",0,1,2,0,1,29,1,1476495977742,"true",0,0,"far"
"9841-e",0,0,2,1,0,40,1,1476496161676,"true",0,0,"split"
"9841-e",1,0,0,0,2,41,0,1476496179172,"true",1,0,"close"
"9841-e",0,0,2,1,0,1,1,1476495618284,"true",0,0,"split"
"9841-e",0,0,1,1,0,3,0,1476495646615,"false",0,1,"close"
"9841-e",0,0,1,1,0,2,0,1476495635300,"true",0,1,"close"
"9841-e",0,1,1,0,1,5,0,1476495665755,"true",0,1,"close"
"9841-e",1,0,2,0,2,4,1,1476495657443,"true",0,0,"far"
"9841-e",0,1,0,0,1,7,0,1476495693398,"true",1,0,"far"
"9841-e",1,0,1,0,2,6,0,1476495675553,"true",0,1,"split"
"9841-e",0,0,2,1,0,9,1,1476495711089,"true",0,0,"far"
"9841-e",1,0,1,0,2,8,0,1476495703460,"true",0,1,"close"
"9841-e",0,0,0,1,0,39,0,1476496144713,"true",1,0,"far"
"9841-e",0,1,2,0,1,38,1,1476496136424,"true",0,0,"split"
"9841-e",0,1,2,0,1,11,1,1476495743728,"false",0,0,"close"
"9841-e",0,0,0,1,0,10,0,1476495722531,"true",1,0,"split"
"9841-e",0,0,0,1,0,13,0,1476495771426,"true",1,0,"close"
"9841-e",0,0,2,1,0,12,1,1476495760182,"true",0,0,"close"
"9841-e",0,1,0,0,1,15,0,1476495805931,"true",1,0,"far"
"9841-e",0,0,1,1,0,14,0,1476495798800,"false",0,1,"split"
"9841-e",0,0,0,1,0,17,0,1476495839200,"false",1,0,"split"
"9841-e",1,0,1,0,2,16,0,1476495823010,"false",0,1,"close"
"9841-e",0,0,2,1,0,19,1,1476495863939,"true",0,0,"split"
"9841-e",0,0,0,1,0,18,0,1476495848017,"true",1,0,"far"
"9841-e",0,1,2,0,1,31,1,1476496014888,"true",0,0,"close"
"9841-e",0,1,1,0,1,30,0,1476495992322,"true",0,1,"split"
"9841-e",1,0,2,0,2,37,1,1476496120872,"true",0,0,"far"
"9841-e",1,0,1,0,2,36,0,1476496111670,"true",0,1,"close"
"9841-e",0,1,1,0,1,35,0,1476496055590,"true",0,1,"split"
"9841-e",0,0,1,1,0,34,0,1476496046578,"true",0,1,"far"
"9841-e",1,0,1,0,2,33,0,1476496039055,"true",0,1,"far"
"9841-e",1,0,2,0,2,32,1,1476496031306,"true",0,0,"close"
"9841-e",0,0,0,1,0,50,0,1476496387340,"true",1,0,"far"
