"gameid","sClicked_2","sClicked_1","lClickedIndex","sClicked_0","sClickedIndex","roundNum","lClicked_2","time","outcome","lClicked_0","lClicked_1","condition"
"9843-4",0,1,0,0,1,42,0,1476468804412,"true",1,0,"far"
"9843-4",0,1,0,0,1,48,0,1476468863447,"true",1,0,"far"
"9843-4",0,1,0,0,1,43,0,1476468815569,"true",1,0,"close"
"9843-4",1,0,1,0,2,49,0,1476468894913,"true",0,1,"split"
"9843-4",0,1,1,0,1,24,0,1476468463541,"false",0,1,"split"
"9843-4",0,0,0,1,0,25,0,1476468538395,"false",1,0,"close"
"9843-4",1,0,2,0,2,26,1,1476468568910,"true",0,0,"close"
"9843-4",0,0,2,1,0,27,1,1476468590550,"true",0,0,"far"
"9843-4",0,0,1,1,0,20,0,1476468355264,"true",0,1,"close"
"9843-4",0,0,1,1,0,21,0,1476468390049,"true",0,1,"split"
"9843-4",0,1,0,0,1,22,0,1476468401106,"true",1,0,"close"
"9843-4",1,0,1,0,2,23,0,1476468449136,"true",0,1,"close"
"9843-4",1,0,1,0,2,46,0,1476468845341,"true",0,1,"close"
"9843-4",0,1,1,0,1,47,0,1476468856759,"true",0,1,"close"
"9843-4",1,0,2,0,2,44,1,1476468824204,"true",0,0,"far"
"9843-4",0,0,2,1,0,45,1,1476468830796,"true",0,0,"far"
"9843-4",0,0,1,1,0,28,0,1476468616057,"true",0,1,"split"
"9843-4",0,1,2,0,1,29,1,1476468637258,"true",0,0,"far"
"9843-4",0,0,1,1,0,40,0,1476468785546,"true",0,1,"far"
"9843-4",1,0,1,0,2,41,0,1476468797861,"true",0,1,"split"
"9843-4",0,0,0,1,0,1,0,1476468139144,"true",1,0,"far"
"9843-4",1,0,0,0,2,3,0,1476468166603,"false",1,0,"split"
"9843-4",1,0,0,0,2,2,0,1476468157365,"true",1,0,"split"
"9843-4",1,0,2,0,2,5,1,1476468183613,"false",0,0,"far"
"9843-4",1,0,2,0,2,4,1,1476468173109,"false",0,0,"close"
"9843-4",0,1,0,0,1,7,0,1476468201295,"true",1,0,"split"
"9843-4",0,0,2,1,0,6,1,1476468192685,"true",0,0,"split"
"9843-4",1,0,0,0,2,9,0,1476468218908,"true",1,0,"split"
"9843-4",1,0,0,0,2,8,0,1476468211179,"true",1,0,"far"
"9843-4",0,1,0,0,1,39,0,1476468772994,"true",1,0,"split"
"9843-4",0,0,2,1,0,38,1,1476468756292,"false",0,0,"close"
"9843-4",1,0,0,0,2,11,0,1476468242581,"false",1,0,"split"
"9843-4",0,1,0,0,1,10,0,1476468230020,"true",1,0,"far"
"9843-4",1,0,2,0,2,13,1,1476468259763,"true",0,0,"far"
"9843-4",1,0,2,0,2,12,1,1476468251951,"true",0,0,"far"
"9843-4",1,0,0,0,2,15,0,1476468283881,"false",1,0,"close"
"9843-4",0,1,0,0,1,14,0,1476468271315,"true",1,0,"close"
"9843-4",0,0,1,1,0,17,0,1476468304400,"true",0,1,"far"
"9843-4",0,1,0,0,1,16,0,1476468294074,"true",1,0,"far"
"9843-4",0,1,2,0,1,19,1,1476468323909,"false",0,0,"split"
"9843-4",1,0,0,0,2,18,0,1476468313289,"false",1,0,"close"
"9843-4",1,0,1,0,2,31,0,1476468654478,"true",0,1,"far"
"9843-4",0,0,2,1,0,30,1,1476468645393,"true",0,0,"close"
"9843-4",0,0,0,1,0,37,0,1476468744912,"false",1,0,"close"
"9843-4",0,0,2,1,0,36,1,1476468730026,"true",0,0,"close"
"9843-4",0,1,1,0,1,35,0,1476468720943,"true",0,1,"close"
"9843-4",1,0,0,0,2,34,0,1476468710667,"true",1,0,"split"
"9843-4",0,0,0,1,0,33,0,1476468686243,"true",1,0,"split"
"9843-4",1,0,2,0,2,32,1,1476468664712,"true",0,0,"split"
"9843-4",0,0,2,1,0,50,1,1476468920215,"false",0,0,"far"
