"gameid","sClicked_2","sClicked_1","lClickedIndex","sClicked_0","sClickedIndex","roundNum","lClicked_2","time","outcome","lClicked_0","lClicked_1","condition"
"9850-2",0,1,1,0,1,42,0,1476500702473,"false",0,1,"split"
"9850-2",0,0,0,1,0,48,0,1476500771128,"true",1,0,"far"
"9850-2",0,0,2,1,0,43,1,1476500721286,"true",0,0,"far"
"9850-2",1,0,2,0,2,49,1,1476500778097,"true",0,0,"split"
"9850-2",0,0,1,1,0,24,0,1476500344127,"true",0,1,"close"
"9850-2",0,0,1,1,0,25,0,1476500394668,"true",0,1,"close"
"9850-2",1,0,0,0,2,26,0,1476500418373,"true",1,0,"split"
"9850-2",0,1,2,0,1,27,1,1476500481946,"true",0,0,"split"
"9850-2",0,0,1,1,0,20,0,1476500293301,"true",0,1,"close"
"9850-2",0,0,0,1,0,21,0,1476500301249,"true",1,0,"far"
"9850-2",1,0,2,0,2,22,1,1476500327751,"true",0,0,"split"
"9850-2",0,1,1,0,1,23,0,1476500335858,"true",0,1,"far"
"9850-2",1,0,1,0,2,46,0,1476500752709,"true",0,1,"split"
"9850-2",0,0,1,1,0,47,0,1476500762985,"true",0,1,"far"
"9850-2",1,0,2,0,2,44,1,1476500735545,"true",0,0,"split"
"9850-2",0,0,2,1,0,45,1,1476500742174,"true",0,0,"split"
"9850-2",0,1,1,0,1,28,0,1476500495433,"true",0,1,"split"
"9850-2",0,1,2,0,1,29,1,1476500506836,"true",0,0,"close"
"9850-2",1,0,1,0,2,40,0,1476500648395,"true",0,1,"close"
"9850-2",0,1,0,0,1,41,0,1476500662625,"false",1,0,"close"
"9850-2",0,1,0,0,1,1,0,1476499869748,"true",1,0,"close"
"9850-2",0,0,1,1,0,3,0,1476499895692,"true",0,1,"close"
"9850-2",0,1,0,0,1,2,0,1476499876949,"true",1,0,"far"
"9850-2",0,0,1,1,0,5,0,1476499984043,"true",0,1,"split"
"9850-2",0,1,0,0,1,4,0,1476499957809,"true",1,0,"close"
"9850-2",0,1,1,0,1,7,0,1476500049043,"true",0,1,"split"
"9850-2",0,0,0,1,0,6,0,1476500025509,"true",1,0,"far"
"9850-2",1,0,1,0,2,9,0,1476500096006,"false",0,1,"close"
"9850-2",0,0,0,1,0,8,0,1476500063073,"true",1,0,"far"
"9850-2",0,0,0,1,0,39,0,1476500620533,"true",1,0,"far"
"9850-2",1,0,2,0,2,38,1,1476500614164,"true",0,0,"split"
"9850-2",0,0,0,1,0,11,0,1476500166951,"true",1,0,"close"
"9850-2",1,0,0,0,2,10,0,1476500127090,"true",1,0,"split"
"9850-2",1,0,2,0,2,13,1,1476500191824,"true",0,0,"close"
"9850-2",1,0,2,0,2,12,1,1476500182588,"true",0,0,"split"
"9850-2",0,0,1,1,0,15,0,1476500207905,"true",0,1,"close"
"9850-2",0,0,0,1,0,14,0,1476500199245,"true",1,0,"far"
"9850-2",1,0,0,0,2,17,0,1476500246471,"true",1,0,"close"
"9850-2",0,0,0,1,0,16,0,1476500221156,"true",1,0,"far"
"9850-2",0,0,2,1,0,19,1,1476500282955,"true",0,0,"close"
"9850-2",1,0,1,0,2,18,0,1476500271155,"true",0,1,"split"
"9850-2",0,1,2,0,1,31,1,1476500532307,"true",0,0,"close"
"9850-2",0,0,1,1,0,30,0,1476500513379,"true",0,1,"far"
"9850-2",0,0,2,1,0,37,1,1476500607222,"true",0,0,"split"
"9850-2",1,0,0,0,2,36,0,1476500598645,"true",1,0,"far"
"9850-2",0,1,1,0,1,35,0,1476500588953,"true",0,1,"close"
"9850-2",0,1,2,0,1,34,1,1476500557560,"true",0,0,"split"
"9850-2",0,1,1,0,1,33,0,1476500547446,"true",0,1,"far"
"9850-2",1,0,1,0,2,32,0,1476500539412,"true",0,1,"far"
"9850-2",1,0,1,0,2,50,0,1476500786045,"true",0,1,"far"
