"gameid","sClicked_2","sClicked_1","lClickedIndex","sClicked_0","sClickedIndex","roundNum","lClicked_2","time","outcome","lClicked_0","lClicked_1","condition"
"9874-5",0,1,0,0,1,42,0,1476462766629,"true",1,0,"close"
"9874-5",1,0,0,0,2,48,0,1476462853322,"true",1,0,"close"
"9874-5",0,1,0,0,1,43,0,1476462775012,"true",1,0,"far"
"9874-5",1,0,2,0,2,49,1,1476462883953,"true",0,0,"close"
"9874-5",0,0,2,1,0,24,1,1476462465724,"false",0,0,"split"
"9874-5",0,1,0,0,1,25,0,1476462475057,"true",1,0,"far"
"9874-5",0,1,0,0,1,26,0,1476462484853,"true",1,0,"far"
"9874-5",0,1,2,0,1,27,1,1476462496917,"true",0,0,"split"
"9874-5",1,0,2,0,2,20,1,1476462403356,"true",0,0,"far"
"9874-5",0,0,0,1,0,21,0,1476462415023,"false",1,0,"close"
"9874-5",0,1,0,0,1,22,0,1476462426652,"true",1,0,"far"
"9874-5",0,1,1,0,1,23,0,1476462437514,"true",0,1,"close"
"9874-5",1,0,0,0,2,46,0,1476462820007,"true",1,0,"split"
"9874-5",1,0,0,0,2,47,0,1476462833278,"true",1,0,"far"
"9874-5",0,0,2,1,0,44,1,1476462794270,"true",0,0,"close"
"9874-5",0,0,2,1,0,45,1,1476462805683,"true",0,0,"split"
"9874-5",1,0,1,0,2,28,0,1476462507278,"true",0,1,"far"
"9874-5",1,0,1,0,2,29,0,1476462534233,"true",0,1,"close"
"9874-5",1,0,2,0,2,40,1,1476462717933,"true",0,0,"split"
"9874-5",0,1,0,0,1,41,0,1476462747818,"true",1,0,"close"
"9874-5",0,0,0,1,0,1,0,1476462119077,"true",1,0,"close"
"9874-5",1,0,1,0,2,3,0,1476462147078,"true",0,1,"far"
"9874-5",0,0,2,1,0,2,1,1476462137047,"true",0,0,"split"
"9874-5",1,0,1,0,2,5,0,1476462168949,"true",0,1,"far"
"9874-5",1,0,2,0,2,4,1,1476462155243,"true",0,0,"split"
"9874-5",0,0,0,1,0,7,0,1476462200125,"true",1,0,"far"
"9874-5",0,1,1,0,1,6,0,1476462188849,"true",0,1,"split"
"9874-5",0,1,1,0,1,9,0,1476462224763,"true",0,1,"far"
"9874-5",0,0,2,1,0,8,1,1476462211749,"true",0,0,"close"
"9874-5",0,0,2,1,0,39,1,1476462700588,"true",0,0,"close"
"9874-5",0,1,1,0,1,38,0,1476462667957,"true",0,1,"split"
"9874-5",0,1,2,0,1,11,1,1476462258448,"true",0,0,"split"
"9874-5",0,1,0,0,1,10,0,1476462242818,"true",1,0,"close"
"9874-5",0,0,0,1,0,13,0,1476462281968,"true",1,0,"split"
"9874-5",0,1,2,0,1,12,1,1476462266577,"true",0,0,"far"
"9874-5",0,1,1,0,1,15,0,1476462340432,"true",0,1,"close"
"9874-5",0,0,0,1,0,14,0,1476462322942,"true",1,0,"close"
"9874-5",1,0,0,0,2,17,0,1476462364838,"true",1,0,"far"
"9874-5",0,0,0,1,0,16,0,1476462354154,"true",1,0,"far"
"9874-5",1,0,2,0,2,19,1,1476462393059,"true",0,0,"split"
"9874-5",1,0,1,0,2,18,0,1476462376939,"true",0,1,"split"
"9874-5",0,1,0,0,1,31,0,1476462563505,"true",1,0,"far"
"9874-5",0,1,1,0,1,30,0,1476462548818,"true",0,1,"far"
"9874-5",0,0,0,1,0,37,0,1476462655789,"true",1,0,"close"
"9874-5",0,1,0,0,1,36,0,1476462633543,"true",1,0,"close"
"9874-5",0,1,2,0,1,35,1,1476462618908,"true",0,0,"split"
"9874-5",1,0,0,0,2,34,0,1476462598554,"true",1,0,"far"
"9874-5",1,0,1,0,2,33,0,1476462584763,"true",0,1,"split"
"9874-5",1,0,2,0,2,32,1,1476462575523,"true",0,0,"split"
"9874-5",0,1,0,0,1,50,0,1476462898017,"true",1,0,"close"
