"gameid","sClicked_2","sClicked_1","lClickedIndex","sClicked_0","sClickedIndex","roundNum","lClicked_2","time","outcome","lClicked_0","lClicked_1","condition"
"9894-3",0,1,2,0,1,42,1,1476478556359,"true",0,0,"far"
"9894-3",0,0,2,1,0,48,1,1476478638031,"false",0,0,"split"
"9894-3",1,0,0,0,2,43,0,1476478569309,"true",1,0,"close"
"9894-3",0,0,2,1,0,49,1,1476478651411,"false",0,0,"split"
"9894-3",1,0,1,0,2,24,0,1476478313624,"false",0,1,"close"
"9894-3",1,0,2,0,2,25,1,1476478326589,"true",0,0,"close"
"9894-3",0,1,2,0,1,26,1,1476478384835,"true",0,0,"split"
"9894-3",0,0,1,1,0,27,0,1476478393907,"true",0,1,"close"
"9894-3",1,0,1,0,2,20,0,1476478260044,"true",0,1,"split"
"9894-3",0,1,1,0,1,21,0,1476478269038,"true",0,1,"split"
"9894-3",1,0,0,0,2,22,0,1476478286912,"true",1,0,"close"
"9894-3",0,0,0,1,0,23,0,1476478305656,"true",1,0,"split"
"9894-3",0,1,1,0,1,46,0,1476478600191,"true",0,1,"far"
"9894-3",0,1,1,0,1,47,0,1476478626598,"true",0,1,"close"
"9894-3",0,0,2,1,0,44,1,1476478576355,"true",0,0,"far"
"9894-3",0,0,1,1,0,45,0,1476478592359,"true",0,1,"close"
"9894-3",1,0,2,0,2,28,1,1476478402989,"true",0,0,"close"
"9894-3",0,1,2,0,1,29,1,1476478409573,"true",0,0,"far"
"9894-3",1,0,2,0,2,40,1,1476478536097,"true",0,0,"far"
"9894-3",0,0,1,1,0,41,0,1476478546184,"true",0,1,"split"
"9894-3",0,1,0,0,1,1,0,1476477974073,"true",1,0,"far"
"9894-3",0,1,1,0,1,3,0,1476477996938,"true",0,1,"far"
"9894-3",0,1,0,0,1,2,0,1476477985738,"true",1,0,"close"
"9894-3",0,0,1,1,0,5,0,1476478055704,"true",0,1,"close"
"9894-3",0,1,1,0,1,4,0,1476478017930,"true",0,1,"close"
"9894-3",0,0,1,1,0,7,0,1476478073805,"true",0,1,"split"
"9894-3",0,1,0,0,1,6,0,1476478066891,"true",1,0,"close"
"9894-3",0,0,0,1,0,9,0,1476478099976,"true",1,0,"close"
"9894-3",0,1,1,0,1,8,0,1476478090541,"true",0,1,"close"
"9894-3",0,1,0,0,1,39,0,1476478529270,"true",1,0,"split"
"9894-3",0,1,0,0,1,38,0,1476478518976,"true",1,0,"split"
"9894-3",0,1,2,0,1,11,1,1476478134854,"true",0,0,"far"
"9894-3",0,1,0,0,1,10,0,1476478110958,"true",1,0,"split"
"9894-3",0,0,0,1,0,13,0,1476478159776,"true",1,0,"close"
"9894-3",0,0,2,1,0,12,1,1476478144242,"true",0,0,"far"
"9894-3",0,0,2,1,0,15,1,1476478179240,"true",0,0,"split"
"9894-3",0,1,2,0,1,14,1,1476478167766,"true",0,0,"far"
"9894-3",1,0,0,0,2,17,0,1476478201422,"true",1,0,"split"
"9894-3",0,0,0,1,0,16,0,1476478192192,"true",1,0,"split"
"9894-3",1,0,1,0,2,19,0,1476478231357,"true",0,1,"close"
"9894-3",0,1,1,0,1,18,0,1476478210063,"true",0,1,"far"
"9894-3",1,0,1,0,2,31,0,1476478435234,"true",0,1,"split"
"9894-3",0,0,0,1,0,30,0,1476478424485,"true",1,0,"split"
"9894-3",1,0,0,0,2,37,0,1476478508278,"true",1,0,"far"
"9894-3",0,0,1,1,0,36,0,1476478496304,"true",0,1,"far"
"9894-3",1,0,1,0,2,35,0,1476478486112,"true",0,1,"far"
"9894-3",0,1,0,0,1,34,0,1476478479452,"true",1,0,"far"
"9894-3",0,0,2,1,0,33,1,1476478466816,"true",0,0,"split"
"9894-3",0,0,0,1,0,32,0,1476478455382,"true",1,0,"far"
"9894-3",1,0,1,0,2,50,0,1476478672495,"true",0,1,"far"
