"gameid","sClicked_2","sClicked_1","lClickedIndex","sClicked_0","sClickedIndex","roundNum","lClicked_2","time","outcome","lClicked_0","lClicked_1","condition"
"9903-d",0,0,0,1,0,42,0,1476490037806,"true",1,0,"far"
"9903-d",0,0,1,1,0,48,0,1476490123781,"true",0,1,"close"
"9903-d",0,1,0,0,1,43,0,1476490045694,"true",1,0,"split"
"9903-d",0,1,0,0,1,49,0,1476490137580,"true",1,0,"split"
"9903-d",0,1,1,0,1,24,0,1476489828359,"true",0,1,"split"
"9903-d",0,1,0,0,1,25,0,1476489836649,"true",1,0,"far"
"9903-d",0,0,2,1,0,26,1,1476489844911,"true",0,0,"far"
"9903-d",0,0,2,1,0,27,1,1476489857250,"true",0,0,"far"
"9903-d",0,0,0,1,0,20,0,1476489781658,"true",1,0,"far"
"9903-d",0,0,2,1,0,21,1,1476489792011,"true",0,0,"split"
"9903-d",0,0,2,1,0,22,1,1476489806589,"true",0,0,"far"
"9903-d",0,0,2,1,0,23,1,1476489819956,"true",0,0,"close"
"9903-d",0,0,2,1,0,46,1,1476490101855,"false",0,0,"split"
"9903-d",0,0,0,1,0,47,0,1476490111957,"true",1,0,"close"
"9903-d",1,0,2,0,2,44,1,1476490057142,"true",0,0,"split"
"9903-d",0,0,2,1,0,45,1,1476490076325,"false",0,0,"far"
"9903-d",0,1,1,0,1,28,0,1476489874025,"true",0,1,"split"
"9903-d",0,0,1,1,0,29,0,1476489887233,"true",0,1,"split"
"9903-d",0,1,0,0,1,40,0,1476490006176,"true",1,0,"far"
"9903-d",0,0,0,1,0,41,0,1476490029470,"true",1,0,"close"
"9903-d",0,1,0,0,1,1,0,1476489384962,"true",1,0,"split"
"9903-d",0,1,0,0,1,3,0,1476489446403,"true",1,0,"far"
"9903-d",0,1,0,0,1,2,0,1476489434377,"true",1,0,"close"
"9903-d",0,1,2,0,1,5,1,1476489477368,"true",0,0,"close"
"9903-d",0,0,1,1,0,4,0,1476489456183,"true",0,1,"split"
"9903-d",0,0,2,1,0,7,1,1476489523511,"true",0,0,"split"
"9903-d",1,0,2,0,2,6,1,1476489487583,"true",0,0,"close"
"9903-d",1,0,1,0,2,9,0,1476489598686,"true",0,1,"split"
"9903-d",0,0,2,1,0,8,1,1476489588269,"true",0,0,"close"
"9903-d",0,1,2,0,1,39,1,1476489997743,"true",0,0,"close"
"9903-d",1,0,1,0,2,38,0,1476489984047,"true",0,1,"far"
"9903-d",1,0,0,0,2,11,0,1476489616951,"true",1,0,"far"
"9903-d",1,0,0,0,2,10,0,1476489607221,"true",1,0,"far"
"9903-d",0,1,0,0,1,13,0,1476489641429,"true",1,0,"far"
"9903-d",0,0,2,1,0,12,1,1476489633613,"true",0,0,"close"
"9903-d",0,1,0,0,1,15,0,1476489691316,"true",1,0,"close"
"9903-d",1,0,1,0,2,14,0,1476489659228,"true",0,1,"close"
"9903-d",1,0,2,0,2,17,1,1476489713299,"true",0,0,"far"
"9903-d",1,0,1,0,2,16,0,1476489705084,"true",0,1,"split"
"9903-d",0,1,1,0,1,19,0,1476489771506,"true",0,1,"close"
"9903-d",0,1,2,0,1,18,1,1476489743504,"true",0,0,"close"
"9903-d",0,1,1,0,1,31,0,1476489909776,"true",0,1,"split"
"9903-d",0,1,0,0,1,30,0,1476489900517,"true",1,0,"far"
"9903-d",0,1,2,0,1,37,1,1476489976479,"true",0,0,"close"
"9903-d",0,1,1,0,1,36,0,1476489961360,"true",0,1,"close"
"9903-d",0,0,1,1,0,35,0,1476489946112,"true",0,1,"far"
"9903-d",1,0,2,0,2,34,1,1476489938884,"true",0,0,"far"
"9903-d",0,0,1,1,0,33,0,1476489927304,"true",0,1,"split"
"9903-d",0,0,1,1,0,32,0,1476489919336,"true",0,1,"close"
"9903-d",0,1,1,0,1,50,0,1476490198860,"true",0,1,"split"
