"gameid","sClicked_2","sClicked_1","lClickedIndex","sClicked_0","sClickedIndex","roundNum","lClicked_2","time","outcome","lClicked_0","lClicked_1","condition"
"9904-3",0,1,0,0,1,42,0,1476993132645,"true",1,0,"close"
"9904-3",0,0,0,1,0,48,0,1476993194034,"true",1,0,"close"
"9904-3",1,0,2,0,2,43,1,1476993143241,"true",0,0,"close"
"9904-3",0,1,0,0,1,49,0,1476993203402,"true",1,0,"split"
"9904-3",0,0,2,1,0,24,1,1476992867076,"true",0,0,"far"
"9904-3",1,0,2,0,2,25,1,1476992886775,"true",0,0,"close"
"9904-3",0,0,0,1,0,26,0,1476992906276,"true",1,0,"split"
"9904-3",0,0,0,1,0,27,0,1476992916192,"false",1,0,"far"
"9904-3",0,0,1,1,0,20,0,1476992819461,"true",0,1,"split"
"9904-3",0,0,2,1,0,21,1,1476992827096,"true",0,0,"close"
"9904-3",1,0,1,0,2,22,0,1476992835250,"true",0,1,"split"
"9904-3",0,1,1,0,1,23,0,1476992845665,"false",0,1,"close"
"9904-3",1,0,1,0,2,46,0,1476993175410,"true",0,1,"close"
"9904-3",0,1,0,0,1,47,0,1476993182567,"true",1,0,"far"
"9904-3",1,0,1,0,2,44,0,1476993151525,"true",0,1,"far"
"9904-3",0,1,0,0,1,45,0,1476993159101,"true",1,0,"split"
"9904-3",1,0,2,0,2,28,1,1476992930409,"true",0,0,"far"
"9904-3",0,0,1,1,0,29,0,1476992957681,"false",0,1,"close"
"9904-3",0,1,0,0,1,40,0,1476993097236,"true",1,0,"far"
"9904-3",1,0,2,0,2,41,1,1476993104555,"true",0,0,"far"
"9904-3",0,1,0,0,1,1,0,1476992578049,"true",1,0,"split"
"9904-3",0,1,1,0,1,3,0,1476992606882,"true",0,1,"far"
"9904-3",0,1,0,0,1,2,0,1476992598283,"true",1,0,"split"
"9904-3",0,1,1,0,1,5,0,1476992629583,"true",0,1,"split"
"9904-3",1,0,2,0,2,4,1,1476992614397,"true",0,0,"far"
"9904-3",0,1,2,0,1,7,1,1476992648160,"true",0,0,"split"
"9904-3",1,0,1,0,2,6,0,1476992638443,"true",0,1,"split"
"9904-3",0,1,0,0,1,9,0,1476992688114,"false",1,0,"far"
"9904-3",0,1,0,0,1,8,0,1476992676226,"true",1,0,"split"
"9904-3",1,0,2,0,2,39,1,1476993087929,"false",0,0,"close"
"9904-3",0,1,1,0,1,38,0,1476993079136,"true",0,1,"close"
"9904-3",0,1,2,0,1,11,1,1476992711836,"true",0,0,"far"
"9904-3",1,0,1,0,2,10,0,1476992695313,"true",0,1,"split"
"9904-3",0,1,1,0,1,13,0,1476992737083,"true",0,1,"far"
"9904-3",0,1,1,0,1,12,0,1476992726144,"true",0,1,"split"
"9904-3",0,1,1,0,1,15,0,1476992757652,"true",0,1,"close"
"9904-3",1,0,2,0,2,14,1,1476992746340,"true",0,0,"far"
"9904-3",1,0,1,0,2,17,0,1476992783940,"true",0,1,"close"
"9904-3",0,1,1,0,1,16,0,1476992769708,"true",0,1,"far"
"9904-3",0,1,1,0,1,19,0,1476992808885,"false",0,1,"close"
"9904-3",0,1,2,0,1,18,1,1476992797636,"true",0,0,"close"
"9904-3",0,0,2,1,0,31,1,1476992998526,"true",0,0,"far"
"9904-3",1,0,1,0,2,30,0,1476992988442,"true",0,1,"split"
"9904-3",1,0,2,0,2,37,1,1476993070076,"true",0,0,"split"
"9904-3",1,0,1,0,2,36,0,1476993057768,"true",0,1,"split"
"9904-3",0,0,0,1,0,35,0,1476993048141,"false",1,0,"close"
"9904-3",0,0,2,1,0,34,1,1476993037618,"true",0,0,"split"
"9904-3",0,0,1,1,0,33,0,1476993012483,"true",0,1,"far"
"9904-3",0,0,2,1,0,32,1,1476993005741,"true",0,0,"close"
"9904-3",0,0,0,1,0,50,0,1476993211624,"true",1,0,"far"
