"gameid","sClicked_2","sClicked_1","lClickedIndex","sClicked_0","sClickedIndex","roundNum","lClicked_2","time","outcome","lClicked_0","lClicked_1","condition"
"9910-f",1,0,0,0,2,42,0,1476485479650,"true",1,0,"close"
"9910-f",0,1,0,0,1,48,0,1476485542337,"true",1,0,"close"
"9910-f",0,1,2,0,1,43,1,1476485489244,"true",0,0,"split"
"9910-f",0,1,2,0,1,49,1,1476485550357,"true",0,0,"far"
"9910-f",0,0,0,1,0,24,0,1476485159294,"true",1,0,"split"
"9910-f",0,1,0,0,1,25,0,1476485172196,"true",1,0,"close"
"9910-f",0,0,0,1,0,26,0,1476485202703,"true",1,0,"split"
"9910-f",0,1,2,0,1,27,1,1476485219542,"false",0,0,"close"
"9910-f",0,0,1,1,0,20,0,1476485083892,"true",0,1,"split"
"9910-f",0,0,0,1,0,21,0,1476485107828,"true",1,0,"split"
"9910-f",0,0,2,1,0,22,1,1476485124344,"true",0,0,"split"
"9910-f",0,0,1,1,0,23,0,1476485149649,"true",0,1,"close"
"9910-f",0,0,2,1,0,46,1,1476485522898,"true",0,0,"split"
"9910-f",1,0,2,0,2,47,1,1476485530250,"true",0,0,"far"
"9910-f",1,0,0,0,2,44,0,1476485503611,"true",1,0,"close"
"9910-f",0,1,1,0,1,45,0,1476485514488,"false",0,1,"split"
"9910-f",0,1,2,0,1,28,1,1476485246292,"false",0,0,"close"
"9910-f",0,0,0,1,0,29,0,1476485255598,"true",1,0,"far"
"9910-f",1,0,0,0,2,40,0,1476485450372,"true",1,0,"far"
"9910-f",1,0,2,0,2,41,1,1476485465393,"true",0,0,"close"
"9910-f",1,0,2,0,2,1,1,1476484822762,"false",0,0,"far"
"9910-f",0,0,2,1,0,3,1,1476484842356,"true",0,0,"far"
"9910-f",0,0,0,1,0,2,0,1476484834206,"true",1,0,"split"
"9910-f",1,0,2,0,2,5,1,1476484865829,"true",0,0,"far"
"9910-f",1,0,1,0,2,4,0,1476484854164,"true",0,1,"split"
"9910-f",0,1,2,0,1,7,1,1476484895963,"false",0,0,"far"
"9910-f",0,1,1,0,1,6,0,1476484880567,"true",0,1,"close"
"9910-f",0,1,0,0,1,9,0,1476484911680,"true",1,0,"far"
"9910-f",1,0,1,0,2,8,0,1476484903948,"true",0,1,"far"
"9910-f",0,1,1,0,1,39,0,1476485429331,"true",0,1,"far"
"9910-f",0,1,0,0,1,38,0,1476485420511,"true",1,0,"split"
"9910-f",0,1,2,0,1,11,1,1476484938360,"true",0,0,"close"
"9910-f",0,1,2,0,1,10,1,1476484926259,"true",0,0,"far"
"9910-f",0,1,0,0,1,13,0,1476484989794,"true",1,0,"split"
"9910-f",0,0,2,1,0,12,1,1476484961711,"true",0,0,"close"
"9910-f",0,1,2,0,1,15,1,1476485007738,"true",0,0,"split"
"9910-f",1,0,0,0,2,14,0,1476484998269,"true",1,0,"far"
"9910-f",0,0,0,1,0,17,0,1476485029466,"true",1,0,"split"
"9910-f",1,0,1,0,2,16,0,1476485015926,"true",0,1,"split"
"9910-f",0,0,0,1,0,19,0,1476485068758,"true",1,0,"far"
"9910-f",0,1,0,0,1,18,0,1476485053197,"true",1,0,"close"
"9910-f",1,0,0,0,2,31,0,1476485283471,"true",1,0,"far"
"9910-f",0,1,0,0,1,30,0,1476485271516,"true",1,0,"far"
"9910-f",0,0,0,1,0,37,0,1476485401304,"true",1,0,"far"
"9910-f",0,0,2,1,0,36,1,1476485386727,"true",0,0,"close"
"9910-f",1,0,0,0,2,35,0,1476485362611,"false",1,0,"close"
"9910-f",1,0,2,0,2,34,1,1476485328754,"true",0,0,"close"
"9910-f",1,0,1,0,2,33,0,1476485319751,"false",0,1,"close"
"9910-f",1,0,0,0,2,32,0,1476485292065,"true",1,0,"split"
"9910-f",0,0,1,1,0,50,0,1476485562369,"true",0,1,"split"
