"gameid","sClicked_2","sClicked_1","lClickedIndex","sClicked_0","sClickedIndex","roundNum","lClicked_2","time","outcome","lClicked_0","lClicked_1","condition"
"9911-6",1,0,1,0,2,42,0,1476993093831,"true",0,1,"far"
"9911-6",1,0,0,0,2,48,0,1476993148427,"false",1,0,"split"
"9911-6",1,0,1,0,2,43,0,1476993100350,"true",0,1,"far"
"9911-6",0,0,0,1,0,49,0,1476993156353,"true",1,0,"far"
"9911-6",1,0,2,0,2,24,1,1476992908443,"true",0,0,"close"
"9911-6",1,0,1,0,2,25,0,1476992917655,"true",0,1,"close"
"9911-6",0,1,2,0,1,26,1,1476992937787,"false",0,0,"close"
"9911-6",0,0,2,1,0,27,1,1476992951513,"true",0,0,"far"
"9911-6",0,1,2,0,1,20,1,1476992855097,"true",0,0,"close"
"9911-6",0,0,2,1,0,21,1,1476992861138,"true",0,0,"far"
"9911-6",0,0,2,1,0,22,1,1476992884292,"true",0,0,"close"
"9911-6",1,0,1,0,2,23,0,1476992898499,"true",0,1,"split"
"9911-6",1,0,0,0,2,46,0,1476993134122,"true",1,0,"close"
"9911-6",1,0,0,0,2,47,0,1476993141531,"true",1,0,"far"
"9911-6",0,0,2,1,0,44,1,1476993106675,"true",0,0,"far"
"9911-6",1,0,1,0,2,45,0,1476993125339,"true",0,1,"split"
"9911-6",0,1,1,0,1,28,0,1476992961679,"false",0,1,"far"
"9911-6",1,0,0,0,2,29,0,1476992977629,"true",1,0,"split"
"9911-6",0,0,1,1,0,40,0,1476993067808,"true",0,1,"close"
"9911-6",0,0,2,1,0,41,1,1476993087969,"true",0,0,"close"
"9911-6",1,0,2,0,2,1,1,1476992623353,"false",0,0,"close"
"9911-6",0,0,2,1,0,3,1,1476992641801,"true",0,0,"split"
"9911-6",0,0,0,1,0,2,0,1476992633405,"true",1,0,"far"
"9911-6",0,1,1,0,1,5,0,1476992678466,"true",0,1,"close"
"9911-6",1,0,2,0,2,4,1,1476992667681,"true",0,0,"close"
"9911-6",1,0,2,0,2,7,1,1476992694431,"true",0,0,"far"
"9911-6",1,0,1,0,2,6,0,1476992688102,"true",0,1,"split"
"9911-6",1,0,0,0,2,9,0,1476992740680,"false",1,0,"close"
"9911-6",1,0,1,0,2,8,0,1476992728523,"true",0,1,"close"
"9911-6",0,0,0,1,0,39,0,1476993058251,"true",1,0,"far"
"9911-6",1,0,1,0,2,38,0,1476993049629,"true",0,1,"far"
"9911-6",0,1,1,0,1,11,0,1476992758290,"false",0,1,"close"
"9911-6",1,0,2,0,2,10,1,1476992747187,"true",0,0,"far"
"9911-6",0,0,2,1,0,13,1,1476992779195,"true",0,0,"close"
"9911-6",0,1,1,0,1,12,0,1476992766028,"false",0,1,"split"
"9911-6",0,1,0,0,1,15,0,1476992804157,"true",1,0,"split"
"9911-6",0,1,2,0,1,14,1,1476992792814,"true",0,0,"split"
"9911-6",1,0,2,0,2,17,1,1476992827188,"true",0,0,"split"
"9911-6",0,0,0,1,0,16,0,1476992816570,"true",1,0,"split"
"9911-6",1,0,1,0,2,19,0,1476992840064,"true",0,1,"far"
"9911-6",1,0,1,0,2,18,0,1476992834280,"true",0,1,"split"
"9911-6",1,0,1,0,2,31,0,1476992992471,"true",0,1,"far"
"9911-6",1,0,1,0,2,30,0,1476992985342,"true",0,1,"split"
"9911-6",1,0,0,0,2,37,0,1476993040942,"true",1,0,"far"
"9911-6",0,1,0,0,1,36,0,1476993032684,"true",1,0,"split"
"9911-6",0,0,0,1,0,35,0,1476993023585,"true",1,0,"close"
"9911-6",0,0,2,1,0,34,1,1476993016425,"true",0,0,"split"
"9911-6",0,0,2,1,0,33,1,1476993009752,"true",0,0,"split"
"9911-6",0,0,0,1,0,32,0,1476993002572,"true",1,0,"close"
"9911-6",0,0,1,1,0,50,0,1476993162248,"true",0,1,"far"
