"gameid","sClicked_2","sClicked_1","lClickedIndex","sClicked_0","sClickedIndex","roundNum","lClicked_2","time","outcome","lClicked_0","lClicked_1","condition"
"9921-8",0,1,1,0,1,42,0,1476995476780,"true",0,1,"far"
"9921-8",0,0,0,1,0,48,0,1476995533608,"true",1,0,"split"
"9921-8",0,1,1,0,1,43,0,1476995485945,"false",0,1,"close"
"9921-8",0,1,0,0,1,49,0,1476995551983,"true",1,0,"split"
"9921-8",0,1,1,0,1,24,0,1476995270568,"true",0,1,"close"
"9921-8",1,0,1,0,2,25,0,1476995280730,"true",0,1,"far"
"9921-8",1,0,1,0,2,26,0,1476995293522,"true",0,1,"close"
"9921-8",0,0,1,1,0,27,0,1476995302205,"true",0,1,"far"
"9921-8",0,1,2,0,1,20,1,1476995228512,"true",0,0,"far"
"9921-8",0,1,2,0,1,21,1,1476995243440,"false",0,0,"split"
"9921-8",0,0,2,1,0,22,1,1476995251543,"true",0,0,"far"
"9921-8",0,1,2,0,1,23,1,1476995261840,"true",0,0,"close"
"9921-8",0,1,2,0,1,46,1,1476995516072,"true",0,0,"far"
"9921-8",0,0,2,1,0,47,1,1476995526364,"true",0,0,"split"
"9921-8",0,1,2,0,1,44,1,1476995496723,"true",0,0,"far"
"9921-8",0,1,1,0,1,45,0,1476995505526,"true",0,1,"close"
"9921-8",0,0,2,1,0,28,1,1476995313759,"true",0,0,"split"
"9921-8",0,1,2,0,1,29,1,1476995322890,"true",0,0,"close"
"9921-8",0,1,2,0,1,40,1,1476995451649,"true",0,0,"close"
"9921-8",1,0,0,0,2,41,0,1476995469743,"true",1,0,"split"
"9921-8",0,0,1,1,0,1,0,1476995017255,"true",0,1,"far"
"9921-8",1,0,1,0,2,3,0,1476995055436,"true",0,1,"far"
"9921-8",1,0,0,0,2,2,0,1476995037316,"true",1,0,"close"
"9921-8",1,0,0,0,2,5,0,1476995085707,"false",1,0,"close"
"9921-8",0,0,2,1,0,4,1,1476995071550,"true",0,0,"close"
"9921-8",0,1,2,0,1,7,1,1476995102130,"true",0,0,"far"
"9921-8",0,1,2,0,1,6,1,1476995094955,"true",0,0,"split"
"9921-8",0,1,1,0,1,9,0,1476995118243,"false",0,1,"split"
"9921-8",0,0,1,1,0,8,0,1476995109913,"true",0,1,"far"
"9921-8",0,0,0,1,0,39,0,1476995438918,"true",1,0,"far"
"9921-8",0,1,0,0,1,38,0,1476995431499,"true",1,0,"split"
"9921-8",0,0,1,1,0,11,0,1476995136468,"true",0,1,"close"
"9921-8",0,0,0,1,0,10,0,1476995126271,"true",1,0,"far"
"9921-8",1,0,2,0,2,13,1,1476995155561,"true",0,0,"split"
"9921-8",0,0,2,1,0,12,1,1476995145191,"true",0,0,"close"
"9921-8",1,0,2,0,2,15,1,1476995176081,"true",0,0,"close"
"9921-8",0,1,2,0,1,14,1,1476995165899,"true",0,0,"split"
"9921-8",0,1,0,0,1,17,0,1476995200255,"true",1,0,"close"
"9921-8",0,1,0,0,1,16,0,1476995184152,"true",1,0,"far"
"9921-8",0,0,2,1,0,19,1,1476995220668,"true",0,0,"split"
"9921-8",1,0,2,0,2,18,1,1476995211001,"true",0,0,"close"
"9921-8",1,0,1,0,2,31,0,1476995352222,"true",0,1,"close"
"9921-8",0,1,0,0,1,30,0,1476995340219,"true",1,0,"split"
"9921-8",0,0,2,1,0,37,1,1476995422124,"true",0,0,"split"
"9921-8",0,1,1,0,1,36,0,1476995410934,"true",0,1,"close"
"9921-8",0,0,2,1,0,35,1,1476995399598,"true",0,0,"far"
"9921-8",0,1,1,0,1,34,0,1476995391355,"true",0,1,"split"
"9921-8",1,0,1,0,2,33,0,1476995382093,"true",0,1,"far"
"9921-8",0,1,1,0,1,32,0,1476995369740,"true",0,1,"split"
"9921-8",0,1,2,0,1,50,1,1476995563864,"true",0,0,"far"
