"gameid","sClicked_2","sClicked_1","lClickedIndex","sClicked_0","sClickedIndex","roundNum","lClicked_2","time","outcome","lClicked_0","lClicked_1","condition"
"9922-e",0,0,1,1,0,42,0,1476498990046,"true",0,1,"close"
"9922-e",0,1,2,0,1,48,1,1476499099328,"true",0,0,"split"
"9922-e",0,1,0,0,1,43,0,1476499001877,"true",1,0,"split"
"9922-e",0,0,0,1,0,49,0,1476499114148,"true",1,0,"split"
"9922-e",0,0,1,1,0,24,0,1476498607751,"true",0,1,"far"
"9922-e",0,0,2,1,0,25,1,1476498621084,"true",0,0,"split"
"9922-e",0,0,0,1,0,26,0,1476498671160,"true",1,0,"split"
"9922-e",0,0,1,1,0,27,0,1476498687993,"false",0,1,"close"
"9922-e",0,1,0,0,1,20,0,1476498543473,"true",1,0,"close"
"9922-e",1,0,2,0,2,21,1,1476498569514,"true",0,0,"close"
"9922-e",0,1,0,0,1,22,0,1476498583360,"false",1,0,"split"
"9922-e",0,1,1,0,1,23,0,1476498597902,"true",0,1,"split"
"9922-e",0,0,2,1,0,46,1,1476499053162,"false",0,0,"far"
"9922-e",0,1,0,0,1,47,0,1476499068110,"true",1,0,"close"
"9922-e",0,1,1,0,1,44,0,1476499021064,"true",0,1,"close"
"9922-e",0,1,0,0,1,45,0,1476499038251,"true",1,0,"close"
"9922-e",0,0,1,1,0,28,0,1476498701987,"true",0,1,"far"
"9922-e",0,0,2,1,0,29,1,1476498728106,"false",0,0,"split"
"9922-e",0,0,0,1,0,40,0,1476498945630,"true",1,0,"far"
"9922-e",0,0,2,1,0,41,1,1476498979790,"true",0,0,"split"
"9922-e",1,0,2,0,2,1,1,1476498181007,"true",0,0,"far"
"9922-e",0,1,1,0,1,3,0,1476498213910,"true",0,1,"far"
"9922-e",0,0,1,1,0,2,0,1476498198038,"true",0,1,"split"
"9922-e",1,0,0,0,2,5,0,1476498262848,"false",1,0,"close"
"9922-e",0,1,1,0,1,4,0,1476498226951,"false",0,1,"close"
"9922-e",1,0,2,0,2,7,1,1476498291818,"true",0,0,"far"
"9922-e",0,1,0,0,1,6,0,1476498279488,"true",1,0,"far"
"9922-e",1,0,1,0,2,9,0,1476498341276,"false",0,1,"close"
"9922-e",0,1,1,0,1,8,0,1476498324352,"true",0,1,"close"
"9922-e",0,0,1,1,0,39,0,1476498933098,"true",0,1,"close"
"9922-e",1,0,2,0,2,38,1,1476498913436,"true",0,0,"far"
"9922-e",1,0,1,0,2,11,0,1476498371193,"true",0,1,"far"
"9922-e",0,0,2,1,0,10,1,1476498357902,"true",0,0,"close"
"9922-e",0,1,0,0,1,13,0,1476498390599,"true",1,0,"far"
"9922-e",0,0,1,1,0,12,0,1476498379498,"true",0,1,"split"
"9922-e",0,0,1,1,0,15,0,1476498415132,"true",0,1,"split"
"9922-e",0,0,1,1,0,14,0,1476498401123,"true",0,1,"far"
"9922-e",0,1,0,0,1,17,0,1476498500487,"true",1,0,"close"
"9922-e",0,0,1,1,0,16,0,1476498430563,"true",0,1,"split"
"9922-e",0,0,1,1,0,19,0,1476498519602,"true",0,1,"far"
"9922-e",0,0,1,1,0,18,0,1476498509674,"true",0,1,"split"
"9922-e",1,0,2,0,2,31,1,1476498763250,"false",0,0,"close"
"9922-e",1,0,1,0,2,30,0,1476498746083,"true",0,1,"far"
"9922-e",0,0,2,1,0,37,1,1476498895040,"true",0,0,"far"
"9922-e",0,0,2,1,0,36,1,1476498882368,"false",0,0,"close"
"9922-e",1,0,0,0,2,35,0,1476498841621,"true",1,0,"far"
"9922-e",0,1,2,0,1,34,1,1476498831645,"true",0,0,"split"
"9922-e",1,0,2,0,2,33,1,1476498801564,"true",0,0,"close"
"9922-e",0,1,0,0,1,32,0,1476498784534,"true",1,0,"split"
"9922-e",0,1,2,0,1,50,1,1476499124949,"true",0,0,"far"
