"gameid","sClicked_2","sClicked_1","lClickedIndex","sClicked_0","sClickedIndex","roundNum","lClicked_2","time","outcome","lClicked_0","lClicked_1","condition"
"9923-6",1,0,0,0,2,42,0,1459893345146,"true",1,0,"split"
"9923-6",0,1,0,0,1,48,0,1459893442238,"true",1,0,"far"
"9923-6",1,0,1,0,2,43,0,1459893365256,"true",0,1,"split"
"9923-6",0,1,1,0,1,49,0,1459893449895,"true",0,1,"far"
"9923-6",1,0,0,0,2,24,0,1459892989922,"false",1,0,"split"
"9923-6",0,0,2,1,0,25,1,1459893041219,"true",0,0,"close"
"9923-6",0,1,0,0,1,26,0,1459893050177,"true",1,0,"far"
"9923-6",1,0,1,0,2,27,0,1459893057641,"true",0,1,"split"
"9923-6",1,0,1,0,2,20,0,1459892858622,"true",0,1,"far"
"9923-6",1,0,0,0,2,21,0,1459892909077,"true",1,0,"close"
"9923-6",0,1,2,0,1,22,1,1459892926277,"false",0,0,"close"
"9923-6",0,1,1,0,1,23,0,1459892937725,"true",0,1,"far"
"9923-6",1,0,1,0,2,46,0,1459893414416,"true",0,1,"close"
"9923-6",0,0,0,1,0,47,0,1459893432608,"false",1,0,"split"
"9923-6",1,0,2,0,2,44,1,1459893380967,"true",0,0,"far"
"9923-6",0,1,0,0,1,45,0,1459893405943,"true",1,0,"close"
"9923-6",1,0,2,0,2,28,1,1459893081752,"true",0,0,"split"
"9923-6",0,0,0,1,0,29,0,1459893103504,"true",1,0,"close"
"9923-6",0,1,1,0,1,40,0,1459893314610,"true",0,1,"far"
"9923-6",0,0,1,1,0,41,0,1459893323130,"true",0,1,"far"
"9923-6",0,1,0,0,1,1,0,1459892360102,"true",1,0,"split"
"9923-6",0,1,1,0,1,3,0,1459892431810,"true",0,1,"far"
"9923-6",0,0,2,1,0,2,1,1459892420195,"true",0,0,"split"
"9923-6",1,0,2,0,2,5,1,1459892512425,"true",0,0,"split"
"9923-6",0,1,1,0,1,4,0,1459892486400,"true",0,1,"split"
"9923-6",0,1,0,0,1,7,0,1459892541186,"true",1,0,"far"
"9923-6",0,1,0,0,1,6,0,1459892531263,"true",1,0,"close"
"9923-6",0,1,1,0,1,9,0,1459892575134,"false",0,1,"split"
"9923-6",0,0,1,1,0,8,0,1459892554519,"true",0,1,"close"
"9923-6",1,0,0,0,2,39,0,1459893305674,"true",1,0,"close"
"9923-6",1,0,1,0,2,38,0,1459893260323,"true",0,1,"close"
"9923-6",0,0,0,1,0,11,0,1459892646213,"false",1,0,"close"
"9923-6",0,1,1,0,1,10,0,1459892586349,"true",0,1,"split"
"9923-6",0,0,0,1,0,13,0,1459892670443,"true",1,0,"close"
"9923-6",1,0,1,0,2,12,0,1459892658676,"true",0,1,"far"
"9923-6",0,1,1,0,1,15,0,1459892721603,"false",0,1,"split"
"9923-6",0,0,2,1,0,14,1,1459892679244,"true",0,0,"far"
"9923-6",0,1,2,0,1,17,1,1459892817208,"false",0,0,"close"
"9923-6",0,1,0,0,1,16,0,1459892757665,"true",1,0,"split"
"9923-6",1,0,2,0,2,19,1,1459892844415,"true",0,0,"split"
"9923-6",0,1,0,0,1,18,0,1459892832311,"true",1,0,"far"
"9923-6",1,0,1,0,2,31,0,1459893152415,"true",0,1,"close"
"9923-6",1,0,0,0,2,30,0,1459893112929,"true",1,0,"far"
"9923-6",0,1,0,0,1,37,0,1459893236740,"true",1,0,"split"
"9923-6",1,0,0,0,2,36,0,1459893212852,"true",1,0,"split"
"9923-6",0,1,1,0,1,35,0,1459893191181,"true",0,1,"far"
"9923-6",0,1,1,0,1,34,0,1459893184717,"true",0,1,"far"
"9923-6",0,0,1,1,0,33,0,1459893176910,"true",0,1,"close"
"9923-6",0,1,2,0,1,32,1,1459893160357,"true",0,0,"far"
"9923-6",1,0,0,0,2,50,0,1459893464702,"false",1,0,"close"
