"gameid","sClicked_2","sClicked_1","lClickedIndex","sClicked_0","sClickedIndex","roundNum","lClicked_2","time","outcome","lClicked_0","lClicked_1","condition"
"9946-1",0,0,0,1,0,42,0,1476496840245,"true",1,0,"far"
"9946-1",0,1,2,0,1,48,1,1476496934700,"true",0,0,"far"
"9946-1",0,0,1,1,0,43,0,1476496866306,"true",0,1,"split"
"9946-1",0,1,0,0,1,49,0,1476496946540,"true",1,0,"far"
"9946-1",1,0,1,0,2,24,0,1476496349371,"false",0,1,"close"
"9946-1",0,1,1,0,1,25,0,1476496382930,"false",0,1,"close"
"9946-1",0,1,2,0,1,26,1,1476496393396,"true",0,0,"far"
"9946-1",0,1,2,0,1,27,1,1476496409883,"true",0,0,"close"
"9946-1",0,0,1,1,0,20,0,1476496266266,"true",0,1,"split"
"9946-1",0,1,1,0,1,21,0,1476496278882,"true",0,1,"far"
"9946-1",1,0,0,0,2,22,0,1476496289428,"true",1,0,"far"
"9946-1",0,0,1,1,0,23,0,1476496308042,"true",0,1,"close"
"9946-1",0,0,0,1,0,46,0,1476496912867,"true",1,0,"close"
"9946-1",0,0,0,1,0,47,0,1476496926804,"false",1,0,"split"
"9946-1",0,0,2,1,0,44,1,1476496880179,"true",0,0,"split"
"9946-1",1,0,2,0,2,45,1,1476496895556,"true",0,0,"split"
"9946-1",0,0,2,1,0,28,1,1476496432437,"true",0,0,"split"
"9946-1",0,0,2,1,0,29,1,1476496508364,"true",0,0,"split"
"9946-1",0,0,0,1,0,40,0,1476496764172,"true",1,0,"close"
"9946-1",0,0,0,1,0,41,0,1476496831779,"true",1,0,"split"
"9946-1",1,0,1,0,2,1,0,1476495859820,"true",0,1,"far"
"9946-1",0,0,1,1,0,3,0,1476495912226,"true",0,1,"split"
"9946-1",0,1,2,0,1,2,1,1476495890425,"true",0,0,"close"
"9946-1",0,0,2,1,0,5,1,1476495943587,"true",0,0,"split"
"9946-1",1,0,1,0,2,4,0,1476495929827,"true",0,1,"far"
"9946-1",0,1,1,0,1,7,0,1476496011320,"true",0,1,"close"
"9946-1",1,0,2,0,2,6,1,1476495977792,"true",0,0,"close"
"9946-1",0,1,0,0,1,9,0,1476496052586,"true",1,0,"far"
"9946-1",0,0,2,1,0,8,1,1476496035658,"true",0,0,"far"
"9946-1",0,0,1,1,0,39,0,1476496718707,"true",0,1,"split"
"9946-1",0,0,2,1,0,38,1,1476496680583,"true",0,0,"split"
"9946-1",0,0,2,1,0,11,1,1476496091218,"true",0,0,"close"
"9946-1",0,0,0,1,0,10,0,1476496069138,"true",1,0,"far"
"9946-1",0,1,0,0,1,13,0,1476496137611,"true",1,0,"far"
"9946-1",0,1,2,0,1,12,1,1476496118587,"true",0,0,"close"
"9946-1",0,1,1,0,1,15,0,1476496172451,"true",0,1,"split"
"9946-1",0,0,1,1,0,14,0,1476496150771,"true",0,1,"split"
"9946-1",1,0,2,0,2,17,1,1476496192778,"true",0,0,"far"
"9946-1",1,0,0,0,2,16,0,1476496180322,"true",1,0,"far"
"9946-1",0,1,0,0,1,19,0,1476496254443,"true",1,0,"close"
"9946-1",1,0,2,0,2,18,1,1476496229050,"false",0,0,"close"
"9946-1",1,0,0,0,2,31,0,1476496571157,"true",1,0,"far"
"9946-1",1,0,0,0,2,30,0,1476496563631,"true",1,0,"close"
"9946-1",0,1,0,0,1,37,0,1476496672366,"true",1,0,"far"
"9946-1",1,0,1,0,2,36,0,1476496665444,"true",0,1,"far"
"9946-1",0,1,2,0,1,35,1,1476496656307,"true",0,0,"close"
"9946-1",0,0,0,1,0,34,0,1476496640759,"false",1,0,"split"
"9946-1",0,0,2,1,0,33,1,1476496626995,"true",0,0,"split"
"9946-1",0,1,2,0,1,32,1,1476496613459,"true",0,0,"close"
"9946-1",0,0,1,1,0,50,0,1476496958992,"true",0,1,"close"
