"gameid","sClicked_2","sClicked_1","lClickedIndex","sClicked_0","sClickedIndex","roundNum","lClicked_2","time","outcome","lClicked_0","lClicked_1","condition"
"9947-c",0,1,2,0,1,42,1,1476498867940,"true",0,0,"far"
"9947-c",0,0,0,1,0,48,0,1476498963320,"true",1,0,"split"
"9947-c",0,0,1,1,0,43,0,1476498891507,"true",0,1,"split"
"9947-c",0,1,0,0,1,24,0,1476498593309,"true",1,0,"close"
"9947-c",0,0,1,1,0,25,0,1476498604753,"true",0,1,"split"
"9947-c",0,0,1,1,0,26,0,1476498614426,"true",0,1,"far"
"9947-c",0,0,2,1,0,27,1,1476498623463,"true",0,0,"far"
"9947-c",0,0,1,1,0,20,0,1476498514233,"true",0,1,"close"
"9947-c",0,1,1,0,1,21,0,1476498526072,"true",0,1,"far"
"9947-c",1,0,0,0,2,22,0,1476498543400,"false",1,0,"close"
"9947-c",0,1,1,0,1,49,0,1476498983723,"true",0,1,"split"
"9947-c",0,0,0,1,0,46,0,1476498931692,"true",1,0,"far"
"9947-c",1,0,2,0,2,47,1,1476498948290,"true",0,0,"close"
"9947-c",1,0,0,0,2,44,0,1476498899524,"true",1,0,"split"
"9947-c",0,1,1,0,1,45,0,1476498924891,"true",0,1,"split"
"9947-c",0,1,0,0,1,28,0,1476498633899,"true",1,0,"split"
"9947-c",1,0,2,0,2,29,1,1476498647415,"true",0,0,"far"
"9947-c",0,0,1,1,0,40,0,1476498842972,"true",0,1,"close"
"9947-c",1,0,0,0,2,41,0,1476498860012,"true",1,0,"close"
"9947-c",0,1,0,0,1,1,0,1476498238894,"false",1,0,"close"
"9947-c",0,0,2,1,0,3,1,1476498278116,"true",0,0,"close"
"9947-c",0,0,1,1,0,2,0,1476498261078,"true",0,1,"split"
"9947-c",0,0,2,1,0,5,1,1476498298892,"true",0,0,"far"
"9947-c",0,0,0,1,0,4,0,1476498288988,"true",1,0,"split"
"9947-c",1,0,0,0,2,7,0,1476498335122,"true",1,0,"far"
"9947-c",0,1,2,0,1,6,1,1476498324027,"true",0,0,"split"
"9947-c",1,0,1,0,2,9,0,1476498386499,"false",0,1,"split"
"9947-c",0,1,2,0,1,8,1,1476498349979,"true",0,0,"split"
"9947-c",0,0,1,1,0,39,0,1476498827164,"true",0,1,"far"
"9947-c",0,0,1,1,0,38,0,1476498819106,"true",0,1,"far"
"9947-c",0,0,1,1,0,11,0,1476498416754,"true",0,1,"close"
"9947-c",0,1,0,0,1,10,0,1476498394939,"true",1,0,"far"
"9947-c",1,0,0,0,2,13,0,1476498433241,"true",1,0,"split"
"9947-c",0,0,0,1,0,12,0,1476498426075,"true",1,0,"close"
"9947-c",0,0,1,1,0,15,0,1476498452914,"true",0,1,"split"
"9947-c",0,1,0,0,1,14,0,1476498442594,"true",1,0,"close"
"9947-c",0,1,2,0,1,17,1,1476498481313,"true",0,0,"close"
"9947-c",0,0,1,1,0,16,0,1476498458987,"true",0,1,"far"
"9947-c",1,0,0,0,2,19,0,1476498499321,"true",1,0,"far"
"9947-c",0,0,0,1,0,18,0,1476498490162,"true",1,0,"far"
"9947-c",0,0,1,1,0,31,0,1476498691038,"true",0,1,"close"
"9947-c",1,0,2,0,2,30,1,1476498663260,"true",0,0,"split"
"9947-c",0,1,1,0,1,37,0,1476498801845,"true",0,1,"close"
"9947-c",0,1,2,0,1,36,1,1476498783933,"true",0,0,"split"
"9947-c",0,1,2,0,1,35,1,1476498769301,"true",0,0,"far"
"9947-c",0,0,2,1,0,34,1,1476498745902,"true",0,0,"close"
"9947-c",0,0,2,1,0,33,1,1476498733742,"true",0,0,"far"
"9947-c",1,0,1,0,2,32,0,1476498713197,"false",0,1,"close"
"9947-c",1,0,1,0,2,50,0,1476498989969,"true",0,1,"far"
