"gameid","sClicked_2","sClicked_1","lClickedIndex","sClicked_0","sClickedIndex","roundNum","lClicked_2","time","outcome","lClicked_0","lClicked_1","condition"
"9960-e",0,1,1,0,1,42,0,1459897612909,"true",0,1,"close"
"9960-e",0,1,1,0,1,48,0,1459897698850,"false",0,1,"split"
"9960-e",0,1,1,0,1,43,0,1459897636584,"false",0,1,"close"
"9960-e",0,1,0,0,1,49,0,1459897714101,"true",1,0,"split"
"9960-e",1,0,1,0,2,24,0,1459897365233,"true",0,1,"far"
"9960-e",1,0,1,0,2,25,0,1459897378293,"true",0,1,"split"
"9960-e",0,1,0,0,1,26,0,1459897400588,"true",1,0,"close"
"9960-e",1,0,2,0,2,27,1,1459897413608,"true",0,0,"split"
"9960-e",0,1,2,0,1,20,1,1459897333367,"true",0,0,"split"
"9960-e",1,0,2,0,2,21,1,1459897340326,"true",0,0,"close"
"9960-e",0,0,2,1,0,22,1,1459897347694,"true",0,0,"far"
"9960-e",0,1,2,0,1,23,1,1459897357966,"true",0,0,"close"
"9960-e",1,0,0,0,2,46,0,1459897666859,"true",1,0,"split"
"9960-e",0,0,2,1,0,47,1,1459897673867,"true",0,0,"far"
"9960-e",1,0,1,0,2,44,0,1459897650601,"true",0,1,"far"
"9960-e",0,0,0,1,0,45,0,1459897658748,"true",1,0,"split"
"9960-e",1,0,0,0,2,28,0,1459897421239,"true",1,0,"split"
"9960-e",0,0,0,1,0,29,0,1459897431078,"true",1,0,"split"
"9960-e",0,0,1,1,0,40,0,1459897579817,"false",0,1,"close"
"9960-e",0,1,0,0,1,41,0,1459897601497,"true",1,0,"close"
"9960-e",1,0,2,0,2,1,1,1459897060547,"true",0,0,"far"
"9960-e",1,0,0,0,2,3,0,1459897105927,"true",1,0,"split"
"9960-e",0,1,0,0,1,2,0,1459897093891,"false",1,0,"split"
"9960-e",0,1,1,0,1,5,0,1459897131666,"false",0,1,"close"
"9960-e",1,0,1,0,2,4,0,1459897115647,"true",0,1,"far"
"9960-e",0,1,1,0,1,7,0,1459897171408,"true",0,1,"close"
"9960-e",1,0,0,0,2,6,0,1459897160788,"false",1,0,"close"
"9960-e",0,1,1,0,1,9,0,1459897210752,"true",0,1,"far"
"9960-e",1,0,1,0,2,8,0,1459897200267,"true",0,1,"close"
"9960-e",0,1,1,0,1,39,0,1459897557387,"true",0,1,"close"
"9960-e",0,1,0,0,1,38,0,1459897523308,"true",1,0,"split"
"9960-e",0,1,2,0,1,11,1,1459897250849,"true",0,0,"split"
"9960-e",0,0,2,1,0,10,1,1459897218878,"true",0,0,"far"
"9960-e",1,0,2,0,2,13,1,1459897267765,"true",0,0,"far"
"9960-e",0,1,1,0,1,12,0,1459897260673,"true",0,1,"far"
"9960-e",0,0,2,1,0,15,1,1459897282500,"true",0,0,"far"
"9960-e",0,1,0,0,1,14,0,1459897273776,"true",1,0,"far"
"9960-e",1,0,0,0,2,17,0,1459897295831,"true",1,0,"far"
"9960-e",1,0,0,0,2,16,0,1459897289099,"true",1,0,"split"
"9960-e",0,0,2,1,0,19,1,1459897316099,"true",0,0,"split"
"9960-e",0,0,0,1,0,18,0,1459897303932,"true",1,0,"far"
"9960-e",1,0,0,0,2,31,0,1459897450482,"true",1,0,"far"
"9960-e",0,0,0,1,0,30,0,1459897442959,"true",1,0,"close"
"9960-e",0,0,2,1,0,37,1,1459897512940,"true",0,0,"close"
"9960-e",0,1,0,0,1,36,0,1459897501984,"false",1,0,"split"
"9960-e",0,1,0,0,1,35,0,1459897483734,"true",1,0,"far"
"9960-e",0,1,0,0,1,34,0,1459897477232,"true",1,0,"close"
"9960-e",0,0,1,1,0,33,0,1459897469023,"true",0,1,"close"
"9960-e",1,0,0,0,2,32,0,1459897457165,"true",1,0,"split"
"9960-e",1,0,1,0,2,50,0,1459897729738,"true",0,1,"close"
