"gameid","sClicked_2","sClicked_1","lClickedIndex","sClicked_0","sClickedIndex","roundNum","lClicked_2","time","outcome","lClicked_0","lClicked_1","condition"
"9973-5",1,0,1,0,2,42,0,1476499448872,"true",0,1,"far"
"9973-5",0,0,2,1,0,48,1,1476499601571,"true",0,0,"close"
"9973-5",1,0,1,0,2,43,0,1476499464743,"true",0,1,"close"
"9973-5",0,0,0,1,0,49,0,1476499618423,"true",1,0,"far"
"9973-5",0,0,1,1,0,24,0,1476499134518,"true",0,1,"close"
"9973-5",0,1,0,0,1,25,0,1476499166299,"true",1,0,"split"
"9973-5",1,0,0,0,2,26,0,1476499191270,"true",1,0,"split"
"9973-5",0,1,2,0,1,27,1,1476499202817,"true",0,0,"split"
"9973-5",1,0,0,0,2,20,0,1476499094408,"true",1,0,"far"
"9973-5",1,0,2,0,2,21,1,1476499106527,"true",0,0,"close"
"9973-5",0,1,0,0,1,22,0,1476499117332,"true",1,0,"far"
"9973-5",0,1,2,0,1,23,1,1476499125315,"true",0,0,"far"
"9973-5",1,0,1,0,2,46,0,1476499560856,"true",0,1,"close"
"9973-5",1,0,0,0,2,47,0,1476499587889,"true",1,0,"split"
"9973-5",0,0,2,1,0,44,1,1476499514909,"true",0,0,"split"
"9973-5",0,1,1,0,1,45,0,1476499545605,"true",0,1,"split"
"9973-5",0,1,2,0,1,28,1,1476499215010,"true",0,0,"far"
"9973-5",1,0,2,0,2,29,1,1476499241533,"true",0,0,"close"
"9973-5",0,0,2,1,0,40,1,1476499418991,"true",0,0,"far"
"9973-5",0,0,1,1,0,41,0,1476499425952,"true",0,1,"split"
"9973-5",1,0,2,0,2,1,1,1476498765361,"true",0,0,"close"
"9973-5",0,0,2,1,0,3,1,1476498792975,"true",0,0,"split"
"9973-5",1,0,1,0,2,2,0,1476498776750,"true",0,1,"split"
"9973-5",0,1,0,0,1,5,0,1476498864418,"false",1,0,"close"
"9973-5",0,1,0,0,1,4,0,1476498811326,"true",1,0,"split"
"9973-5",0,0,1,1,0,7,0,1476498891255,"false",0,1,"far"
"9973-5",0,0,1,1,0,6,0,1476498880955,"true",0,1,"close"
"9973-5",1,0,0,0,2,9,0,1476498917914,"true",1,0,"far"
"9973-5",0,0,2,1,0,8,1,1476498906743,"true",0,0,"close"
"9973-5",1,0,2,0,2,39,1,1476499411225,"true",0,0,"close"
"9973-5",1,0,0,0,2,38,0,1476499390521,"true",1,0,"far"
"9973-5",0,0,2,1,0,11,1,1476498931466,"true",0,0,"close"
"9973-5",0,0,2,1,0,10,1,1476498924888,"true",0,0,"far"
"9973-5",0,1,2,0,1,13,1,1476498982989,"true",0,0,"close"
"9973-5",1,0,1,0,2,12,0,1476498972586,"true",0,1,"close"
"9973-5",0,1,2,0,1,15,1,1476499012094,"true",0,0,"split"
"9973-5",1,0,2,0,2,14,1,1476498999168,"true",0,0,"split"
"9973-5",1,0,1,0,2,17,0,1476499050325,"true",0,1,"close"
"9973-5",0,0,1,1,0,16,0,1476499023895,"true",0,1,"far"
"9973-5",0,1,1,0,1,19,0,1476499087584,"true",0,1,"far"
"9973-5",0,0,0,1,0,18,0,1476499063810,"true",1,0,"split"
"9973-5",1,0,0,0,2,31,0,1476499263948,"true",1,0,"far"
"9973-5",0,1,1,0,1,30,0,1476499253653,"true",0,1,"far"
"9973-5",0,1,2,0,1,37,1,1476499381472,"true",0,0,"far"
"9973-5",0,1,1,0,1,36,0,1476499366783,"true",0,1,"split"
"9973-5",0,1,2,0,1,35,1,1476499350591,"true",0,0,"close"
"9973-5",1,0,0,0,2,34,0,1476499319553,"false",1,0,"far"
"9973-5",0,0,1,1,0,33,0,1476499311679,"true",0,1,"close"
"9973-5",0,0,2,1,0,32,1,1476499279638,"true",0,0,"split"
"9973-5",1,0,2,0,2,50,1,1476499636978,"true",0,0,"split"
