"gameid","sClicked_2","sClicked_1","lClickedIndex","sClicked_0","sClickedIndex","roundNum","lClicked_2","time","outcome","lClicked_0","lClicked_1","condition"
"9975-6",1,0,0,0,2,42,0,1476477232814,"true",1,0,"close"
"9975-6",0,0,2,1,0,48,1,1476477297471,"true",0,0,"far"
"9975-6",1,0,0,0,2,43,0,1476477250555,"true",1,0,"close"
"9975-6",0,0,0,1,0,49,0,1476477305872,"true",1,0,"far"
"9975-6",0,1,2,0,1,24,1,1476476969034,"true",0,0,"close"
"9975-6",0,1,1,0,1,25,0,1476476976778,"true",0,1,"split"
"9975-6",0,1,2,0,1,26,1,1476476984178,"true",0,0,"far"
"9975-6",0,0,0,1,0,27,0,1476476992042,"true",1,0,"far"
"9975-6",0,1,2,0,1,20,1,1476476906761,"true",0,0,"split"
"9975-6",0,1,0,0,1,21,0,1476476920905,"true",1,0,"close"
"9975-6",0,0,2,1,0,22,1,1476476931226,"false",0,0,"close"
"9975-6",1,0,2,0,2,23,1,1476476939601,"true",0,0,"close"
"9975-6",0,1,1,0,1,46,0,1476477274566,"true",0,1,"far"
"9975-6",1,0,2,0,2,47,1,1476477289567,"true",0,0,"far"
"9975-6",0,1,0,0,1,44,0,1476477257463,"true",1,0,"split"
"9975-6",0,0,0,1,0,45,0,1476477264239,"true",1,0,"far"
"9975-6",0,1,0,0,1,28,0,1476477012875,"false",1,0,"close"
"9975-6",0,0,0,1,0,29,0,1476477025490,"true",1,0,"split"
"9975-6",1,0,2,0,2,40,1,1476477207637,"true",0,0,"split"
"9975-6",0,1,0,0,1,41,0,1476477216447,"true",1,0,"far"
"9975-6",0,0,2,1,0,1,1,1476476601399,"true",0,0,"far"
"9975-6",0,0,1,1,0,3,0,1476476671116,"true",0,1,"close"
"9975-6",0,1,2,0,1,2,1,1476476625421,"true",0,0,"close"
"9975-6",1,0,1,0,2,5,0,1476476701230,"true",0,1,"far"
"9975-6",1,0,0,0,2,4,0,1476476691005,"false",1,0,"close"
"9975-6",0,1,2,0,1,7,1,1476476719677,"true",0,0,"far"
"9975-6",0,1,1,0,1,6,0,1476476712525,"true",0,1,"far"
"9975-6",1,0,0,0,2,9,0,1476476760750,"true",1,0,"far"
"9975-6",0,0,0,1,0,8,0,1476476738059,"false",1,0,"close"
"9975-6",0,1,1,0,1,39,0,1476477189318,"true",0,1,"close"
"9975-6",1,0,0,0,2,38,0,1476477176790,"true",1,0,"split"
"9975-6",1,0,2,0,2,11,1,1476476779350,"true",0,0,"split"
"9975-6",0,0,2,1,0,10,1,1476476770934,"true",0,0,"close"
"9975-6",0,0,2,1,0,13,1,1476476808215,"true",0,0,"far"
"9975-6",0,0,0,1,0,12,0,1476476796391,"false",1,0,"far"
"9975-6",0,0,0,1,0,15,0,1476476838792,"true",1,0,"close"
"9975-6",0,0,1,1,0,14,0,1476476817679,"true",0,1,"far"
"9975-6",0,1,0,0,1,17,0,1476476872960,"true",1,0,"split"
"9975-6",0,0,2,1,0,16,1,1476476855578,"true",0,0,"split"
"9975-6",0,1,0,0,1,19,0,1476476896131,"true",1,0,"split"
"9975-6",1,0,0,0,2,18,0,1476476880968,"true",1,0,"split"
"9975-6",1,0,2,0,2,31,1,1476477066211,"true",0,0,"split"
"9975-6",0,1,2,0,1,30,1,1476477047636,"true",0,0,"split"
"9975-6",0,0,2,1,0,37,1,1476477159556,"true",0,0,"close"
"9975-6",1,0,0,0,2,36,0,1476477145949,"true",1,0,"far"
"9975-6",0,1,2,0,1,35,1,1476477137277,"true",0,0,"close"
"9975-6",1,0,1,0,2,34,0,1476477124908,"true",0,1,"split"
"9975-6",1,0,1,0,2,33,0,1476477107596,"false",0,1,"close"
"9975-6",0,0,1,1,0,32,0,1476477081820,"true",0,1,"split"
"9975-6",0,0,2,1,0,50,1,1476477319311,"true",0,0,"split"
