"gameid","sClicked_2","sClicked_1","lClickedIndex","sClicked_0","sClickedIndex","roundNum","lClicked_2","time","outcome","lClicked_0","lClicked_1","condition"
"9978-f",0,1,0,0,1,42,0,1476993664103,"true",1,0,"close"
"9978-f",0,0,0,1,0,48,0,1476993814228,"true",1,0,"close"
"9978-f",1,0,1,0,2,43,0,1476993708771,"true",0,1,"close"
"9978-f",0,0,2,1,0,49,1,1476993821960,"true",0,0,"far"
"9978-f",0,1,2,0,1,24,1,1476993320716,"true",0,0,"close"
"9978-f",0,0,0,1,0,25,0,1476993349905,"true",1,0,"split"
"9978-f",0,0,0,1,0,26,0,1476993417040,"true",1,0,"close"
"9978-f",1,0,0,0,2,27,0,1476993455788,"true",1,0,"far"
"9978-f",0,1,0,0,1,20,0,1476993253503,"true",1,0,"split"
"9978-f",0,1,2,0,1,21,1,1476993264662,"true",0,0,"far"
"9978-f",1,0,2,0,2,22,1,1476993280189,"true",0,0,"split"
"9978-f",0,1,1,0,1,23,0,1476993296692,"true",0,1,"far"
"9978-f",0,1,0,0,1,46,0,1476993759705,"true",1,0,"close"
"9978-f",1,0,0,0,2,47,0,1476993771249,"true",1,0,"close"
"9978-f",0,0,0,1,0,44,0,1476993729219,"true",1,0,"split"
"9978-f",1,0,0,0,2,45,0,1476993742986,"true",1,0,"close"
"9978-f",1,0,2,0,2,28,1,1476993464986,"true",0,0,"far"
"9978-f",0,1,2,0,1,29,1,1476993476198,"true",0,0,"far"
"9978-f",1,0,1,0,2,40,0,1476993629770,"true",0,1,"split"
"9978-f",0,1,0,0,1,41,0,1476993653801,"true",1,0,"split"
"9978-f",0,1,2,0,1,1,1,1476992846608,"true",0,0,"split"
"9978-f",0,0,1,1,0,3,0,1476992884400,"true",0,1,"split"
"9978-f",1,0,0,0,2,2,0,1476992860426,"true",1,0,"close"
"9978-f",1,0,0,0,2,5,0,1476992963744,"true",1,0,"split"
"9978-f",0,1,2,0,1,4,1,1476992934164,"true",0,0,"close"
"9978-f",1,0,2,0,2,7,1,1476993009129,"true",0,0,"far"
"9978-f",0,1,0,0,1,6,0,1476993001877,"true",1,0,"split"
"9978-f",1,0,0,0,2,9,0,1476993049707,"true",1,0,"close"
"9978-f",0,1,1,0,1,8,0,1476993016273,"true",0,1,"far"
"9978-f",0,0,2,1,0,39,1,1476993621380,"true",0,0,"far"
"9978-f",0,1,1,0,1,38,0,1476993613418,"true",0,1,"split"
"9978-f",0,1,1,0,1,11,0,1476993117904,"true",0,1,"split"
"9978-f",0,1,0,0,1,13,0,1476993142907,"true",1,0,"far"
"9978-f",0,0,1,1,0,12,0,1476993129757,"true",0,1,"far"
"9978-f",1,0,2,0,2,15,1,1476993180268,"true",0,0,"split"
"9978-f",0,0,0,1,0,14,0,1476993163835,"true",1,0,"close"
"9978-f",1,0,1,0,2,17,0,1476993205558,"true",0,1,"far"
"9978-f",0,1,0,0,1,16,0,1476993192072,"true",1,0,"split"
"9978-f",0,1,0,0,1,19,0,1476993231614,"true",1,0,"far"
"9978-f",0,0,0,1,0,18,0,1476993220670,"true",1,0,"far"
"9978-f",0,0,0,1,0,31,0,1476993498483,"true",1,0,"split"
"9978-f",0,1,0,0,1,30,0,1476993490948,"false",1,0,"far"
"9978-f",0,1,2,0,1,37,1,1476993599338,"true",0,0,"close"
"9978-f",0,0,1,1,0,36,0,1476993587656,"true",0,1,"close"
"9978-f",1,0,2,0,2,35,1,1476993575452,"true",0,0,"split"
"9978-f",0,0,0,1,0,34,0,1476993565574,"true",1,0,"close"
"9978-f",1,0,1,0,2,33,0,1476993527010,"true",0,1,"split"
"9978-f",0,1,0,0,1,32,0,1476993509743,"true",1,0,"far"
"9978-f",0,1,0,0,1,50,0,1476993843404,"true",1,0,"close"
