"gameid","sClicked_2","sClicked_1","lClickedIndex","sClicked_0","sClickedIndex","roundNum","lClicked_2","time","outcome","lClicked_0","lClicked_1","condition"
"9993-d",1,0,1,0,2,42,0,1476993953079,"true",0,1,"split"
"9993-d",0,1,2,0,1,48,1,1476994015760,"true",0,0,"close"
"9993-d",1,0,2,0,2,43,1,1476993968744,"true",0,0,"split"
"9993-d",0,0,1,1,0,49,0,1476994034957,"true",0,1,"close"
"9993-d",1,0,1,0,2,24,0,1476993739295,"true",0,1,"far"
"9993-d",0,1,2,0,1,25,1,1476993749708,"true",0,0,"split"
"9993-d",1,0,0,0,2,26,0,1476993759452,"true",1,0,"close"
"9993-d",0,1,1,0,1,27,0,1476993768754,"true",0,1,"split"
"9993-d",0,0,2,1,0,20,1,1476993702308,"true",0,0,"far"
"9993-d",1,0,1,0,2,21,0,1476993709908,"true",0,1,"far"
"9993-d",0,0,1,1,0,22,0,1476993720341,"true",0,1,"close"
"9993-d",1,0,0,0,2,23,0,1476993731884,"true",1,0,"split"
"9993-d",0,1,0,0,1,46,0,1476993990839,"true",1,0,"split"
"9993-d",1,0,0,0,2,47,0,1476993998143,"true",1,0,"far"
"9993-d",0,0,2,1,0,44,1,1476993975545,"true",0,0,"far"
"9993-d",0,0,1,1,0,45,0,1476993983304,"true",0,1,"close"
"9993-d",0,1,2,0,1,28,1,1476993783945,"true",0,0,"close"
"9993-d",0,0,2,1,0,29,1,1476993801875,"true",0,0,"split"
"9993-d",1,0,2,0,2,40,1,1476993928550,"true",0,0,"far"
"9993-d",0,0,1,1,0,41,0,1476993937705,"true",0,1,"far"
"9993-d",0,0,1,1,0,1,0,1476993478962,"true",0,1,"close"
"9993-d",0,1,1,0,1,3,0,1476993509528,"true",0,1,"close"
"9993-d",0,1,2,0,1,2,1,1476993494418,"true",0,0,"far"
"9993-d",0,0,1,1,0,5,0,1476993536447,"true",0,1,"far"
"9993-d",0,1,0,0,1,4,0,1476993525082,"false",1,0,"split"
"9993-d",0,1,2,0,1,7,1,1476993561817,"true",0,0,"far"
"9993-d",0,1,1,0,1,6,0,1476993548007,"true",0,1,"split"
"9993-d",0,0,0,1,0,9,0,1476993581599,"true",1,0,"far"
"9993-d",0,1,2,0,1,8,1,1476993571597,"true",0,0,"close"
"9993-d",1,0,0,0,2,39,0,1476993920656,"true",1,0,"close"
"9993-d",0,1,2,0,1,38,1,1476993911561,"true",0,0,"split"
"9993-d",1,0,2,0,2,11,1,1476993597869,"true",0,0,"split"
"9993-d",1,0,0,0,2,10,0,1476993590465,"true",1,0,"split"
"9993-d",1,0,1,0,2,13,0,1476993616910,"true",0,1,"split"
"9993-d",1,0,0,0,2,12,0,1476993606057,"true",1,0,"far"
"9993-d",1,0,1,0,2,15,0,1476993636159,"true",0,1,"far"
"9993-d",0,0,0,1,0,14,0,1476993626641,"false",1,0,"far"
"9993-d",0,1,0,0,1,17,0,1476993664758,"true",1,0,"close"
"9993-d",1,0,2,0,2,16,1,1476993654371,"false",0,0,"close"
"9993-d",0,0,0,1,0,19,0,1476993693038,"true",1,0,"close"
"9993-d",0,0,0,1,0,18,0,1476993681572,"true",1,0,"split"
"9993-d",0,1,1,0,1,31,0,1476993833803,"false",0,1,"close"
"9993-d",1,0,2,0,2,30,1,1476993815275,"true",0,0,"split"
"9993-d",0,1,0,0,1,37,0,1476993901572,"true",1,0,"far"
"9993-d",1,0,0,0,2,36,0,1476993894224,"true",1,0,"split"
"9993-d",1,0,2,0,2,35,1,1476993878410,"true",0,0,"far"
"9993-d",1,0,2,0,2,34,1,1476993870786,"true",0,0,"close"
"9993-d",1,0,2,0,2,33,1,1476993860515,"true",0,0,"split"
"9993-d",0,1,1,0,1,32,0,1476993850786,"true",0,1,"close"
"9993-d",0,0,2,1,0,50,1,1476994047191,"true",0,0,"far"
